22,1,22,-1,0,1,0,0,0,
23,1,23,-1,0,1,0,0,0,
24,1,24,-1,0,1,0,0,0,
25,1,25,-1,0,1,0,0,0,
26,1,26,-1,0,1,0,0,0,
27,1,27,-1,0,1,0,0,0,
32,1,32,-1,0,1,0,0,0,
49,1,49,-1,0,1,0,0,0,
50,1,50,-1,0,1,0,0,0,
51,1,51,-1,0,1,0,0,0,
52,1,52,-1,0,1,0,0,0,
53,1,53,-1,0,1,0,0,0,
54,1,54,-1,0,1,0,0,0,
57,1,57,-1,0,1,0,0,0,
127,1,127,-1,0,1,0,0,0,
128,1,128,-1,0,1,0,0,0,
129,1,129,-1,0,1,0,0,255,
130,1,130,-1,0,1,0,0,0,
131,1,131,-1,0,1,0,0,0,
132,1,132,-1,0,1,0,0,0,
133,1,133,-1,0,1,0,0,0,
134,1,134,-1,0,1,0,0,0,
151,1,151,-1,0,1,0,0,0,
152,1,152,-1,0,1,0,0,0,
153,1,153,-1,0,1,0,0,0,
154,1,154,-1,0,1,0,0,0,
155,1,155,-1,0,1,0,0,0,
156,1,156,-1,0,1,0,0,0,
157,1,157,-1,0,1,0,0,0,
158,1,158,-1,0,1,0,0,0,
159,1,159,-1,0,1,0,0,0,
160,1,160,-1,0,1,0,0,0,
161,1,161,-1,0,1,0,0,0,
162,1,162,-1,0,1,0,0,0,
163,1,163,-1,0,1,0,0,0,
164,1,164,-1,0,1,0,0,0,
165,1,165,-1,0,1,0,0,0,
166,1,166,-1,0,1,0,0,0,
263,1,263,-1,0,1,0,0,0,
264,1,264,-1,0,1,0,0,0,
265,1,265,-1,0,1,0,0,0,
266,1,266,-1,0,1,0,0,0,
267,1,267,-1,0,1,0,0,0,
268,1,268,-1,0,1,0,0,0,
269,1,269,-1,0,1,0,0,0,
270,1,270,-1,0,1,0,0,0,
2147483649,0,0,0.000295079,2,0,1,0,0,51 133 134 131 132 50
2147483658,0,0,0.0344318,1,0,1,0,63,49 52 54 57 53 127 128 129 130 51 133 134 131 132 50
2147483662,0,0,0.00104917,2,0,1,0,0,51 133 134 131 132 50
2147483663,0,0,0.00153029,2,0,1,0,0,51 133 134 131 132 50
2147483664,0,0,0.000843536,2,0,1,0,6,51 133 134 131 132 50
2147483665,0,0,0.00153215,1,0,1,0,0,51 133 134 131 132 50
2147483666,0,0,0.000347793,2,0,1,0,0,51 133 134 131 132 50
2147483667,0,0,0.00215089,1,0,1,0,0,51 133 134 131 132 50
2147483668,0,0,0.00118625,1,0,1,0,0,53 49 52 54 57 127 128 129 130 51 133 134 131 132 50
2147483669,0,0,0.0015542,1,0,1,0,0,53 49 52 54 57 127 128 129 130 51 133 134 131 132 50
2147483670,0,0,0.00118358,1,0,1,0,0,57 49 52 54 127 128 129 130 51 133 134 131 132 50
2147483671,0,0,0.00117186,1,0,1,0,255,51 133 134 131 132 50
2147483672,0,0,0.00155419,1,0,1,0,255,53 49 52 54 57 127 128 129 130 51 133 134 131 132 50
2147483695,0,0,0.000374258,3,0,1,0,0,24 23 269 270 267 268
2147483696,0,0,0.000816272,1,0,1,0,0,57 49 52 54 127 128 129 130 51 133 134 131 132 50
2147483697,0,0,inf,1,0,1,0,0,53 49 52 54 57 127 128 129 130 51 133 134 131 132 50
2147483702,0,0,0.000306102,1,0,1,0,0,57 49 52 54 127 128 129 130 51 133 134 131 132 50
2147483705,0,0,inf,1,0,1,0,0,53 49 52 54 57 127 128 129 130 51 133 134 131 132 50
2147483706,0,0,inf,1,0,1,0,0,53 49 52 54 57 127 128 129 130 51 133 134 131 132 50
2147483707,0,0,inf,1,0,1,0,0,53 49 52 54 57 127 128 129 130 51 133 134 131 132 50
2147483713,0,0,0.000573863,1,0,1,0,0,53 49 52 54 127 128 129 130 51 133 134 131 132 50
2147483716,0,0,0.00167411,1,0,1,0,0,49 52 54 57 53 127 128 129 130 51 133 134 131 132 50
2147483717,0,0,0.00103483,1,0,1,0,0,53 49 52 54 127 128 129 130 51 133 134 131 132 50
2147483723,0,0,0.00108836,1,0,1,0,0,57 49 52 54 127 128 129 130 51 133 134 131 132 50
2147483734,0,0,0.000956434,1,0,1,0,0,127 49 128 129 130 51 133 134 131 132 50
2147483738,0,0,0.0011574,1,0,1,0,0,49 52 54 57 53 127 128 129 130 51 133 134 131 132 50
2147483739,0,0,0.000498667,1,0,0,0,1,
2147483740,0,0,inf,1,0,1,0,0,49 52 54 57 53 127 128 129 130 51 133 134 131 132 50
2147483745,0,0,0.0011574,1,0,1,0,0,49 52 54 57 53 127 128 129 130 51 133 134 131 132 50
2147483747,0,0,inf,1,0,1,0,0,49 52 54 57 53 127 128 129 130 51 133 134 131 132 50
2147483750,0,0,0.00107758,1,0,1,0,0,49 52 54 57 53 127 128 129 130 51 133 134 131 132 50
2147483757,0,0,0.00108835,1,0,1,0,0,53 49 52 54 57 127 128 129 130 51 133 134 131 132 50
2147483758,0,0,0.000584485,1,0,1,0,0,57 49 52 54 127 128 129 130 51 133 134 131 132 50
2147483759,0,0,0.000420928,1,0,1,0,0,49 52 54 57 127 128 129 130 51 133 134 131 132 50
2147483761,0,0,0.000673484,1,0,1,0,0,49 52 54 57 127 128 129 130 51 133 134 131 132 50
2147483763,0,0,0.00102033,1,0,1,0,0,53 49 52 54 57 127 128 129 130 51 133 134 131 132 50
2147483764,0,0,0.000651034,1,0,1,0,0,49 52 54 127 128 129 130 51 133 134 131 132 50
2147483766,0,0,0.000673483,1,0,1,0,0,49 52 54 57 127 128 129 130 51 133 134 131 132 50
2147483772,0,0,inf,1,0,1,0,0,53 49 52 54 57 127 128 129 130 51 133 134 131 132 50
2147483773,0,0,2.13798e-14,1,0,1,0,0,49 53 52 54 57 127 128 129 130 51 133 134 131 132 50
2147483775,0,0,inf,1,0,1,0,0,53 49 52 54 57 127 128 129 130 51 133 134 131 132 50
2147483776,0,0,inf,1,0,1,0,0,49 52 54 57 53 127 128 129 130 51 133 134 131 132 50
2147483779,0,0,0.0028125,3,0,1,0,0,57 49 52 54 127 128 129 130 51 133 134 131 132 50
2147483780,0,0,0.0241616,6,0,1,0,0,51 133 134 131 132 50
2147483783,0,0,3.46327e-09,15,0,1,0,0,51 133 134 131 132 50
