49 2147483658 2147483670 2147483672 2147483675 2147483676 2147483677 2147483714 2147483716 2147483719 
50 
51 
52 2147483658 2147483670 2147483672 2147483675 2147483676 2147483677 2147483714 2147483716 2147483719 
53 2147483658 2147483670 2147483672 2147483675 2147483676 2147483677 2147483682 2147483691 2147483692 2147483694 2147483698 2147483709 2147483710 2147483714 2147483716 2147483719 
54 2147483658 2147483670 2147483672 2147483675 2147483676 2147483677 2147483714 2147483716 2147483719 
57 2147483658 2147483670 2147483672 2147483675 2147483676 2147483677 2147483682 2147483692 2147483694 2147483698 2147483710 2147483714 2147483716 2147483719 
127 2147483658 2147483670 2147483672 2147483675 2147483676 2147483677 2147483714 2147483716 2147483719 
128 2147483658 2147483670 2147483672 2147483675 2147483676 2147483677 2147483714 2147483716 2147483719 
129 2147483658 2147483670 2147483672 2147483675 2147483676 2147483677 2147483714 2147483716 2147483719 
130 2147483658 2147483670 2147483672 2147483675 2147483676 2147483677 2147483714 2147483716 2147483719 
131 
132 
133 
134 
2147483651 2147483675 2147483676 2147483706 2147483708 2147483712 2147483675 2147483676 2147483706 2147483708 2147483712 
2147483655 2147483675 2147483676 2147483677 2147483684 2147483685 2147483686 2147483687 2147483712 2147483715 2147483716 2147483675 2147483676 2147483677 2147483684 2147483685 2147483686 2147483687 2147483712 2147483715 2147483716 
2147483658 2147483675 2147483676 2147483677 2147483690 2147483691 2147483692 2147483714 2147483716 49 52 54 57 53 127 128 129 130 2147483675 2147483676 2147483677 2147483690 2147483691 2147483692 2147483714 2147483716 
2147483669 2147483670 2147483675 2147483676 2147483677 2147483712 2147483719 2147483670 2147483675 2147483676 2147483677 2147483712 2147483719 
2147483670 2147483669 2147483669 2147483672 2147483675 2147483677 2147483698 2147483699 2147483700 2147483703 2147483704 2147483712 2147483719 49 52 54 57 53 127 128 129 130 2147483672 2147483675 2147483677 2147483698 2147483699 2147483700 2147483703 2147483704 2147483712 2147483719 
2147483672 2147483670 2147483670 2147483675 2147483677 2147483698 2147483699 2147483700 2147483703 2147483704 2147483719 57 49 52 54 53 127 128 129 130 2147483675 2147483677 2147483698 2147483699 2147483700 2147483703 2147483704 2147483719 
2147483675 2147483651 2147483655 2147483658 2147483669 2147483670 2147483672 2147483651 2147483655 2147483658 2147483669 2147483670 2147483672 2147483676 2147483677 2147483682 2147483683 2147483684 2147483685 2147483686 2147483687 2147483690 2147483691 2147483692 2147483694 2147483698 2147483699 2147483700 2147483703 2147483704 2147483706 2147483708 2147483709 2147483710 2147483712 2147483714 2147483715 2147483716 2147483719 53 57 49 52 54 127 128 129 130 2147483676 2147483677 2147483682 2147483683 2147483684 2147483685 2147483686 2147483687 2147483690 2147483691 2147483692 2147483694 2147483698 2147483699 2147483700 2147483703 2147483704 2147483706 2147483708 2147483709 2147483710 2147483712 2147483714 2147483715 2147483716 2147483719 
2147483676 2147483651 2147483655 2147483658 2147483669 2147483675 2147483651 2147483655 2147483658 2147483669 2147483675 2147483677 2147483682 2147483683 2147483684 2147483685 2147483686 2147483687 2147483690 2147483691 2147483692 2147483694 2147483706 2147483708 2147483709 2147483710 2147483712 2147483714 2147483715 2147483716 57 52 49 54 53 127 128 129 130 2147483677 2147483682 2147483683 2147483684 2147483685 2147483686 2147483687 2147483690 2147483691 2147483692 2147483694 2147483706 2147483708 2147483709 2147483710 2147483712 2147483714 2147483715 2147483716 
2147483677 2147483655 2147483658 2147483669 2147483670 2147483672 2147483675 2147483676 2147483655 2147483658 2147483669 2147483670 2147483672 2147483675 2147483676 2147483682 2147483683 2147483684 2147483685 2147483686 2147483687 2147483690 2147483691 2147483692 2147483694 2147483698 2147483699 2147483700 2147483703 2147483704 2147483712 2147483714 2147483715 2147483716 2147483719 54 49 52 57 53 127 128 129 130 2147483682 2147483683 2147483684 2147483685 2147483686 2147483687 2147483690 2147483691 2147483692 2147483694 2147483698 2147483699 2147483700 2147483703 2147483704 2147483712 2147483714 2147483715 2147483716 2147483719 
2147483682 2147483675 2147483676 2147483677 2147483675 2147483676 2147483677 2147483683 57 53 2147483683 
2147483683 2147483675 2147483676 2147483677 2147483682 2147483675 2147483676 2147483677 2147483682 
2147483684 2147483655 2147483675 2147483676 2147483677 2147483655 2147483675 2147483676 2147483677 2147483685 2147483686 2147483687 2147483712 2147483715 2147483716 2147483685 2147483686 2147483687 2147483712 2147483715 2147483716 
2147483685 2147483655 2147483675 2147483676 2147483677 2147483684 2147483655 2147483675 2147483676 2147483677 2147483684 2147483715 2147483716 2147483715 2147483716 
2147483686 2147483655 2147483675 2147483676 2147483677 2147483684 2147483655 2147483675 2147483676 2147483677 2147483684 2147483712 2147483715 2147483716 2147483712 2147483715 2147483716 
2147483687 2147483655 2147483675 2147483676 2147483677 2147483684 2147483655 2147483675 2147483676 2147483677 2147483684 2147483712 2147483715 2147483716 2147483712 2147483715 2147483716 
2147483690 2147483658 2147483675 2147483676 2147483677 2147483658 2147483675 2147483676 2147483677 2147483691 2147483692 2147483714 2147483716 2147483691 2147483692 2147483714 2147483716 
2147483691 2147483658 2147483675 2147483676 2147483677 2147483690 2147483658 2147483675 2147483676 2147483677 2147483690 2147483692 2147483714 2147483716 53 2147483692 2147483714 2147483716 
2147483692 2147483658 2147483675 2147483676 2147483677 2147483690 2147483691 2147483658 2147483675 2147483676 2147483677 2147483690 2147483691 2147483714 2147483716 57 53 2147483714 2147483716 
2147483694 2147483675 2147483676 2147483677 2147483675 2147483676 2147483677 2147483715 2147483716 57 53 2147483715 2147483716 
2147483698 2147483670 2147483672 2147483675 2147483677 2147483670 2147483672 2147483675 2147483677 2147483699 2147483700 2147483719 57 53 2147483699 2147483700 2147483719 
2147483699 2147483670 2147483672 2147483675 2147483677 2147483698 2147483670 2147483672 2147483675 2147483677 2147483698 2147483719 2147483719 
2147483700 2147483670 2147483672 2147483675 2147483677 2147483698 2147483670 2147483672 2147483675 2147483677 2147483698 2147483719 2147483719 
2147483703 2147483670 2147483672 2147483675 2147483677 2147483670 2147483672 2147483675 2147483677 2147483719 2147483719 
2147483704 2147483670 2147483672 2147483675 2147483677 2147483670 2147483672 2147483675 2147483677 2147483719 2147483719 
2147483706 2147483651 2147483675 2147483676 2147483651 2147483675 2147483676 2147483708 2147483712 2147483708 2147483712 
2147483708 2147483651 2147483675 2147483676 2147483706 2147483651 2147483675 2147483676 2147483706 2147483709 2147483710 2147483709 2147483710 
2147483709 2147483675 2147483676 2147483708 2147483675 2147483676 2147483708 2147483710 53 2147483710 
2147483710 2147483675 2147483676 2147483708 2147483709 2147483675 2147483676 2147483708 2147483709 57 53 
2147483712 2147483651 2147483655 2147483669 2147483670 2147483675 2147483676 2147483677 2147483684 2147483686 2147483687 2147483706 2147483651 2147483655 2147483669 2147483670 2147483675 2147483676 2147483677 2147483684 2147483686 2147483687 2147483706 2147483715 2147483716 2147483715 2147483716 
2147483714 2147483658 2147483675 2147483676 2147483677 2147483690 2147483691 2147483692 2147483658 2147483675 2147483676 2147483677 2147483690 2147483691 2147483692 2147483716 49 52 54 57 53 127 128 129 130 2147483716 
2147483715 2147483655 2147483675 2147483676 2147483677 2147483684 2147483685 2147483686 2147483687 2147483694 2147483712 2147483655 2147483675 2147483676 2147483677 2147483684 2147483685 2147483686 2147483687 2147483694 2147483712 2147483716 2147483716 
2147483716 2147483655 2147483658 2147483675 2147483676 2147483677 2147483684 2147483685 2147483686 2147483687 2147483690 2147483691 2147483692 2147483694 2147483712 2147483714 2147483715 2147483655 2147483658 2147483675 2147483676 2147483677 2147483684 2147483685 2147483686 2147483687 2147483690 2147483691 2147483692 2147483694 2147483712 2147483714 2147483715 57 49 52 54 53 127 128 129 130 
2147483719 2147483669 2147483670 2147483672 2147483675 2147483677 2147483698 2147483699 2147483700 2147483703 2147483704 2147483669 2147483670 2147483672 2147483675 2147483677 2147483698 2147483699 2147483700 2147483703 2147483704 49 52 54 57 53 127 128 129 130 
