2 
3 
5 
6 
8 
9 
11 
13 
16 
18 
19 
21 
49 2147483662 2147483663 2147483664 2147483665 2147483681 2147483688 
50 
51 
52 2147483662 2147483663 2147483664 2147483665 2147483681 2147483688 
53 2147483662 2147483663 2147483664 2147483665 2147483681 2147483684 2147483688 2147483695 2147483697 
54 2147483662 2147483663 2147483664 2147483665 2147483681 2147483684 2147483688 
57 2147483662 2147483663 2147483664 2147483665 2147483681 2147483684 2147483688 
59 
61 
127 2147483662 2147483663 2147483664 2147483665 2147483681 2147483688 
128 2147483662 2147483663 2147483664 2147483665 2147483681 2147483688 
129 2147483662 2147483663 2147483664 2147483665 2147483681 2147483688 
130 2147483662 2147483663 2147483664 2147483665 2147483681 2147483688 
131 
132 
133 
134 
247 
248 
249 
250 
251 
252 
253 
254 
271 
272 
273 
274 
275 
276 
277 
278 
2147483648 2147483653 2147483663 2147483664 2147483665 2147483693 2147483694 2147483653 2147483663 2147483664 2147483665 2147483693 2147483694 
2147483653 2147483648 2147483648 2147483663 2147483664 2147483665 2147483693 2147483694 2147483663 2147483664 2147483665 2147483693 2147483694 
2147483654 2147483663 2147483664 2147483665 2147483663 2147483664 2147483665 
2147483658 2147483663 2147483664 2147483665 2147483663 2147483664 2147483665 
2147483662 2147483663 2147483684 2147483688 53 49 52 54 57 127 128 129 130 2147483663 2147483684 2147483688 
2147483663 2147483648 2147483653 2147483654 2147483658 2147483662 2147483648 2147483653 2147483654 2147483658 2147483662 2147483664 2147483665 2147483673 2147483678 2147483681 2147483693 2147483694 2147483695 2147483697 53 57 49 52 54 127 128 129 130 2147483664 2147483665 2147483673 2147483678 2147483681 2147483693 2147483694 2147483695 2147483697 
2147483664 2147483648 2147483653 2147483654 2147483658 2147483663 2147483648 2147483653 2147483654 2147483658 2147483663 2147483665 2147483673 2147483678 2147483681 2147483693 2147483694 2147483695 2147483697 54 57 49 52 53 127 128 129 130 2147483665 2147483673 2147483678 2147483681 2147483693 2147483694 2147483695 2147483697 
2147483665 2147483648 2147483653 2147483654 2147483658 2147483663 2147483664 2147483648 2147483653 2147483654 2147483658 2147483663 2147483664 2147483673 2147483678 2147483681 2147483693 2147483694 2147483695 2147483697 52 53 54 49 57 127 128 129 130 2147483673 2147483678 2147483681 2147483693 2147483694 2147483695 2147483697 
2147483673 2147483663 2147483664 2147483665 2147483663 2147483664 2147483665 
2147483678 2147483663 2147483664 2147483665 2147483663 2147483664 2147483665 
2147483681 2147483663 2147483664 2147483665 2147483663 2147483664 2147483665 49 53 52 54 57 127 128 129 130 
2147483684 2147483662 2147483662 54 57 53 
2147483688 2147483662 2147483662 49 53 52 54 57 127 128 129 130 
2147483693 2147483648 2147483653 2147483663 2147483664 2147483665 2147483648 2147483653 2147483663 2147483664 2147483665 2147483694 2147483694 
2147483694 2147483648 2147483653 2147483663 2147483664 2147483665 2147483693 2147483648 2147483653 2147483663 2147483664 2147483665 2147483693 
2147483695 2147483663 2147483664 2147483665 2147483663 2147483664 2147483665 53 
2147483697 2147483663 2147483664 2147483665 2147483663 2147483664 2147483665 53 
