2,1,2,-1,0,1,0,0,0,
3,1,3,-1,0,1,0,0,0,
5,1,5,-1,0,1,0,0,0,
6,1,6,-1,0,1,0,0,0,
8,1,8,-1,0,1,0,0,0,
9,1,9,-1,0,1,0,0,0,
11,1,11,-1,0,1,0,0,0,
13,1,13,-1,0,1,0,0,0,
16,1,16,-1,0,1,0,0,0,
18,1,18,-1,0,1,0,0,0,
19,1,19,-1,0,1,0,0,0,
21,1,21,-1,0,1,0,0,0,
49,1,49,-1,0,1,0,0,0,
50,1,50,-1,0,1,0,0,0,
51,1,51,-1,0,1,0,0,247,
52,1,52,-1,0,1,0,0,0,
53,1,53,-1,0,1,0,0,0,
54,1,54,-1,0,1,0,0,0,
57,1,57,-1,0,1,0,0,0,
59,1,59,-1,0,1,0,0,0,
61,1,61,-1,0,1,0,0,0,
127,1,127,-1,0,1,0,0,0,
128,1,128,-1,0,1,0,0,0,
129,1,129,-1,0,1,0,0,0,
130,1,130,-1,0,1,0,0,0,
131,1,131,-1,0,1,0,0,0,
132,1,132,-1,0,1,0,0,0,
133,1,133,-1,0,1,0,0,0,
134,1,134,-1,0,1,0,0,0,
247,1,247,-1,0,1,0,0,0,
248,1,248,-1,0,1,0,0,0,
249,1,249,-1,0,1,0,0,0,
250,1,250,-1,0,1,0,0,0,
251,1,251,-1,0,1,0,0,0,
252,1,252,-1,0,1,0,0,0,
253,1,253,-1,0,1,0,0,0,
254,1,254,-1,0,1,0,0,0,
271,1,271,-1,0,1,0,0,0,
272,1,272,-1,0,1,0,0,0,
273,1,273,-1,0,1,0,0,0,
274,1,274,-1,0,1,0,0,0,
275,1,275,-1,0,1,0,0,0,
276,1,276,-1,0,1,0,0,0,
277,1,277,-1,0,1,0,0,0,
278,1,278,-1,0,1,0,0,0,
2147483648,0,0,0.00353947,11,0,1,0,0,51 133 134 131 132 50
2147483651,0,0,0.000370578,4,0,1,0,0,49 52 54 57 53 127 128 129 130 51 133 134 131 132 50
2147483656,0,0,0.000561716,1,0,1,0,0,49 52 54 57 53 127 128 129 130 51 133 134 131 132 50
2147483657,0,0,0.000155365,5,0,1,0,0,51 133 134 131 132 50
2147483658,0,0,0.000119718,1,0,1,0,0,49 52 54 57 53 127 128 129 130 51 133 134 131 132 50
2147483659,0,0,7.45606e-05,5,0,1,0,0,51 133 134 131 132 50
2147483660,0,0,7.21037e-05,5,0,1,0,0,51 133 134 131 132 50
2147483661,0,0,0.000300706,6,0,1,0,0,51 133 134 131 132 50
2147483663,0,0,0.000312129,3,0,1,0,0,51 133 134 131 132 50
2147483664,0,0,8.42317e-05,3,0,1,0,0,51 133 134 131 132 50
2147483666,0,0,0.000836252,1,0,1,0,0,49 52 54 57 53 127 128 129 130 51 133 134 131 132 50
2147483671,0,0,0.00225709,1,0,1,0,0,49 52 54 57 53 127 128 129 130 51 133 134 131 132 50
2147483672,0,0,0.000140262,2,0,1,0,0,49 52 54 57 53 127 128 129 130 51 133 134 131 132 50
2147483673,0,0,3.51272e-05,2,0,1,0,0,3 13 21 59 16 271 272 273 274 9 6 277 278 275 276
2147483678,0,0,0.000358249,1,0,1,0,0,49 52 54 57 53 127 128 129 130 51 133 134 131 132 50
2147483684,0,0,0.000297205,1,0,1,0,0,49 52 54 57 53 127 128 129 130 51 133 134 131 132 50
2147483690,0,0,0.00115994,1,0,1,0,0,51 133 134 131 132 50
2147483691,0,0,0.00036772,1,0,1,0,0,51 133 134 131 132 50
2147483693,0,0,0.00231069,1,0,1,0,0,49 52 54 57 53 127 128 129 130 51 133 134 131 132 50
2147483698,0,0,0.00623667,1,0,1,0,0,49 52 54 57 53 127 128 129 130 51 133 134 131 132 50
2147483703,0,0,0.000989922,1,0,1,0,0,49 52 54 57 53 127 128 129 130 51 133 134 131 132 50
2147483704,0,0,6.14917e-05,3,0,1,0,0,49 52 54 57 53 127 128 129 130 51 133 134 131 132 50
2147483709,0,0,0.000157104,1,0,1,0,0,49 52 54 57 53 127 128 129 130 51 133 134 131 132 50
2147483720,0,0,0.00365837,3,0,1,0,0,51 133 134 131 132 50
2147483721,0,0,0.000178987,9,0,1,0,0,51 133 134 131 132 50
2147483723,0,0,0.00881696,2,0,1,0,0,49 52 54 57 53 127 128 129 130 51 133 134 131 132 50
2147483724,0,0,0.00446429,1,0,1,0,0,49 52 54 57 127 128 129 130 51 133 134 131 132 50
2147483725,0,0,inf,1,0,1,0,255,3 13 21 59 16 271 272 273 274 9 6 277 278 275 276
2147483731,0,0,0.000845417,1,0,1,0,0,53 49 52 54 57 127 128 129 130 51 133 134 131 132 50
2147483732,0,0,0.000558031,1,0,1,0,0,49 52 54 57 127 128 129 130 51 133 134 131 132 50
2147483733,0,0,inf,1,0,1,0,0,3 13 21 59 16 271 272 273 274 9 6 277 278 275 276
2147483736,0,0,0.000422682,1,0,1,0,0,53 49 52 54 57 127 128 129 130 51 133 134 131 132 50
2147483737,0,0,inf,1,0,1,0,0,49 52 54 57 53 127 128 129 130 51 133 134 131 132 50
2147483738,0,0,0.000278998,1,0,1,0,0,49 52 54 127 128 130
2147483740,0,0,0.000520829,1,0,1,0,0,49 52 54 57 127 128 129 130 51 133 134 131 132 50
2147483741,0,0,0.000845417,1,0,1,0,0,49 53 52 54 57 127 128 129 130 51 133 134 131 132 50
2147483742,0,0,inf,1,0,1,0,0,49 52 54 57 53 127 128 129 130 51 133 134 131 132 50
2147483743,0,0,0.000558031,1,0,1,0,0,49 52 54 127 128 130
2147483744,0,0,0.000558031,1,0,1,0,0,49 52 54 57 127 128 129 130 51 133 134 131 132 50
2147483746,0,0,0.000558031,1,0,1,0,0,49 52 54 57 127 128 129 130 51 133 134 131 132 50
2147483748,0,0,inf,2,0,1,0,0,49 52 54 57 53 127 128 129 130 51 133 134 131 132 50
2147483752,0,0,0.000351009,1,0,1,0,0,49 52 54 57 127 128 129 130 51 133 134 131 132 50
2147483753,0,0,inf,1,0,1,0,0,2 11 19 61 18 247 248 249 250 5 8 253 254 251 252
2147483754,0,0,0.000175486,1,0,1,0,0,49 52 54 57 127 128 129 130 51 133 134 131 132 50
2147483756,0,0,0.000109661,1,0,1,0,0,49 52 54 57 127 128 129 130 51 133 134 131 132 50
2147483764,0,0,0.00116834,1,0,1,0,0,49 52 54 127 128 129 130 51 133 134 131 132 50
2147483766,0,0,0.00121006,1,0,1,0,0,49 52 54 57 127 128 129 130 51 133 134 131 132 50
2147483768,0,0,0.00121006,1,0,1,0,0,49 52 54 57 127 128 129 130 51 133 134 131 132 50
2147483770,0,0,0.00121006,1,0,1,0,0,49 52 54 57 127 128 129 130 51 133 134 131 132 50
2147483778,0,0,3.04634e-05,1,0,1,0,0,49 52 54 57 127 128 129 130 51 133 134 131 132 50
2147483788,0,0,0.000422829,1,0,1,0,0,49 52 54 127 128 129 130 51 133 134 131 132 50
2147483790,0,0,0.00043793,1,0,1,0,0,49 52 54 57 127 128 129 130 51 133 134 131 132 50
2147483792,0,0,0.00043793,1,0,1,0,0,49 52 54 57 127 128 129 130 51 133 134 131 132 50
2147483794,0,0,0.00043793,1,0,1,0,0,49 52 54 57 127 128 129 130 51 133 134 131 132 50
2147483799,0,0,6.95081e-05,1,0,1,0,0,49 52 54 57 127 128 129 130 51 133 134 131 132 50
2147483808,0,0,9.15333e-06,1,0,1,0,0,49 52 54 57 127 128 129 130 51 133 134 131 132 50
2147483809,0,0,2.14365e-05,2,0,1,0,0,49 52 54 57 53 127 128 129 130 51 133 134 131 132 50
2147483813,0,0,0.0055624,1,0,1,0,0,49 52 54 57 127 128 129 130 51 133 134 131 132 50
2147483816,0,0,0.00538856,1,0,1,0,0,49 52 54 57 127 128 129 130 51 133 134 131 132 50
2147483817,0,0,inf,1,0,1,0,0,3 13 21 59 16 271 272 273 274 9 6 277 278 275 276
2147483819,0,0,inf,1,0,1,0,0,49 52 54 57 53 127 128 129 130 51 133 134 131 132 50
2147483820,0,0,0.000168371,1,0,1,0,0,49 52 54 127 128 130
2147483822,0,0,0.00907027,1,0,1,0,0,49 52 54 57 127 128 129 130 51 133 134 131 132 50
2147483825,0,0,0.00878684,1,0,1,0,0,49 52 54 57 127 128 129 130 51 133 134 131 132 50
2147483826,0,0,inf,1,0,1,0,0,3 13 21 59 16 271 272 273 274 9 6 277 278 275 276
2147483828,0,0,inf,1,0,1,0,0,49 52 54 57 53 127 128 129 130 51 133 134 131 132 50
2147483829,0,0,0.000274564,1,0,1,0,255,49 52 54 127 128 130
2147483839,0,0,0.0011249,4,0,1,0,0,49 52 54 57 53 127 128 129 130 51 133 134 131 132 50
2147483840,0,0,0.000850713,3,0,1,0,0,3 13 21 59 16 271 272 273 274 9 6 277 278 275 276
2147483843,0,0,0.0045201,3,0,1,0,0,49 52 54 57 53 127 128 129 130 51 133 134 131 132 50
2147483844,0,0,0.00347645,3,0,1,0,0,3 13 21 59 16 271 272 273 274 9 6 277 278 275 276
2147483845,0,0,0.000754342,4,0,1,0,0,49 52 54 57 53 127 128 129 130 51 133 134 131 132 50
2147483846,0,0,0.000706664,3,0,1,0,0,3 13 21 59 16 271 272 273 274 9 6 277 278 275 276
2147483847,0,0,0.000401772,6,0,1,0,0,3 13 21 59 16 271 272 273 274 9 6 277 278 275 276
2147483848,0,0,0.000595191,3,0,1,0,0,49 52 54 57 53 127 128 129 130 51 133 134 131 132 50
2147483850,0,0,0.000934113,4,0,1,0,0,51 133 134 131 132 50
2147483852,0,0,0.0124897,3,0,1,0,0,49 52 54 57 53 127 128 129 130 51 133 134 131 132 50
2147483853,0,0,0.00960593,3,0,1,0,0,3 13 21 59 16 271 272 273 274 9 6 277 278 275 276
2147483854,0,0,0.00198244,3,0,1,0,0,49 52 54 57 53 127 128 129 130 51 133 134 131 132 50
2147483855,0,0,0.00163139,3,0,1,0,0,3 13 21 59 16 271 272 273 274 9 6 277 278 275 276
2147483856,0,0,0.000314615,4,0,1,0,0,49 52 54 57 53 127 128 129 130 51 133 134 131 132 50
2147483857,0,0,0.000252996,3,0,1,0,0,3 13 21 59 16 271 272 273 274 9 6 277 278 275 276
2147483859,0,0,0.000208241,7,0,1,0,0,5 8 253 254 251 252
2147483862,0,0,0.000400659,10,0,1,0,0,51 133 134 131 132 50
