2 
3 
5 
6 
8 
9 
11 
13 
16 
18 
19 
21 
22 
23 
24 
25 
26 2147483726 
27 
32 
49 2147483655 2147483658 2147483674 2147483679 2147483680 2147483681 2147483728 2147483817 2147483818 2147483821 
50 
51 
52 2147483655 2147483658 2147483674 2147483679 2147483680 2147483681 2147483728 2147483817 2147483818 2147483821 
53 2147483649 2147483650 2147483655 2147483658 2147483674 2147483679 2147483680 2147483681 2147483686 2147483702 2147483728 2147483736 2147483810 2147483817 2147483818 2147483821 
54 2147483655 2147483658 2147483674 2147483679 2147483680 2147483681 2147483728 2147483817 2147483818 2147483821 
57 2147483655 2147483658 2147483674 2147483679 2147483680 2147483681 2147483694 2147483728 2147483746 2147483750 2147483754 2147483758 2147483762 2147483766 2147483770 2147483774 2147483778 2147483788 2147483792 2147483796 2147483817 2147483818 2147483821 
59 
61 
127 2147483655 2147483658 2147483674 2147483679 2147483680 2147483681 2147483728 2147483817 2147483818 2147483821 
128 2147483655 2147483658 2147483674 2147483679 2147483680 2147483681 2147483728 2147483817 2147483818 2147483821 
129 2147483655 2147483658 2147483674 2147483679 2147483680 2147483681 2147483728 2147483817 2147483818 2147483821 
130 2147483655 2147483658 2147483674 2147483679 2147483680 2147483681 2147483728 2147483817 2147483818 2147483821 
131 
132 
133 
134 
247 
248 
249 
250 
251 
252 
253 
254 
263 
264 
265 
266 
267 
268 
269 
270 
271 
272 
273 
274 
275 
276 
277 
278 
2147483649 2147483679 2147483681 2147483699 53 2147483679 2147483681 2147483699 
2147483650 2147483679 2147483681 2147483705 53 2147483679 2147483681 2147483705 
2147483655 2147483656 2147483658 2147483664 2147483679 2147483681 2147483717 2147483718 2147483726 2147483728 2147483817 2147483818 49 52 54 57 53 127 128 129 130 2147483656 2147483658 2147483664 2147483679 2147483681 2147483717 2147483718 2147483726 2147483728 2147483817 2147483818 
2147483656 2147483655 2147483655 2147483679 2147483681 2147483679 2147483681 
2147483658 2147483655 2147483655 2147483664 2147483679 2147483681 2147483726 2147483728 2147483818 49 52 54 57 53 127 128 129 130 2147483664 2147483679 2147483681 2147483726 2147483728 2147483818 
2147483664 2147483655 2147483658 2147483655 2147483658 2147483679 2147483681 2147483728 2147483818 2147483679 2147483681 2147483728 2147483818 
2147483674 2147483679 2147483799 2147483801 2147483803 57 49 52 54 53 127 128 129 130 2147483679 2147483799 2147483801 2147483803 
2147483679 2147483649 2147483650 2147483655 2147483656 2147483658 2147483664 2147483674 2147483649 2147483650 2147483655 2147483656 2147483658 2147483664 2147483674 2147483680 2147483681 2147483683 2147483684 2147483685 2147483686 2147483688 2147483689 2147483691 2147483694 2147483695 2147483697 2147483699 2147483700 2147483702 2147483705 2147483708 2147483711 2147483717 2147483718 2147483726 2147483728 2147483733 2147483735 2147483736 2147483740 2147483743 2147483746 2147483747 2147483750 2147483751 2147483754 2147483755 2147483758 2147483759 2147483762 2147483763 2147483766 2147483767 2147483770 2147483771 2147483774 2147483775 2147483778 2147483781 2147483785 2147483788 2147483789 2147483792 2147483793 2147483796 2147483799 2147483801 2147483803 2147483804 2147483806 2147483809 2147483817 2147483818 53 49 52 54 57 127 128 129 130 2147483680 2147483681 2147483683 2147483684 2147483685 2147483686 2147483688 2147483689 2147483691 2147483694 2147483695 2147483697 2147483699 2147483700 2147483702 2147483705 2147483708 2147483711 2147483717 2147483718 2147483726 2147483728 2147483733 2147483735 2147483736 2147483740 2147483743 2147483746 2147483747 2147483750 2147483751 2147483754 2147483755 2147483758 2147483759 2147483762 2147483763 2147483766 2147483767 2147483770 2147483771 2147483774 2147483775 2147483778 2147483781 2147483785 2147483788 2147483789 2147483792 2147483793 2147483796 2147483799 2147483801 2147483803 2147483804 2147483806 2147483809 2147483817 2147483818 
2147483680 2147483679 2147483679 2147483681 2147483683 2147483684 2147483685 2147483686 2147483688 2147483689 2147483691 2147483694 2147483695 57 53 49 52 54 127 128 129 130 2147483681 2147483683 2147483684 2147483685 2147483686 2147483688 2147483689 2147483691 2147483694 2147483695 
2147483681 2147483649 2147483650 2147483655 2147483656 2147483658 2147483664 2147483679 2147483680 2147483649 2147483650 2147483655 2147483656 2147483658 2147483664 2147483679 2147483680 2147483683 2147483684 2147483685 2147483686 2147483688 2147483689 2147483691 2147483694 2147483695 2147483697 2147483699 2147483700 2147483702 2147483705 2147483708 2147483711 2147483717 2147483718 2147483726 2147483728 2147483733 2147483735 2147483736 2147483740 2147483743 2147483746 2147483747 2147483750 2147483751 2147483754 2147483755 2147483758 2147483759 2147483762 2147483763 2147483766 2147483767 2147483770 2147483771 2147483774 2147483775 2147483778 2147483781 2147483785 2147483788 2147483789 2147483792 2147483793 2147483796 2147483817 2147483818 54 53 49 52 57 127 128 129 130 2147483683 2147483684 2147483685 2147483686 2147483688 2147483689 2147483691 2147483694 2147483695 2147483697 2147483699 2147483700 2147483702 2147483705 2147483708 2147483711 2147483717 2147483718 2147483726 2147483728 2147483733 2147483735 2147483736 2147483740 2147483743 2147483746 2147483747 2147483750 2147483751 2147483754 2147483755 2147483758 2147483759 2147483762 2147483763 2147483766 2147483767 2147483770 2147483771 2147483774 2147483775 2147483778 2147483781 2147483785 2147483788 2147483789 2147483792 2147483793 2147483796 2147483817 2147483818 
2147483683 2147483679 2147483680 2147483681 2147483679 2147483680 2147483681 
2147483684 2147483679 2147483680 2147483681 2147483679 2147483680 2147483681 
2147483685 2147483679 2147483680 2147483681 2147483679 2147483680 2147483681 
2147483686 2147483679 2147483680 2147483681 2147483679 2147483680 2147483681 53 
2147483688 2147483679 2147483680 2147483681 2147483679 2147483680 2147483681 
2147483689 2147483679 2147483680 2147483681 2147483679 2147483680 2147483681 
2147483691 2147483679 2147483680 2147483681 2147483679 2147483680 2147483681 
2147483694 2147483679 2147483680 2147483681 2147483679 2147483680 2147483681 57 
2147483695 2147483679 2147483680 2147483681 2147483679 2147483680 2147483681 
2147483697 2147483679 2147483681 2147483679 2147483681 
2147483699 2147483649 2147483679 2147483681 2147483649 2147483679 2147483681 
2147483700 2147483679 2147483681 2147483679 2147483681 
2147483702 2147483679 2147483681 2147483679 2147483681 53 
2147483705 2147483650 2147483679 2147483681 2147483650 2147483679 2147483681 
2147483708 2147483679 2147483681 2147483679 2147483681 
2147483711 2147483679 2147483681 2147483679 2147483681 
2147483717 2147483655 2147483679 2147483681 2147483655 2147483679 2147483681 2147483817 2147483817 
2147483718 2147483655 2147483679 2147483681 2147483655 2147483679 2147483681 2147483817 2147483817 
2147483726 2147483655 2147483658 2147483679 2147483681 2147483655 2147483658 2147483679 2147483681 2147483728 2147483818 26 2147483728 2147483818 
2147483728 2147483655 2147483658 2147483664 2147483679 2147483681 2147483726 2147483655 2147483658 2147483664 2147483679 2147483681 2147483726 2147483818 53 49 52 54 57 127 128 129 130 2147483818 
2147483733 2147483679 2147483681 2147483679 2147483681 
2147483735 2147483679 2147483681 2147483679 2147483681 2147483736 2147483736 
2147483736 2147483679 2147483681 2147483735 2147483679 2147483681 2147483735 53 
2147483739 2147483821 2147483821 
2147483740 2147483679 2147483681 2147483679 2147483681 
2147483743 2147483679 2147483681 2147483679 2147483681 
2147483746 2147483679 2147483681 2147483679 2147483681 57 
2147483747 2147483679 2147483681 2147483679 2147483681 
2147483750 2147483679 2147483681 2147483679 2147483681 57 
2147483751 2147483679 2147483681 2147483679 2147483681 
2147483754 2147483679 2147483681 2147483679 2147483681 57 
2147483755 2147483679 2147483681 2147483679 2147483681 
2147483758 2147483679 2147483681 2147483679 2147483681 57 
2147483759 2147483679 2147483681 2147483679 2147483681 
2147483762 2147483679 2147483681 2147483679 2147483681 57 
2147483763 2147483679 2147483681 2147483679 2147483681 
2147483766 2147483679 2147483681 2147483679 2147483681 57 
2147483767 2147483679 2147483681 2147483679 2147483681 
2147483770 2147483679 2147483681 2147483679 2147483681 57 
2147483771 2147483679 2147483681 2147483679 2147483681 
2147483774 2147483679 2147483681 2147483679 2147483681 57 
2147483775 2147483679 2147483681 2147483679 2147483681 
2147483778 2147483679 2147483681 2147483679 2147483681 57 
2147483781 2147483679 2147483681 2147483679 2147483681 
2147483785 2147483679 2147483681 2147483679 2147483681 
2147483788 2147483679 2147483681 2147483679 2147483681 57 
2147483789 2147483679 2147483681 2147483679 2147483681 
2147483792 2147483679 2147483681 2147483679 2147483681 57 
2147483793 2147483679 2147483681 2147483679 2147483681 
2147483796 2147483679 2147483681 2147483679 2147483681 57 
2147483799 2147483674 2147483679 2147483674 2147483679 
2147483801 2147483674 2147483679 2147483674 2147483679 
2147483803 2147483674 2147483679 2147483674 2147483679 
2147483804 2147483679 2147483679 
2147483806 2147483679 2147483679 
2147483809 2147483679 2147483679 2147483810 2147483810 
2147483810 2147483809 2147483809 53 
2147483813 2147483821 2147483821 
2147483814 
2147483816 
2147483817 2147483655 2147483679 2147483681 2147483717 2147483718 2147483655 2147483679 2147483681 2147483717 2147483718 49 52 54 57 53 127 128 129 130 
2147483818 2147483655 2147483658 2147483664 2147483679 2147483681 2147483726 2147483728 2147483655 2147483658 2147483664 2147483679 2147483681 2147483726 2147483728 49 52 54 57 53 127 128 129 130 
2147483821 2147483739 2147483813 2147483739 2147483813 49 53 52 54 57 127 128 129 130 
