3 
6 
9 
13 
16 
21 
22 2147483648 
23 
24 
25 
26 
27 2147483648 
32 
49 2147483649 2147483688 2147483689 2147483722 2147483726 
50 
51 
52 2147483689 2147483722 2147483726 
53 2147483689 2147483722 2147483726 2147483727 
54 2147483649 2147483688 2147483689 2147483722 2147483726 
57 2147483689 2147483722 2147483726 
59 
127 2147483689 2147483722 2147483726 
128 2147483689 2147483722 2147483726 
129 2147483689 2147483722 2147483726 
130 2147483689 2147483722 2147483726 
131 
132 
133 
134 
263 
264 
265 
266 
267 
268 
269 
270 
271 
272 
273 
274 
275 
276 
277 
278 
2147483648 2147483649 2147483688 2147483689 2147483690 2147483712 2147483713 2147483714 2147483715 22 27 2147483649 2147483688 2147483689 2147483690 2147483712 2147483713 2147483714 2147483715 
2147483649 2147483648 2147483648 2147483668 2147483675 2147483681 2147483688 2147483689 2147483690 2147483695 2147483696 2147483697 2147483707 2147483712 2147483713 2147483714 2147483715 2147483716 2147483720 2147483721 2147483722 2147483726 2147483727 49 54 2147483668 2147483675 2147483681 2147483688 2147483689 2147483690 2147483695 2147483696 2147483697 2147483707 2147483712 2147483713 2147483714 2147483715 2147483716 2147483720 2147483721 2147483722 2147483726 2147483727 
2147483668 2147483649 2147483649 2147483675 2147483689 2147483716 2147483720 2147483721 2147483722 2147483675 2147483689 2147483716 2147483720 2147483721 2147483722 
2147483675 2147483649 2147483668 2147483649 2147483668 2147483689 2147483720 2147483721 2147483722 2147483689 2147483720 2147483721 2147483722 
2147483681 2147483649 2147483649 2147483689 2147483726 2147483689 2147483726 
2147483688 2147483648 2147483649 2147483648 2147483649 2147483689 2147483690 2147483695 2147483696 2147483712 2147483713 2147483714 2147483715 49 54 2147483689 2147483690 2147483695 2147483696 2147483712 2147483713 2147483714 2147483715 
2147483689 2147483648 2147483649 2147483668 2147483675 2147483681 2147483688 2147483648 2147483649 2147483668 2147483675 2147483681 2147483688 2147483690 2147483695 2147483696 2147483697 2147483707 2147483710 2147483712 2147483713 2147483714 2147483715 2147483716 2147483720 2147483721 2147483722 2147483726 2147483727 57 49 52 54 53 127 128 129 130 2147483690 2147483695 2147483696 2147483697 2147483707 2147483710 2147483712 2147483713 2147483714 2147483715 2147483716 2147483720 2147483721 2147483722 2147483726 2147483727 
2147483690 2147483648 2147483649 2147483688 2147483689 2147483648 2147483649 2147483688 2147483689 2147483712 2147483713 2147483714 2147483715 2147483712 2147483713 2147483714 2147483715 
2147483695 2147483649 2147483688 2147483689 2147483649 2147483688 2147483689 
2147483696 2147483649 2147483688 2147483689 2147483649 2147483688 2147483689 2147483697 2147483716 2147483697 2147483716 
2147483697 2147483649 2147483689 2147483696 2147483649 2147483689 2147483696 2147483716 2147483716 
2147483707 2147483649 2147483689 2147483649 2147483689 2147483726 2147483727 2147483726 2147483727 
2147483710 2147483689 2147483689 2147483722 2147483726 2147483722 2147483726 
2147483712 2147483648 2147483649 2147483688 2147483689 2147483690 2147483648 2147483649 2147483688 2147483689 2147483690 2147483713 2147483714 2147483715 2147483713 2147483714 2147483715 
2147483713 2147483648 2147483649 2147483688 2147483689 2147483690 2147483712 2147483648 2147483649 2147483688 2147483689 2147483690 2147483712 2147483714 2147483715 2147483714 2147483715 
2147483714 2147483648 2147483649 2147483688 2147483689 2147483690 2147483712 2147483713 2147483648 2147483649 2147483688 2147483689 2147483690 2147483712 2147483713 2147483715 2147483715 
2147483715 2147483648 2147483649 2147483688 2147483689 2147483690 2147483712 2147483713 2147483714 2147483648 2147483649 2147483688 2147483689 2147483690 2147483712 2147483713 2147483714 
2147483716 2147483649 2147483668 2147483689 2147483696 2147483697 2147483649 2147483668 2147483689 2147483696 2147483697 2147483722 2147483726 2147483722 2147483726 
2147483720 2147483649 2147483668 2147483675 2147483689 2147483649 2147483668 2147483675 2147483689 2147483721 2147483722 2147483721 2147483722 
2147483721 2147483649 2147483668 2147483675 2147483689 2147483720 2147483649 2147483668 2147483675 2147483689 2147483720 2147483722 2147483722 
2147483722 2147483649 2147483668 2147483675 2147483689 2147483710 2147483716 2147483720 2147483721 2147483649 2147483668 2147483675 2147483689 2147483710 2147483716 2147483720 2147483721 2147483726 49 52 54 57 53 127 128 129 130 2147483726 
2147483726 2147483649 2147483681 2147483689 2147483707 2147483710 2147483716 2147483722 2147483649 2147483681 2147483689 2147483707 2147483710 2147483716 2147483722 2147483727 49 52 54 57 53 127 128 129 130 2147483727 
2147483727 2147483649 2147483689 2147483707 2147483726 2147483649 2147483689 2147483707 2147483726 53 
