3 
6 
9 
13 
16 
21 
22 
23 
24 
25 
26 2147483672 
27 
32 
49 
50 
51 
52 
53 2147483658 2147483675 
54 2147483675 
57 2147483658 2147483675 
59 
127 
128 
129 
130 
131 
132 
133 
134 
263 
264 
265 
266 
267 
268 
269 
270 
271 
272 
273 
274 
275 
276 
277 
278 
2147483656 2147483658 2147483661 2147483662 2147483666 2147483667 2147483670 2147483672 2147483675 2147483676 2147483658 2147483661 2147483662 2147483666 2147483667 2147483670 2147483672 2147483675 2147483676 
2147483658 2147483656 2147483656 2147483661 2147483662 2147483666 2147483667 2147483670 2147483672 2147483675 2147483676 57 53 2147483661 2147483662 2147483666 2147483667 2147483670 2147483672 2147483675 2147483676 
2147483661 2147483656 2147483658 2147483656 2147483658 2147483672 2147483675 2147483672 2147483675 
2147483662 2147483656 2147483658 2147483656 2147483658 2147483666 2147483667 2147483670 2147483672 2147483676 2147483666 2147483667 2147483670 2147483672 2147483676 
2147483666 2147483656 2147483658 2147483662 2147483656 2147483658 2147483662 2147483672 2147483676 2147483672 2147483676 
2147483667 2147483656 2147483658 2147483662 2147483656 2147483658 2147483662 2147483670 2147483672 2147483676 2147483670 2147483672 2147483676 
2147483670 2147483656 2147483658 2147483662 2147483667 2147483656 2147483658 2147483662 2147483667 2147483672 2147483676 2147483672 2147483676 
2147483672 2147483656 2147483658 2147483661 2147483662 2147483666 2147483667 2147483670 2147483656 2147483658 2147483661 2147483662 2147483666 2147483667 2147483670 2147483675 2147483676 26 2147483675 2147483676 
2147483675 2147483656 2147483658 2147483661 2147483672 2147483656 2147483658 2147483661 2147483672 54 57 53 
2147483676 2147483656 2147483658 2147483662 2147483666 2147483667 2147483670 2147483672 2147483656 2147483658 2147483662 2147483666 2147483667 2147483670 2147483672 
