22 
23 
24 
25 
26 2147483653 2147483658 
27 
32 2147483653 2147483658 
49 2147483649 2147483661 2147483662 2147483663 2147483692 
50 
51 
52 2147483649 2147483661 2147483662 2147483663 2147483692 
53 2147483649 2147483661 2147483662 2147483663 2147483664 2147483667 2147483672 2147483674 2147483677 2147483679 2147483684 2147483688 2147483692 2147483693 2147483695 
54 2147483649 2147483661 2147483662 2147483663 2147483674 2147483692 
57 2147483649 2147483661 2147483662 2147483663 2147483674 2147483692 
127 2147483649 2147483661 2147483662 2147483663 2147483692 
128 2147483649 2147483661 2147483662 2147483663 2147483692 
129 2147483649 2147483661 2147483662 2147483663 2147483692 
130 2147483649 2147483661 2147483662 2147483663 2147483692 
131 
132 
133 
134 
263 
264 
265 
266 
267 
268 
269 
270 
2147483649 2147483652 2147483653 2147483657 2147483658 2147483661 2147483662 2147483663 2147483667 2147483670 2147483672 2147483674 2147483677 2147483679 2147483682 2147483684 2147483688 2147483692 2147483693 2147483695 53 49 52 54 57 127 128 129 130 2147483652 2147483653 2147483657 2147483658 2147483661 2147483662 2147483663 2147483667 2147483670 2147483672 2147483674 2147483677 2147483679 2147483682 2147483684 2147483688 2147483692 2147483693 2147483695 
2147483652 2147483649 2147483649 2147483653 2147483661 2147483662 2147483663 2147483692 2147483693 2147483653 2147483661 2147483662 2147483663 2147483692 2147483693 
2147483653 2147483649 2147483652 2147483649 2147483652 2147483661 2147483662 2147483663 2147483692 2147483693 32 26 2147483661 2147483662 2147483663 2147483692 2147483693 
2147483657 2147483649 2147483649 2147483658 2147483661 2147483662 2147483663 2147483692 2147483695 2147483658 2147483661 2147483662 2147483663 2147483692 2147483695 
2147483658 2147483649 2147483657 2147483649 2147483657 2147483661 2147483662 2147483663 2147483674 2147483692 2147483695 32 26 2147483661 2147483662 2147483663 2147483674 2147483692 2147483695 
2147483660 2147483661 2147483662 2147483663 2147483664 2147483661 2147483662 2147483663 2147483664 
2147483661 2147483649 2147483652 2147483653 2147483657 2147483658 2147483660 2147483649 2147483652 2147483653 2147483657 2147483658 2147483660 2147483662 2147483663 2147483664 2147483667 2147483670 2147483672 2147483674 2147483677 2147483679 2147483682 2147483684 2147483688 2147483692 2147483693 2147483695 57 49 52 54 53 127 128 129 130 2147483662 2147483663 2147483664 2147483667 2147483670 2147483672 2147483674 2147483677 2147483679 2147483682 2147483684 2147483688 2147483692 2147483693 2147483695 
2147483662 2147483649 2147483652 2147483653 2147483657 2147483658 2147483660 2147483661 2147483649 2147483652 2147483653 2147483657 2147483658 2147483660 2147483661 2147483663 2147483664 2147483667 2147483670 2147483672 2147483674 2147483677 2147483679 2147483682 2147483684 2147483688 2147483692 2147483693 2147483695 54 49 52 57 53 127 128 129 130 2147483663 2147483664 2147483667 2147483670 2147483672 2147483674 2147483677 2147483679 2147483682 2147483684 2147483688 2147483692 2147483693 2147483695 
2147483663 2147483649 2147483652 2147483653 2147483657 2147483658 2147483660 2147483661 2147483662 2147483649 2147483652 2147483653 2147483657 2147483658 2147483660 2147483661 2147483662 2147483664 2147483667 2147483670 2147483672 2147483674 2147483677 2147483679 2147483682 2147483684 2147483688 2147483692 2147483693 2147483695 52 49 54 57 53 127 128 129 130 2147483664 2147483667 2147483670 2147483672 2147483674 2147483677 2147483679 2147483682 2147483684 2147483688 2147483692 2147483693 2147483695 
2147483664 2147483660 2147483661 2147483662 2147483663 2147483660 2147483661 2147483662 2147483663 53 
2147483667 2147483649 2147483661 2147483662 2147483663 2147483649 2147483661 2147483662 2147483663 2147483692 53 2147483692 
2147483670 2147483649 2147483661 2147483662 2147483663 2147483649 2147483661 2147483662 2147483663 2147483692 2147483692 
2147483672 2147483649 2147483661 2147483662 2147483663 2147483649 2147483661 2147483662 2147483663 2147483692 53 2147483692 
2147483674 2147483649 2147483658 2147483661 2147483662 2147483663 2147483649 2147483658 2147483661 2147483662 2147483663 2147483692 2147483695 54 57 53 2147483692 2147483695 
2147483677 2147483649 2147483661 2147483662 2147483663 2147483649 2147483661 2147483662 2147483663 2147483692 53 2147483692 
2147483679 2147483649 2147483661 2147483662 2147483663 2147483649 2147483661 2147483662 2147483663 2147483692 53 2147483692 
2147483682 2147483649 2147483661 2147483662 2147483663 2147483649 2147483661 2147483662 2147483663 2147483692 2147483692 
2147483684 2147483649 2147483661 2147483662 2147483663 2147483649 2147483661 2147483662 2147483663 2147483692 53 2147483692 
2147483688 2147483649 2147483661 2147483662 2147483663 2147483649 2147483661 2147483662 2147483663 2147483692 53 2147483692 
2147483692 2147483649 2147483652 2147483653 2147483657 2147483658 2147483661 2147483662 2147483663 2147483667 2147483670 2147483672 2147483674 2147483677 2147483679 2147483682 2147483684 2147483688 2147483649 2147483652 2147483653 2147483657 2147483658 2147483661 2147483662 2147483663 2147483667 2147483670 2147483672 2147483674 2147483677 2147483679 2147483682 2147483684 2147483688 2147483693 2147483695 49 53 52 54 57 127 128 129 130 2147483693 2147483695 
2147483693 2147483649 2147483652 2147483653 2147483661 2147483662 2147483663 2147483692 2147483649 2147483652 2147483653 2147483661 2147483662 2147483663 2147483692 53 
2147483695 2147483649 2147483657 2147483658 2147483661 2147483662 2147483663 2147483674 2147483692 2147483649 2147483657 2147483658 2147483661 2147483662 2147483663 2147483674 2147483692 53 
