2 
3 
5 
6 
8 
9 
11 
13 
16 
18 
19 
21 
22 
23 
24 
25 
26 
27 
32 
49 2147483649 2147483651 2147483659 2147483711 2147483716 2147483726 
50 
51 
52 2147483649 2147483651 2147483659 2147483710 2147483711 2147483716 2147483722 2147483726 
53 2147483649 2147483651 2147483659 2147483710 2147483711 2147483716 2147483722 2147483726 
54 2147483649 2147483651 2147483659 2147483710 2147483711 2147483716 2147483722 2147483726 
57 2147483649 2147483651 2147483659 2147483710 2147483711 2147483716 2147483722 2147483726 
59 
61 
127 2147483649 2147483651 2147483659 2147483711 2147483716 2147483726 
128 2147483649 2147483651 2147483659 2147483711 2147483716 2147483726 
129 2147483649 2147483651 2147483659 2147483711 2147483716 2147483726 
130 2147483649 2147483651 2147483659 2147483711 2147483716 2147483726 
131 
132 
133 
134 
247 
248 
249 
250 
251 
252 
253 
254 
263 
264 
265 
266 
267 
268 
269 
270 
271 
272 
273 
274 
275 
276 
277 
278 
2147483649 2147483659 2147483722 2147483726 53 49 52 54 57 127 128 129 130 2147483659 2147483722 2147483726 
2147483651 2147483653 2147483659 2147483667 2147483669 2147483670 2147483672 2147483673 2147483675 2147483676 2147483678 2147483679 2147483681 2147483683 2147483685 2147483687 2147483692 2147483696 2147483699 2147483703 2147483704 2147483705 2147483707 2147483710 2147483711 2147483714 2147483716 2147483718 2147483730 49 52 54 57 53 127 128 129 130 2147483653 2147483659 2147483667 2147483669 2147483670 2147483672 2147483673 2147483675 2147483676 2147483678 2147483679 2147483681 2147483683 2147483685 2147483687 2147483692 2147483696 2147483699 2147483703 2147483704 2147483705 2147483707 2147483710 2147483711 2147483714 2147483716 2147483718 2147483730 
2147483653 2147483651 2147483651 2147483659 2147483685 2147483687 2147483703 2147483704 2147483705 2147483707 2147483710 2147483711 2147483716 2147483659 2147483685 2147483687 2147483703 2147483704 2147483705 2147483707 2147483710 2147483711 2147483716 
2147483659 2147483649 2147483651 2147483653 2147483649 2147483651 2147483653 2147483660 2147483667 2147483669 2147483670 2147483672 2147483673 2147483675 2147483676 2147483678 2147483679 2147483681 2147483683 2147483685 2147483687 2147483692 2147483696 2147483699 2147483703 2147483704 2147483705 2147483707 2147483710 2147483711 2147483714 2147483716 2147483718 2147483730 53 49 52 54 57 127 128 129 130 2147483660 2147483667 2147483669 2147483670 2147483672 2147483673 2147483675 2147483676 2147483678 2147483679 2147483681 2147483683 2147483685 2147483687 2147483692 2147483696 2147483699 2147483703 2147483704 2147483705 2147483707 2147483710 2147483711 2147483714 2147483716 2147483718 2147483730 
2147483660 2147483659 2147483659 
2147483667 2147483651 2147483659 2147483651 2147483659 2147483711 2147483716 2147483711 2147483716 
2147483669 2147483651 2147483659 2147483651 2147483659 2147483711 2147483716 2147483711 2147483716 
2147483670 2147483651 2147483659 2147483651 2147483659 2147483711 2147483716 2147483711 2147483716 
2147483672 2147483651 2147483659 2147483651 2147483659 2147483711 2147483716 2147483711 2147483716 
2147483673 2147483651 2147483659 2147483651 2147483659 2147483711 2147483716 2147483711 2147483716 
2147483675 2147483651 2147483659 2147483651 2147483659 2147483711 2147483716 2147483711 2147483716 
2147483676 2147483651 2147483659 2147483651 2147483659 2147483711 2147483716 2147483711 2147483716 
2147483678 2147483651 2147483659 2147483651 2147483659 2147483711 2147483716 2147483711 2147483716 
2147483679 2147483651 2147483659 2147483651 2147483659 2147483711 2147483716 2147483711 2147483716 
2147483681 2147483651 2147483659 2147483651 2147483659 2147483711 2147483716 2147483711 2147483716 
2147483683 2147483651 2147483659 2147483651 2147483659 2147483711 2147483716 2147483711 2147483716 
2147483685 2147483651 2147483653 2147483659 2147483651 2147483653 2147483659 2147483711 2147483716 2147483711 2147483716 
2147483687 2147483651 2147483653 2147483659 2147483651 2147483653 2147483659 2147483711 2147483716 2147483711 2147483716 
2147483692 2147483651 2147483659 2147483651 2147483659 2147483711 2147483711 
2147483696 2147483651 2147483659 2147483651 2147483659 2147483711 2147483716 2147483711 2147483716 
2147483699 2147483651 2147483659 2147483651 2147483659 2147483711 2147483711 
2147483703 2147483651 2147483653 2147483659 2147483651 2147483653 2147483659 2147483711 2147483711 
2147483704 2147483651 2147483653 2147483659 2147483651 2147483653 2147483659 2147483711 2147483711 
2147483705 2147483651 2147483653 2147483659 2147483651 2147483653 2147483659 2147483707 2147483711 2147483707 2147483711 
2147483707 2147483651 2147483653 2147483659 2147483705 2147483651 2147483653 2147483659 2147483705 2147483711 2147483711 
2147483710 2147483651 2147483653 2147483659 2147483651 2147483653 2147483659 2147483711 52 54 57 53 2147483711 
2147483711 2147483651 2147483653 2147483659 2147483667 2147483669 2147483670 2147483672 2147483673 2147483675 2147483676 2147483678 2147483679 2147483681 2147483683 2147483685 2147483687 2147483692 2147483696 2147483699 2147483703 2147483704 2147483705 2147483707 2147483710 2147483651 2147483653 2147483659 2147483667 2147483669 2147483670 2147483672 2147483673 2147483675 2147483676 2147483678 2147483679 2147483681 2147483683 2147483685 2147483687 2147483692 2147483696 2147483699 2147483703 2147483704 2147483705 2147483707 2147483710 2147483714 2147483716 2147483718 2147483730 54 57 49 52 53 127 128 129 130 2147483714 2147483716 2147483718 2147483730 
2147483714 2147483651 2147483659 2147483711 2147483651 2147483659 2147483711 2147483716 2147483716 
2147483716 2147483651 2147483653 2147483659 2147483667 2147483669 2147483670 2147483672 2147483673 2147483675 2147483676 2147483678 2147483679 2147483681 2147483683 2147483685 2147483687 2147483696 2147483711 2147483714 2147483651 2147483653 2147483659 2147483667 2147483669 2147483670 2147483672 2147483673 2147483675 2147483676 2147483678 2147483679 2147483681 2147483683 2147483685 2147483687 2147483696 2147483711 2147483714 2147483718 2147483730 49 52 54 57 53 127 128 129 130 2147483718 2147483730 
2147483718 2147483651 2147483659 2147483711 2147483716 2147483651 2147483659 2147483711 2147483716 
2147483722 2147483649 2147483649 52 54 57 53 
2147483726 2147483649 2147483649 49 53 52 54 57 127 128 129 130 
2147483730 2147483651 2147483659 2147483711 2147483716 2147483651 2147483659 2147483711 2147483716 
