2 
5 
8 
11 
18 
19 
22 2147483657 2147483687 2147483732 
23 
24 
25 2147483657 2147483681 2147483682 2147483687 2147483732 
26 2147483657 2147483658 2147483681 2147483682 2147483687 2147483732 
27 2147483657 2147483658 2147483681 2147483682 2147483687 2147483732 
32 2147483657 2147483658 2147483681 2147483682 2147483687 2147483732 
49 2147483648 2147483650 2147483651 2147483655 2147483660 2147483677 2147483678 2147483680 2147483707 2147483733 2147483734 2147483736 
50 
51 
52 2147483648 2147483650 2147483651 2147483655 2147483660 2147483668 2147483677 2147483678 2147483680 2147483696 2147483707 2147483708 2147483725 2147483733 2147483734 2147483736 
53 2147483648 2147483650 2147483651 2147483655 2147483660 2147483662 2147483668 2147483677 2147483678 2147483679 2147483680 2147483685 2147483689 2147483696 2147483701 2147483704 2147483707 2147483708 2147483712 2147483717 2147483724 2147483725 2147483733 2147483734 2147483735 2147483736 
54 2147483648 2147483650 2147483651 2147483655 2147483660 2147483662 2147483668 2147483677 2147483678 2147483680 2147483696 2147483707 2147483708 2147483724 2147483725 2147483733 2147483734 2147483735 2147483736 
57 2147483648 2147483650 2147483651 2147483655 2147483660 2147483662 2147483668 2147483677 2147483678 2147483679 2147483680 2147483689 2147483696 2147483701 2147483707 2147483708 2147483717 2147483724 2147483725 2147483733 2147483734 2147483735 2147483736 
61 
127 2147483648 2147483650 2147483651 2147483655 2147483660 2147483677 2147483678 2147483680 2147483696 2147483707 2147483708 2147483733 2147483734 2147483736 
128 2147483648 2147483650 2147483651 2147483655 2147483660 2147483677 2147483678 2147483680 2147483707 2147483733 2147483734 2147483736 
129 2147483648 2147483650 2147483651 2147483655 2147483660 2147483677 2147483678 2147483680 2147483707 2147483733 2147483734 2147483736 
130 2147483648 2147483650 2147483651 2147483655 2147483660 2147483677 2147483678 2147483680 2147483707 2147483733 2147483734 2147483736 
131 
132 
133 
134 
151 
152 
153 
154 
155 
156 
157 
158 
159 
160 
161 
162 
163 
164 
165 
166 
247 
248 
249 
250 
251 
252 
253 
254 
263 2147483657 2147483682 2147483687 2147483732 
264 2147483657 2147483687 2147483732 
265 2147483657 2147483687 2147483732 
266 2147483657 2147483687 2147483732 
267 
268 
269 
270 
2147483648 2147483650 2147483651 2147483655 2147483657 2147483658 2147483660 2147483662 2147483663 2147483664 2147483668 2147483677 2147483678 2147483680 2147483687 2147483689 2147483695 2147483696 2147483698 2147483701 2147483704 2147483707 2147483708 2147483712 2147483715 2147483717 2147483732 2147483733 2147483734 2147483735 49 52 54 57 53 127 128 129 130 2147483650 2147483651 2147483655 2147483657 2147483658 2147483660 2147483662 2147483663 2147483664 2147483668 2147483677 2147483678 2147483680 2147483687 2147483689 2147483695 2147483696 2147483698 2147483701 2147483704 2147483707 2147483708 2147483712 2147483715 2147483717 2147483732 2147483733 2147483734 2147483735 
2147483650 2147483648 2147483648 2147483651 2147483655 2147483657 2147483658 2147483660 2147483662 2147483663 2147483664 2147483668 2147483677 2147483678 2147483680 2147483687 2147483689 2147483695 2147483696 2147483698 2147483701 2147483704 2147483707 2147483708 2147483712 2147483715 2147483717 2147483732 2147483733 2147483734 2147483735 49 52 54 57 53 127 128 129 130 2147483651 2147483655 2147483657 2147483658 2147483660 2147483662 2147483663 2147483664 2147483668 2147483677 2147483678 2147483680 2147483687 2147483689 2147483695 2147483696 2147483698 2147483701 2147483704 2147483707 2147483708 2147483712 2147483715 2147483717 2147483732 2147483733 2147483734 2147483735 
2147483651 2147483648 2147483650 2147483648 2147483650 2147483655 2147483657 2147483658 2147483660 2147483662 2147483663 2147483664 2147483668 2147483677 2147483678 2147483680 2147483687 2147483689 2147483695 2147483696 2147483698 2147483701 2147483704 2147483707 2147483708 2147483712 2147483715 2147483717 2147483732 2147483733 2147483734 2147483735 49 52 54 57 53 127 128 129 130 2147483655 2147483657 2147483658 2147483660 2147483662 2147483663 2147483664 2147483668 2147483677 2147483678 2147483680 2147483687 2147483689 2147483695 2147483696 2147483698 2147483701 2147483704 2147483707 2147483708 2147483712 2147483715 2147483717 2147483732 2147483733 2147483734 2147483735 
2147483655 2147483648 2147483650 2147483651 2147483648 2147483650 2147483651 2147483657 2147483658 2147483677 2147483678 2147483680 2147483687 2147483695 2147483696 2147483698 2147483732 2147483733 2147483735 49 53 54 57 127 52 128 129 130 2147483657 2147483658 2147483677 2147483678 2147483680 2147483687 2147483695 2147483696 2147483698 2147483732 2147483733 2147483735 
2147483657 2147483648 2147483650 2147483651 2147483655 2147483648 2147483650 2147483651 2147483655 2147483658 2147483677 2147483678 2147483680 2147483687 2147483732 2147483733 22 32 25 27 26 263 264 265 266 2147483658 2147483677 2147483678 2147483680 2147483687 2147483732 2147483733 
2147483658 2147483648 2147483650 2147483651 2147483655 2147483657 2147483648 2147483650 2147483651 2147483655 2147483657 2147483677 2147483678 2147483680 2147483687 2147483732 2147483733 27 32 26 2147483677 2147483678 2147483680 2147483687 2147483732 2147483733 
2147483660 2147483648 2147483650 2147483651 2147483648 2147483650 2147483651 2147483662 2147483677 2147483678 2147483680 2147483687 2147483704 2147483707 2147483708 2147483732 49 57 52 54 53 127 128 129 130 2147483662 2147483677 2147483678 2147483680 2147483687 2147483704 2147483707 2147483708 2147483732 
2147483662 2147483648 2147483650 2147483651 2147483660 2147483648 2147483650 2147483651 2147483660 2147483677 2147483678 2147483680 2147483687 2147483707 2147483708 2147483732 54 57 53 2147483677 2147483678 2147483680 2147483687 2147483707 2147483708 2147483732 
2147483663 2147483648 2147483650 2147483651 2147483648 2147483650 2147483651 2147483677 2147483678 2147483680 2147483687 2147483712 2147483732 2147483677 2147483678 2147483680 2147483687 2147483712 2147483732 
2147483664 2147483648 2147483650 2147483651 2147483648 2147483650 2147483651 2147483677 2147483678 2147483680 2147483687 2147483732 2147483677 2147483678 2147483680 2147483687 2147483732 
2147483668 2147483648 2147483650 2147483651 2147483648 2147483650 2147483651 2147483677 2147483678 2147483680 2147483687 2147483732 2147483734 52 54 57 53 2147483677 2147483678 2147483680 2147483687 2147483732 2147483734 
2147483677 2147483648 2147483650 2147483651 2147483655 2147483657 2147483658 2147483660 2147483662 2147483663 2147483664 2147483668 2147483648 2147483650 2147483651 2147483655 2147483657 2147483658 2147483660 2147483662 2147483663 2147483664 2147483668 2147483678 2147483679 2147483680 2147483681 2147483682 2147483684 2147483685 2147483687 2147483689 2147483695 2147483696 2147483698 2147483701 2147483704 2147483707 2147483708 2147483712 2147483715 2147483717 2147483724 2147483725 2147483732 2147483733 2147483734 2147483735 2147483736 53 49 52 54 57 127 128 129 130 2147483678 2147483679 2147483680 2147483681 2147483682 2147483684 2147483685 2147483687 2147483689 2147483695 2147483696 2147483698 2147483701 2147483704 2147483707 2147483708 2147483712 2147483715 2147483717 2147483724 2147483725 2147483732 2147483733 2147483734 2147483735 2147483736 
2147483678 2147483648 2147483650 2147483651 2147483655 2147483657 2147483658 2147483660 2147483662 2147483663 2147483664 2147483668 2147483677 2147483648 2147483650 2147483651 2147483655 2147483657 2147483658 2147483660 2147483662 2147483663 2147483664 2147483668 2147483677 2147483679 2147483680 2147483681 2147483682 2147483684 2147483685 2147483687 2147483689 2147483695 2147483696 2147483698 2147483701 2147483704 2147483707 2147483708 2147483712 2147483715 2147483717 2147483724 2147483725 2147483732 2147483733 2147483734 2147483735 57 127 53 49 52 54 128 129 130 2147483679 2147483680 2147483681 2147483682 2147483684 2147483685 2147483687 2147483689 2147483695 2147483696 2147483698 2147483701 2147483704 2147483707 2147483708 2147483712 2147483715 2147483717 2147483724 2147483725 2147483732 2147483733 2147483734 2147483735 
2147483679 2147483677 2147483678 2147483677 2147483678 2147483680 2147483681 2147483682 57 53 2147483680 2147483681 2147483682 
2147483680 2147483648 2147483650 2147483651 2147483655 2147483657 2147483658 2147483660 2147483662 2147483663 2147483664 2147483668 2147483677 2147483678 2147483679 2147483648 2147483650 2147483651 2147483655 2147483657 2147483658 2147483660 2147483662 2147483663 2147483664 2147483668 2147483677 2147483678 2147483679 2147483681 2147483682 2147483684 2147483685 2147483687 2147483689 2147483695 2147483696 2147483698 2147483701 2147483704 2147483707 2147483708 2147483712 2147483715 2147483717 2147483732 2147483733 2147483734 2147483735 53 54 52 49 57 127 128 129 130 2147483681 2147483682 2147483684 2147483685 2147483687 2147483689 2147483695 2147483696 2147483698 2147483701 2147483704 2147483707 2147483708 2147483712 2147483715 2147483717 2147483732 2147483733 2147483734 2147483735 
2147483681 2147483677 2147483678 2147483679 2147483680 2147483677 2147483678 2147483679 2147483680 2147483682 25 27 32 26 2147483682 
2147483682 2147483677 2147483678 2147483679 2147483680 2147483681 2147483677 2147483678 2147483679 2147483680 2147483681 263 25 27 32 26 
2147483684 2147483677 2147483678 2147483680 2147483677 2147483678 2147483680 
2147483685 2147483677 2147483678 2147483680 2147483677 2147483678 2147483680 53 
2147483687 2147483648 2147483650 2147483651 2147483655 2147483657 2147483658 2147483660 2147483662 2147483663 2147483664 2147483668 2147483677 2147483678 2147483680 2147483648 2147483650 2147483651 2147483655 2147483657 2147483658 2147483660 2147483662 2147483663 2147483664 2147483668 2147483677 2147483678 2147483680 2147483689 2147483695 2147483696 2147483698 2147483701 2147483704 2147483707 2147483708 2147483712 2147483715 2147483717 2147483732 2147483733 2147483734 2147483735 22 25 27 32 26 263 264 265 266 2147483689 2147483695 2147483696 2147483698 2147483701 2147483704 2147483707 2147483708 2147483712 2147483715 2147483717 2147483732 2147483733 2147483734 2147483735 
2147483689 2147483648 2147483650 2147483651 2147483677 2147483678 2147483680 2147483687 2147483648 2147483650 2147483651 2147483677 2147483678 2147483680 2147483687 2147483732 57 53 2147483732 
2147483695 2147483648 2147483650 2147483651 2147483655 2147483677 2147483678 2147483680 2147483687 2147483648 2147483650 2147483651 2147483655 2147483677 2147483678 2147483680 2147483687 2147483732 2147483732 
2147483696 2147483648 2147483650 2147483651 2147483655 2147483677 2147483678 2147483680 2147483687 2147483648 2147483650 2147483651 2147483655 2147483677 2147483678 2147483680 2147483687 2147483732 52 54 57 53 127 2147483732 
2147483698 2147483648 2147483650 2147483651 2147483655 2147483677 2147483678 2147483680 2147483687 2147483648 2147483650 2147483651 2147483655 2147483677 2147483678 2147483680 2147483687 2147483732 2147483732 
2147483701 2147483648 2147483650 2147483651 2147483677 2147483678 2147483680 2147483687 2147483648 2147483650 2147483651 2147483677 2147483678 2147483680 2147483687 2147483732 57 53 2147483732 
2147483704 2147483648 2147483650 2147483651 2147483660 2147483677 2147483678 2147483680 2147483687 2147483648 2147483650 2147483651 2147483660 2147483677 2147483678 2147483680 2147483687 2147483707 2147483732 53 2147483707 2147483732 
2147483707 2147483648 2147483650 2147483651 2147483660 2147483662 2147483677 2147483678 2147483680 2147483687 2147483704 2147483648 2147483650 2147483651 2147483660 2147483662 2147483677 2147483678 2147483680 2147483687 2147483704 2147483708 2147483732 54 49 52 57 53 127 128 129 130 2147483708 2147483732 
2147483708 2147483648 2147483650 2147483651 2147483660 2147483662 2147483677 2147483678 2147483680 2147483687 2147483707 2147483648 2147483650 2147483651 2147483660 2147483662 2147483677 2147483678 2147483680 2147483687 2147483707 2147483732 52 54 57 53 127 2147483732 
2147483712 2147483648 2147483650 2147483651 2147483663 2147483677 2147483678 2147483680 2147483687 2147483648 2147483650 2147483651 2147483663 2147483677 2147483678 2147483680 2147483687 2147483732 53 2147483732 
2147483715 2147483648 2147483650 2147483651 2147483677 2147483678 2147483680 2147483687 2147483648 2147483650 2147483651 2147483677 2147483678 2147483680 2147483687 2147483732 2147483732 
2147483717 2147483648 2147483650 2147483651 2147483677 2147483678 2147483680 2147483687 2147483648 2147483650 2147483651 2147483677 2147483678 2147483680 2147483687 2147483732 2147483734 57 53 2147483732 2147483734 
2147483724 2147483677 2147483678 2147483677 2147483678 2147483725 54 57 53 2147483725 
2147483725 2147483677 2147483678 2147483724 2147483677 2147483678 2147483724 52 54 57 53 
2147483729 
2147483732 2147483648 2147483650 2147483651 2147483655 2147483657 2147483658 2147483660 2147483662 2147483663 2147483664 2147483668 2147483677 2147483678 2147483680 2147483687 2147483689 2147483695 2147483696 2147483698 2147483701 2147483704 2147483707 2147483708 2147483712 2147483715 2147483717 2147483648 2147483650 2147483651 2147483655 2147483657 2147483658 2147483660 2147483662 2147483663 2147483664 2147483668 2147483677 2147483678 2147483680 2147483687 2147483689 2147483695 2147483696 2147483698 2147483701 2147483704 2147483707 2147483708 2147483712 2147483715 2147483717 2147483733 2147483734 2147483735 32 25 22 27 26 263 264 265 266 2147483733 2147483734 2147483735 
2147483733 2147483648 2147483650 2147483651 2147483655 2147483657 2147483658 2147483677 2147483678 2147483680 2147483687 2147483732 2147483648 2147483650 2147483651 2147483655 2147483657 2147483658 2147483677 2147483678 2147483680 2147483687 2147483732 53 49 52 54 57 127 128 129 130 
2147483734 2147483648 2147483650 2147483651 2147483668 2147483677 2147483678 2147483680 2147483687 2147483717 2147483732 2147483648 2147483650 2147483651 2147483668 2147483677 2147483678 2147483680 2147483687 2147483717 2147483732 52 49 54 57 53 127 128 129 130 
2147483735 2147483648 2147483650 2147483651 2147483655 2147483677 2147483678 2147483680 2147483687 2147483732 2147483648 2147483650 2147483651 2147483655 2147483677 2147483678 2147483680 2147483687 2147483732 54 57 53 
2147483736 2147483677 2147483677 49 53 52 54 57 127 128 129 130 
