49,1,49,-1,0,1,0,0,0,
50,1,50,-1,0,1,0,0,0,
51,1,51,-1,0,1,0,0,0,
52,1,52,-1,0,1,0,0,137,
53,1,53,-1,0,1,0,0,0,
54,1,54,-1,0,1,0,0,0,
57,1,57,-1,0,1,0,0,0,
127,1,127,-1,0,1,0,0,0,
128,1,128,-1,0,1,0,0,0,
129,1,129,-1,0,1,0,0,255,
130,1,130,-1,0,1,0,0,255,
131,1,131,-1,0,1,0,0,0,
132,1,132,-1,0,1,0,0,0,
133,1,133,-1,0,1,0,0,0,
134,1,134,-1,0,1,0,0,0,
2147483648,0,0,0.000603874,1,0,1,0,0,51 133 134 131 132 50
2147483649,0,0,0.000799725,1,0,1,0,0,49 52 127 128 129 130 51 133 134 131 132 50
2147483652,0,0,0.0043433,1,0,1,0,0,51 133 134 131 132 50
2147483653,0,0,0.00195857,1,0,1,0,0,51 133 134 131 132 50
2147483654,0,0,0.00167411,1,0,1,0,0,49 52 54 57 127 128 129 130 51 133 134 131 132 50
2147483655,0,0,inf,1,0,1,0,0,49 52 54 57 53 127 128 129 130 51 133 134 131 132 50
2147483656,0,0,0.00101024,1,0,1,0,0,49 52 54 127 128 129 130 51 133 134 131 132 50
2147483657,0,0,0.000976562,1,0,1,0,0,49 52 54 127 128 129 130 51 133 134 131 132 50
2147483658,0,0,inf,1,0,1,0,0,53 49 52 54 57 127 128 129 130 51 133 134 131 132 50
2147483659,0,0,0.00101024,1,0,1,0,38,49 52 54 57 127 128 129 130 51 133 134 131 132 50
2147483662,0,0,0.000887783,1,0,1,0,0,49 127 128 129 130 51 133 134 131 132 50
2147483664,0,0,0.00052839,1,0,1,0,0,54 49 52 127 128 129 130 51 133 134 131 132 50
2147483665,0,0,1.52535e-09,2,0,1,0,255,51 133 134 131 132 50
2147483667,0,0,2.01565e-09,1,0,1,0,0,53 49 52 54 57 127 128 129 130 51 133 134 131 132 50
2147483668,0,0,1.99347e-15,1,0,1,0,0,49 53 52 54 57 127 128 129 130 51 133 134 131 132 50
2147483670,0,0,0.00109592,1,0,1,0,0,53 49 52 54 57 127 128 129 130 51 133 134 131 132 50
