22,1,22,-1,0,1,0,0,0,
23,1,23,-1,0,1,0,0,0,
24,1,24,-1,0,1,0,0,0,
25,1,25,-1,0,1,0,0,0,
26,1,26,-1,0,1,0,0,0,
27,1,27,-1,0,1,0,0,0,
32,1,32,-1,0,1,0,0,0,
49,1,49,-1,0,1,0,0,0,
50,1,50,-1,0,1,0,0,0,
51,1,51,-1,0,1,0,0,0,
52,1,52,-1,0,1,0,0,0,
53,1,53,-1,0,1,0,0,0,
54,1,54,-1,0,1,0,0,0,
57,1,57,-1,0,1,0,0,0,
127,1,127,-1,0,1,0,0,0,
128,1,128,-1,0,1,0,0,0,
129,1,129,-1,0,1,0,0,0,
130,1,130,-1,0,1,0,0,0,
131,1,131,-1,0,1,0,0,0,
132,1,132,-1,0,1,0,0,0,
133,1,133,-1,0,1,0,0,0,
134,1,134,-1,0,1,0,0,0,
263,1,263,-1,0,1,0,0,0,
264,1,264,-1,0,1,0,0,0,
265,1,265,-1,0,1,0,0,0,
266,1,266,-1,0,1,0,0,0,
267,1,267,-1,0,1,0,0,0,
268,1,268,-1,0,1,0,0,0,
269,1,269,-1,0,1,0,0,0,
270,1,270,-1,0,1,0,0,0,
2147483648,0,0,0.0863365,1,0,1,0,0,49 52 54 57 53 127 128 129 130 51 133 134 131 132 50
2147483656,0,0,0.00715177,3,0,1,0,0,49 52 54 57 53 127 128 129 130 51 133 134 131 132 50
2147483658,0,0,0.00955137,1,0,1,0,0,49 52 54 57 53 127 128 129 130 51 133 134 131 132 50
2147483659,0,0,0.00977946,1,0,1,0,0,49 52 54 57 53 127 128 129 130 51 133 134 131 132 50
2147483660,0,0,0.027698,6,0,1,0,0,51 133 134 131 132 50
2147483674,0,0,0.0177527,4,0,1,0,0,51 133 134 131 132 50
2147483675,0,0,0.00100407,4,0,1,0,0,51 133 134 131 132 50
2147483689,0,0,0.00153102,2,0,1,0,0,57 49 52 54 127 128 129 130 51 133 134 131 132 50
2147483690,0,0,0.000836336,1,0,1,0,0,49 52 54 127 128 129 130 51 133 134 131 132 50
2147483695,0,0,inf,1,0,1,0,255,49 52 54 57 53 127 128 129 130 51 133 134 131 132 50
2147483702,0,0,inf,1,0,1,0,0,22 25 27 32 26 263 264 265 266 24 23 269 270 267 268
2147483703,0,0,inf,1,0,1,0,0,22 25 27 32 26 263 264 265 266 24 23 269 270 267 268
2147483704,0,0,inf,1,0,1,0,0,22 25 27 32 26 263 264 265 266 24 23 269 270 267 268
2147483705,0,0,inf,1,0,1,0,0,22 25 27 32 26 263 264 265 266 24 23 269 270 267 268
2147483712,0,0,inf,1,0,1,0,0,22 25 27 32 26 263 264 265 266 24 23 269 270 267 268
2147483716,0,0,0.0020046,2,0,1,0,0,51 133 134 131 132 50
2147483718,0,0,0.00200995,2,0,1,0,0,57 49 52 54 127 128 129 130 51 133 134 131 132 50
2147483719,0,0,0.00102934,1,0,1,0,0,49 52 54 127 128 129 130 51 133 134 131 132 50
2147483722,0,0,0.00102934,1,0,1,0,0,49 52 54 127 128 129 130 51 133 134 131 132 50
2147483723,0,0,0.000579001,1,0,1,0,0,49 52 54 127 128 129 130 51 133 134 131 132 50
2147483724,0,0,0.000559701,1,0,1,0,0,49 52 54 127 128 129 130 51 133 134 131 132 50
2147483727,0,0,0.000932836,1,0,1,0,0,49 52 54 127 128 129 130 51 133 134 131 132 50
2147483733,0,0,0.0846482,6,0,1,0,0,49 52 54 57 53 127 128 129 130 51 133 134 131 132 50
2147483734,0,0,0.0973185,3,0,1,0,255,49 52 54 57 53 127 128 129 130 51 133 134 131 132 50
2147483735,0,0,0.00951947,6,0,1,0,0,51 133 134 131 132 50
2147483736,0,0,0.000312015,7,0,1,0,0,51 133 134 131 132 50
2147483737,0,0,0.000943239,4,0,1,0,0,49 52 54 57 53 127 128 129 130 51 133 134 131 132 50
2147483739,0,0,0.00312807,5,0,1,0,255,51 133 134 131 132 50
