2 
5 
8 
11 
18 
19 
49 2147483649 2147483665 2147483666 2147483667 2147483668 2147483696 2147483698 2147483699 
50 
51 
52 2147483649 2147483665 2147483666 2147483667 2147483668 2147483696 2147483698 2147483699 
53 2147483649 2147483665 2147483666 2147483667 2147483668 2147483677 2147483681 2147483683 2147483688 2147483690 2147483696 2147483698 2147483699 
54 2147483649 2147483665 2147483666 2147483667 2147483668 2147483696 2147483698 2147483699 
57 2147483649 2147483665 2147483666 2147483667 2147483668 2147483677 2147483681 2147483683 2147483688 2147483690 2147483696 2147483698 2147483699 
61 
127 2147483649 2147483665 2147483666 2147483667 2147483668 2147483696 2147483698 2147483699 
128 2147483649 2147483665 2147483666 2147483667 2147483668 2147483696 2147483698 2147483699 
129 2147483649 2147483665 2147483666 2147483667 2147483668 2147483696 2147483698 2147483699 
130 2147483649 2147483665 2147483666 2147483667 2147483668 2147483696 2147483698 2147483699 
131 
132 
133 
134 
247 
248 
249 
250 
251 
252 
253 
254 
2147483649 2147483665 2147483668 2147483688 2147483690 57 49 52 54 53 127 128 129 130 2147483665 2147483668 2147483688 2147483690 
2147483654 2147483665 2147483667 2147483668 2147483665 2147483667 2147483668 
2147483665 2147483649 2147483654 2147483649 2147483654 2147483666 2147483667 2147483668 2147483669 2147483676 2147483677 2147483681 2147483683 2147483688 2147483690 2147483696 2147483698 2147483699 53 49 52 54 57 127 128 129 130 2147483666 2147483667 2147483668 2147483669 2147483676 2147483677 2147483681 2147483683 2147483688 2147483690 2147483696 2147483698 2147483699 
2147483666 2147483665 2147483665 2147483667 2147483668 2147483669 57 53 49 52 54 127 128 129 130 2147483667 2147483668 2147483669 
2147483667 2147483654 2147483665 2147483666 2147483654 2147483665 2147483666 2147483668 2147483669 2147483676 2147483677 2147483696 2147483698 53 54 57 49 52 127 128 129 130 2147483668 2147483669 2147483676 2147483677 2147483696 2147483698 
2147483668 2147483649 2147483654 2147483665 2147483666 2147483667 2147483649 2147483654 2147483665 2147483666 2147483667 2147483669 2147483676 2147483677 2147483681 2147483683 2147483688 2147483690 2147483696 2147483698 57 53 52 54 49 127 128 129 130 2147483669 2147483676 2147483677 2147483681 2147483683 2147483688 2147483690 2147483696 2147483698 
2147483669 2147483665 2147483666 2147483667 2147483668 2147483665 2147483666 2147483667 2147483668 
2147483676 2147483665 2147483667 2147483668 2147483665 2147483667 2147483668 2147483696 2147483696 
2147483677 2147483665 2147483667 2147483668 2147483665 2147483667 2147483668 2147483696 57 53 2147483696 
2147483681 2147483665 2147483668 2147483665 2147483668 2147483698 57 53 2147483698 
2147483683 2147483665 2147483668 2147483665 2147483668 2147483698 57 53 2147483698 
2147483688 2147483649 2147483665 2147483668 2147483649 2147483665 2147483668 57 53 
2147483690 2147483649 2147483665 2147483668 2147483649 2147483665 2147483668 57 53 
2147483694 
2147483696 2147483665 2147483667 2147483668 2147483676 2147483677 2147483665 2147483667 2147483668 2147483676 2147483677 2147483698 57 54 49 52 53 127 128 129 130 2147483698 
2147483698 2147483665 2147483667 2147483668 2147483681 2147483683 2147483696 2147483665 2147483667 2147483668 2147483681 2147483683 2147483696 57 53 49 52 54 127 128 129 130 
2147483699 2147483665 2147483665 49 53 52 54 57 127 128 129 130 
