49,1,49,-1,0,1,0,0,0,
50,1,50,-1,0,1,0,0,0,
51,1,51,-1,0,1,0,0,0,
52,1,52,-1,0,1,0,0,0,
53,1,53,-1,0,1,0,0,0,
54,1,54,-1,0,1,0,0,0,
57,1,57,-1,0,1,0,0,255,
127,1,127,-1,0,1,0,0,0,
128,1,128,-1,0,1,0,0,0,
129,1,129,-1,0,1,0,0,0,
130,1,130,-1,0,1,0,0,0,
131,1,131,-1,0,1,0,0,0,
132,1,132,-1,0,1,0,0,0,
133,1,133,-1,0,1,0,0,0,
134,1,134,-1,0,1,0,0,0,
2147483648,0,0,0.00701389,1,0,1,0,255,51 133 134 131 132 50
2147483649,0,0,0.00556985,1,0,1,0,0,51 133 134 131 132 50
2147483650,0,0,0.00640399,1,0,1,0,0,51 133 134 131 132 50
2147483651,0,0,0.00416667,1,0,1,0,0,49 52 127 128 129 130 51 133 134 131 132 50
2147483654,0,0,0.00287356,1,0,1,0,0,49 52 54 127 128 129 130 51 133 134 131 132 50
