22 2147483725 
23 
24 
25 2147483725 
26 2147483725 
27 2147483725 
32 2147483725 
49 2147483651 2147483681 2147483682 2147483733 
50 
51 
52 2147483651 2147483681 2147483682 2147483733 
53 2147483651 2147483681 2147483682 2147483683 2147483684 2147483685 2147483686 2147483694 2147483695 2147483722 2147483724 2147483733 
54 2147483651 2147483681 2147483682 2147483733 
57 2147483651 2147483681 2147483682 2147483695 2147483724 2147483733 
127 2147483651 2147483681 2147483682 2147483733 
128 2147483651 2147483681 2147483682 2147483733 
129 2147483651 2147483681 2147483682 2147483733 
130 2147483651 2147483681 2147483682 2147483733 
131 
132 
133 
134 
263 2147483725 
264 2147483725 
265 2147483725 
266 2147483725 
267 
268 
269 
270 
2147483651 2147483654 2147483655 2147483656 2147483657 2147483658 2147483659 2147483660 2147483661 2147483663 2147483664 2147483671 2147483676 2147483681 2147483682 2147483700 2147483702 2147483709 2147483712 2147483722 2147483723 2147483724 2147483725 2147483733 2147483734 49 52 54 57 53 127 128 129 130 2147483654 2147483655 2147483656 2147483657 2147483658 2147483659 2147483660 2147483661 2147483663 2147483664 2147483671 2147483676 2147483681 2147483682 2147483700 2147483702 2147483709 2147483712 2147483722 2147483723 2147483724 2147483725 2147483733 2147483734 
2147483654 2147483651 2147483651 2147483655 2147483656 2147483657 2147483658 2147483659 2147483660 2147483661 2147483663 2147483664 2147483671 2147483676 2147483681 2147483682 2147483700 2147483702 2147483709 2147483712 2147483725 2147483733 2147483734 2147483655 2147483656 2147483657 2147483658 2147483659 2147483660 2147483661 2147483663 2147483664 2147483671 2147483676 2147483681 2147483682 2147483700 2147483702 2147483709 2147483712 2147483725 2147483733 2147483734 
2147483655 2147483651 2147483654 2147483651 2147483654 2147483656 2147483657 2147483658 2147483659 2147483660 2147483661 2147483676 2147483681 2147483682 2147483700 2147483702 2147483725 2147483733 2147483734 2147483656 2147483657 2147483658 2147483659 2147483660 2147483661 2147483676 2147483681 2147483682 2147483700 2147483702 2147483725 2147483733 2147483734 
2147483656 2147483651 2147483654 2147483655 2147483651 2147483654 2147483655 2147483657 2147483658 2147483659 2147483660 2147483661 2147483663 2147483664 2147483671 2147483681 2147483682 2147483700 2147483702 2147483712 2147483725 2147483733 2147483734 2147483657 2147483658 2147483659 2147483660 2147483661 2147483663 2147483664 2147483671 2147483681 2147483682 2147483700 2147483702 2147483712 2147483725 2147483733 2147483734 
2147483657 2147483651 2147483654 2147483655 2147483656 2147483651 2147483654 2147483655 2147483656 2147483658 2147483659 2147483660 2147483661 2147483663 2147483664 2147483671 2147483681 2147483682 2147483700 2147483702 2147483712 2147483725 2147483733 2147483734 2147483658 2147483659 2147483660 2147483661 2147483663 2147483664 2147483671 2147483681 2147483682 2147483700 2147483702 2147483712 2147483725 2147483733 2147483734 
2147483658 2147483651 2147483654 2147483655 2147483656 2147483657 2147483651 2147483654 2147483655 2147483656 2147483657 2147483659 2147483660 2147483661 2147483663 2147483664 2147483681 2147483682 2147483700 2147483702 2147483725 2147483733 2147483734 2147483659 2147483660 2147483661 2147483663 2147483664 2147483681 2147483682 2147483700 2147483702 2147483725 2147483733 2147483734 
2147483659 2147483651 2147483654 2147483655 2147483656 2147483657 2147483658 2147483651 2147483654 2147483655 2147483656 2147483657 2147483658 2147483660 2147483661 2147483663 2147483664 2147483671 2147483681 2147483682 2147483700 2147483702 2147483709 2147483725 2147483733 2147483734 2147483660 2147483661 2147483663 2147483664 2147483671 2147483681 2147483682 2147483700 2147483702 2147483709 2147483725 2147483733 2147483734 
2147483660 2147483651 2147483654 2147483655 2147483656 2147483657 2147483658 2147483659 2147483651 2147483654 2147483655 2147483656 2147483657 2147483658 2147483659 2147483661 2147483663 2147483664 2147483681 2147483682 2147483700 2147483702 2147483725 2147483733 2147483734 2147483661 2147483663 2147483664 2147483681 2147483682 2147483700 2147483702 2147483725 2147483733 2147483734 
2147483661 2147483651 2147483654 2147483655 2147483656 2147483657 2147483658 2147483659 2147483660 2147483651 2147483654 2147483655 2147483656 2147483657 2147483658 2147483659 2147483660 2147483663 2147483664 2147483671 2147483681 2147483682 2147483712 2147483725 2147483733 2147483734 2147483663 2147483664 2147483671 2147483681 2147483682 2147483712 2147483725 2147483733 2147483734 
2147483663 2147483651 2147483654 2147483656 2147483657 2147483658 2147483659 2147483660 2147483661 2147483651 2147483654 2147483656 2147483657 2147483658 2147483659 2147483660 2147483661 2147483664 2147483681 2147483682 2147483725 2147483733 2147483734 2147483664 2147483681 2147483682 2147483725 2147483733 2147483734 
2147483664 2147483651 2147483654 2147483656 2147483657 2147483658 2147483659 2147483660 2147483661 2147483663 2147483651 2147483654 2147483656 2147483657 2147483658 2147483659 2147483660 2147483661 2147483663 2147483681 2147483682 2147483725 2147483733 2147483734 2147483681 2147483682 2147483725 2147483733 2147483734 
2147483671 2147483651 2147483654 2147483656 2147483657 2147483659 2147483661 2147483651 2147483654 2147483656 2147483657 2147483659 2147483661 2147483681 2147483682 2147483725 2147483733 2147483734 2147483681 2147483682 2147483725 2147483733 2147483734 
2147483676 2147483651 2147483654 2147483655 2147483651 2147483654 2147483655 2147483681 2147483682 2147483725 2147483733 2147483734 2147483681 2147483682 2147483725 2147483733 2147483734 
2147483681 2147483651 2147483654 2147483655 2147483656 2147483657 2147483658 2147483659 2147483660 2147483661 2147483663 2147483664 2147483671 2147483676 2147483651 2147483654 2147483655 2147483656 2147483657 2147483658 2147483659 2147483660 2147483661 2147483663 2147483664 2147483671 2147483676 2147483682 2147483683 2147483684 2147483685 2147483686 2147483688 2147483691 2147483694 2147483695 2147483700 2147483702 2147483709 2147483712 2147483722 2147483723 2147483724 2147483725 2147483733 2147483734 53 49 52 54 57 127 128 129 130 2147483682 2147483683 2147483684 2147483685 2147483686 2147483688 2147483691 2147483694 2147483695 2147483700 2147483702 2147483709 2147483712 2147483722 2147483723 2147483724 2147483725 2147483733 2147483734 
2147483682 2147483651 2147483654 2147483655 2147483656 2147483657 2147483658 2147483659 2147483660 2147483661 2147483663 2147483664 2147483671 2147483676 2147483681 2147483651 2147483654 2147483655 2147483656 2147483657 2147483658 2147483659 2147483660 2147483661 2147483663 2147483664 2147483671 2147483676 2147483681 2147483683 2147483684 2147483685 2147483686 2147483688 2147483691 2147483694 2147483695 2147483700 2147483702 2147483709 2147483712 2147483725 2147483733 2147483734 57 53 49 52 54 127 128 129 130 2147483683 2147483684 2147483685 2147483686 2147483688 2147483691 2147483694 2147483695 2147483700 2147483702 2147483709 2147483712 2147483725 2147483733 2147483734 
2147483683 2147483681 2147483682 2147483681 2147483682 53 
2147483684 2147483681 2147483682 2147483681 2147483682 53 
2147483685 2147483681 2147483682 2147483681 2147483682 53 
2147483686 2147483681 2147483682 2147483681 2147483682 53 
2147483688 2147483681 2147483682 2147483681 2147483682 2147483725 2147483725 
2147483691 2147483681 2147483682 2147483681 2147483682 2147483694 2147483695 2147483725 2147483694 2147483695 2147483725 
2147483694 2147483681 2147483682 2147483691 2147483681 2147483682 2147483691 2147483695 2147483725 53 2147483695 2147483725 
2147483695 2147483681 2147483682 2147483691 2147483694 2147483681 2147483682 2147483691 2147483694 2147483725 57 53 2147483725 
2147483700 2147483651 2147483654 2147483655 2147483656 2147483657 2147483658 2147483659 2147483660 2147483681 2147483682 2147483651 2147483654 2147483655 2147483656 2147483657 2147483658 2147483659 2147483660 2147483681 2147483682 2147483702 2147483725 2147483733 2147483734 2147483702 2147483725 2147483733 2147483734 
2147483702 2147483651 2147483654 2147483655 2147483656 2147483657 2147483658 2147483659 2147483660 2147483681 2147483682 2147483700 2147483651 2147483654 2147483655 2147483656 2147483657 2147483658 2147483659 2147483660 2147483681 2147483682 2147483700 2147483725 2147483733 2147483734 2147483725 2147483733 2147483734 
2147483709 2147483651 2147483654 2147483659 2147483681 2147483682 2147483651 2147483654 2147483659 2147483681 2147483682 2147483725 2147483733 2147483734 2147483725 2147483733 2147483734 
2147483712 2147483651 2147483654 2147483656 2147483657 2147483661 2147483681 2147483682 2147483651 2147483654 2147483656 2147483657 2147483661 2147483681 2147483682 2147483725 2147483733 2147483734 2147483725 2147483733 2147483734 
2147483722 2147483651 2147483681 2147483651 2147483681 2147483723 2147483724 2147483725 2147483733 53 2147483723 2147483724 2147483725 2147483733 
2147483723 2147483651 2147483681 2147483722 2147483651 2147483681 2147483722 2147483724 2147483725 2147483733 2147483724 2147483725 2147483733 
2147483724 2147483651 2147483681 2147483722 2147483723 2147483651 2147483681 2147483722 2147483723 2147483725 2147483733 57 53 2147483725 2147483733 
2147483725 2147483651 2147483654 2147483655 2147483656 2147483657 2147483658 2147483659 2147483660 2147483661 2147483663 2147483664 2147483671 2147483676 2147483681 2147483682 2147483688 2147483691 2147483694 2147483695 2147483700 2147483702 2147483709 2147483712 2147483722 2147483723 2147483724 2147483651 2147483654 2147483655 2147483656 2147483657 2147483658 2147483659 2147483660 2147483661 2147483663 2147483664 2147483671 2147483676 2147483681 2147483682 2147483688 2147483691 2147483694 2147483695 2147483700 2147483702 2147483709 2147483712 2147483722 2147483723 2147483724 2147483733 2147483734 22 25 27 32 26 263 264 265 266 2147483733 2147483734 
2147483733 2147483651 2147483654 2147483655 2147483656 2147483657 2147483658 2147483659 2147483660 2147483661 2147483663 2147483664 2147483671 2147483676 2147483681 2147483682 2147483700 2147483702 2147483709 2147483712 2147483722 2147483723 2147483724 2147483725 2147483651 2147483654 2147483655 2147483656 2147483657 2147483658 2147483659 2147483660 2147483661 2147483663 2147483664 2147483671 2147483676 2147483681 2147483682 2147483700 2147483702 2147483709 2147483712 2147483722 2147483723 2147483724 2147483725 2147483734 49 52 54 57 53 127 128 129 130 2147483734 
2147483734 2147483651 2147483654 2147483655 2147483656 2147483657 2147483658 2147483659 2147483660 2147483661 2147483663 2147483664 2147483671 2147483676 2147483681 2147483682 2147483700 2147483702 2147483709 2147483712 2147483725 2147483733 2147483651 2147483654 2147483655 2147483656 2147483657 2147483658 2147483659 2147483660 2147483661 2147483663 2147483664 2147483671 2147483676 2147483681 2147483682 2147483700 2147483702 2147483709 2147483712 2147483725 2147483733 
