2 
3 
5 
6 
8 
9 
11 
13 
16 
18 
19 
21 
22 2147483707 2147483806 
23 
24 
25 2147483707 2147483806 
26 2147483707 2147483806 
27 2147483707 2147483806 
32 2147483707 2147483806 
49 2147483704 2147483705 2147483706 2147483754 2147483755 2147483756 2147483758 2147483768 2147483769 2147483812 
50 
51 
52 2147483704 2147483705 2147483706 2147483754 2147483755 2147483756 2147483758 2147483768 2147483769 2147483812 
53 2147483704 2147483705 2147483706 2147483712 2147483714 2147483724 2147483733 2147483745 2147483754 2147483755 2147483756 2147483758 2147483768 2147483769 2147483812 
54 2147483704 2147483705 2147483706 2147483754 2147483755 2147483756 2147483758 2147483768 2147483769 2147483812 
57 2147483704 2147483705 2147483706 2147483724 2147483733 2147483737 2147483754 2147483755 2147483756 2147483758 2147483768 2147483769 2147483812 
59 
61 
127 2147483704 2147483705 2147483706 2147483754 2147483755 2147483756 2147483758 2147483768 2147483769 2147483812 
128 2147483704 2147483705 2147483706 2147483754 2147483755 2147483756 2147483758 2147483768 2147483769 2147483812 
129 2147483704 2147483705 2147483706 2147483754 2147483755 2147483756 2147483758 2147483768 2147483769 2147483812 
130 2147483704 2147483705 2147483706 2147483754 2147483755 2147483756 2147483758 2147483768 2147483769 2147483812 
131 
132 
133 
134 
247 
248 
249 
250 
251 
252 
253 
254 
263 2147483707 2147483806 
264 2147483707 2147483806 
265 2147483707 2147483806 
266 2147483707 2147483806 
267 
268 
269 
270 
271 
272 
273 
274 
275 
276 
277 
278 
2147483704 2147483705 2147483706 2147483707 2147483712 2147483713 2147483714 2147483718 2147483719 2147483722 2147483723 2147483724 2147483727 2147483728 2147483731 2147483732 2147483733 2147483734 2147483737 2147483739 2147483743 2147483744 2147483745 2147483749 2147483750 2147483754 2147483755 2147483756 2147483758 2147483763 2147483767 2147483768 2147483769 2147483775 2147483784 2147483788 2147483799 2147483800 2147483806 2147483812 53 57 49 52 54 127 128 129 130 2147483705 2147483706 2147483707 2147483712 2147483713 2147483714 2147483718 2147483719 2147483722 2147483723 2147483724 2147483727 2147483728 2147483731 2147483732 2147483733 2147483734 2147483737 2147483739 2147483743 2147483744 2147483745 2147483749 2147483750 2147483754 2147483755 2147483756 2147483758 2147483763 2147483767 2147483768 2147483769 2147483775 2147483784 2147483788 2147483799 2147483800 2147483806 2147483812 
2147483705 2147483704 2147483704 2147483706 2147483707 2147483712 2147483713 2147483714 2147483719 2147483722 2147483723 2147483724 2147483728 2147483731 2147483732 2147483733 2147483734 2147483737 2147483739 2147483743 2147483744 2147483745 2147483750 2147483754 2147483755 2147483756 2147483758 2147483767 2147483768 2147483769 2147483806 57 53 49 52 54 127 128 129 130 2147483706 2147483707 2147483712 2147483713 2147483714 2147483719 2147483722 2147483723 2147483724 2147483728 2147483731 2147483732 2147483733 2147483734 2147483737 2147483739 2147483743 2147483744 2147483745 2147483750 2147483754 2147483755 2147483756 2147483758 2147483767 2147483768 2147483769 2147483806 
2147483706 2147483704 2147483705 2147483704 2147483705 2147483707 2147483712 2147483713 2147483714 2147483719 2147483722 2147483723 2147483724 2147483728 2147483731 2147483732 2147483733 2147483734 2147483737 2147483739 2147483743 2147483744 2147483745 2147483750 2147483754 2147483755 2147483756 2147483758 2147483767 2147483768 2147483769 2147483806 57 54 49 52 53 127 128 129 130 2147483707 2147483712 2147483713 2147483714 2147483719 2147483722 2147483723 2147483724 2147483728 2147483731 2147483732 2147483733 2147483734 2147483737 2147483739 2147483743 2147483744 2147483745 2147483750 2147483754 2147483755 2147483756 2147483758 2147483767 2147483768 2147483769 2147483806 
2147483707 2147483704 2147483705 2147483706 2147483704 2147483705 2147483706 2147483712 2147483713 2147483714 2147483719 2147483722 2147483723 2147483724 2147483728 2147483731 2147483732 2147483733 2147483734 2147483737 2147483739 2147483743 2147483744 2147483745 2147483750 2147483754 2147483755 2147483756 2147483758 2147483767 2147483768 2147483769 2147483806 25 22 27 32 26 263 264 265 266 2147483712 2147483713 2147483714 2147483719 2147483722 2147483723 2147483724 2147483728 2147483731 2147483732 2147483733 2147483734 2147483737 2147483739 2147483743 2147483744 2147483745 2147483750 2147483754 2147483755 2147483756 2147483758 2147483767 2147483768 2147483769 2147483806 
2147483712 2147483704 2147483705 2147483706 2147483707 2147483704 2147483705 2147483706 2147483707 2147483713 53 2147483713 
2147483713 2147483704 2147483705 2147483706 2147483707 2147483712 2147483704 2147483705 2147483706 2147483707 2147483712 
2147483714 2147483704 2147483705 2147483706 2147483707 2147483704 2147483705 2147483706 2147483707 53 
2147483718 2147483704 2147483704 2147483812 2147483812 
2147483719 2147483704 2147483705 2147483706 2147483707 2147483704 2147483705 2147483706 2147483707 
2147483722 2147483704 2147483705 2147483706 2147483707 2147483704 2147483705 2147483706 2147483707 
2147483723 2147483704 2147483705 2147483706 2147483707 2147483704 2147483705 2147483706 2147483707 2147483724 2147483724 
2147483724 2147483704 2147483705 2147483706 2147483707 2147483723 2147483704 2147483705 2147483706 2147483707 2147483723 57 53 
2147483727 2147483704 2147483704 2147483812 2147483812 
2147483728 2147483704 2147483705 2147483706 2147483707 2147483704 2147483705 2147483706 2147483707 
2147483731 2147483704 2147483705 2147483706 2147483707 2147483704 2147483705 2147483706 2147483707 
2147483732 2147483704 2147483705 2147483706 2147483707 2147483704 2147483705 2147483706 2147483707 2147483733 2147483733 
2147483733 2147483704 2147483705 2147483706 2147483707 2147483732 2147483704 2147483705 2147483706 2147483707 2147483732 57 53 
2147483734 2147483704 2147483705 2147483706 2147483707 2147483704 2147483705 2147483706 2147483707 
2147483737 2147483704 2147483705 2147483706 2147483707 2147483704 2147483705 2147483706 2147483707 57 
2147483739 2147483704 2147483705 2147483706 2147483707 2147483704 2147483705 2147483706 2147483707 
2147483743 2147483704 2147483705 2147483706 2147483707 2147483704 2147483705 2147483706 2147483707 2147483806 2147483806 
2147483744 2147483704 2147483705 2147483706 2147483707 2147483704 2147483705 2147483706 2147483707 2147483745 2147483806 2147483745 2147483806 
2147483745 2147483704 2147483705 2147483706 2147483707 2147483744 2147483704 2147483705 2147483706 2147483707 2147483744 2147483806 53 2147483806 
2147483749 2147483704 2147483704 2147483812 2147483812 
2147483750 2147483704 2147483705 2147483706 2147483707 2147483704 2147483705 2147483706 2147483707 2147483806 2147483806 
2147483754 2147483704 2147483705 2147483706 2147483707 2147483704 2147483705 2147483706 2147483707 2147483755 2147483756 2147483758 2147483767 2147483768 2147483769 2147483806 53 57 49 52 54 127 128 129 130 2147483755 2147483756 2147483758 2147483767 2147483768 2147483769 2147483806 
2147483755 2147483704 2147483705 2147483706 2147483707 2147483754 2147483704 2147483705 2147483706 2147483707 2147483754 2147483756 2147483758 2147483767 2147483768 2147483769 2147483806 57 53 49 52 54 127 128 129 130 2147483756 2147483758 2147483767 2147483768 2147483769 2147483806 
2147483756 2147483704 2147483705 2147483706 2147483707 2147483754 2147483755 2147483704 2147483705 2147483706 2147483707 2147483754 2147483755 2147483758 2147483767 2147483768 2147483769 2147483806 53 54 49 52 57 127 128 129 130 2147483758 2147483767 2147483768 2147483769 2147483806 
2147483758 2147483704 2147483705 2147483706 2147483707 2147483754 2147483755 2147483756 2147483704 2147483705 2147483706 2147483707 2147483754 2147483755 2147483756 2147483767 2147483768 2147483769 2147483806 53 54 49 52 57 127 128 129 130 2147483767 2147483768 2147483769 2147483806 
2147483763 2147483704 2147483704 2147483812 2147483812 
2147483767 2147483704 2147483705 2147483706 2147483707 2147483754 2147483755 2147483756 2147483758 2147483704 2147483705 2147483706 2147483707 2147483754 2147483755 2147483756 2147483758 2147483768 2147483769 2147483806 2147483768 2147483769 2147483806 
2147483768 2147483704 2147483705 2147483706 2147483707 2147483754 2147483755 2147483756 2147483758 2147483767 2147483704 2147483705 2147483706 2147483707 2147483754 2147483755 2147483756 2147483758 2147483767 2147483769 2147483806 53 52 49 54 57 127 128 129 130 2147483769 2147483806 
2147483769 2147483704 2147483705 2147483706 2147483707 2147483754 2147483755 2147483756 2147483758 2147483767 2147483768 2147483704 2147483705 2147483706 2147483707 2147483754 2147483755 2147483756 2147483758 2147483767 2147483768 2147483806 53 49 52 54 57 127 128 129 130 2147483806 
2147483775 2147483704 2147483704 2147483812 2147483812 
2147483784 2147483704 2147483704 2147483812 2147483812 
2147483788 2147483704 2147483704 2147483812 2147483812 
2147483799 2147483704 2147483704 2147483812 2147483812 
2147483800 2147483704 2147483704 
2147483803 
2147483806 2147483704 2147483705 2147483706 2147483707 2147483743 2147483744 2147483745 2147483750 2147483754 2147483755 2147483756 2147483758 2147483767 2147483768 2147483769 2147483704 2147483705 2147483706 2147483707 2147483743 2147483744 2147483745 2147483750 2147483754 2147483755 2147483756 2147483758 2147483767 2147483768 2147483769 22 25 27 32 26 263 264 265 266 
2147483812 2147483704 2147483718 2147483727 2147483749 2147483763 2147483775 2147483784 2147483788 2147483799 2147483704 2147483718 2147483727 2147483749 2147483763 2147483775 2147483784 2147483788 2147483799 53 49 52 54 57 127 128 129 130 
