2,1,2,-1,0,1,0,0,0,
5,1,5,-1,0,1,0,0,0,
8,1,8,-1,0,1,0,0,0,
11,1,11,-1,0,1,0,0,0,
18,1,18,-1,0,1,0,0,0,
19,1,19,-1,0,1,0,0,0,
22,1,22,-1,0,1,0,0,0,
23,1,23,-1,0,1,0,0,0,
24,1,24,-1,0,1,0,0,0,
25,1,25,-1,0,1,0,0,0,
26,1,26,-1,0,1,0,0,0,
27,1,27,-1,0,1,0,0,0,
32,1,32,-1,0,1,0,0,0,
49,1,49,-1,0,1,0,0,0,
50,1,50,-1,0,1,0,0,0,
51,1,51,-1,0,1,0,0,0,
52,1,52,-1,0,1,0,0,0,
53,1,53,-1,0,1,0,0,0,
54,1,54,-1,0,1,0,0,0,
57,1,57,-1,0,1,0,0,128,
61,1,61,-1,0,1,0,0,0,
127,1,127,-1,0,1,0,0,0,
128,1,128,-1,0,1,0,0,0,
129,1,129,-1,0,1,0,0,0,
130,1,130,-1,0,1,0,0,0,
131,1,131,-1,0,1,0,0,0,
132,1,132,-1,0,1,0,0,0,
133,1,133,-1,0,1,0,0,0,
134,1,134,-1,0,1,0,0,0,
151,1,151,-1,0,1,0,0,0,
152,1,152,-1,0,1,0,0,0,
153,1,153,-1,0,1,0,0,0,
154,1,154,-1,0,1,0,0,0,
155,1,155,-1,0,1,0,0,0,
156,1,156,-1,0,1,0,0,0,
157,1,157,-1,0,1,0,0,0,
158,1,158,-1,0,1,0,0,0,
159,1,159,-1,0,1,0,0,0,
160,1,160,-1,0,1,0,0,0,
161,1,161,-1,0,1,0,0,0,
162,1,162,-1,0,1,0,0,0,
163,1,163,-1,0,1,0,0,0,
164,1,164,-1,0,1,0,0,0,
165,1,165,-1,0,1,0,0,0,
166,1,166,-1,0,1,0,0,0,
247,1,247,-1,0,1,0,0,0,
248,1,248,-1,0,1,0,0,0,
249,1,249,-1,0,1,0,0,0,
250,1,250,-1,0,1,0,0,0,
251,1,251,-1,0,1,0,0,0,
252,1,252,-1,0,1,0,0,0,
253,1,253,-1,0,1,0,0,0,
254,1,254,-1,0,1,0,0,0,
263,1,263,-1,0,1,0,0,0,
264,1,264,-1,0,1,0,0,0,
265,1,265,-1,0,1,0,0,0,
266,1,266,-1,0,1,0,0,0,
267,1,267,-1,0,1,0,0,0,
268,1,268,-1,0,1,0,0,0,
269,1,269,-1,0,1,0,0,255,
270,1,270,-1,0,1,0,0,255,
2147483648,0,0,0.00630516,2,0,1,0,0,51 133 134 131 132 50
2147483650,0,0,0.006034,1,0,1,0,0,53 49 52 54 57 127 128 129 130 51 133 134 131 132 50
2147483672,0,0,0.00102742,1,0,1,0,0,49 52 54 57 53 127 128 129 130 51 133 134 131 132 50
2147483682,0,0,0.000500868,1,0,1,0,0,49 52 54 57 53 127 128 129 130 51 133 134 131 132 50
2147483687,0,0,0.00139596,1,0,1,0,0,49 52 54 57 53 127 128 129 130 51 133 134 131 132 50
2147483688,0,0,0.000488981,2,0,1,0,0,51 133 134 131 132 50
2147483689,0,0,0.000846451,2,0,1,0,0,51 133 134 131 132 50
2147483706,0,0,4.21799e-13,3,0,1,0,0,51 133 134 131 132 50
2147483714,0,0,8.78746e-14,3,0,1,0,0,51 133 134 131 132 50
2147483721,0,0,0.000174848,2,0,1,0,0,51 133 134 131 132 50
2147483722,0,0,0.000306099,2,0,1,0,0,51 133 134 131 132 50
2147483730,0,0,0.00267379,6,0,1,0,0,51 133 134 131 132 50
2147483741,0,0,0.00123155,10,0,1,0,0,51 133 134 131 132 50
2147483742,0,0,0.002525,1,0,1,0,0,51 133 134 131 132 50
2147483743,0,0,0.000385632,2,0,1,0,0,51 133 134 131 132 50
2147483745,0,0,0.000205012,8,0,1,0,0,24 23 269 270 267 268
2147483746,0,0,0.00020423,8,0,1,0,0,24 23 269 270 267 268
2147483747,0,0,0.00118625,1,0,1,0,0,264 22 265 266 24 23 269 270 267 268
2147483748,0,0,0.000326044,6,0,1,0,0,51 133 134 131 132 50
2147483751,0,0,0.00673333,1,0,1,0,0,53 49 52 54 127 128 129 130 51 133 134 131 132 50
2147483752,0,0,0.00027416,4,0,1,0,0,51 133 134 131 132 50
2147483753,0,0,0.00158898,1,0,0,0,1,
2147483754,0,0,0.00416667,1,0,1,0,0,49 52 54 127 128 129 130 51 133 134 131 132 50
2147483756,0,0,0.00701389,1,0,1,0,0,49 52 54 57 53 127 128 129 130 51 133 134 131 132 50
2147483757,0,0,0.00225446,1,0,1,0,0,57 49 52 54 127 128 129 130 51 133 134 131 132 50
2147483758,0,0,0.00225446,1,0,1,0,0,54 49 52 127 128 129 130 51 133 134 131 132 50
2147483762,0,0,inf,1,0,1,0,0,49 52 54 57 53 127 128 129 130 51 133 134 131 132 50
2147483763,0,0,0.0069178,1,0,1,0,0,53 49 52 54 127 128 129 130 51 133 134 131 132 50
2147483766,0,0,0.00403225,1,0,1,0,0,49 52 54 127 128 129 130 51 133 134 131 132 50
2147483770,0,0,0.0024414,1,0,1,0,0,49 52 127 128 129 130 51 133 134 131 132 50
2147483772,0,0,0.00140904,1,0,1,0,0,54 49 52 127 128 129 130 51 133 134 131 132 50
2147483773,0,0,0.0027209,1,0,1,0,0,2 11 19 61 18 247 248 249 250 5 8 253 254 251 252
2147483775,0,0,0.0380702,3,0,1,0,0,51 133 134 131 132 50
2147483780,0,0,inf,1,0,1,0,0,53 49 52 54 57 127 128 129 130 51 133 134 131 132 50
2147483784,0,0,0.0013699,2,0,1,0,0,54 49 52 127 128 129 130 51 133 134 131 132 50
2147483787,0,0,0.044482,3,0,1,0,0,51 133 134 131 132 50
2147483792,0,0,inf,1,0,1,0,0,53 49 52 54 57 127 128 129 130 51 133 134 131 132 50
2147483796,0,0,0.00102034,1,0,1,0,0,53 49 52 54 57 127 128 129 130 51 133 134 131 132 50
2147483797,0,0,0.00179332,2,0,1,0,0,54 49 52 127 128 129 130 51 133 134 131 132 50
2147483801,0,0,0.00057079,1,0,1,0,0,57 49 52 54 127 128 129 130 51 133 134 131 132 50
2147483805,0,0,0.00378023,1,0,1,0,0,49 52 54 57 53 127 128 129 130 51 133 134 131 132 50
2147483807,0,0,inf,1,0,1,0,0,49 52 54 57 53 127 128 129 130 51 133 134 131 132 50
2147483808,0,0,0.00252015,1,0,1,0,0,49 52 54 127 128 129 130 51 133 134 131 132 50
2147483810,0,0,0.00146122,1,0,1,0,0,57 49 52 54 127 128 129 130 51 133 134 131 132 50
2147483818,0,0,0.00027826,1,0,1,0,0,57 49 52 54 127 128 129 130 51 133 134 131 132 50
2147483822,0,0,0.00128222,1,0,1,0,0,57 49 52 54 127 128 129 130 51 133 134 131 132 50
2147483823,0,0,inf,1,0,1,0,0,53 49 52 54 57 127 128 129 130 51 133 134 131 132 50
2147483824,0,0,0.00169706,1,0,1,0,0,54 49 52 127 128 129 130 51 133 134 131 132 50
2147483826,0,0,inf,1,0,1,0,0,49 52 54 57 53 127 128 129 130 51 133 134 131 132 50
2147483827,0,0,0.000994826,1,0,1,0,0,52 53 49 127 128 129 130 51 133 134 131 132 50
2147483828,0,0,0.00132643,1,0,1,0,0,2 11 19 61 18 247 248 249 250 5 8 253 254 251 252
2147483829,0,0,inf,1,0,1,0,0,53 49 52 54 57 127 128 129 130 51 133 134 131 132 50
2147483830,0,0,0.000663217,1,0,1,0,0,2 11 19 61 18 247 248 249 250 5 8 253 254 251 252
2147483831,0,0,inf,1,0,1,0,0,53 49 52 54 57 127 128 129 130 51 133 134 131 132 50
2147483832,0,0,0.000207255,1,0,1,0,0,2 11 19 61 18 247 248 249 250 5 8 253 254 251 252
2147483835,0,0,8.48123e-14,1,0,1,0,0,52 49 127 128 129 130 51 133 134 131 132 50
2147483843,0,0,1.90111e-21,1,0,1,0,0,49 53 52 54 57 127 128 129 130 51 133 134 131 132 50
2147483849,0,0,0.000310214,1,0,1,0,0,54 49 52 127 128 129 130 51 133 134 131 132 50
2147483850,0,0,0.000178086,1,0,1,0,0,57 49 52 54 127 128 129 130 51 133 134 131 132 50
2147483855,0,0,4.071e-13,1,0,1,0,0,52 49 127 128 129 130 51 133 134 131 132 50
2147483863,0,0,1.90111e-21,1,0,1,0,0,49 53 52 54 57 127 128 129 130 51 133 134 131 132 50
2147483869,0,0,0.00153866,1,0,1,0,0,53 49 52 54 127 128 129 130 51 133 134 131 132 50
2147483871,0,0,inf,1,0,0,0,1,151 152 153 154 155 156 157 158 159 160 161 162 163 164 165 166
2147483872,0,0,0.000921429,1,0,1,0,0,49 52 54 127 128 129 130 51 133 134 131 132 50
2147483876,0,0,0.00135234,1,0,1,0,0,53 49 52 54 57 127 128 129 130 51 133 134 131 132 50
2147483878,0,0,inf,1,0,1,0,0,49 52 54 57 53 127 128 129 130 51 133 134 131 132 50
2147483879,0,0,0.000534257,1,0,1,0,0,57 49 52 54 127 128 129 130 51 133 134 131 132 50
2147483884,0,0,0.00127279,1,0,1,0,0,54 49 52 127 128 129 130 51 133 134 131 132 50
2147483886,0,0,inf,1,0,1,0,0,49 52 54 57 53 127 128 129 130 51 133 134 131 132 50
2147483887,0,0,0.00093064,1,0,1,0,0,52 49 127 128 129 130 51 133 134 131 132 50
2147483890,0,0,4.12701e-09,1,0,1,0,247,53 49 52 54 57 127 128 129 130 51 133 134 131 132 50
2147483891,0,0,2.75134e-09,1,0,1,0,0,57 49 52 54 127 128 129 130 51 133 134 131 132 50
2147483892,0,0,2.7241e-09,1,0,1,0,0,49 52 54 127 128 129 130 51 133 134 131 132 50
2147483894,0,0,0.00144249,1,0,1,0,0,53 49 52 54 57 127 128 129 130 51 133 134 131 132 50
2147483895,0,0,0.000961661,1,0,1,0,0,57 49 52 54 127 128 129 130 51 133 134 131 132 50
2147483896,0,0,0.000952139,1,0,1,0,63,49 52 54 127 128 129 130 51 133 134 131 132 50
2147483900,0,0,inf,1,0,1,0,63,53 49 52 54 57 127 128 129 130 51 133 134 131 132 50
2147483901,0,0,inf,1,0,1,0,63,53 49 52 54 57 127 128 129 130 51 133 134 131 132 50
2147483904,0,0,inf,1,0,1,0,63,22 25 27 32 26 263 264 265 266 24 23 269 270 267 268
2147483910,0,0,1.42909e-09,1,0,1,0,0,49 52 54 57 127 128 129 130 51 133 134 131 132 50
2147483912,0,0,2.96923e-08,1,0,1,0,0,53 49 52 54 57 127 128 129 130 51 133 134 131 132 50
2147483913,0,0,1.97949e-08,1,0,1,0,0,57 49 52 54 127 128 129 130 51 133 134 131 132 50
2147483914,0,0,1.95989e-08,1,0,1,0,0,49 52 54 127 128 129 130 51 133 134 131 132 50
2147483919,0,0,inf,1,0,1,0,0,22 25 27 32 26 263 264 265 266 24 23 269 270 267 268
2147483920,0,0,0.00631246,1,0,1,0,0,53 49 52 54 57 127 128 129 130 51 133 134 131 132 50
2147483921,0,0,0.0042083,1,0,1,0,0,57 49 52 54 127 128 129 130 51 133 134 131 132 50
2147483922,0,0,0.00416664,1,0,1,0,0,49 52 54 127 128 129 130 51 133 134 131 132 50
2147483926,0,0,4.77524e-08,1,0,1,0,0,53 49 52 54 57 127 128 129 130 51 133 134 131 132 50
2147483927,0,0,3.1835e-08,1,0,1,0,0,57 49 52 54 127 128 129 130 51 133 134 131 132 50
2147483928,0,0,3.15198e-08,1,0,1,0,0,49 52 54 127 128 129 130 51 133 134 131 132 50
2147483930,0,0,6.80516e-14,1,0,1,0,0,49 53 52 54 57 127 128 129 130 51 133 134 131 132 50
2147483932,0,0,0.00653012,1,0,1,0,0,53 49 52 54 57 127 128 129 130 51 133 134 131 132 50
2147483933,0,0,0.00435341,1,0,1,0,0,57 49 52 54 127 128 129 130 51 133 134 131 132 50
2147483934,0,0,0.00431031,1,0,1,0,0,49 52 54 127 128 129 130 51 133 134 131 132 50
2147483936,0,0,0.00172535,5,0,1,0,255,53 49 52 54 57 127 128 129 130 51 133 134 131 132 50
2147483938,0,0,0.00298507,4,0,1,0,0,49 52 54 57 53 127 128 129 130 51 133 134 131 132 50
2147483939,0,0,0.000734716,3,0,1,0,0,49 52 54 57 53 127 128 129 130 51 133 134 131 132 50
2147483940,0,0,0.00350802,3,0,1,0,0,53 49 52 54 57 127 128 129 130 51 133 134 131 132 50
2147483941,0,0,0.00180016,3,0,1,0,0,49 52 54 57 53 127 128 129 130 51 133 134 131 132 50
2147483942,0,0,0.000411265,3,0,1,0,0,51 133 134 131 132 50
2147483947,0,0,4.50495e-09,26,0,1,0,0,51 133 134 131 132 50
2147483950,0,0,0.00311319,5,0,1,0,0,51 133 134 131 132 50
2147483954,0,0,0.0028097,1,0,1,0,0,49 52 54 57 53 127 128 129 130 51 133 134 131 132 50
