2 
5 
8 
11 
18 
19 
22 2147483719 
23 
24 
25 2147483719 
26 2147483706 2147483719 
27 2147483719 
32 2147483706 2147483719 
49 2147483648 2147483649 2147483660 2147483661 2147483679 2147483680 2147483681 2147483717 2147483720 2147483721 
50 
51 
52 2147483648 2147483649 2147483660 2147483661 2147483679 2147483680 2147483681 2147483717 2147483720 2147483721 
53 2147483648 2147483649 2147483660 2147483661 2147483679 2147483680 2147483681 2147483684 2147483693 2147483698 2147483701 2147483705 2147483712 2147483716 2147483717 2147483720 2147483721 
54 2147483648 2147483649 2147483660 2147483661 2147483679 2147483680 2147483681 2147483717 2147483720 2147483721 
57 2147483648 2147483649 2147483660 2147483661 2147483679 2147483680 2147483681 2147483693 2147483717 2147483720 2147483721 
61 
127 2147483648 2147483649 2147483660 2147483661 2147483679 2147483680 2147483681 2147483717 2147483720 2147483721 
128 2147483648 2147483649 2147483660 2147483661 2147483679 2147483680 2147483681 2147483717 2147483720 2147483721 
129 2147483648 2147483649 2147483660 2147483661 2147483679 2147483680 2147483681 2147483717 2147483720 2147483721 
130 2147483648 2147483649 2147483660 2147483661 2147483679 2147483680 2147483681 2147483717 2147483720 2147483721 
131 
132 
133 
134 
247 
248 
249 
250 
251 
252 
253 
254 
263 2147483719 
264 2147483719 
265 2147483719 
266 2147483719 
267 
268 
269 
270 
2147483648 2147483649 2147483679 2147483680 2147483681 2147483684 2147483721 57 49 52 54 53 127 128 129 130 2147483649 2147483679 2147483680 2147483681 2147483684 2147483721 
2147483649 2147483648 2147483648 2147483679 2147483680 2147483681 2147483684 2147483721 53 49 52 54 57 127 128 129 130 2147483679 2147483680 2147483681 2147483684 2147483721 
2147483651 2147483652 2147483679 2147483680 2147483692 2147483693 2147483717 2147483652 2147483679 2147483680 2147483692 2147483693 2147483717 
2147483652 2147483651 2147483651 2147483679 2147483680 2147483679 2147483680 
2147483660 2147483661 2147483679 2147483698 2147483701 2147483719 2147483721 57 49 52 54 53 127 128 129 130 2147483661 2147483679 2147483698 2147483701 2147483719 2147483721 
2147483661 2147483660 2147483660 2147483674 2147483679 2147483698 2147483701 2147483704 2147483705 2147483706 2147483708 2147483709 2147483712 2147483716 2147483719 2147483721 53 49 52 54 57 127 128 129 130 2147483674 2147483679 2147483698 2147483701 2147483704 2147483705 2147483706 2147483708 2147483709 2147483712 2147483716 2147483719 2147483721 
2147483674 2147483661 2147483661 2147483679 2147483679 
2147483679 2147483648 2147483649 2147483651 2147483652 2147483660 2147483661 2147483674 2147483648 2147483649 2147483651 2147483652 2147483660 2147483661 2147483674 2147483680 2147483681 2147483684 2147483692 2147483693 2147483698 2147483701 2147483704 2147483705 2147483706 2147483708 2147483709 2147483717 2147483719 2147483720 53 49 52 54 57 127 128 129 130 2147483680 2147483681 2147483684 2147483692 2147483693 2147483698 2147483701 2147483704 2147483705 2147483706 2147483708 2147483709 2147483717 2147483719 2147483720 
2147483680 2147483648 2147483649 2147483651 2147483652 2147483679 2147483648 2147483649 2147483651 2147483652 2147483679 2147483681 2147483684 2147483692 2147483693 2147483717 2147483719 2147483720 57 49 52 54 53 127 128 129 130 2147483681 2147483684 2147483692 2147483693 2147483717 2147483719 2147483720 
2147483681 2147483648 2147483649 2147483679 2147483680 2147483648 2147483649 2147483679 2147483680 2147483684 54 57 49 52 53 127 128 129 130 2147483684 
2147483684 2147483648 2147483649 2147483679 2147483680 2147483681 2147483648 2147483649 2147483679 2147483680 2147483681 53 
2147483692 2147483651 2147483679 2147483680 2147483651 2147483679 2147483680 2147483717 2147483717 
2147483693 2147483651 2147483679 2147483680 2147483651 2147483679 2147483680 2147483717 57 53 2147483717 
2147483698 2147483660 2147483661 2147483679 2147483660 2147483661 2147483679 53 
2147483701 2147483660 2147483661 2147483679 2147483660 2147483661 2147483679 53 
2147483704 2147483661 2147483679 2147483661 2147483679 
2147483705 2147483661 2147483679 2147483661 2147483679 2147483706 53 2147483706 
2147483706 2147483661 2147483679 2147483705 2147483661 2147483679 2147483705 32 26 
2147483708 2147483661 2147483679 2147483661 2147483679 
2147483709 2147483661 2147483679 2147483661 2147483679 
2147483712 2147483661 2147483661 2147483721 53 2147483721 
2147483714 
2147483716 2147483661 2147483661 53 
2147483717 2147483651 2147483679 2147483680 2147483692 2147483693 2147483651 2147483679 2147483680 2147483692 2147483693 2147483720 54 57 49 52 53 127 128 129 130 2147483720 
2147483719 2147483660 2147483661 2147483679 2147483680 2147483660 2147483661 2147483679 2147483680 2147483720 22 25 27 32 26 263 264 265 266 2147483720 
2147483720 2147483679 2147483680 2147483717 2147483719 2147483679 2147483680 2147483717 2147483719 49 53 52 54 57 127 128 129 130 
2147483721 2147483648 2147483649 2147483660 2147483661 2147483712 2147483648 2147483649 2147483660 2147483661 2147483712 49 53 52 54 57 127 128 129 130 
