22 
23 
24 
25 
26 2147483660 
27 
32 
49 2147483648 2147483649 2147483653 2147483654 2147483689 
50 
51 
52 2147483648 2147483649 2147483653 2147483654 2147483670 2147483680 2147483689 
53 2147483648 2147483649 2147483653 2147483654 2147483670 2147483680 2147483689 
54 2147483648 2147483649 2147483653 2147483654 2147483670 2147483680 2147483689 
57 2147483648 2147483649 2147483653 2147483654 2147483670 2147483680 2147483689 
127 2147483648 2147483649 2147483653 2147483654 2147483689 
128 2147483648 2147483649 2147483653 2147483654 2147483689 
129 2147483648 2147483649 2147483653 2147483654 2147483689 
130 2147483648 2147483649 2147483653 2147483654 2147483689 
131 
132 
133 
134 
263 
264 
265 
266 
267 
268 
269 
270 
2147483648 2147483649 2147483659 2147483660 49 52 54 57 53 127 128 129 130 2147483649 2147483659 2147483660 
2147483649 2147483648 2147483648 2147483680 2147483689 53 49 52 54 57 127 128 129 130 2147483680 2147483689 
2147483651 2147483653 2147483659 2147483660 2147483663 2147483667 2147483688 2147483653 2147483659 2147483660 2147483663 2147483667 2147483688 
2147483653 2147483651 2147483651 2147483654 2147483660 49 52 54 57 53 127 128 129 130 2147483654 2147483660 
2147483654 2147483653 2147483653 2147483670 2147483689 53 49 52 54 57 127 128 129 130 2147483670 2147483689 
2147483659 2147483648 2147483651 2147483648 2147483651 2147483660 2147483663 2147483688 2147483660 2147483663 2147483688 
2147483660 2147483648 2147483651 2147483653 2147483659 2147483648 2147483651 2147483653 2147483659 2147483663 2147483688 26 2147483663 2147483688 
2147483663 2147483651 2147483659 2147483660 2147483651 2147483659 2147483660 
2147483667 2147483651 2147483651 
2147483670 2147483654 2147483654 52 54 57 53 
2147483680 2147483649 2147483649 52 54 57 53 
2147483688 2147483651 2147483659 2147483660 2147483651 2147483659 2147483660 
2147483689 2147483649 2147483654 2147483649 2147483654 49 53 52 54 57 127 128 129 130 
