22 
23 
24 
25 
26 2147483757 
27 
32 2147483757 
49 2147483649 2147483651 2147483653 2147483677 2147483701 2147483729 2147483734 2147483735 2147483736 2147483771 2147483817 2147483863 2147483910 2147483917 2147483924 2147483925 2147483926 
50 
51 
52 2147483649 2147483651 2147483653 2147483677 2147483701 2147483729 2147483734 2147483735 2147483736 2147483744 2147483771 2147483817 2147483863 2147483910 2147483917 2147483924 2147483925 2147483926 
53 2147483648 2147483649 2147483651 2147483653 2147483677 2147483701 2147483729 2147483734 2147483735 2147483736 2147483744 2147483755 2147483758 2147483761 2147483771 2147483772 2147483773 2147483804 2147483807 2147483809 2147483817 2147483818 2147483819 2147483850 2147483853 2147483855 2147483863 2147483864 2147483865 2147483896 2147483899 2147483901 2147483910 2147483917 2147483924 2147483925 2147483926 
54 2147483649 2147483651 2147483653 2147483677 2147483701 2147483729 2147483734 2147483735 2147483736 2147483744 2147483755 2147483758 2147483771 2147483817 2147483863 2147483910 2147483917 2147483924 2147483925 2147483926 
57 2147483648 2147483649 2147483651 2147483653 2147483677 2147483701 2147483729 2147483734 2147483735 2147483736 2147483744 2147483755 2147483758 2147483771 2147483773 2147483804 2147483809 2147483817 2147483819 2147483850 2147483855 2147483863 2147483865 2147483896 2147483901 2147483910 2147483917 2147483924 2147483925 2147483926 
127 2147483649 2147483651 2147483653 2147483677 2147483701 2147483729 2147483734 2147483735 2147483736 2147483771 2147483817 2147483863 2147483910 2147483917 2147483924 2147483925 2147483926 
128 2147483649 2147483651 2147483653 2147483677 2147483701 2147483729 2147483734 2147483735 2147483736 2147483771 2147483817 2147483863 2147483910 2147483917 2147483924 2147483925 2147483926 
129 2147483649 2147483651 2147483653 2147483677 2147483701 2147483729 2147483734 2147483735 2147483736 2147483771 2147483817 2147483863 2147483910 2147483917 2147483924 2147483925 2147483926 
130 2147483649 2147483651 2147483653 2147483677 2147483701 2147483729 2147483734 2147483735 2147483736 2147483771 2147483817 2147483863 2147483910 2147483917 2147483924 2147483925 2147483926 
131 
132 
133 
134 
263 
264 
265 
266 
267 
268 
269 
270 
2147483648 2147483649 2147483650 2147483734 2147483735 2147483736 2147483753 2147483754 2147483755 2147483925 57 53 2147483649 2147483650 2147483734 2147483735 2147483736 2147483753 2147483754 2147483755 2147483925 
2147483649 2147483648 2147483648 2147483650 2147483729 2147483734 2147483735 2147483736 49 52 54 57 53 127 128 129 130 2147483650 2147483729 2147483734 2147483735 2147483736 
2147483650 2147483648 2147483649 2147483648 2147483649 2147483734 2147483735 2147483736 2147483734 2147483735 2147483736 
2147483651 2147483734 2147483735 2147483736 2147483761 2147483925 2147483926 57 49 52 54 53 127 128 129 130 2147483734 2147483735 2147483736 2147483761 2147483925 2147483926 
2147483653 2147483656 2147483663 2147483734 2147483735 2147483736 2147483770 2147483771 2147483772 2147483773 2147483777 2147483786 2147483787 2147483788 2147483789 2147483790 2147483791 2147483792 2147483793 2147483795 2147483796 2147483800 2147483803 2147483804 2147483807 2147483808 2147483809 2147483811 2147483904 2147483906 2147483908 2147483910 2147483925 2147483927 49 52 54 57 53 127 128 129 130 2147483656 2147483663 2147483734 2147483735 2147483736 2147483770 2147483771 2147483772 2147483773 2147483777 2147483786 2147483787 2147483788 2147483789 2147483790 2147483791 2147483792 2147483793 2147483795 2147483796 2147483800 2147483803 2147483804 2147483807 2147483808 2147483809 2147483811 2147483904 2147483906 2147483908 2147483910 2147483925 2147483927 
2147483656 2147483653 2147483653 2147483734 2147483735 2147483736 2147483771 2147483908 2147483925 2147483927 2147483734 2147483735 2147483736 2147483771 2147483908 2147483925 2147483927 
2147483663 2147483653 2147483653 2147483734 2147483735 2147483736 2147483771 2147483786 2147483787 2147483788 2147483789 2147483790 2147483791 2147483792 2147483793 2147483803 2147483904 2147483906 2147483910 2147483925 2147483734 2147483735 2147483736 2147483771 2147483786 2147483787 2147483788 2147483789 2147483790 2147483791 2147483792 2147483793 2147483803 2147483904 2147483906 2147483910 2147483925 
2147483677 2147483680 2147483687 2147483734 2147483735 2147483736 2147483816 2147483817 2147483818 2147483819 2147483823 2147483832 2147483833 2147483834 2147483835 2147483836 2147483837 2147483838 2147483839 2147483841 2147483842 2147483846 2147483849 2147483850 2147483853 2147483854 2147483855 2147483857 2147483911 2147483913 2147483915 2147483917 2147483925 2147483929 49 52 54 57 53 127 128 129 130 2147483680 2147483687 2147483734 2147483735 2147483736 2147483816 2147483817 2147483818 2147483819 2147483823 2147483832 2147483833 2147483834 2147483835 2147483836 2147483837 2147483838 2147483839 2147483841 2147483842 2147483846 2147483849 2147483850 2147483853 2147483854 2147483855 2147483857 2147483911 2147483913 2147483915 2147483917 2147483925 2147483929 
2147483680 2147483677 2147483677 2147483734 2147483735 2147483736 2147483817 2147483915 2147483925 2147483929 2147483734 2147483735 2147483736 2147483817 2147483915 2147483925 2147483929 
2147483687 2147483677 2147483677 2147483734 2147483735 2147483736 2147483817 2147483832 2147483833 2147483834 2147483835 2147483836 2147483837 2147483838 2147483839 2147483849 2147483911 2147483913 2147483917 2147483925 2147483734 2147483735 2147483736 2147483817 2147483832 2147483833 2147483834 2147483835 2147483836 2147483837 2147483838 2147483839 2147483849 2147483911 2147483913 2147483917 2147483925 
2147483701 2147483704 2147483711 2147483734 2147483736 2147483862 2147483863 2147483864 2147483865 2147483869 2147483878 2147483879 2147483880 2147483881 2147483882 2147483883 2147483884 2147483885 2147483887 2147483888 2147483892 2147483895 2147483896 2147483899 2147483900 2147483901 2147483903 2147483918 2147483920 2147483922 2147483924 2147483925 2147483931 49 52 54 57 53 127 128 129 130 2147483704 2147483711 2147483734 2147483736 2147483862 2147483863 2147483864 2147483865 2147483869 2147483878 2147483879 2147483880 2147483881 2147483882 2147483883 2147483884 2147483885 2147483887 2147483888 2147483892 2147483895 2147483896 2147483899 2147483900 2147483901 2147483903 2147483918 2147483920 2147483922 2147483924 2147483925 2147483931 
2147483704 2147483701 2147483701 2147483734 2147483736 2147483863 2147483922 2147483925 2147483931 2147483734 2147483736 2147483863 2147483922 2147483925 2147483931 
2147483711 2147483701 2147483701 2147483734 2147483736 2147483863 2147483878 2147483879 2147483880 2147483881 2147483882 2147483883 2147483884 2147483885 2147483895 2147483918 2147483920 2147483924 2147483925 2147483734 2147483736 2147483863 2147483878 2147483879 2147483880 2147483881 2147483882 2147483883 2147483884 2147483885 2147483895 2147483918 2147483920 2147483924 2147483925 
2147483729 2147483649 2147483649 2147483744 2147483926 53 49 52 54 57 127 128 129 130 2147483744 2147483926 
2147483734 2147483648 2147483649 2147483650 2147483651 2147483653 2147483656 2147483663 2147483677 2147483680 2147483687 2147483701 2147483704 2147483711 2147483648 2147483649 2147483650 2147483651 2147483653 2147483656 2147483663 2147483677 2147483680 2147483687 2147483701 2147483704 2147483711 2147483735 2147483736 2147483753 2147483754 2147483755 2147483756 2147483757 2147483758 2147483761 2147483770 2147483771 2147483772 2147483773 2147483777 2147483786 2147483787 2147483788 2147483789 2147483790 2147483791 2147483792 2147483793 2147483795 2147483796 2147483800 2147483803 2147483804 2147483807 2147483808 2147483809 2147483811 2147483816 2147483817 2147483818 2147483819 2147483823 2147483832 2147483833 2147483834 2147483835 2147483836 2147483837 2147483838 2147483839 2147483841 2147483842 2147483846 2147483849 2147483850 2147483853 2147483854 2147483855 2147483857 2147483862 2147483863 2147483864 2147483865 2147483869 2147483878 2147483879 2147483880 2147483881 2147483882 2147483883 2147483884 2147483885 2147483887 2147483888 2147483892 2147483895 2147483896 2147483899 2147483900 2147483901 2147483903 2147483904 2147483906 2147483908 2147483910 2147483911 2147483913 2147483915 2147483917 2147483918 2147483920 2147483922 2147483924 2147483925 2147483927 2147483929 2147483931 53 49 52 54 57 127 128 129 130 2147483735 2147483736 2147483753 2147483754 2147483755 2147483756 2147483757 2147483758 2147483761 2147483770 2147483771 2147483772 2147483773 2147483777 2147483786 2147483787 2147483788 2147483789 2147483790 2147483791 2147483792 2147483793 2147483795 2147483796 2147483800 2147483803 2147483804 2147483807 2147483808 2147483809 2147483811 2147483816 2147483817 2147483818 2147483819 2147483823 2147483832 2147483833 2147483834 2147483835 2147483836 2147483837 2147483838 2147483839 2147483841 2147483842 2147483846 2147483849 2147483850 2147483853 2147483854 2147483855 2147483857 2147483862 2147483863 2147483864 2147483865 2147483869 2147483878 2147483879 2147483880 2147483881 2147483882 2147483883 2147483884 2147483885 2147483887 2147483888 2147483892 2147483895 2147483896 2147483899 2147483900 2147483901 2147483903 2147483904 2147483906 2147483908 2147483910 2147483911 2147483913 2147483915 2147483917 2147483918 2147483920 2147483922 2147483924 2147483925 2147483927 2147483929 2147483931 
2147483735 2147483648 2147483649 2147483650 2147483651 2147483653 2147483656 2147483663 2147483677 2147483680 2147483687 2147483734 2147483648 2147483649 2147483650 2147483651 2147483653 2147483656 2147483663 2147483677 2147483680 2147483687 2147483734 2147483736 2147483753 2147483754 2147483755 2147483761 2147483770 2147483771 2147483772 2147483773 2147483777 2147483786 2147483787 2147483788 2147483789 2147483790 2147483791 2147483792 2147483793 2147483795 2147483796 2147483800 2147483803 2147483804 2147483807 2147483808 2147483809 2147483811 2147483816 2147483817 2147483818 2147483819 2147483823 2147483832 2147483833 2147483834 2147483835 2147483836 2147483837 2147483838 2147483839 2147483841 2147483842 2147483846 2147483849 2147483850 2147483853 2147483854 2147483855 2147483857 2147483904 2147483906 2147483908 2147483910 2147483911 2147483913 2147483915 2147483917 2147483925 2147483927 2147483929 57 49 52 54 53 127 128 129 130 2147483736 2147483753 2147483754 2147483755 2147483761 2147483770 2147483771 2147483772 2147483773 2147483777 2147483786 2147483787 2147483788 2147483789 2147483790 2147483791 2147483792 2147483793 2147483795 2147483796 2147483800 2147483803 2147483804 2147483807 2147483808 2147483809 2147483811 2147483816 2147483817 2147483818 2147483819 2147483823 2147483832 2147483833 2147483834 2147483835 2147483836 2147483837 2147483838 2147483839 2147483841 2147483842 2147483846 2147483849 2147483850 2147483853 2147483854 2147483855 2147483857 2147483904 2147483906 2147483908 2147483910 2147483911 2147483913 2147483915 2147483917 2147483925 2147483927 2147483929 
2147483736 2147483648 2147483649 2147483650 2147483651 2147483653 2147483656 2147483663 2147483677 2147483680 2147483687 2147483701 2147483704 2147483711 2147483734 2147483735 2147483648 2147483649 2147483650 2147483651 2147483653 2147483656 2147483663 2147483677 2147483680 2147483687 2147483701 2147483704 2147483711 2147483734 2147483735 2147483753 2147483754 2147483755 2147483756 2147483757 2147483758 2147483761 2147483770 2147483771 2147483772 2147483773 2147483777 2147483786 2147483787 2147483788 2147483789 2147483790 2147483791 2147483792 2147483793 2147483795 2147483796 2147483800 2147483803 2147483804 2147483807 2147483808 2147483809 2147483811 2147483816 2147483817 2147483818 2147483819 2147483823 2147483832 2147483833 2147483834 2147483835 2147483836 2147483837 2147483838 2147483839 2147483841 2147483842 2147483846 2147483849 2147483850 2147483853 2147483854 2147483855 2147483857 2147483862 2147483863 2147483864 2147483865 2147483869 2147483878 2147483879 2147483880 2147483881 2147483882 2147483883 2147483884 2147483885 2147483887 2147483888 2147483892 2147483895 2147483896 2147483899 2147483900 2147483901 2147483903 2147483904 2147483906 2147483908 2147483910 2147483911 2147483913 2147483915 2147483917 2147483918 2147483920 2147483922 2147483924 2147483925 2147483927 2147483929 2147483931 54 57 49 52 53 127 128 129 130 2147483753 2147483754 2147483755 2147483756 2147483757 2147483758 2147483761 2147483770 2147483771 2147483772 2147483773 2147483777 2147483786 2147483787 2147483788 2147483789 2147483790 2147483791 2147483792 2147483793 2147483795 2147483796 2147483800 2147483803 2147483804 2147483807 2147483808 2147483809 2147483811 2147483816 2147483817 2147483818 2147483819 2147483823 2147483832 2147483833 2147483834 2147483835 2147483836 2147483837 2147483838 2147483839 2147483841 2147483842 2147483846 2147483849 2147483850 2147483853 2147483854 2147483855 2147483857 2147483862 2147483863 2147483864 2147483865 2147483869 2147483878 2147483879 2147483880 2147483881 2147483882 2147483883 2147483884 2147483885 2147483887 2147483888 2147483892 2147483895 2147483896 2147483899 2147483900 2147483901 2147483903 2147483904 2147483906 2147483908 2147483910 2147483911 2147483913 2147483915 2147483917 2147483918 2147483920 2147483922 2147483924 2147483925 2147483927 2147483929 2147483931 
2147483744 2147483729 2147483729 52 54 57 53 
2147483753 2147483648 2147483734 2147483735 2147483736 2147483648 2147483734 2147483735 2147483736 
2147483754 2147483648 2147483734 2147483735 2147483736 2147483648 2147483734 2147483735 2147483736 2147483755 2147483925 2147483755 2147483925 
2147483755 2147483648 2147483734 2147483735 2147483736 2147483754 2147483648 2147483734 2147483735 2147483736 2147483754 2147483925 54 57 53 2147483925 
2147483756 2147483734 2147483736 2147483734 2147483736 2147483757 2147483758 2147483925 2147483757 2147483758 2147483925 
2147483757 2147483734 2147483736 2147483756 2147483734 2147483736 2147483756 2147483758 2147483925 32 26 2147483758 2147483925 
2147483758 2147483734 2147483736 2147483756 2147483757 2147483734 2147483736 2147483756 2147483757 2147483925 54 57 53 2147483925 
2147483761 2147483651 2147483734 2147483735 2147483736 2147483651 2147483734 2147483735 2147483736 2147483925 53 2147483925 
2147483764 
2147483770 2147483653 2147483734 2147483735 2147483736 2147483653 2147483734 2147483735 2147483736 2147483771 2147483772 2147483773 2147483925 2147483771 2147483772 2147483773 2147483925 
2147483771 2147483653 2147483656 2147483663 2147483734 2147483735 2147483736 2147483770 2147483653 2147483656 2147483663 2147483734 2147483735 2147483736 2147483770 2147483772 2147483773 2147483777 2147483786 2147483787 2147483788 2147483789 2147483790 2147483791 2147483792 2147483793 2147483795 2147483796 2147483800 2147483803 2147483804 2147483807 2147483808 2147483809 2147483904 2147483906 2147483908 2147483910 2147483925 49 52 54 57 53 127 128 129 130 2147483772 2147483773 2147483777 2147483786 2147483787 2147483788 2147483789 2147483790 2147483791 2147483792 2147483793 2147483795 2147483796 2147483800 2147483803 2147483804 2147483807 2147483808 2147483809 2147483904 2147483906 2147483908 2147483910 2147483925 
2147483772 2147483653 2147483734 2147483735 2147483736 2147483770 2147483771 2147483653 2147483734 2147483735 2147483736 2147483770 2147483771 2147483773 2147483925 53 2147483773 2147483925 
2147483773 2147483653 2147483734 2147483735 2147483736 2147483770 2147483771 2147483772 2147483653 2147483734 2147483735 2147483736 2147483770 2147483771 2147483772 2147483925 57 53 2147483925 
2147483777 2147483653 2147483734 2147483735 2147483736 2147483771 2147483653 2147483734 2147483735 2147483736 2147483771 2147483803 2147483906 2147483910 2147483925 2147483803 2147483906 2147483910 2147483925 
2147483786 2147483653 2147483663 2147483734 2147483735 2147483736 2147483771 2147483653 2147483663 2147483734 2147483735 2147483736 2147483771 2147483803 2147483904 2147483906 2147483910 2147483925 2147483803 2147483904 2147483906 2147483910 2147483925 
2147483787 2147483653 2147483663 2147483734 2147483735 2147483736 2147483771 2147483653 2147483663 2147483734 2147483735 2147483736 2147483771 2147483803 2147483904 2147483906 2147483910 2147483925 2147483803 2147483904 2147483906 2147483910 2147483925 
2147483788 2147483653 2147483663 2147483734 2147483735 2147483736 2147483771 2147483653 2147483663 2147483734 2147483735 2147483736 2147483771 2147483803 2147483904 2147483906 2147483910 2147483925 2147483803 2147483904 2147483906 2147483910 2147483925 
2147483789 2147483653 2147483663 2147483734 2147483735 2147483736 2147483771 2147483653 2147483663 2147483734 2147483735 2147483736 2147483771 2147483803 2147483904 2147483906 2147483910 2147483925 2147483803 2147483904 2147483906 2147483910 2147483925 
2147483790 2147483653 2147483663 2147483734 2147483735 2147483736 2147483771 2147483653 2147483663 2147483734 2147483735 2147483736 2147483771 2147483803 2147483904 2147483906 2147483910 2147483925 2147483803 2147483904 2147483906 2147483910 2147483925 
2147483791 2147483653 2147483663 2147483734 2147483735 2147483736 2147483771 2147483653 2147483663 2147483734 2147483735 2147483736 2147483771 2147483803 2147483904 2147483906 2147483910 2147483925 2147483803 2147483904 2147483906 2147483910 2147483925 
2147483792 2147483653 2147483663 2147483734 2147483735 2147483736 2147483771 2147483653 2147483663 2147483734 2147483735 2147483736 2147483771 2147483803 2147483904 2147483906 2147483910 2147483925 2147483803 2147483904 2147483906 2147483910 2147483925 
2147483793 2147483653 2147483663 2147483734 2147483735 2147483736 2147483771 2147483653 2147483663 2147483734 2147483735 2147483736 2147483771 2147483803 2147483904 2147483906 2147483910 2147483925 2147483803 2147483904 2147483906 2147483910 2147483925 
2147483795 2147483653 2147483734 2147483735 2147483736 2147483771 2147483653 2147483734 2147483735 2147483736 2147483771 2147483803 2147483904 2147483906 2147483910 2147483925 2147483803 2147483904 2147483906 2147483910 2147483925 
2147483796 2147483653 2147483734 2147483735 2147483736 2147483771 2147483653 2147483734 2147483735 2147483736 2147483771 2147483803 2147483904 2147483906 2147483910 2147483925 2147483803 2147483904 2147483906 2147483910 2147483925 
2147483800 2147483653 2147483734 2147483735 2147483736 2147483771 2147483653 2147483734 2147483735 2147483736 2147483771 2147483803 2147483804 2147483910 2147483925 2147483803 2147483804 2147483910 2147483925 
2147483803 2147483653 2147483663 2147483734 2147483735 2147483736 2147483771 2147483777 2147483786 2147483787 2147483788 2147483789 2147483790 2147483791 2147483792 2147483793 2147483795 2147483796 2147483800 2147483653 2147483663 2147483734 2147483735 2147483736 2147483771 2147483777 2147483786 2147483787 2147483788 2147483789 2147483790 2147483791 2147483792 2147483793 2147483795 2147483796 2147483800 2147483904 2147483906 2147483910 2147483925 2147483904 2147483906 2147483910 2147483925 
2147483804 2147483653 2147483734 2147483735 2147483736 2147483771 2147483800 2147483653 2147483734 2147483735 2147483736 2147483771 2147483800 2147483910 2147483925 57 53 2147483910 2147483925 
2147483807 2147483653 2147483734 2147483735 2147483736 2147483771 2147483653 2147483734 2147483735 2147483736 2147483771 2147483808 2147483809 2147483910 2147483925 53 2147483808 2147483809 2147483910 2147483925 
2147483808 2147483653 2147483734 2147483735 2147483736 2147483771 2147483807 2147483653 2147483734 2147483735 2147483736 2147483771 2147483807 2147483809 2147483910 2147483925 2147483809 2147483910 2147483925 
2147483809 2147483653 2147483734 2147483735 2147483736 2147483771 2147483807 2147483808 2147483653 2147483734 2147483735 2147483736 2147483771 2147483807 2147483808 2147483910 2147483925 57 53 2147483910 2147483925 
2147483811 2147483653 2147483734 2147483735 2147483736 2147483653 2147483734 2147483735 2147483736 2147483908 2147483910 2147483925 2147483908 2147483910 2147483925 
2147483816 2147483677 2147483734 2147483735 2147483736 2147483677 2147483734 2147483735 2147483736 2147483817 2147483818 2147483819 2147483925 2147483817 2147483818 2147483819 2147483925 
2147483817 2147483677 2147483680 2147483687 2147483734 2147483735 2147483736 2147483816 2147483677 2147483680 2147483687 2147483734 2147483735 2147483736 2147483816 2147483818 2147483819 2147483823 2147483832 2147483833 2147483834 2147483835 2147483836 2147483837 2147483838 2147483839 2147483841 2147483842 2147483846 2147483849 2147483850 2147483853 2147483854 2147483855 2147483911 2147483913 2147483915 2147483917 2147483925 49 52 54 57 53 127 128 129 130 2147483818 2147483819 2147483823 2147483832 2147483833 2147483834 2147483835 2147483836 2147483837 2147483838 2147483839 2147483841 2147483842 2147483846 2147483849 2147483850 2147483853 2147483854 2147483855 2147483911 2147483913 2147483915 2147483917 2147483925 
2147483818 2147483677 2147483734 2147483735 2147483736 2147483816 2147483817 2147483677 2147483734 2147483735 2147483736 2147483816 2147483817 2147483819 2147483925 53 2147483819 2147483925 
2147483819 2147483677 2147483734 2147483735 2147483736 2147483816 2147483817 2147483818 2147483677 2147483734 2147483735 2147483736 2147483816 2147483817 2147483818 2147483925 57 53 2147483925 
2147483823 2147483677 2147483734 2147483735 2147483736 2147483817 2147483677 2147483734 2147483735 2147483736 2147483817 2147483849 2147483913 2147483917 2147483925 2147483849 2147483913 2147483917 2147483925 
2147483832 2147483677 2147483687 2147483734 2147483735 2147483736 2147483817 2147483677 2147483687 2147483734 2147483735 2147483736 2147483817 2147483849 2147483911 2147483913 2147483917 2147483925 2147483849 2147483911 2147483913 2147483917 2147483925 
2147483833 2147483677 2147483687 2147483734 2147483735 2147483736 2147483817 2147483677 2147483687 2147483734 2147483735 2147483736 2147483817 2147483849 2147483911 2147483913 2147483917 2147483925 2147483849 2147483911 2147483913 2147483917 2147483925 
2147483834 2147483677 2147483687 2147483734 2147483735 2147483736 2147483817 2147483677 2147483687 2147483734 2147483735 2147483736 2147483817 2147483849 2147483911 2147483913 2147483917 2147483925 2147483849 2147483911 2147483913 2147483917 2147483925 
2147483835 2147483677 2147483687 2147483734 2147483735 2147483736 2147483817 2147483677 2147483687 2147483734 2147483735 2147483736 2147483817 2147483849 2147483911 2147483913 2147483917 2147483925 2147483849 2147483911 2147483913 2147483917 2147483925 
2147483836 2147483677 2147483687 2147483734 2147483735 2147483736 2147483817 2147483677 2147483687 2147483734 2147483735 2147483736 2147483817 2147483849 2147483911 2147483913 2147483917 2147483925 2147483849 2147483911 2147483913 2147483917 2147483925 
2147483837 2147483677 2147483687 2147483734 2147483735 2147483736 2147483817 2147483677 2147483687 2147483734 2147483735 2147483736 2147483817 2147483849 2147483911 2147483913 2147483917 2147483925 2147483849 2147483911 2147483913 2147483917 2147483925 
2147483838 2147483677 2147483687 2147483734 2147483735 2147483736 2147483817 2147483677 2147483687 2147483734 2147483735 2147483736 2147483817 2147483849 2147483911 2147483913 2147483917 2147483925 2147483849 2147483911 2147483913 2147483917 2147483925 
2147483839 2147483677 2147483687 2147483734 2147483735 2147483736 2147483817 2147483677 2147483687 2147483734 2147483735 2147483736 2147483817 2147483849 2147483911 2147483913 2147483917 2147483925 2147483849 2147483911 2147483913 2147483917 2147483925 
2147483841 2147483677 2147483734 2147483735 2147483736 2147483817 2147483677 2147483734 2147483735 2147483736 2147483817 2147483849 2147483911 2147483913 2147483917 2147483925 2147483849 2147483911 2147483913 2147483917 2147483925 
2147483842 2147483677 2147483734 2147483735 2147483736 2147483817 2147483677 2147483734 2147483735 2147483736 2147483817 2147483849 2147483911 2147483913 2147483917 2147483925 2147483849 2147483911 2147483913 2147483917 2147483925 
2147483846 2147483677 2147483734 2147483735 2147483736 2147483817 2147483677 2147483734 2147483735 2147483736 2147483817 2147483849 2147483850 2147483917 2147483925 2147483849 2147483850 2147483917 2147483925 
2147483849 2147483677 2147483687 2147483734 2147483735 2147483736 2147483817 2147483823 2147483832 2147483833 2147483834 2147483835 2147483836 2147483837 2147483838 2147483839 2147483841 2147483842 2147483846 2147483677 2147483687 2147483734 2147483735 2147483736 2147483817 2147483823 2147483832 2147483833 2147483834 2147483835 2147483836 2147483837 2147483838 2147483839 2147483841 2147483842 2147483846 2147483911 2147483913 2147483917 2147483925 2147483911 2147483913 2147483917 2147483925 
2147483850 2147483677 2147483734 2147483735 2147483736 2147483817 2147483846 2147483677 2147483734 2147483735 2147483736 2147483817 2147483846 2147483917 2147483925 57 53 2147483917 2147483925 
2147483853 2147483677 2147483734 2147483735 2147483736 2147483817 2147483677 2147483734 2147483735 2147483736 2147483817 2147483854 2147483855 2147483917 2147483925 53 2147483854 2147483855 2147483917 2147483925 
2147483854 2147483677 2147483734 2147483735 2147483736 2147483817 2147483853 2147483677 2147483734 2147483735 2147483736 2147483817 2147483853 2147483855 2147483917 2147483925 2147483855 2147483917 2147483925 
2147483855 2147483677 2147483734 2147483735 2147483736 2147483817 2147483853 2147483854 2147483677 2147483734 2147483735 2147483736 2147483817 2147483853 2147483854 2147483917 2147483925 57 53 2147483917 2147483925 
2147483857 2147483677 2147483734 2147483735 2147483736 2147483677 2147483734 2147483735 2147483736 2147483915 2147483917 2147483925 2147483915 2147483917 2147483925 
2147483862 2147483701 2147483734 2147483736 2147483701 2147483734 2147483736 2147483863 2147483864 2147483865 2147483925 2147483863 2147483864 2147483865 2147483925 
2147483863 2147483701 2147483704 2147483711 2147483734 2147483736 2147483862 2147483701 2147483704 2147483711 2147483734 2147483736 2147483862 2147483864 2147483865 2147483869 2147483878 2147483879 2147483880 2147483881 2147483882 2147483883 2147483884 2147483885 2147483887 2147483888 2147483892 2147483895 2147483896 2147483899 2147483900 2147483901 2147483918 2147483920 2147483922 2147483924 2147483925 49 52 54 57 53 127 128 129 130 2147483864 2147483865 2147483869 2147483878 2147483879 2147483880 2147483881 2147483882 2147483883 2147483884 2147483885 2147483887 2147483888 2147483892 2147483895 2147483896 2147483899 2147483900 2147483901 2147483918 2147483920 2147483922 2147483924 2147483925 
2147483864 2147483701 2147483734 2147483736 2147483862 2147483863 2147483701 2147483734 2147483736 2147483862 2147483863 2147483865 2147483925 53 2147483865 2147483925 
2147483865 2147483701 2147483734 2147483736 2147483862 2147483863 2147483864 2147483701 2147483734 2147483736 2147483862 2147483863 2147483864 2147483925 57 53 2147483925 
2147483869 2147483701 2147483734 2147483736 2147483863 2147483701 2147483734 2147483736 2147483863 2147483895 2147483920 2147483924 2147483925 2147483895 2147483920 2147483924 2147483925 
2147483878 2147483701 2147483711 2147483734 2147483736 2147483863 2147483701 2147483711 2147483734 2147483736 2147483863 2147483895 2147483918 2147483920 2147483924 2147483925 2147483895 2147483918 2147483920 2147483924 2147483925 
2147483879 2147483701 2147483711 2147483734 2147483736 2147483863 2147483701 2147483711 2147483734 2147483736 2147483863 2147483895 2147483918 2147483920 2147483924 2147483925 2147483895 2147483918 2147483920 2147483924 2147483925 
2147483880 2147483701 2147483711 2147483734 2147483736 2147483863 2147483701 2147483711 2147483734 2147483736 2147483863 2147483895 2147483918 2147483920 2147483924 2147483925 2147483895 2147483918 2147483920 2147483924 2147483925 
2147483881 2147483701 2147483711 2147483734 2147483736 2147483863 2147483701 2147483711 2147483734 2147483736 2147483863 2147483895 2147483918 2147483920 2147483924 2147483925 2147483895 2147483918 2147483920 2147483924 2147483925 
2147483882 2147483701 2147483711 2147483734 2147483736 2147483863 2147483701 2147483711 2147483734 2147483736 2147483863 2147483895 2147483918 2147483920 2147483924 2147483925 2147483895 2147483918 2147483920 2147483924 2147483925 
2147483883 2147483701 2147483711 2147483734 2147483736 2147483863 2147483701 2147483711 2147483734 2147483736 2147483863 2147483895 2147483918 2147483920 2147483924 2147483925 2147483895 2147483918 2147483920 2147483924 2147483925 
2147483884 2147483701 2147483711 2147483734 2147483736 2147483863 2147483701 2147483711 2147483734 2147483736 2147483863 2147483895 2147483918 2147483920 2147483924 2147483925 2147483895 2147483918 2147483920 2147483924 2147483925 
2147483885 2147483701 2147483711 2147483734 2147483736 2147483863 2147483701 2147483711 2147483734 2147483736 2147483863 2147483895 2147483918 2147483920 2147483924 2147483925 2147483895 2147483918 2147483920 2147483924 2147483925 
2147483887 2147483701 2147483734 2147483736 2147483863 2147483701 2147483734 2147483736 2147483863 2147483895 2147483918 2147483920 2147483924 2147483925 2147483895 2147483918 2147483920 2147483924 2147483925 
2147483888 2147483701 2147483734 2147483736 2147483863 2147483701 2147483734 2147483736 2147483863 2147483895 2147483918 2147483920 2147483924 2147483925 2147483895 2147483918 2147483920 2147483924 2147483925 
2147483892 2147483701 2147483734 2147483736 2147483863 2147483701 2147483734 2147483736 2147483863 2147483895 2147483896 2147483924 2147483925 2147483895 2147483896 2147483924 2147483925 
2147483895 2147483701 2147483711 2147483734 2147483736 2147483863 2147483869 2147483878 2147483879 2147483880 2147483881 2147483882 2147483883 2147483884 2147483885 2147483887 2147483888 2147483892 2147483701 2147483711 2147483734 2147483736 2147483863 2147483869 2147483878 2147483879 2147483880 2147483881 2147483882 2147483883 2147483884 2147483885 2147483887 2147483888 2147483892 2147483918 2147483920 2147483924 2147483925 2147483918 2147483920 2147483924 2147483925 
2147483896 2147483701 2147483734 2147483736 2147483863 2147483892 2147483701 2147483734 2147483736 2147483863 2147483892 2147483924 2147483925 57 53 2147483924 2147483925 
2147483899 2147483701 2147483734 2147483736 2147483863 2147483701 2147483734 2147483736 2147483863 2147483900 2147483901 2147483924 2147483925 53 2147483900 2147483901 2147483924 2147483925 
2147483900 2147483701 2147483734 2147483736 2147483863 2147483899 2147483701 2147483734 2147483736 2147483863 2147483899 2147483901 2147483924 2147483925 2147483901 2147483924 2147483925 
2147483901 2147483701 2147483734 2147483736 2147483863 2147483899 2147483900 2147483701 2147483734 2147483736 2147483863 2147483899 2147483900 2147483924 2147483925 57 53 2147483924 2147483925 
2147483903 2147483701 2147483734 2147483736 2147483701 2147483734 2147483736 2147483922 2147483924 2147483925 2147483922 2147483924 2147483925 
2147483904 2147483653 2147483663 2147483734 2147483735 2147483736 2147483771 2147483786 2147483787 2147483788 2147483789 2147483790 2147483791 2147483792 2147483793 2147483795 2147483796 2147483803 2147483653 2147483663 2147483734 2147483735 2147483736 2147483771 2147483786 2147483787 2147483788 2147483789 2147483790 2147483791 2147483792 2147483793 2147483795 2147483796 2147483803 2147483906 2147483910 2147483925 2147483906 2147483910 2147483925 
2147483906 2147483653 2147483663 2147483734 2147483735 2147483736 2147483771 2147483777 2147483786 2147483787 2147483788 2147483789 2147483790 2147483791 2147483792 2147483793 2147483795 2147483796 2147483803 2147483904 2147483653 2147483663 2147483734 2147483735 2147483736 2147483771 2147483777 2147483786 2147483787 2147483788 2147483789 2147483790 2147483791 2147483792 2147483793 2147483795 2147483796 2147483803 2147483904 2147483910 2147483925 2147483910 2147483925 
2147483908 2147483653 2147483656 2147483734 2147483735 2147483736 2147483771 2147483811 2147483653 2147483656 2147483734 2147483735 2147483736 2147483771 2147483811 2147483910 2147483925 2147483927 2147483910 2147483925 2147483927 
2147483910 2147483653 2147483663 2147483734 2147483735 2147483736 2147483771 2147483777 2147483786 2147483787 2147483788 2147483789 2147483790 2147483791 2147483792 2147483793 2147483795 2147483796 2147483800 2147483803 2147483804 2147483807 2147483808 2147483809 2147483811 2147483904 2147483906 2147483908 2147483653 2147483663 2147483734 2147483735 2147483736 2147483771 2147483777 2147483786 2147483787 2147483788 2147483789 2147483790 2147483791 2147483792 2147483793 2147483795 2147483796 2147483800 2147483803 2147483804 2147483807 2147483808 2147483809 2147483811 2147483904 2147483906 2147483908 2147483925 2147483927 49 52 54 57 53 127 128 129 130 2147483925 2147483927 
2147483911 2147483677 2147483687 2147483734 2147483735 2147483736 2147483817 2147483832 2147483833 2147483834 2147483835 2147483836 2147483837 2147483838 2147483839 2147483841 2147483842 2147483849 2147483677 2147483687 2147483734 2147483735 2147483736 2147483817 2147483832 2147483833 2147483834 2147483835 2147483836 2147483837 2147483838 2147483839 2147483841 2147483842 2147483849 2147483913 2147483917 2147483925 2147483913 2147483917 2147483925 
2147483913 2147483677 2147483687 2147483734 2147483735 2147483736 2147483817 2147483823 2147483832 2147483833 2147483834 2147483835 2147483836 2147483837 2147483838 2147483839 2147483841 2147483842 2147483849 2147483911 2147483677 2147483687 2147483734 2147483735 2147483736 2147483817 2147483823 2147483832 2147483833 2147483834 2147483835 2147483836 2147483837 2147483838 2147483839 2147483841 2147483842 2147483849 2147483911 2147483917 2147483925 2147483917 2147483925 
2147483915 2147483677 2147483680 2147483734 2147483735 2147483736 2147483817 2147483857 2147483677 2147483680 2147483734 2147483735 2147483736 2147483817 2147483857 2147483917 2147483925 2147483929 2147483917 2147483925 2147483929 
2147483917 2147483677 2147483687 2147483734 2147483735 2147483736 2147483817 2147483823 2147483832 2147483833 2147483834 2147483835 2147483836 2147483837 2147483838 2147483839 2147483841 2147483842 2147483846 2147483849 2147483850 2147483853 2147483854 2147483855 2147483857 2147483911 2147483913 2147483915 2147483677 2147483687 2147483734 2147483735 2147483736 2147483817 2147483823 2147483832 2147483833 2147483834 2147483835 2147483836 2147483837 2147483838 2147483839 2147483841 2147483842 2147483846 2147483849 2147483850 2147483853 2147483854 2147483855 2147483857 2147483911 2147483913 2147483915 2147483925 2147483929 49 52 54 57 53 127 128 129 130 2147483925 2147483929 
2147483918 2147483701 2147483711 2147483734 2147483736 2147483863 2147483878 2147483879 2147483880 2147483881 2147483882 2147483883 2147483884 2147483885 2147483887 2147483888 2147483895 2147483701 2147483711 2147483734 2147483736 2147483863 2147483878 2147483879 2147483880 2147483881 2147483882 2147483883 2147483884 2147483885 2147483887 2147483888 2147483895 2147483920 2147483924 2147483925 2147483920 2147483924 2147483925 
2147483920 2147483701 2147483711 2147483734 2147483736 2147483863 2147483869 2147483878 2147483879 2147483880 2147483881 2147483882 2147483883 2147483884 2147483885 2147483887 2147483888 2147483895 2147483918 2147483701 2147483711 2147483734 2147483736 2147483863 2147483869 2147483878 2147483879 2147483880 2147483881 2147483882 2147483883 2147483884 2147483885 2147483887 2147483888 2147483895 2147483918 2147483924 2147483925 2147483924 2147483925 
2147483922 2147483701 2147483704 2147483734 2147483736 2147483863 2147483903 2147483701 2147483704 2147483734 2147483736 2147483863 2147483903 2147483924 2147483925 2147483931 2147483924 2147483925 2147483931 
2147483924 2147483701 2147483711 2147483734 2147483736 2147483863 2147483869 2147483878 2147483879 2147483880 2147483881 2147483882 2147483883 2147483884 2147483885 2147483887 2147483888 2147483892 2147483895 2147483896 2147483899 2147483900 2147483901 2147483903 2147483918 2147483920 2147483922 2147483701 2147483711 2147483734 2147483736 2147483863 2147483869 2147483878 2147483879 2147483880 2147483881 2147483882 2147483883 2147483884 2147483885 2147483887 2147483888 2147483892 2147483895 2147483896 2147483899 2147483900 2147483901 2147483903 2147483918 2147483920 2147483922 2147483925 2147483931 49 52 54 57 53 127 128 129 130 2147483925 2147483931 
2147483925 2147483648 2147483651 2147483653 2147483656 2147483663 2147483677 2147483680 2147483687 2147483701 2147483704 2147483711 2147483734 2147483735 2147483736 2147483754 2147483755 2147483756 2147483757 2147483758 2147483761 2147483770 2147483771 2147483772 2147483773 2147483777 2147483786 2147483787 2147483788 2147483789 2147483790 2147483791 2147483792 2147483793 2147483795 2147483796 2147483800 2147483803 2147483804 2147483807 2147483808 2147483809 2147483811 2147483816 2147483817 2147483818 2147483819 2147483823 2147483832 2147483833 2147483834 2147483835 2147483836 2147483837 2147483838 2147483839 2147483841 2147483842 2147483846 2147483849 2147483850 2147483853 2147483854 2147483855 2147483857 2147483862 2147483863 2147483864 2147483865 2147483869 2147483878 2147483879 2147483880 2147483881 2147483882 2147483883 2147483884 2147483885 2147483887 2147483888 2147483892 2147483895 2147483896 2147483899 2147483900 2147483901 2147483903 2147483904 2147483906 2147483908 2147483910 2147483911 2147483913 2147483915 2147483917 2147483918 2147483920 2147483922 2147483924 2147483648 2147483651 2147483653 2147483656 2147483663 2147483677 2147483680 2147483687 2147483701 2147483704 2147483711 2147483734 2147483735 2147483736 2147483754 2147483755 2147483756 2147483757 2147483758 2147483761 2147483770 2147483771 2147483772 2147483773 2147483777 2147483786 2147483787 2147483788 2147483789 2147483790 2147483791 2147483792 2147483793 2147483795 2147483796 2147483800 2147483803 2147483804 2147483807 2147483808 2147483809 2147483811 2147483816 2147483817 2147483818 2147483819 2147483823 2147483832 2147483833 2147483834 2147483835 2147483836 2147483837 2147483838 2147483839 2147483841 2147483842 2147483846 2147483849 2147483850 2147483853 2147483854 2147483855 2147483857 2147483862 2147483863 2147483864 2147483865 2147483869 2147483878 2147483879 2147483880 2147483881 2147483882 2147483883 2147483884 2147483885 2147483887 2147483888 2147483892 2147483895 2147483896 2147483899 2147483900 2147483901 2147483903 2147483904 2147483906 2147483908 2147483910 2147483911 2147483913 2147483915 2147483917 2147483918 2147483920 2147483922 2147483924 2147483926 2147483927 2147483929 2147483931 49 53 52 54 57 127 128 129 130 2147483926 2147483927 2147483929 2147483931 
2147483926 2147483651 2147483729 2147483925 2147483651 2147483729 2147483925 49 53 52 54 57 127 128 129 130 
2147483927 2147483653 2147483656 2147483734 2147483735 2147483736 2147483908 2147483910 2147483925 2147483653 2147483656 2147483734 2147483735 2147483736 2147483908 2147483910 2147483925 
2147483929 2147483677 2147483680 2147483734 2147483735 2147483736 2147483915 2147483917 2147483925 2147483677 2147483680 2147483734 2147483735 2147483736 2147483915 2147483917 2147483925 
2147483931 2147483701 2147483704 2147483734 2147483736 2147483922 2147483924 2147483925 2147483701 2147483704 2147483734 2147483736 2147483922 2147483924 2147483925 
