2 2147483656 
5 
8 
11 2147483656 
18 2147483656 
19 2147483656 
22 2147483651 2147483652 
23 
24 
25 2147483651 2147483652 
26 2147483651 2147483652 
27 2147483651 2147483652 
32 2147483651 2147483652 
49 2147483648 2147483649 2147483650 2147483653 2147483655 2147483657 
50 
51 
52 2147483648 2147483649 2147483650 2147483653 2147483655 2147483657 
53 2147483648 2147483649 2147483650 2147483653 2147483655 2147483657 2147483659 
54 2147483648 2147483649 2147483650 2147483653 2147483655 2147483657 
57 2147483648 2147483649 2147483650 2147483653 2147483655 2147483657 
61 2147483656 
127 2147483648 2147483649 2147483650 2147483653 2147483655 2147483657 
128 2147483648 2147483649 2147483650 2147483653 2147483655 2147483657 
129 2147483648 2147483649 2147483650 2147483653 2147483655 2147483657 
130 2147483648 2147483649 2147483650 2147483653 2147483655 2147483657 
131 
132 
133 
134 
151 2147483654 
152 2147483654 
153 2147483654 
154 2147483654 
155 2147483654 
156 2147483654 
157 2147483654 
158 2147483654 
159 2147483654 
160 2147483654 
161 2147483654 
162 2147483654 
163 2147483654 
164 2147483654 
165 2147483654 
166 2147483654 
247 2147483656 
248 2147483656 
249 2147483656 
250 2147483656 
251 
252 
253 
254 
263 2147483651 2147483652 
264 2147483651 2147483652 
265 2147483651 2147483652 
266 2147483651 2147483652 
267 
268 
269 
270 
2147483648 2147483649 2147483650 2147483651 2147483652 2147483653 2147483654 2147483655 2147483656 2147483657 2147483658 2147483659 2147483660 2147483662 2147483663 2147483664 53 49 52 54 57 127 128 129 130 2147483649 2147483650 2147483651 2147483652 2147483653 2147483654 2147483655 2147483656 2147483657 2147483658 2147483659 2147483660 2147483662 2147483663 2147483664 
2147483649 2147483648 2147483648 2147483650 2147483651 2147483652 2147483653 2147483654 2147483655 2147483656 2147483657 2147483658 2147483659 2147483660 2147483662 57 49 52 54 53 127 128 129 130 2147483650 2147483651 2147483652 2147483653 2147483654 2147483655 2147483656 2147483657 2147483658 2147483659 2147483660 2147483662 
2147483650 2147483648 2147483649 2147483648 2147483649 2147483651 2147483652 2147483653 2147483654 2147483655 2147483656 2147483657 2147483658 2147483659 2147483660 2147483662 54 49 52 57 53 127 128 129 130 2147483651 2147483652 2147483653 2147483654 2147483655 2147483656 2147483657 2147483658 2147483659 2147483660 2147483662 
2147483651 2147483648 2147483649 2147483650 2147483648 2147483649 2147483650 2147483652 2147483653 2147483654 2147483655 2147483656 2147483657 2147483658 2147483659 2147483660 2147483662 25 22 27 32 26 263 264 265 266 2147483652 2147483653 2147483654 2147483655 2147483656 2147483657 2147483658 2147483659 2147483660 2147483662 
2147483652 2147483648 2147483649 2147483650 2147483651 2147483648 2147483649 2147483650 2147483651 2147483653 2147483654 2147483655 2147483656 2147483657 2147483658 2147483659 2147483660 2147483662 263 22 25 27 32 26 264 265 266 2147483653 2147483654 2147483655 2147483656 2147483657 2147483658 2147483659 2147483660 2147483662 
2147483653 2147483648 2147483649 2147483650 2147483651 2147483652 2147483648 2147483649 2147483650 2147483651 2147483652 2147483654 2147483655 2147483656 2147483657 2147483658 2147483659 2147483660 2147483662 128 49 52 54 57 53 127 129 130 2147483654 2147483655 2147483656 2147483657 2147483658 2147483659 2147483660 2147483662 
2147483654 2147483648 2147483649 2147483650 2147483651 2147483652 2147483653 2147483648 2147483649 2147483650 2147483651 2147483652 2147483653 2147483655 2147483656 2147483657 2147483658 2147483659 2147483660 2147483662 151 152 153 154 155 156 157 158 159 160 161 162 163 164 165 166 2147483655 2147483656 2147483657 2147483658 2147483659 2147483660 2147483662 
2147483655 2147483648 2147483649 2147483650 2147483651 2147483652 2147483653 2147483654 2147483648 2147483649 2147483650 2147483651 2147483652 2147483653 2147483654 2147483656 2147483657 2147483658 2147483659 2147483660 2147483662 49 52 54 57 53 127 128 129 130 2147483656 2147483657 2147483658 2147483659 2147483660 2147483662 
2147483656 2147483648 2147483649 2147483650 2147483651 2147483652 2147483653 2147483654 2147483655 2147483648 2147483649 2147483650 2147483651 2147483652 2147483653 2147483654 2147483655 2147483657 2147483658 2147483659 2147483660 2 11 19 61 18 247 248 249 250 2147483657 2147483658 2147483659 2147483660 
2147483657 2147483648 2147483649 2147483650 2147483651 2147483652 2147483653 2147483654 2147483655 2147483656 2147483648 2147483649 2147483650 2147483651 2147483652 2147483653 2147483654 2147483655 2147483656 2147483658 2147483659 2147483660 49 52 54 57 53 127 128 129 130 2147483658 2147483659 2147483660 
2147483658 2147483648 2147483649 2147483650 2147483651 2147483652 2147483653 2147483654 2147483655 2147483656 2147483657 2147483648 2147483649 2147483650 2147483651 2147483652 2147483653 2147483654 2147483655 2147483656 2147483657 2147483659 2147483659 
2147483659 2147483648 2147483649 2147483650 2147483651 2147483652 2147483653 2147483654 2147483655 2147483656 2147483657 2147483658 2147483648 2147483649 2147483650 2147483651 2147483652 2147483653 2147483654 2147483655 2147483656 2147483657 2147483658 53 
2147483660 2147483648 2147483649 2147483650 2147483651 2147483652 2147483653 2147483654 2147483655 2147483656 2147483657 2147483648 2147483649 2147483650 2147483651 2147483652 2147483653 2147483654 2147483655 2147483656 2147483657 2147483662 2147483662 
2147483662 2147483648 2147483649 2147483650 2147483651 2147483652 2147483653 2147483654 2147483655 2147483660 2147483648 2147483649 2147483650 2147483651 2147483652 2147483653 2147483654 2147483655 2147483660 
2147483663 2147483648 2147483648 2147483664 2147483665 2147483664 2147483665 
2147483664 2147483648 2147483663 2147483648 2147483663 2147483665 2147483665 
2147483665 2147483663 2147483664 2147483663 2147483664 
