49 2147483648 2147483649 2147483651 2147483652 2147483653 2147483654 
50 
51 
52 2147483648 2147483649 2147483651 2147483652 2147483653 2147483654 
53 2147483648 2147483649 2147483651 2147483652 2147483653 2147483654 2147483655 2147483660 
54 2147483648 2147483649 2147483651 2147483652 2147483653 2147483654 
57 2147483648 2147483649 2147483651 2147483652 2147483653 2147483654 2147483655 2147483660 
127 2147483648 2147483649 2147483651 2147483652 2147483653 2147483654 
128 2147483648 2147483649 2147483651 2147483652 2147483653 2147483654 
129 2147483648 2147483649 2147483651 2147483652 2147483653 2147483654 
130 2147483648 2147483649 2147483651 2147483652 2147483653 2147483654 
131 
132 
133 
134 
2147483648 2147483649 2147483651 2147483652 2147483653 2147483654 2147483660 49 53 57 52 54 127 128 129 130 2147483649 2147483651 2147483652 2147483653 2147483654 2147483660 
2147483649 2147483648 2147483648 2147483651 2147483660 49 53 52 54 57 127 128 129 130 2147483651 2147483660 
2147483651 2147483648 2147483649 2147483648 2147483649 2147483652 2147483653 2147483654 2147483655 2147483660 53 57 49 52 54 127 128 129 130 2147483652 2147483653 2147483654 2147483655 2147483660 
2147483652 2147483648 2147483651 2147483648 2147483651 2147483653 2147483654 2147483655 54 57 49 52 53 127 128 129 130 2147483653 2147483654 2147483655 
2147483653 2147483648 2147483651 2147483652 2147483648 2147483651 2147483652 2147483654 2147483655 52 54 49 57 53 127 128 129 130 2147483654 2147483655 
2147483654 2147483648 2147483651 2147483652 2147483653 2147483648 2147483651 2147483652 2147483653 2147483655 52 127 49 54 57 53 128 129 130 2147483655 
2147483655 2147483651 2147483652 2147483653 2147483654 2147483651 2147483652 2147483653 2147483654 57 53 
2147483660 2147483648 2147483649 2147483651 2147483648 2147483649 2147483651 57 53 
2147483662 
