2 
5 
8 
11 
18 
19 
22 2147483668 2147483673 2147483688 2147483713 
23 
24 
25 2147483668 2147483673 2147483688 2147483689 2147483713 
26 2147483668 2147483673 2147483688 2147483689 2147483713 
27 2147483668 2147483673 2147483688 2147483689 2147483713 
32 2147483668 2147483673 2147483688 2147483689 2147483713 
49 2147483656 2147483666 2147483667 2147483704 2147483714 
50 
51 
52 2147483656 2147483666 2147483667 2147483686 2147483704 2147483714 
53 2147483656 2147483666 2147483667 2147483682 2147483684 2147483686 2147483691 2147483693 2147483699 2147483700 2147483702 2147483704 2147483705 2147483706 2147483708 2147483709 2147483714 
54 2147483656 2147483666 2147483667 2147483686 2147483700 2147483704 2147483706 2147483709 2147483714 
57 2147483656 2147483666 2147483667 2147483686 2147483700 2147483704 2147483706 2147483709 2147483714 
61 
127 2147483656 2147483666 2147483667 2147483686 2147483704 2147483714 
128 2147483656 2147483666 2147483667 2147483686 2147483704 2147483714 
129 2147483656 2147483666 2147483667 2147483704 2147483714 
130 2147483656 2147483666 2147483667 2147483704 2147483714 
131 
132 
133 
134 
247 
248 
249 
250 
251 
252 
253 
254 
263 2147483668 2147483673 2147483688 2147483689 2147483713 
264 2147483668 2147483673 2147483688 2147483713 
265 2147483668 2147483673 2147483688 2147483713 
266 2147483668 2147483673 2147483688 2147483713 
267 
268 
269 
270 
2147483648 2147483649 2147483666 2147483667 2147483668 2147483671 2147483672 2147483673 2147483713 2147483714 2147483649 2147483666 2147483667 2147483668 2147483671 2147483672 2147483673 2147483713 2147483714 
2147483649 2147483648 2147483648 2147483666 2147483667 2147483668 2147483671 2147483672 2147483673 2147483713 2147483714 2147483666 2147483667 2147483668 2147483671 2147483672 2147483673 2147483713 2147483714 
2147483656 2147483661 2147483662 2147483663 2147483666 2147483688 2147483691 2147483692 2147483693 2147483699 2147483700 2147483703 2147483704 2147483705 2147483706 2147483708 2147483709 2147483714 2147483715 2147483716 53 49 54 52 57 127 128 129 130 2147483661 2147483662 2147483663 2147483666 2147483688 2147483691 2147483692 2147483693 2147483699 2147483700 2147483703 2147483704 2147483705 2147483706 2147483708 2147483709 2147483714 2147483715 2147483716 
2147483661 2147483656 2147483656 2147483666 2147483714 2147483666 2147483714 
2147483662 2147483656 2147483656 2147483663 2147483666 2147483714 2147483716 2147483663 2147483666 2147483714 2147483716 
2147483663 2147483656 2147483662 2147483656 2147483662 2147483666 2147483714 2147483666 2147483714 
2147483666 2147483648 2147483649 2147483656 2147483661 2147483662 2147483663 2147483648 2147483649 2147483656 2147483661 2147483662 2147483663 2147483667 2147483668 2147483671 2147483672 2147483673 2147483681 2147483682 2147483683 2147483684 2147483685 2147483686 2147483688 2147483689 2147483691 2147483692 2147483693 2147483699 2147483700 2147483702 2147483703 2147483704 2147483705 2147483706 2147483708 2147483709 2147483713 2147483714 2147483715 2147483716 53 49 52 54 57 127 128 129 130 2147483667 2147483668 2147483671 2147483672 2147483673 2147483681 2147483682 2147483683 2147483684 2147483685 2147483686 2147483688 2147483689 2147483691 2147483692 2147483693 2147483699 2147483700 2147483702 2147483703 2147483704 2147483705 2147483706 2147483708 2147483709 2147483713 2147483714 2147483715 2147483716 
2147483667 2147483648 2147483649 2147483666 2147483648 2147483649 2147483666 2147483668 2147483671 2147483672 2147483673 2147483681 2147483682 2147483683 2147483684 2147483685 2147483686 2147483688 2147483689 2147483713 2147483714 57 54 49 52 53 127 128 129 130 2147483668 2147483671 2147483672 2147483673 2147483681 2147483682 2147483683 2147483684 2147483685 2147483686 2147483688 2147483689 2147483713 2147483714 
2147483668 2147483648 2147483649 2147483666 2147483667 2147483648 2147483649 2147483666 2147483667 2147483671 2147483672 2147483673 2147483681 2147483682 2147483683 2147483684 2147483685 2147483686 2147483688 2147483689 2147483713 2147483714 27 25 22 32 26 263 264 265 266 2147483671 2147483672 2147483673 2147483681 2147483682 2147483683 2147483684 2147483685 2147483686 2147483688 2147483689 2147483713 2147483714 
2147483671 2147483648 2147483649 2147483666 2147483667 2147483668 2147483648 2147483649 2147483666 2147483667 2147483668 2147483672 2147483713 2147483714 2147483672 2147483713 2147483714 
2147483672 2147483648 2147483649 2147483666 2147483667 2147483668 2147483671 2147483648 2147483649 2147483666 2147483667 2147483668 2147483671 2147483713 2147483714 2147483713 2147483714 
2147483673 2147483648 2147483649 2147483666 2147483667 2147483668 2147483648 2147483649 2147483666 2147483667 2147483668 2147483681 2147483682 2147483683 2147483684 2147483685 2147483686 2147483688 2147483713 2147483714 22 25 27 32 26 263 264 265 266 2147483681 2147483682 2147483683 2147483684 2147483685 2147483686 2147483688 2147483713 2147483714 
2147483681 2147483666 2147483667 2147483668 2147483673 2147483666 2147483667 2147483668 2147483673 2147483682 2147483713 2147483714 2147483682 2147483713 2147483714 
2147483682 2147483666 2147483667 2147483668 2147483673 2147483681 2147483666 2147483667 2147483668 2147483673 2147483681 2147483713 2147483714 53 2147483713 2147483714 
2147483683 2147483666 2147483667 2147483668 2147483673 2147483666 2147483667 2147483668 2147483673 2147483684 2147483685 2147483686 2147483713 2147483714 2147483684 2147483685 2147483686 2147483713 2147483714 
2147483684 2147483666 2147483667 2147483668 2147483673 2147483683 2147483666 2147483667 2147483668 2147483673 2147483683 2147483685 2147483686 2147483688 2147483689 2147483713 2147483714 53 2147483685 2147483686 2147483688 2147483689 2147483713 2147483714 
2147483685 2147483666 2147483667 2147483668 2147483673 2147483683 2147483684 2147483666 2147483667 2147483668 2147483673 2147483683 2147483684 2147483686 2147483688 2147483689 2147483713 2147483714 2147483686 2147483688 2147483689 2147483713 2147483714 
2147483686 2147483666 2147483667 2147483668 2147483673 2147483683 2147483684 2147483685 2147483666 2147483667 2147483668 2147483673 2147483683 2147483684 2147483685 2147483688 2147483689 2147483713 2147483714 52 54 57 53 127 128 2147483688 2147483689 2147483713 2147483714 
2147483688 2147483656 2147483666 2147483667 2147483668 2147483673 2147483684 2147483685 2147483686 2147483656 2147483666 2147483667 2147483668 2147483673 2147483684 2147483685 2147483686 2147483689 2147483691 2147483692 2147483714 263 22 25 27 32 26 264 265 266 2147483689 2147483691 2147483692 2147483714 
2147483689 2147483666 2147483667 2147483668 2147483684 2147483685 2147483686 2147483688 2147483666 2147483667 2147483668 2147483684 2147483685 2147483686 2147483688 2147483714 25 27 32 26 263 2147483714 
2147483691 2147483656 2147483666 2147483688 2147483656 2147483666 2147483688 2147483714 53 2147483714 
2147483692 2147483656 2147483666 2147483688 2147483656 2147483666 2147483688 2147483714 2147483714 
2147483693 2147483656 2147483666 2147483656 2147483666 2147483714 53 2147483714 
2147483699 2147483656 2147483666 2147483656 2147483666 2147483714 53 2147483714 
2147483700 2147483656 2147483666 2147483656 2147483666 2147483714 54 57 53 2147483714 
2147483702 2147483666 2147483666 53 
2147483703 2147483656 2147483666 2147483656 2147483666 2147483714 2147483715 2147483714 2147483715 
2147483704 2147483656 2147483666 2147483656 2147483666 2147483705 2147483706 2147483714 53 54 49 52 57 127 128 129 130 2147483705 2147483706 2147483714 
2147483705 2147483656 2147483666 2147483704 2147483656 2147483666 2147483704 2147483714 53 2147483714 
2147483706 2147483656 2147483666 2147483704 2147483656 2147483666 2147483704 2147483714 54 57 53 2147483714 
2147483708 2147483656 2147483666 2147483656 2147483666 2147483714 53 2147483714 
2147483709 2147483656 2147483666 2147483656 2147483666 2147483714 54 57 53 2147483714 
2147483713 2147483648 2147483649 2147483666 2147483667 2147483668 2147483671 2147483672 2147483673 2147483681 2147483682 2147483683 2147483684 2147483685 2147483686 2147483648 2147483649 2147483666 2147483667 2147483668 2147483671 2147483672 2147483673 2147483681 2147483682 2147483683 2147483684 2147483685 2147483686 2147483714 22 25 27 32 26 263 264 265 266 2147483714 
2147483714 2147483648 2147483649 2147483656 2147483661 2147483662 2147483663 2147483666 2147483667 2147483668 2147483671 2147483672 2147483673 2147483681 2147483682 2147483683 2147483684 2147483685 2147483686 2147483688 2147483689 2147483691 2147483692 2147483693 2147483699 2147483700 2147483703 2147483704 2147483705 2147483706 2147483708 2147483709 2147483713 2147483648 2147483649 2147483656 2147483661 2147483662 2147483663 2147483666 2147483667 2147483668 2147483671 2147483672 2147483673 2147483681 2147483682 2147483683 2147483684 2147483685 2147483686 2147483688 2147483689 2147483691 2147483692 2147483693 2147483699 2147483700 2147483703 2147483704 2147483705 2147483706 2147483708 2147483709 2147483713 2147483715 2147483716 57 53 49 52 54 127 128 129 130 2147483715 2147483716 
2147483715 2147483656 2147483666 2147483703 2147483714 2147483656 2147483666 2147483703 2147483714 
2147483716 2147483656 2147483662 2147483666 2147483714 2147483656 2147483662 2147483666 2147483714 
