2 
5 
8 
11 
18 
19 
22 2147483667 2147483775 
23 
24 
25 2147483667 
26 2147483667 2147483766 2147483773 
27 2147483667 2147483775 
32 2147483667 
49 2147483648 2147483649 2147483665 2147483685 2147483697 2147483711 2147483785 2147483825 2147483827 2147483828 2147483829 2147483830 
50 
51 
52 2147483648 2147483649 2147483665 2147483685 2147483697 2147483711 2147483785 2147483825 2147483827 2147483828 2147483829 2147483830 
53 2147483648 2147483649 2147483665 2147483685 2147483697 2147483711 2147483732 2147483735 2147483739 2147483740 2147483743 2147483744 2147483746 2147483753 2147483761 2147483768 2147483785 2147483791 2147483792 2147483798 2147483810 2147483811 2147483813 2147483825 2147483827 2147483828 2147483829 2147483830 
54 2147483648 2147483649 2147483665 2147483685 2147483697 2147483711 2147483732 2147483785 2147483825 2147483827 2147483828 2147483829 2147483830 
57 2147483648 2147483649 2147483665 2147483685 2147483697 2147483711 2147483732 2147483735 2147483740 2147483744 2147483745 2147483746 2147483752 2147483753 2147483785 2147483792 2147483798 2147483811 2147483813 2147483825 2147483827 2147483828 2147483829 2147483830 
61 
127 2147483648 2147483649 2147483665 2147483685 2147483697 2147483711 2147483785 2147483825 2147483827 2147483828 2147483829 2147483830 
128 2147483648 2147483649 2147483665 2147483685 2147483697 2147483711 2147483785 2147483825 2147483827 2147483828 2147483829 2147483830 
129 2147483648 2147483649 2147483665 2147483685 2147483697 2147483711 2147483785 2147483825 2147483827 2147483828 2147483829 2147483830 
130 2147483648 2147483649 2147483665 2147483685 2147483697 2147483711 2147483785 2147483825 2147483827 2147483828 2147483829 2147483830 
131 
132 
133 
134 
151 
152 
153 
154 
155 
156 
157 
158 
159 
160 
161 
162 
163 
164 
165 
166 
247 
248 
249 
250 
251 
252 
253 
254 
263 2147483667 
264 2147483667 
265 2147483667 
266 2147483667 
267 
268 
269 
270 
2147483648 2147483649 2147483665 2147483666 2147483667 2147483668 2147483711 2147483727 2147483732 2147483733 2147483734 2147483735 2147483742 2147483743 2147483744 2147483745 2147483746 2147483752 2147483753 2147483760 2147483761 2147483766 2147483768 2147483773 2147483775 2147483785 2147483819 2147483820 2147483821 2147483822 2147483823 2147483824 57 49 52 54 53 127 128 129 130 2147483649 2147483665 2147483666 2147483667 2147483668 2147483711 2147483727 2147483732 2147483733 2147483734 2147483735 2147483742 2147483743 2147483744 2147483745 2147483746 2147483752 2147483753 2147483760 2147483761 2147483766 2147483768 2147483773 2147483775 2147483785 2147483819 2147483820 2147483821 2147483822 2147483823 2147483824 
2147483649 2147483648 2147483648 2147483665 2147483666 2147483667 2147483668 2147483711 2147483745 2147483746 2147483752 2147483753 2147483760 2147483761 2147483766 2147483768 2147483773 2147483775 2147483785 2147483819 2147483820 2147483821 2147483822 2147483823 2147483824 49 52 54 57 53 127 128 129 130 2147483665 2147483666 2147483667 2147483668 2147483711 2147483745 2147483746 2147483752 2147483753 2147483760 2147483761 2147483766 2147483768 2147483773 2147483775 2147483785 2147483819 2147483820 2147483821 2147483822 2147483823 2147483824 
2147483665 2147483648 2147483649 2147483648 2147483649 2147483666 2147483667 2147483711 2147483761 2147483766 2147483768 2147483785 2147483822 53 49 52 54 57 127 128 129 130 2147483666 2147483667 2147483711 2147483761 2147483766 2147483768 2147483785 2147483822 
2147483666 2147483648 2147483649 2147483665 2147483648 2147483649 2147483665 2147483711 2147483785 2147483822 2147483711 2147483785 2147483822 
2147483667 2147483648 2147483649 2147483665 2147483648 2147483649 2147483665 2147483668 2147483711 2147483768 2147483773 2147483775 2147483785 2147483823 22 25 27 32 26 263 264 265 266 2147483668 2147483711 2147483768 2147483773 2147483775 2147483785 2147483823 
2147483668 2147483648 2147483649 2147483667 2147483648 2147483649 2147483667 2147483711 2147483785 2147483823 2147483711 2147483785 2147483823 
2147483685 2147483711 2147483802 2147483803 2147483804 2147483805 2147483806 2147483809 2147483810 2147483811 2147483825 2147483826 2147483827 49 52 54 57 53 127 128 129 130 2147483711 2147483802 2147483803 2147483804 2147483805 2147483806 2147483809 2147483810 2147483811 2147483825 2147483826 2147483827 
2147483697 2147483790 2147483791 2147483792 2147483828 2147483829 2147483830 49 52 54 57 53 127 128 129 130 2147483790 2147483791 2147483792 2147483828 2147483829 2147483830 
2147483711 2147483648 2147483649 2147483665 2147483666 2147483667 2147483668 2147483685 2147483648 2147483649 2147483665 2147483666 2147483667 2147483668 2147483685 2147483712 2147483713 2147483717 2147483723 2147483727 2147483728 2147483732 2147483733 2147483734 2147483735 2147483742 2147483743 2147483744 2147483745 2147483746 2147483752 2147483753 2147483760 2147483761 2147483766 2147483768 2147483773 2147483775 2147483785 2147483802 2147483803 2147483804 2147483805 2147483806 2147483816 2147483817 2147483819 2147483820 2147483821 2147483822 2147483823 2147483824 2147483826 2147483827 53 49 52 54 57 127 128 129 130 2147483712 2147483713 2147483717 2147483723 2147483727 2147483728 2147483732 2147483733 2147483734 2147483735 2147483742 2147483743 2147483744 2147483745 2147483746 2147483752 2147483753 2147483760 2147483761 2147483766 2147483768 2147483773 2147483775 2147483785 2147483802 2147483803 2147483804 2147483805 2147483806 2147483816 2147483817 2147483819 2147483820 2147483821 2147483822 2147483823 2147483824 2147483826 2147483827 
2147483712 2147483711 2147483711 2147483713 2147483717 2147483713 2147483717 
2147483713 2147483711 2147483712 2147483711 2147483712 2147483717 2147483717 
2147483717 2147483711 2147483712 2147483713 2147483711 2147483712 2147483713 
2147483723 2147483711 2147483711 2147483816 2147483817 2147483816 2147483817 
2147483727 2147483648 2147483711 2147483648 2147483711 2147483728 2147483728 
2147483728 2147483711 2147483727 2147483711 2147483727 
2147483732 2147483648 2147483711 2147483648 2147483711 2147483733 2147483734 2147483735 54 57 53 2147483733 2147483734 2147483735 
2147483733 2147483648 2147483711 2147483732 2147483648 2147483711 2147483732 
2147483734 2147483648 2147483711 2147483732 2147483648 2147483711 2147483732 2147483735 2147483735 
2147483735 2147483648 2147483711 2147483732 2147483734 2147483648 2147483711 2147483732 2147483734 57 53 
2147483738 2147483739 2147483740 2147483828 2147483739 2147483740 2147483828 
2147483739 2147483738 2147483738 2147483740 2147483828 53 2147483740 2147483828 
2147483740 2147483738 2147483739 2147483738 2147483739 2147483828 57 53 2147483828 
2147483742 2147483648 2147483711 2147483648 2147483711 2147483743 2147483744 2147483743 2147483744 
2147483743 2147483648 2147483711 2147483742 2147483648 2147483711 2147483742 2147483744 53 2147483744 
2147483744 2147483648 2147483711 2147483742 2147483743 2147483648 2147483711 2147483742 2147483743 57 53 
2147483745 2147483648 2147483649 2147483711 2147483648 2147483649 2147483711 2147483746 57 2147483746 
2147483746 2147483648 2147483649 2147483711 2147483745 2147483648 2147483649 2147483711 2147483745 57 53 
2147483752 2147483648 2147483649 2147483711 2147483648 2147483649 2147483711 2147483753 2147483785 57 2147483753 2147483785 
2147483753 2147483648 2147483649 2147483711 2147483752 2147483648 2147483649 2147483711 2147483752 2147483785 57 53 2147483785 
2147483760 2147483648 2147483649 2147483711 2147483648 2147483649 2147483711 2147483785 2147483785 
2147483761 2147483648 2147483649 2147483665 2147483711 2147483648 2147483649 2147483665 2147483711 2147483785 53 2147483785 
2147483766 2147483648 2147483649 2147483665 2147483711 2147483648 2147483649 2147483665 2147483711 2147483785 2147483822 26 2147483785 2147483822 
2147483768 2147483648 2147483649 2147483665 2147483667 2147483711 2147483648 2147483649 2147483665 2147483667 2147483711 2147483785 53 2147483785 
2147483773 2147483648 2147483649 2147483667 2147483711 2147483648 2147483649 2147483667 2147483711 2147483785 2147483823 26 2147483785 2147483823 
2147483775 2147483648 2147483649 2147483667 2147483711 2147483648 2147483649 2147483667 2147483711 2147483785 22 27 2147483785 
2147483785 2147483648 2147483649 2147483665 2147483666 2147483667 2147483668 2147483711 2147483752 2147483753 2147483760 2147483761 2147483766 2147483768 2147483773 2147483775 2147483648 2147483649 2147483665 2147483666 2147483667 2147483668 2147483711 2147483752 2147483753 2147483760 2147483761 2147483766 2147483768 2147483773 2147483775 2147483819 2147483820 2147483821 2147483822 2147483823 2147483824 57 49 52 54 53 127 128 129 130 2147483819 2147483820 2147483821 2147483822 2147483823 2147483824 
2147483790 2147483697 2147483697 2147483791 2147483792 2147483828 2147483829 2147483830 2147483791 2147483792 2147483828 2147483829 2147483830 
2147483791 2147483697 2147483790 2147483697 2147483790 2147483792 2147483828 2147483829 2147483830 53 2147483792 2147483828 2147483829 2147483830 
2147483792 2147483697 2147483790 2147483791 2147483697 2147483790 2147483791 2147483828 2147483829 2147483830 57 53 2147483828 2147483829 2147483830 
2147483797 2147483798 2147483828 2147483830 2147483798 2147483828 2147483830 
2147483798 2147483797 2147483797 2147483828 2147483830 57 53 2147483828 2147483830 
2147483802 2147483685 2147483711 2147483685 2147483711 2147483803 2147483804 2147483805 2147483806 2147483826 2147483827 2147483803 2147483804 2147483805 2147483806 2147483826 2147483827 
2147483803 2147483685 2147483711 2147483802 2147483685 2147483711 2147483802 2147483826 2147483827 2147483826 2147483827 
2147483804 2147483685 2147483711 2147483802 2147483685 2147483711 2147483802 2147483826 2147483827 2147483826 2147483827 
2147483805 2147483685 2147483711 2147483802 2147483685 2147483711 2147483802 2147483826 2147483827 2147483826 2147483827 
2147483806 2147483685 2147483711 2147483802 2147483685 2147483711 2147483802 2147483826 2147483827 2147483826 2147483827 
2147483809 2147483685 2147483685 2147483810 2147483811 2147483825 2147483827 2147483810 2147483811 2147483825 2147483827 
2147483810 2147483685 2147483809 2147483685 2147483809 2147483811 2147483825 2147483827 53 2147483811 2147483825 2147483827 
2147483811 2147483685 2147483809 2147483810 2147483685 2147483809 2147483810 2147483825 2147483827 57 53 2147483825 2147483827 
2147483813 2147483826 2147483827 57 53 2147483826 2147483827 
2147483816 2147483711 2147483723 2147483711 2147483723 2147483817 2147483817 
2147483817 2147483711 2147483723 2147483816 2147483711 2147483723 2147483816 
2147483819 2147483648 2147483649 2147483711 2147483785 2147483648 2147483649 2147483711 2147483785 
2147483820 2147483648 2147483649 2147483711 2147483785 2147483648 2147483649 2147483711 2147483785 2147483821 2147483821 
2147483821 2147483648 2147483649 2147483711 2147483785 2147483820 2147483648 2147483649 2147483711 2147483785 2147483820 
2147483822 2147483648 2147483649 2147483665 2147483666 2147483711 2147483766 2147483785 2147483648 2147483649 2147483665 2147483666 2147483711 2147483766 2147483785 
2147483823 2147483648 2147483649 2147483667 2147483668 2147483711 2147483773 2147483785 2147483648 2147483649 2147483667 2147483668 2147483711 2147483773 2147483785 
2147483824 2147483648 2147483649 2147483711 2147483785 2147483648 2147483649 2147483711 2147483785 
2147483825 2147483685 2147483809 2147483810 2147483811 2147483685 2147483809 2147483810 2147483811 2147483827 49 52 54 57 53 127 128 129 130 2147483827 
2147483826 2147483685 2147483711 2147483802 2147483803 2147483804 2147483805 2147483806 2147483813 2147483685 2147483711 2147483802 2147483803 2147483804 2147483805 2147483806 2147483813 2147483827 2147483827 
2147483827 2147483685 2147483711 2147483802 2147483803 2147483804 2147483805 2147483806 2147483809 2147483810 2147483811 2147483813 2147483825 2147483826 2147483685 2147483711 2147483802 2147483803 2147483804 2147483805 2147483806 2147483809 2147483810 2147483811 2147483813 2147483825 2147483826 57 49 52 54 53 127 128 129 130 
2147483828 2147483697 2147483738 2147483739 2147483740 2147483790 2147483791 2147483792 2147483797 2147483798 2147483697 2147483738 2147483739 2147483740 2147483790 2147483791 2147483792 2147483797 2147483798 2147483829 2147483830 49 53 52 54 57 127 128 129 130 2147483829 2147483830 
2147483829 2147483697 2147483790 2147483791 2147483792 2147483828 2147483697 2147483790 2147483791 2147483792 2147483828 2147483830 49 52 54 57 53 127 128 129 130 2147483830 
2147483830 2147483697 2147483790 2147483791 2147483792 2147483797 2147483798 2147483828 2147483829 2147483697 2147483790 2147483791 2147483792 2147483797 2147483798 2147483828 2147483829 57 49 52 54 53 127 128 129 130 
2147483832 
