2 
5 
8 
11 
18 
19 
22 2147483654 2147483656 
23 
24 
25 2147483654 2147483656 
26 2147483654 2147483656 2147483661 
27 2147483654 2147483656 
32 2147483654 2147483656 2147483661 
49 2147483648 2147483652 2147483653 2147483658 2147483659 2147483706 
50 
51 
52 2147483648 2147483652 2147483653 2147483658 2147483659 2147483663 2147483706 
53 2147483648 2147483652 2147483653 2147483658 2147483659 2147483662 2147483663 2147483669 2147483670 2147483674 2147483678 2147483688 2147483692 2147483696 2147483706 
54 2147483648 2147483652 2147483653 2147483658 2147483659 2147483662 2147483663 2147483670 2147483706 
57 2147483648 2147483652 2147483653 2147483658 2147483659 2147483662 2147483663 2147483669 2147483670 2147483706 
61 
127 2147483648 2147483652 2147483653 2147483658 2147483659 2147483706 
128 2147483648 2147483652 2147483653 2147483658 2147483659 2147483706 
129 2147483648 2147483652 2147483653 2147483658 2147483659 2147483706 
130 2147483648 2147483652 2147483653 2147483658 2147483659 2147483706 
131 
132 
133 
134 
247 
248 
249 
250 
251 
252 
253 
254 
263 2147483654 2147483656 
264 2147483654 2147483656 
265 2147483654 2147483656 
266 2147483654 2147483656 
267 
268 
269 
270 
2147483648 2147483658 2147483659 2147483660 2147483661 2147483662 2147483663 2147483664 2147483665 2147483667 2147483668 2147483669 2147483670 2147483671 2147483706 49 52 54 57 53 127 128 129 130 2147483658 2147483659 2147483660 2147483661 2147483662 2147483663 2147483664 2147483665 2147483667 2147483668 2147483669 2147483670 2147483671 2147483706 
2147483652 2147483653 2147483654 2147483655 2147483658 2147483672 2147483673 2147483674 2147483676 2147483677 2147483678 2147483679 2147483680 2147483681 2147483682 2147483683 2147483684 2147483685 2147483686 2147483687 49 52 54 57 53 127 128 129 130 2147483653 2147483654 2147483655 2147483658 2147483672 2147483673 2147483674 2147483676 2147483677 2147483678 2147483679 2147483680 2147483681 2147483682 2147483683 2147483684 2147483685 2147483686 2147483687 
2147483653 2147483652 2147483652 2147483654 2147483655 2147483656 2147483657 2147483658 2147483672 2147483673 2147483674 2147483676 2147483677 2147483678 2147483679 2147483680 2147483681 2147483682 2147483683 2147483684 2147483685 2147483686 2147483687 2147483688 2147483689 2147483690 2147483691 2147483692 2147483694 2147483695 2147483696 2147483697 2147483698 2147483699 2147483700 2147483701 2147483702 2147483703 2147483704 2147483705 49 52 54 57 53 127 128 129 130 2147483654 2147483655 2147483656 2147483657 2147483658 2147483672 2147483673 2147483674 2147483676 2147483677 2147483678 2147483679 2147483680 2147483681 2147483682 2147483683 2147483684 2147483685 2147483686 2147483687 2147483688 2147483689 2147483690 2147483691 2147483692 2147483694 2147483695 2147483696 2147483697 2147483698 2147483699 2147483700 2147483701 2147483702 2147483703 2147483704 2147483705 
2147483654 2147483652 2147483653 2147483652 2147483653 2147483655 2147483658 2147483673 2147483674 22 25 27 32 26 263 264 265 266 2147483655 2147483658 2147483673 2147483674 
2147483655 2147483652 2147483653 2147483654 2147483652 2147483653 2147483654 2147483658 2147483676 2147483677 2147483678 2147483658 2147483676 2147483677 2147483678 
2147483656 2147483653 2147483653 2147483657 2147483658 2147483691 2147483692 22 25 27 32 26 263 264 265 266 2147483657 2147483658 2147483691 2147483692 
2147483657 2147483653 2147483656 2147483653 2147483656 2147483658 2147483694 2147483695 2147483696 2147483658 2147483694 2147483695 2147483696 
2147483658 2147483648 2147483652 2147483653 2147483654 2147483655 2147483656 2147483657 2147483648 2147483652 2147483653 2147483654 2147483655 2147483656 2147483657 2147483659 2147483660 2147483661 2147483662 2147483663 2147483664 2147483665 2147483667 2147483668 2147483669 2147483670 2147483671 2147483672 2147483673 2147483674 2147483676 2147483677 2147483678 2147483679 2147483680 2147483681 2147483682 2147483683 2147483684 2147483685 2147483686 2147483687 2147483688 2147483689 2147483690 2147483691 2147483692 2147483694 2147483695 2147483696 2147483697 2147483698 2147483699 2147483700 2147483701 2147483702 2147483703 2147483704 2147483705 2147483706 53 49 52 54 57 127 128 129 130 2147483659 2147483660 2147483661 2147483662 2147483663 2147483664 2147483665 2147483667 2147483668 2147483669 2147483670 2147483671 2147483672 2147483673 2147483674 2147483676 2147483677 2147483678 2147483679 2147483680 2147483681 2147483682 2147483683 2147483684 2147483685 2147483686 2147483687 2147483688 2147483689 2147483690 2147483691 2147483692 2147483694 2147483695 2147483696 2147483697 2147483698 2147483699 2147483700 2147483701 2147483702 2147483703 2147483704 2147483705 2147483706 
2147483659 2147483648 2147483658 2147483648 2147483658 2147483660 2147483661 2147483662 2147483663 2147483664 2147483665 2147483667 2147483668 2147483669 2147483670 2147483671 2147483706 57 49 52 54 53 127 128 129 130 2147483660 2147483661 2147483662 2147483663 2147483664 2147483665 2147483667 2147483668 2147483669 2147483670 2147483671 2147483706 
2147483660 2147483648 2147483658 2147483659 2147483648 2147483658 2147483659 2147483661 2147483662 2147483663 2147483661 2147483662 2147483663 
2147483661 2147483648 2147483658 2147483659 2147483660 2147483648 2147483658 2147483659 2147483660 2147483662 2147483663 32 26 2147483662 2147483663 
2147483662 2147483648 2147483658 2147483659 2147483660 2147483661 2147483648 2147483658 2147483659 2147483660 2147483661 2147483663 54 57 53 2147483663 
2147483663 2147483648 2147483658 2147483659 2147483660 2147483661 2147483662 2147483648 2147483658 2147483659 2147483660 2147483661 2147483662 52 54 57 53 
2147483664 2147483648 2147483658 2147483659 2147483648 2147483658 2147483659 2147483665 2147483665 
2147483665 2147483648 2147483658 2147483659 2147483664 2147483648 2147483658 2147483659 2147483664 2147483667 2147483667 
2147483667 2147483648 2147483658 2147483659 2147483665 2147483648 2147483658 2147483659 2147483665 
2147483668 2147483648 2147483658 2147483659 2147483648 2147483658 2147483659 2147483669 2147483670 2147483706 2147483669 2147483670 2147483706 
2147483669 2147483648 2147483658 2147483659 2147483668 2147483648 2147483658 2147483659 2147483668 2147483670 2147483706 57 53 2147483670 2147483706 
2147483670 2147483648 2147483658 2147483659 2147483668 2147483669 2147483648 2147483658 2147483659 2147483668 2147483669 2147483706 54 57 53 2147483706 
2147483671 2147483648 2147483658 2147483659 2147483648 2147483658 2147483659 2147483706 2147483706 
2147483672 2147483652 2147483653 2147483658 2147483652 2147483653 2147483658 
2147483673 2147483652 2147483653 2147483654 2147483658 2147483652 2147483653 2147483654 2147483658 2147483674 2147483674 
2147483674 2147483652 2147483653 2147483654 2147483658 2147483673 2147483652 2147483653 2147483654 2147483658 2147483673 53 
2147483676 2147483652 2147483653 2147483655 2147483658 2147483652 2147483653 2147483655 2147483658 
2147483677 2147483652 2147483653 2147483655 2147483658 2147483652 2147483653 2147483655 2147483658 
2147483678 2147483652 2147483653 2147483655 2147483658 2147483652 2147483653 2147483655 2147483658 53 
2147483679 2147483652 2147483653 2147483658 2147483652 2147483653 2147483658 
2147483680 2147483652 2147483653 2147483658 2147483652 2147483653 2147483658 2147483681 2147483682 2147483683 2147483684 2147483685 2147483686 2147483681 2147483682 2147483683 2147483684 2147483685 2147483686 
2147483681 2147483652 2147483653 2147483658 2147483680 2147483652 2147483653 2147483658 2147483680 
2147483682 2147483652 2147483653 2147483658 2147483680 2147483652 2147483653 2147483658 2147483680 
2147483683 2147483652 2147483653 2147483658 2147483680 2147483652 2147483653 2147483658 2147483680 
2147483684 2147483652 2147483653 2147483658 2147483680 2147483652 2147483653 2147483658 2147483680 
2147483685 2147483652 2147483653 2147483658 2147483680 2147483652 2147483653 2147483658 2147483680 
2147483686 2147483652 2147483653 2147483658 2147483680 2147483652 2147483653 2147483658 2147483680 
2147483687 2147483652 2147483653 2147483658 2147483652 2147483653 2147483658 
2147483688 2147483653 2147483658 2147483653 2147483658 53 
2147483689 2147483653 2147483658 2147483653 2147483658 2147483690 2147483690 
2147483690 2147483653 2147483658 2147483689 2147483653 2147483658 2147483689 
2147483691 2147483653 2147483656 2147483658 2147483653 2147483656 2147483658 2147483692 2147483692 
2147483692 2147483653 2147483656 2147483658 2147483691 2147483653 2147483656 2147483658 2147483691 53 
2147483694 2147483653 2147483657 2147483658 2147483653 2147483657 2147483658 
2147483695 2147483653 2147483657 2147483658 2147483653 2147483657 2147483658 
2147483696 2147483653 2147483657 2147483658 2147483653 2147483657 2147483658 53 
2147483697 2147483653 2147483658 2147483653 2147483658 
2147483698 2147483653 2147483658 2147483653 2147483658 2147483699 2147483700 2147483701 2147483702 2147483703 2147483704 2147483699 2147483700 2147483701 2147483702 2147483703 2147483704 
2147483699 2147483653 2147483658 2147483698 2147483653 2147483658 2147483698 
2147483700 2147483653 2147483658 2147483698 2147483653 2147483658 2147483698 
2147483701 2147483653 2147483658 2147483698 2147483653 2147483658 2147483698 
2147483702 2147483653 2147483658 2147483698 2147483653 2147483658 2147483698 
2147483703 2147483653 2147483658 2147483698 2147483653 2147483658 2147483698 
2147483704 2147483653 2147483658 2147483698 2147483653 2147483658 2147483698 
2147483705 2147483653 2147483658 2147483653 2147483658 
2147483706 2147483648 2147483658 2147483659 2147483668 2147483669 2147483670 2147483671 2147483648 2147483658 2147483659 2147483668 2147483669 2147483670 2147483671 49 52 54 57 53 127 128 129 130 
