22 
23 
24 
25 
26 
27 
32 
49 2147483651 2147483657 2147483661 2147483673 
50 
51 
52 2147483651 2147483657 2147483661 2147483673 
53 2147483651 2147483657 2147483661 2147483668 2147483671 2147483673 
54 2147483651 2147483657 2147483661 2147483673 
57 2147483651 2147483657 2147483661 2147483671 2147483673 
127 2147483651 2147483657 2147483661 2147483673 
128 2147483651 2147483657 2147483661 2147483673 
129 2147483651 2147483657 2147483661 2147483673 
130 2147483651 2147483657 2147483661 2147483673 
131 
132 
133 
134 
263 
264 
265 
266 
267 
268 
269 
270 
2147483651 2147483657 2147483661 2147483673 2147483674 53 49 52 54 57 127 128 129 130 2147483657 2147483661 2147483673 2147483674 
2147483657 2147483651 2147483651 2147483660 2147483666 2147483668 2147483673 2147483674 53 49 52 54 57 127 128 129 130 2147483660 2147483666 2147483668 2147483673 2147483674 
2147483660 2147483657 2147483657 2147483673 2147483674 2147483673 2147483674 
2147483661 2147483651 2147483651 49 53 52 54 57 127 128 129 130 
2147483663 
2147483666 2147483657 2147483657 2147483673 2147483674 2147483673 2147483674 
2147483668 2147483657 2147483657 2147483669 2147483670 2147483671 53 2147483669 2147483670 2147483671 
2147483669 2147483668 2147483668 2147483670 2147483671 2147483670 2147483671 
2147483670 2147483668 2147483669 2147483668 2147483669 
2147483671 2147483668 2147483669 2147483668 2147483669 57 53 
2147483673 2147483651 2147483657 2147483660 2147483666 2147483651 2147483657 2147483660 2147483666 2147483674 49 52 54 57 53 127 128 129 130 2147483674 
2147483674 2147483651 2147483657 2147483660 2147483666 2147483673 2147483651 2147483657 2147483660 2147483666 2147483673 
