3 
6 
9 
13 
16 
21 
22 2147483651 2147483667 2147483697 2147483708 2147483792 
23 
24 
25 2147483651 2147483667 2147483697 2147483708 2147483792 
26 2147483651 2147483667 2147483697 2147483708 2147483786 2147483792 
27 2147483651 2147483667 2147483697 2147483708 2147483792 
32 2147483651 2147483667 2147483697 2147483708 2147483792 
49 2147483648 2147483649 2147483650 2147483666 2147483671 2147483700 2147483701 2147483702 2147483703 2147483782 2147483855 2147483864 2147483865 
50 
51 
52 2147483648 2147483649 2147483650 2147483666 2147483671 2147483700 2147483701 2147483702 2147483703 2147483743 2147483756 2147483782 2147483840 2147483855 2147483864 2147483865 
53 2147483648 2147483649 2147483650 2147483666 2147483671 2147483700 2147483701 2147483702 2147483703 2147483707 2147483724 2147483729 2147483741 2147483742 2147483743 2147483746 2147483754 2147483755 2147483756 2147483759 2147483779 2147483782 2147483783 2147483785 2147483787 2147483812 2147483821 2147483825 2147483838 2147483839 2147483840 2147483843 2147483854 2147483855 2147483864 2147483865 
54 2147483648 2147483649 2147483650 2147483666 2147483671 2147483700 2147483701 2147483702 2147483703 2147483742 2147483743 2147483745 2147483746 2147483755 2147483756 2147483758 2147483759 2147483782 2147483809 2147483839 2147483840 2147483842 2147483843 2147483855 2147483864 2147483865 
57 2147483648 2147483649 2147483650 2147483666 2147483671 2147483700 2147483701 2147483702 2147483703 2147483707 2147483742 2147483743 2147483746 2147483755 2147483756 2147483759 2147483779 2147483782 2147483785 2147483787 2147483839 2147483840 2147483843 2147483854 2147483855 2147483864 2147483865 
59 
127 2147483648 2147483649 2147483650 2147483666 2147483671 2147483700 2147483701 2147483702 2147483703 2147483782 2147483855 2147483864 2147483865 
128 2147483648 2147483649 2147483650 2147483666 2147483671 2147483700 2147483701 2147483702 2147483703 2147483782 2147483855 2147483864 2147483865 
129 2147483648 2147483649 2147483650 2147483666 2147483671 2147483700 2147483701 2147483702 2147483703 2147483782 2147483855 2147483864 2147483865 
130 2147483648 2147483649 2147483650 2147483666 2147483671 2147483700 2147483701 2147483702 2147483703 2147483782 2147483855 2147483864 2147483865 
131 
132 
133 
134 
151 
152 
153 
154 
155 
156 
157 
158 
159 
160 
161 
162 
163 
164 
165 
166 
263 2147483651 2147483667 2147483697 2147483708 2147483792 
264 2147483651 2147483667 2147483697 2147483708 2147483792 
265 2147483651 2147483667 2147483697 2147483708 2147483792 
266 2147483651 2147483667 2147483697 2147483708 2147483792 
267 
268 
269 
270 
271 
272 
273 
274 
275 
276 
277 
278 
2147483648 2147483649 2147483650 2147483651 2147483653 2147483654 2147483655 2147483656 2147483660 2147483661 2147483663 2147483664 2147483666 2147483667 2147483671 2147483684 2147483687 2147483692 2147483696 2147483697 2147483698 2147483700 2147483701 2147483702 2147483703 2147483706 2147483707 2147483708 2147483722 2147483723 2147483724 2147483725 2147483727 2147483728 2147483729 2147483730 2147483731 2147483732 2147483733 2147483734 2147483735 2147483736 2147483737 2147483738 2147483740 2147483741 2147483742 2147483743 2147483745 2147483746 2147483747 2147483749 2147483768 2147483779 2147483782 2147483783 2147483784 2147483785 2147483786 2147483787 2147483792 2147483799 2147483809 2147483812 2147483819 2147483820 2147483821 2147483823 2147483824 2147483825 2147483826 2147483827 2147483828 2147483829 2147483830 2147483831 2147483832 2147483833 2147483834 2147483836 2147483837 2147483838 2147483839 2147483840 2147483842 2147483843 2147483844 2147483846 2147483851 2147483852 2147483853 2147483854 2147483855 2147483857 2147483858 2147483861 2147483864 2147483865 49 54 52 128 57 53 127 129 130 2147483649 2147483650 2147483651 2147483653 2147483654 2147483655 2147483656 2147483660 2147483661 2147483663 2147483664 2147483666 2147483667 2147483671 2147483684 2147483687 2147483692 2147483696 2147483697 2147483698 2147483700 2147483701 2147483702 2147483703 2147483706 2147483707 2147483708 2147483722 2147483723 2147483724 2147483725 2147483727 2147483728 2147483729 2147483730 2147483731 2147483732 2147483733 2147483734 2147483735 2147483736 2147483737 2147483738 2147483740 2147483741 2147483742 2147483743 2147483745 2147483746 2147483747 2147483749 2147483768 2147483779 2147483782 2147483783 2147483784 2147483785 2147483786 2147483787 2147483792 2147483799 2147483809 2147483812 2147483819 2147483820 2147483821 2147483823 2147483824 2147483825 2147483826 2147483827 2147483828 2147483829 2147483830 2147483831 2147483832 2147483833 2147483834 2147483836 2147483837 2147483838 2147483839 2147483840 2147483842 2147483843 2147483844 2147483846 2147483851 2147483852 2147483853 2147483854 2147483855 2147483857 2147483858 2147483861 2147483864 2147483865 
2147483649 2147483648 2147483648 2147483650 2147483651 2147483653 2147483654 2147483655 2147483656 2147483660 2147483661 2147483663 2147483664 2147483666 2147483667 2147483671 2147483684 2147483687 2147483692 2147483696 2147483697 2147483698 2147483700 2147483701 2147483702 2147483703 2147483706 2147483707 2147483708 2147483722 2147483723 2147483724 2147483725 2147483727 2147483728 2147483729 2147483730 2147483731 2147483732 2147483733 2147483734 2147483735 2147483736 2147483737 2147483738 2147483768 2147483779 2147483782 2147483783 2147483784 2147483785 2147483786 2147483787 2147483792 2147483799 2147483809 2147483812 2147483819 2147483820 2147483821 2147483823 2147483824 2147483825 2147483826 2147483827 2147483828 2147483829 2147483830 2147483831 2147483832 2147483833 2147483834 2147483851 2147483852 2147483853 2147483854 2147483855 2147483857 2147483858 2147483861 2147483864 2147483865 127 49 52 54 57 53 128 129 130 2147483650 2147483651 2147483653 2147483654 2147483655 2147483656 2147483660 2147483661 2147483663 2147483664 2147483666 2147483667 2147483671 2147483684 2147483687 2147483692 2147483696 2147483697 2147483698 2147483700 2147483701 2147483702 2147483703 2147483706 2147483707 2147483708 2147483722 2147483723 2147483724 2147483725 2147483727 2147483728 2147483729 2147483730 2147483731 2147483732 2147483733 2147483734 2147483735 2147483736 2147483737 2147483738 2147483768 2147483779 2147483782 2147483783 2147483784 2147483785 2147483786 2147483787 2147483792 2147483799 2147483809 2147483812 2147483819 2147483820 2147483821 2147483823 2147483824 2147483825 2147483826 2147483827 2147483828 2147483829 2147483830 2147483831 2147483832 2147483833 2147483834 2147483851 2147483852 2147483853 2147483854 2147483855 2147483857 2147483858 2147483861 2147483864 2147483865 
2147483650 2147483648 2147483649 2147483648 2147483649 2147483651 2147483653 2147483654 2147483655 2147483656 2147483660 2147483661 2147483663 2147483664 2147483666 2147483667 2147483671 2147483684 2147483687 2147483692 2147483696 2147483697 2147483698 2147483700 2147483701 2147483702 2147483703 2147483706 2147483707 2147483708 2147483722 2147483723 2147483724 2147483725 2147483727 2147483728 2147483729 2147483730 2147483731 2147483732 2147483733 2147483734 2147483735 2147483736 2147483737 2147483738 2147483768 2147483779 2147483782 2147483783 2147483784 2147483785 2147483786 2147483787 2147483792 2147483799 2147483809 2147483812 2147483819 2147483820 2147483821 2147483823 2147483824 2147483825 2147483826 2147483827 2147483828 2147483829 2147483830 2147483831 2147483832 2147483833 2147483834 2147483851 2147483852 2147483853 2147483854 2147483855 2147483857 2147483858 2147483861 2147483864 2147483865 49 52 54 57 53 127 128 129 130 2147483651 2147483653 2147483654 2147483655 2147483656 2147483660 2147483661 2147483663 2147483664 2147483666 2147483667 2147483671 2147483684 2147483687 2147483692 2147483696 2147483697 2147483698 2147483700 2147483701 2147483702 2147483703 2147483706 2147483707 2147483708 2147483722 2147483723 2147483724 2147483725 2147483727 2147483728 2147483729 2147483730 2147483731 2147483732 2147483733 2147483734 2147483735 2147483736 2147483737 2147483738 2147483768 2147483779 2147483782 2147483783 2147483784 2147483785 2147483786 2147483787 2147483792 2147483799 2147483809 2147483812 2147483819 2147483820 2147483821 2147483823 2147483824 2147483825 2147483826 2147483827 2147483828 2147483829 2147483830 2147483831 2147483832 2147483833 2147483834 2147483851 2147483852 2147483853 2147483854 2147483855 2147483857 2147483858 2147483861 2147483864 2147483865 
2147483651 2147483648 2147483649 2147483650 2147483648 2147483649 2147483650 2147483653 2147483654 2147483655 2147483656 2147483660 2147483661 2147483663 2147483664 2147483666 2147483667 2147483671 2147483684 2147483687 2147483692 2147483696 2147483697 2147483698 2147483700 2147483701 2147483702 2147483703 2147483706 2147483707 2147483708 2147483722 2147483723 2147483724 2147483725 2147483727 2147483728 2147483729 2147483730 2147483731 2147483732 2147483733 2147483734 2147483735 2147483736 2147483737 2147483738 2147483768 2147483779 2147483782 2147483783 2147483784 2147483785 2147483786 2147483787 2147483792 2147483799 2147483809 2147483812 2147483819 2147483820 2147483821 2147483851 2147483852 2147483853 2147483854 2147483855 2147483857 2147483858 2147483861 2147483864 2147483865 22 25 27 32 26 263 264 265 266 2147483653 2147483654 2147483655 2147483656 2147483660 2147483661 2147483663 2147483664 2147483666 2147483667 2147483671 2147483684 2147483687 2147483692 2147483696 2147483697 2147483698 2147483700 2147483701 2147483702 2147483703 2147483706 2147483707 2147483708 2147483722 2147483723 2147483724 2147483725 2147483727 2147483728 2147483729 2147483730 2147483731 2147483732 2147483733 2147483734 2147483735 2147483736 2147483737 2147483738 2147483768 2147483779 2147483782 2147483783 2147483784 2147483785 2147483786 2147483787 2147483792 2147483799 2147483809 2147483812 2147483819 2147483820 2147483821 2147483851 2147483852 2147483853 2147483854 2147483855 2147483857 2147483858 2147483861 2147483864 2147483865 
2147483653 2147483648 2147483649 2147483650 2147483651 2147483648 2147483649 2147483650 2147483651 2147483654 2147483655 2147483656 2147483700 2147483701 2147483703 2147483708 2147483753 2147483851 2147483855 2147483654 2147483655 2147483656 2147483700 2147483701 2147483703 2147483708 2147483753 2147483851 2147483855 
2147483654 2147483648 2147483649 2147483650 2147483651 2147483653 2147483648 2147483649 2147483650 2147483651 2147483653 2147483655 2147483700 2147483701 2147483703 2147483708 2147483855 2147483655 2147483700 2147483701 2147483703 2147483708 2147483855 
2147483655 2147483648 2147483649 2147483650 2147483651 2147483653 2147483654 2147483648 2147483649 2147483650 2147483651 2147483653 2147483654 2147483656 2147483700 2147483701 2147483703 2147483708 2147483851 2147483855 2147483656 2147483700 2147483701 2147483703 2147483708 2147483851 2147483855 
2147483656 2147483648 2147483649 2147483650 2147483651 2147483653 2147483655 2147483648 2147483649 2147483650 2147483651 2147483653 2147483655 2147483700 2147483701 2147483703 2147483708 2147483851 2147483855 2147483700 2147483701 2147483703 2147483708 2147483851 2147483855 
2147483660 2147483648 2147483649 2147483650 2147483651 2147483648 2147483649 2147483650 2147483651 2147483661 2147483663 2147483664 2147483666 2147483667 2147483700 2147483701 2147483703 2147483708 2147483722 2147483740 2147483852 2147483855 2147483661 2147483663 2147483664 2147483666 2147483667 2147483700 2147483701 2147483703 2147483708 2147483722 2147483740 2147483852 2147483855 
2147483661 2147483648 2147483649 2147483650 2147483651 2147483660 2147483648 2147483649 2147483650 2147483651 2147483660 2147483664 2147483700 2147483701 2147483703 2147483708 2147483855 2147483664 2147483700 2147483701 2147483703 2147483708 2147483855 
2147483663 2147483648 2147483649 2147483650 2147483651 2147483660 2147483648 2147483649 2147483650 2147483651 2147483660 2147483664 2147483666 2147483667 2147483700 2147483701 2147483703 2147483708 2147483852 2147483855 2147483664 2147483666 2147483667 2147483700 2147483701 2147483703 2147483708 2147483852 2147483855 
2147483664 2147483648 2147483649 2147483650 2147483651 2147483660 2147483661 2147483663 2147483648 2147483649 2147483650 2147483651 2147483660 2147483661 2147483663 2147483666 2147483667 2147483700 2147483701 2147483703 2147483708 2147483852 2147483855 2147483666 2147483667 2147483700 2147483701 2147483703 2147483708 2147483852 2147483855 
2147483666 2147483648 2147483649 2147483650 2147483651 2147483660 2147483663 2147483664 2147483648 2147483649 2147483650 2147483651 2147483660 2147483663 2147483664 2147483667 2147483700 2147483701 2147483703 2147483708 2147483722 2147483723 2147483724 2147483725 2147483727 2147483728 2147483729 2147483730 2147483731 2147483732 2147483733 2147483734 2147483735 2147483736 2147483737 2147483738 2147483792 2147483852 2147483855 49 52 54 57 53 127 128 129 130 2147483667 2147483700 2147483701 2147483703 2147483708 2147483722 2147483723 2147483724 2147483725 2147483727 2147483728 2147483729 2147483730 2147483731 2147483732 2147483733 2147483734 2147483735 2147483736 2147483737 2147483738 2147483792 2147483852 2147483855 
2147483667 2147483648 2147483649 2147483650 2147483651 2147483660 2147483663 2147483664 2147483666 2147483648 2147483649 2147483650 2147483651 2147483660 2147483663 2147483664 2147483666 2147483700 2147483701 2147483703 2147483708 2147483722 2147483723 2147483724 2147483725 2147483792 2147483852 2147483855 22 25 27 32 26 263 264 265 266 2147483700 2147483701 2147483703 2147483708 2147483722 2147483723 2147483724 2147483725 2147483792 2147483852 2147483855 
2147483671 2147483648 2147483649 2147483650 2147483651 2147483648 2147483649 2147483650 2147483651 2147483700 2147483701 2147483702 2147483703 2147483865 53 49 52 54 57 127 128 129 130 2147483700 2147483701 2147483702 2147483703 2147483865 
2147483684 2147483648 2147483649 2147483650 2147483651 2147483648 2147483649 2147483650 2147483651 2147483700 2147483701 2147483703 2147483792 2147483799 2147483855 2147483857 2147483858 2147483700 2147483701 2147483703 2147483792 2147483799 2147483855 2147483857 2147483858 
2147483687 2147483648 2147483649 2147483650 2147483651 2147483648 2147483649 2147483650 2147483651 2147483692 2147483700 2147483701 2147483703 2147483792 2147483799 2147483855 2147483861 2147483864 2147483692 2147483700 2147483701 2147483703 2147483792 2147483799 2147483855 2147483861 2147483864 
2147483692 2147483648 2147483649 2147483650 2147483651 2147483687 2147483648 2147483649 2147483650 2147483651 2147483687 2147483700 2147483701 2147483703 2147483792 2147483799 2147483855 2147483861 2147483864 2147483700 2147483701 2147483703 2147483792 2147483799 2147483855 2147483861 2147483864 
2147483696 2147483648 2147483649 2147483650 2147483651 2147483648 2147483649 2147483650 2147483651 2147483700 2147483701 2147483703 2147483792 2147483819 2147483855 2147483864 2147483700 2147483701 2147483703 2147483792 2147483819 2147483855 2147483864 
2147483697 2147483648 2147483649 2147483650 2147483651 2147483648 2147483649 2147483650 2147483651 2147483698 2147483700 2147483701 2147483703 2147483820 2147483821 2147483855 2147483864 22 25 27 32 26 263 264 265 266 2147483698 2147483700 2147483701 2147483703 2147483820 2147483821 2147483855 2147483864 
2147483698 2147483648 2147483649 2147483650 2147483651 2147483697 2147483648 2147483649 2147483650 2147483651 2147483697 2147483700 2147483701 2147483703 2147483823 2147483824 2147483825 2147483855 2147483864 2147483700 2147483701 2147483703 2147483823 2147483824 2147483825 2147483855 2147483864 
2147483700 2147483648 2147483649 2147483650 2147483651 2147483653 2147483654 2147483655 2147483656 2147483660 2147483661 2147483663 2147483664 2147483666 2147483667 2147483671 2147483684 2147483687 2147483692 2147483696 2147483697 2147483698 2147483648 2147483649 2147483650 2147483651 2147483653 2147483654 2147483655 2147483656 2147483660 2147483661 2147483663 2147483664 2147483666 2147483667 2147483671 2147483684 2147483687 2147483692 2147483696 2147483697 2147483698 2147483701 2147483702 2147483703 2147483706 2147483707 2147483708 2147483722 2147483723 2147483724 2147483725 2147483727 2147483728 2147483729 2147483730 2147483731 2147483732 2147483733 2147483734 2147483735 2147483736 2147483737 2147483738 2147483740 2147483741 2147483742 2147483743 2147483745 2147483746 2147483753 2147483754 2147483755 2147483756 2147483758 2147483759 2147483768 2147483779 2147483782 2147483783 2147483784 2147483785 2147483786 2147483787 2147483792 2147483799 2147483809 2147483812 2147483819 2147483820 2147483821 2147483823 2147483824 2147483825 2147483826 2147483827 2147483828 2147483829 2147483830 2147483831 2147483832 2147483833 2147483834 2147483836 2147483837 2147483838 2147483839 2147483840 2147483842 2147483843 2147483851 2147483852 2147483853 2147483854 2147483855 2147483857 2147483858 2147483861 2147483864 2147483865 53 49 52 54 57 127 128 129 130 2147483701 2147483702 2147483703 2147483706 2147483707 2147483708 2147483722 2147483723 2147483724 2147483725 2147483727 2147483728 2147483729 2147483730 2147483731 2147483732 2147483733 2147483734 2147483735 2147483736 2147483737 2147483738 2147483740 2147483741 2147483742 2147483743 2147483745 2147483746 2147483753 2147483754 2147483755 2147483756 2147483758 2147483759 2147483768 2147483779 2147483782 2147483783 2147483784 2147483785 2147483786 2147483787 2147483792 2147483799 2147483809 2147483812 2147483819 2147483820 2147483821 2147483823 2147483824 2147483825 2147483826 2147483827 2147483828 2147483829 2147483830 2147483831 2147483832 2147483833 2147483834 2147483836 2147483837 2147483838 2147483839 2147483840 2147483842 2147483843 2147483851 2147483852 2147483853 2147483854 2147483855 2147483857 2147483858 2147483861 2147483864 2147483865 
2147483701 2147483648 2147483649 2147483650 2147483651 2147483653 2147483654 2147483655 2147483656 2147483660 2147483661 2147483663 2147483664 2147483666 2147483667 2147483671 2147483684 2147483687 2147483692 2147483696 2147483697 2147483698 2147483700 2147483648 2147483649 2147483650 2147483651 2147483653 2147483654 2147483655 2147483656 2147483660 2147483661 2147483663 2147483664 2147483666 2147483667 2147483671 2147483684 2147483687 2147483692 2147483696 2147483697 2147483698 2147483700 2147483702 2147483703 2147483706 2147483707 2147483708 2147483722 2147483723 2147483724 2147483725 2147483727 2147483728 2147483729 2147483730 2147483731 2147483732 2147483733 2147483734 2147483735 2147483736 2147483737 2147483738 2147483740 2147483741 2147483742 2147483753 2147483754 2147483755 2147483768 2147483779 2147483782 2147483783 2147483784 2147483785 2147483786 2147483787 2147483792 2147483799 2147483809 2147483812 2147483819 2147483820 2147483821 2147483823 2147483824 2147483825 2147483826 2147483827 2147483828 2147483829 2147483830 2147483831 2147483832 2147483833 2147483834 2147483836 2147483837 2147483838 2147483839 2147483851 2147483852 2147483853 2147483854 2147483855 2147483857 2147483858 2147483861 2147483864 2147483865 57 49 52 54 53 127 128 129 130 2147483702 2147483703 2147483706 2147483707 2147483708 2147483722 2147483723 2147483724 2147483725 2147483727 2147483728 2147483729 2147483730 2147483731 2147483732 2147483733 2147483734 2147483735 2147483736 2147483737 2147483738 2147483740 2147483741 2147483742 2147483753 2147483754 2147483755 2147483768 2147483779 2147483782 2147483783 2147483784 2147483785 2147483786 2147483787 2147483792 2147483799 2147483809 2147483812 2147483819 2147483820 2147483821 2147483823 2147483824 2147483825 2147483826 2147483827 2147483828 2147483829 2147483830 2147483831 2147483832 2147483833 2147483834 2147483836 2147483837 2147483838 2147483839 2147483851 2147483852 2147483853 2147483854 2147483855 2147483857 2147483858 2147483861 2147483864 2147483865 
2147483702 2147483648 2147483649 2147483650 2147483651 2147483671 2147483700 2147483701 2147483648 2147483649 2147483650 2147483651 2147483671 2147483700 2147483701 2147483703 2147483768 2147483779 2147483853 2147483854 2147483855 2147483865 57 54 53 49 52 127 128 129 130 2147483703 2147483768 2147483779 2147483853 2147483854 2147483855 2147483865 
2147483703 2147483648 2147483649 2147483650 2147483651 2147483653 2147483654 2147483655 2147483656 2147483660 2147483661 2147483663 2147483664 2147483666 2147483667 2147483671 2147483684 2147483687 2147483692 2147483696 2147483697 2147483698 2147483700 2147483701 2147483702 2147483648 2147483649 2147483650 2147483651 2147483653 2147483654 2147483655 2147483656 2147483660 2147483661 2147483663 2147483664 2147483666 2147483667 2147483671 2147483684 2147483687 2147483692 2147483696 2147483697 2147483698 2147483700 2147483701 2147483702 2147483706 2147483707 2147483708 2147483722 2147483723 2147483724 2147483725 2147483727 2147483728 2147483729 2147483730 2147483731 2147483732 2147483733 2147483734 2147483735 2147483736 2147483737 2147483738 2147483768 2147483779 2147483782 2147483783 2147483784 2147483785 2147483786 2147483787 2147483792 2147483799 2147483809 2147483812 2147483819 2147483820 2147483821 2147483823 2147483824 2147483825 2147483826 2147483827 2147483828 2147483829 2147483830 2147483831 2147483832 2147483833 2147483834 2147483851 2147483852 2147483853 2147483854 2147483855 2147483857 2147483858 2147483861 2147483864 2147483865 52 49 54 57 53 127 128 129 130 2147483706 2147483707 2147483708 2147483722 2147483723 2147483724 2147483725 2147483727 2147483728 2147483729 2147483730 2147483731 2147483732 2147483733 2147483734 2147483735 2147483736 2147483737 2147483738 2147483768 2147483779 2147483782 2147483783 2147483784 2147483785 2147483786 2147483787 2147483792 2147483799 2147483809 2147483812 2147483819 2147483820 2147483821 2147483823 2147483824 2147483825 2147483826 2147483827 2147483828 2147483829 2147483830 2147483831 2147483832 2147483833 2147483834 2147483851 2147483852 2147483853 2147483854 2147483855 2147483857 2147483858 2147483861 2147483864 2147483865 
2147483706 2147483648 2147483649 2147483650 2147483651 2147483700 2147483701 2147483703 2147483648 2147483649 2147483650 2147483651 2147483700 2147483701 2147483703 2147483707 2147483855 2147483707 2147483855 
2147483707 2147483648 2147483649 2147483650 2147483651 2147483700 2147483701 2147483703 2147483706 2147483648 2147483649 2147483650 2147483651 2147483700 2147483701 2147483703 2147483706 2147483855 57 53 2147483855 
2147483708 2147483648 2147483649 2147483650 2147483651 2147483653 2147483654 2147483655 2147483656 2147483660 2147483661 2147483663 2147483664 2147483666 2147483667 2147483700 2147483701 2147483703 2147483648 2147483649 2147483650 2147483651 2147483653 2147483654 2147483655 2147483656 2147483660 2147483661 2147483663 2147483664 2147483666 2147483667 2147483700 2147483701 2147483703 2147483851 2147483852 2147483855 2147483864 22 25 27 32 26 263 264 265 266 2147483851 2147483852 2147483855 2147483864 
2147483722 2147483648 2147483649 2147483650 2147483651 2147483660 2147483666 2147483667 2147483700 2147483701 2147483703 2147483648 2147483649 2147483650 2147483651 2147483660 2147483666 2147483667 2147483700 2147483701 2147483703 2147483855 2147483855 
2147483723 2147483648 2147483649 2147483650 2147483651 2147483666 2147483667 2147483700 2147483701 2147483703 2147483648 2147483649 2147483650 2147483651 2147483666 2147483667 2147483700 2147483701 2147483703 2147483724 2147483855 2147483724 2147483855 
2147483724 2147483648 2147483649 2147483650 2147483651 2147483666 2147483667 2147483700 2147483701 2147483703 2147483723 2147483648 2147483649 2147483650 2147483651 2147483666 2147483667 2147483700 2147483701 2147483703 2147483723 2147483855 53 2147483855 
2147483725 2147483648 2147483649 2147483650 2147483651 2147483666 2147483667 2147483700 2147483701 2147483703 2147483648 2147483649 2147483650 2147483651 2147483666 2147483667 2147483700 2147483701 2147483703 2147483727 2147483728 2147483729 2147483792 2147483855 2147483727 2147483728 2147483729 2147483792 2147483855 
2147483727 2147483648 2147483649 2147483650 2147483651 2147483666 2147483700 2147483701 2147483703 2147483725 2147483648 2147483649 2147483650 2147483651 2147483666 2147483700 2147483701 2147483703 2147483725 2147483792 2147483855 2147483792 2147483855 
2147483728 2147483648 2147483649 2147483650 2147483651 2147483666 2147483700 2147483701 2147483703 2147483725 2147483648 2147483649 2147483650 2147483651 2147483666 2147483700 2147483701 2147483703 2147483725 2147483792 2147483855 2147483792 2147483855 
2147483729 2147483648 2147483649 2147483650 2147483651 2147483666 2147483700 2147483701 2147483703 2147483725 2147483648 2147483649 2147483650 2147483651 2147483666 2147483700 2147483701 2147483703 2147483725 2147483792 2147483855 53 2147483792 2147483855 
2147483730 2147483648 2147483649 2147483650 2147483651 2147483666 2147483700 2147483701 2147483703 2147483648 2147483649 2147483650 2147483651 2147483666 2147483700 2147483701 2147483703 2147483792 2147483855 2147483792 2147483855 
2147483731 2147483648 2147483649 2147483650 2147483651 2147483666 2147483700 2147483701 2147483703 2147483648 2147483649 2147483650 2147483651 2147483666 2147483700 2147483701 2147483703 2147483732 2147483733 2147483734 2147483735 2147483736 2147483737 2147483792 2147483855 2147483732 2147483733 2147483734 2147483735 2147483736 2147483737 2147483792 2147483855 
2147483732 2147483648 2147483649 2147483650 2147483651 2147483666 2147483700 2147483701 2147483703 2147483731 2147483648 2147483649 2147483650 2147483651 2147483666 2147483700 2147483701 2147483703 2147483731 2147483792 2147483855 2147483792 2147483855 
2147483733 2147483648 2147483649 2147483650 2147483651 2147483666 2147483700 2147483701 2147483703 2147483731 2147483648 2147483649 2147483650 2147483651 2147483666 2147483700 2147483701 2147483703 2147483731 2147483792 2147483855 2147483792 2147483855 
2147483734 2147483648 2147483649 2147483650 2147483651 2147483666 2147483700 2147483701 2147483703 2147483731 2147483648 2147483649 2147483650 2147483651 2147483666 2147483700 2147483701 2147483703 2147483731 2147483792 2147483855 2147483792 2147483855 
2147483735 2147483648 2147483649 2147483650 2147483651 2147483666 2147483700 2147483701 2147483703 2147483731 2147483648 2147483649 2147483650 2147483651 2147483666 2147483700 2147483701 2147483703 2147483731 2147483792 2147483855 2147483792 2147483855 
2147483736 2147483648 2147483649 2147483650 2147483651 2147483666 2147483700 2147483701 2147483703 2147483731 2147483648 2147483649 2147483650 2147483651 2147483666 2147483700 2147483701 2147483703 2147483731 2147483792 2147483855 2147483792 2147483855 
2147483737 2147483648 2147483649 2147483650 2147483651 2147483666 2147483700 2147483701 2147483703 2147483731 2147483648 2147483649 2147483650 2147483651 2147483666 2147483700 2147483701 2147483703 2147483731 2147483792 2147483855 2147483792 2147483855 
2147483738 2147483648 2147483649 2147483650 2147483651 2147483666 2147483700 2147483701 2147483703 2147483648 2147483649 2147483650 2147483651 2147483666 2147483700 2147483701 2147483703 2147483792 2147483855 2147483792 2147483855 
2147483740 2147483648 2147483660 2147483700 2147483701 2147483648 2147483660 2147483700 2147483701 2147483741 2147483742 2147483743 2147483855 2147483864 2147483741 2147483742 2147483743 2147483855 2147483864 
2147483741 2147483648 2147483700 2147483701 2147483740 2147483648 2147483700 2147483701 2147483740 2147483742 2147483743 2147483855 2147483864 53 2147483742 2147483743 2147483855 2147483864 
2147483742 2147483648 2147483700 2147483701 2147483740 2147483741 2147483648 2147483700 2147483701 2147483740 2147483741 2147483743 2147483855 2147483864 54 57 53 2147483743 2147483855 2147483864 
2147483743 2147483648 2147483700 2147483740 2147483741 2147483742 2147483648 2147483700 2147483740 2147483741 2147483742 2147483855 2147483864 52 54 57 53 2147483855 2147483864 
2147483745 2147483648 2147483700 2147483648 2147483700 2147483746 2147483747 2147483749 2147483855 2147483864 54 2147483746 2147483747 2147483749 2147483855 2147483864 
2147483746 2147483648 2147483700 2147483745 2147483648 2147483700 2147483745 2147483747 2147483749 2147483855 2147483864 54 57 53 2147483747 2147483749 2147483855 2147483864 
2147483747 2147483648 2147483745 2147483746 2147483648 2147483745 2147483746 2147483855 2147483864 2147483855 2147483864 
2147483749 2147483648 2147483745 2147483746 2147483648 2147483745 2147483746 2147483855 2147483864 2147483855 2147483864 
2147483753 2147483653 2147483700 2147483701 2147483653 2147483700 2147483701 2147483754 2147483755 2147483756 2147483855 2147483864 2147483754 2147483755 2147483756 2147483855 2147483864 
2147483754 2147483700 2147483701 2147483753 2147483700 2147483701 2147483753 2147483755 2147483756 2147483855 2147483864 53 2147483755 2147483756 2147483855 2147483864 
2147483755 2147483700 2147483701 2147483753 2147483754 2147483700 2147483701 2147483753 2147483754 2147483756 2147483855 2147483864 54 57 53 2147483756 2147483855 2147483864 
2147483756 2147483700 2147483753 2147483754 2147483755 2147483700 2147483753 2147483754 2147483755 2147483855 2147483864 52 54 57 53 2147483855 2147483864 
2147483758 2147483700 2147483700 2147483759 2147483760 2147483762 2147483855 2147483864 54 2147483759 2147483760 2147483762 2147483855 2147483864 
2147483759 2147483700 2147483758 2147483700 2147483758 2147483760 2147483762 2147483855 2147483864 54 57 53 2147483760 2147483762 2147483855 2147483864 
2147483760 2147483758 2147483759 2147483758 2147483759 2147483855 2147483864 2147483855 2147483864 
2147483762 2147483758 2147483759 2147483758 2147483759 2147483855 2147483864 2147483855 2147483864 
2147483768 2147483648 2147483649 2147483650 2147483651 2147483700 2147483701 2147483702 2147483703 2147483648 2147483649 2147483650 2147483651 2147483700 2147483701 2147483702 2147483703 2147483854 2147483865 2147483854 2147483865 
2147483779 2147483648 2147483649 2147483650 2147483651 2147483700 2147483701 2147483702 2147483703 2147483648 2147483649 2147483650 2147483651 2147483700 2147483701 2147483702 2147483703 2147483853 2147483865 57 53 2147483853 2147483865 
2147483782 2147483648 2147483649 2147483650 2147483651 2147483700 2147483701 2147483703 2147483648 2147483649 2147483650 2147483651 2147483700 2147483701 2147483703 2147483783 2147483784 2147483785 2147483786 2147483787 53 49 52 54 57 127 128 129 130 2147483783 2147483784 2147483785 2147483786 2147483787 
2147483783 2147483648 2147483649 2147483650 2147483651 2147483700 2147483701 2147483703 2147483782 2147483648 2147483649 2147483650 2147483651 2147483700 2147483701 2147483703 2147483782 2147483784 2147483785 53 2147483784 2147483785 
2147483784 2147483648 2147483649 2147483650 2147483651 2147483700 2147483701 2147483703 2147483782 2147483783 2147483648 2147483649 2147483650 2147483651 2147483700 2147483701 2147483703 2147483782 2147483783 2147483865 2147483865 
2147483785 2147483648 2147483649 2147483650 2147483651 2147483700 2147483701 2147483703 2147483782 2147483783 2147483648 2147483649 2147483650 2147483651 2147483700 2147483701 2147483703 2147483782 2147483783 57 53 
2147483786 2147483648 2147483649 2147483650 2147483651 2147483700 2147483701 2147483703 2147483782 2147483648 2147483649 2147483650 2147483651 2147483700 2147483701 2147483703 2147483782 2147483787 26 2147483787 
2147483787 2147483648 2147483649 2147483650 2147483651 2147483700 2147483701 2147483703 2147483782 2147483786 2147483648 2147483649 2147483650 2147483651 2147483700 2147483701 2147483703 2147483782 2147483786 57 53 
2147483792 2147483648 2147483649 2147483650 2147483651 2147483666 2147483667 2147483684 2147483687 2147483692 2147483696 2147483700 2147483701 2147483703 2147483725 2147483727 2147483728 2147483729 2147483730 2147483731 2147483732 2147483733 2147483734 2147483735 2147483736 2147483737 2147483738 2147483648 2147483649 2147483650 2147483651 2147483666 2147483667 2147483684 2147483687 2147483692 2147483696 2147483700 2147483701 2147483703 2147483725 2147483727 2147483728 2147483729 2147483730 2147483731 2147483732 2147483733 2147483734 2147483735 2147483736 2147483737 2147483738 2147483799 2147483809 2147483812 2147483855 2147483857 2147483858 2147483861 2147483864 22 25 27 32 26 263 264 265 266 2147483799 2147483809 2147483812 2147483855 2147483857 2147483858 2147483861 2147483864 
2147483799 2147483648 2147483649 2147483650 2147483651 2147483684 2147483687 2147483692 2147483700 2147483701 2147483703 2147483792 2147483648 2147483649 2147483650 2147483651 2147483684 2147483687 2147483692 2147483700 2147483701 2147483703 2147483792 2147483855 2147483857 2147483858 2147483861 2147483864 2147483855 2147483857 2147483858 2147483861 2147483864 
2147483809 2147483648 2147483649 2147483650 2147483651 2147483700 2147483701 2147483703 2147483792 2147483648 2147483649 2147483650 2147483651 2147483700 2147483701 2147483703 2147483792 2147483855 54 2147483855 
2147483812 2147483648 2147483649 2147483650 2147483651 2147483700 2147483701 2147483703 2147483792 2147483648 2147483649 2147483650 2147483651 2147483700 2147483701 2147483703 2147483792 2147483855 53 2147483855 
2147483819 2147483648 2147483649 2147483650 2147483651 2147483696 2147483700 2147483701 2147483703 2147483648 2147483649 2147483650 2147483651 2147483696 2147483700 2147483701 2147483703 2147483855 2147483864 2147483855 2147483864 
2147483820 2147483648 2147483649 2147483650 2147483651 2147483697 2147483700 2147483701 2147483703 2147483648 2147483649 2147483650 2147483651 2147483697 2147483700 2147483701 2147483703 2147483821 2147483855 2147483864 2147483821 2147483855 2147483864 
2147483821 2147483648 2147483649 2147483650 2147483651 2147483697 2147483700 2147483701 2147483703 2147483820 2147483648 2147483649 2147483650 2147483651 2147483697 2147483700 2147483701 2147483703 2147483820 2147483855 2147483864 53 2147483855 2147483864 
2147483823 2147483648 2147483649 2147483650 2147483698 2147483700 2147483701 2147483703 2147483648 2147483649 2147483650 2147483698 2147483700 2147483701 2147483703 2147483855 2147483864 2147483855 2147483864 
2147483824 2147483648 2147483649 2147483650 2147483698 2147483700 2147483701 2147483703 2147483648 2147483649 2147483650 2147483698 2147483700 2147483701 2147483703 2147483855 2147483864 2147483855 2147483864 
2147483825 2147483648 2147483649 2147483650 2147483698 2147483700 2147483701 2147483703 2147483648 2147483649 2147483650 2147483698 2147483700 2147483701 2147483703 2147483855 2147483864 53 2147483855 2147483864 
2147483826 2147483648 2147483649 2147483650 2147483700 2147483701 2147483703 2147483648 2147483649 2147483650 2147483700 2147483701 2147483703 2147483855 2147483864 2147483855 2147483864 
2147483827 2147483648 2147483649 2147483650 2147483700 2147483701 2147483703 2147483648 2147483649 2147483650 2147483700 2147483701 2147483703 2147483828 2147483829 2147483830 2147483831 2147483832 2147483833 2147483855 2147483864 2147483828 2147483829 2147483830 2147483831 2147483832 2147483833 2147483855 2147483864 
2147483828 2147483648 2147483649 2147483650 2147483700 2147483701 2147483703 2147483827 2147483648 2147483649 2147483650 2147483700 2147483701 2147483703 2147483827 2147483855 2147483864 2147483855 2147483864 
2147483829 2147483648 2147483649 2147483650 2147483700 2147483701 2147483703 2147483827 2147483648 2147483649 2147483650 2147483700 2147483701 2147483703 2147483827 2147483855 2147483864 2147483855 2147483864 
2147483830 2147483648 2147483649 2147483650 2147483700 2147483701 2147483703 2147483827 2147483648 2147483649 2147483650 2147483700 2147483701 2147483703 2147483827 2147483855 2147483864 2147483855 2147483864 
2147483831 2147483648 2147483649 2147483650 2147483700 2147483701 2147483703 2147483827 2147483648 2147483649 2147483650 2147483700 2147483701 2147483703 2147483827 2147483855 2147483864 2147483855 2147483864 
2147483832 2147483648 2147483649 2147483650 2147483700 2147483701 2147483703 2147483827 2147483648 2147483649 2147483650 2147483700 2147483701 2147483703 2147483827 2147483855 2147483864 2147483855 2147483864 
2147483833 2147483648 2147483649 2147483650 2147483700 2147483701 2147483703 2147483827 2147483648 2147483649 2147483650 2147483700 2147483701 2147483703 2147483827 2147483855 2147483864 2147483855 2147483864 
2147483834 2147483648 2147483649 2147483650 2147483700 2147483701 2147483703 2147483648 2147483649 2147483650 2147483700 2147483701 2147483703 2147483855 2147483864 2147483855 2147483864 
2147483836 2147483648 2147483700 2147483701 2147483648 2147483700 2147483701 2147483837 2147483855 2147483837 2147483855 
2147483837 2147483648 2147483700 2147483701 2147483836 2147483648 2147483700 2147483701 2147483836 2147483838 2147483839 2147483840 2147483855 2147483864 2147483838 2147483839 2147483840 2147483855 2147483864 
2147483838 2147483648 2147483700 2147483701 2147483837 2147483648 2147483700 2147483701 2147483837 2147483839 2147483840 2147483855 2147483864 53 2147483839 2147483840 2147483855 2147483864 
2147483839 2147483648 2147483700 2147483701 2147483837 2147483838 2147483648 2147483700 2147483701 2147483837 2147483838 2147483840 2147483855 2147483864 54 57 53 2147483840 2147483855 2147483864 
2147483840 2147483648 2147483700 2147483837 2147483838 2147483839 2147483648 2147483700 2147483837 2147483838 2147483839 2147483855 2147483864 52 54 57 53 2147483855 2147483864 
2147483842 2147483648 2147483700 2147483648 2147483700 2147483843 2147483844 2147483846 2147483855 2147483864 54 2147483843 2147483844 2147483846 2147483855 2147483864 
2147483843 2147483648 2147483700 2147483842 2147483648 2147483700 2147483842 2147483844 2147483846 2147483855 2147483864 54 57 53 2147483844 2147483846 2147483855 2147483864 
2147483844 2147483648 2147483842 2147483843 2147483648 2147483842 2147483843 2147483855 2147483864 2147483855 2147483864 
2147483846 2147483648 2147483842 2147483843 2147483648 2147483842 2147483843 2147483855 2147483864 2147483855 2147483864 
2147483851 2147483648 2147483649 2147483650 2147483651 2147483653 2147483655 2147483656 2147483700 2147483701 2147483703 2147483708 2147483648 2147483649 2147483650 2147483651 2147483653 2147483655 2147483656 2147483700 2147483701 2147483703 2147483708 2147483855 2147483855 
2147483852 2147483648 2147483649 2147483650 2147483651 2147483660 2147483663 2147483664 2147483666 2147483667 2147483700 2147483701 2147483703 2147483708 2147483648 2147483649 2147483650 2147483651 2147483660 2147483663 2147483664 2147483666 2147483667 2147483700 2147483701 2147483703 2147483708 2147483855 2147483855 
2147483853 2147483648 2147483649 2147483650 2147483651 2147483700 2147483701 2147483702 2147483703 2147483779 2147483648 2147483649 2147483650 2147483651 2147483700 2147483701 2147483702 2147483703 2147483779 2147483865 2147483865 
2147483854 2147483648 2147483649 2147483650 2147483651 2147483700 2147483701 2147483702 2147483703 2147483768 2147483648 2147483649 2147483650 2147483651 2147483700 2147483701 2147483702 2147483703 2147483768 2147483865 57 53 2147483865 
2147483855 2147483648 2147483649 2147483650 2147483651 2147483653 2147483654 2147483655 2147483656 2147483660 2147483661 2147483663 2147483664 2147483666 2147483667 2147483684 2147483687 2147483692 2147483696 2147483697 2147483698 2147483700 2147483701 2147483702 2147483703 2147483706 2147483707 2147483708 2147483722 2147483723 2147483724 2147483725 2147483727 2147483728 2147483729 2147483730 2147483731 2147483732 2147483733 2147483734 2147483735 2147483736 2147483737 2147483738 2147483740 2147483741 2147483742 2147483743 2147483745 2147483746 2147483747 2147483749 2147483753 2147483754 2147483755 2147483756 2147483758 2147483759 2147483760 2147483762 2147483792 2147483799 2147483809 2147483812 2147483819 2147483820 2147483821 2147483823 2147483824 2147483825 2147483826 2147483827 2147483828 2147483829 2147483830 2147483831 2147483832 2147483833 2147483834 2147483836 2147483837 2147483838 2147483839 2147483840 2147483842 2147483843 2147483844 2147483846 2147483851 2147483852 2147483648 2147483649 2147483650 2147483651 2147483653 2147483654 2147483655 2147483656 2147483660 2147483661 2147483663 2147483664 2147483666 2147483667 2147483684 2147483687 2147483692 2147483696 2147483697 2147483698 2147483700 2147483701 2147483702 2147483703 2147483706 2147483707 2147483708 2147483722 2147483723 2147483724 2147483725 2147483727 2147483728 2147483729 2147483730 2147483731 2147483732 2147483733 2147483734 2147483735 2147483736 2147483737 2147483738 2147483740 2147483741 2147483742 2147483743 2147483745 2147483746 2147483747 2147483749 2147483753 2147483754 2147483755 2147483756 2147483758 2147483759 2147483760 2147483762 2147483792 2147483799 2147483809 2147483812 2147483819 2147483820 2147483821 2147483823 2147483824 2147483825 2147483826 2147483827 2147483828 2147483829 2147483830 2147483831 2147483832 2147483833 2147483834 2147483836 2147483837 2147483838 2147483839 2147483840 2147483842 2147483843 2147483844 2147483846 2147483851 2147483852 2147483857 2147483858 2147483861 2147483864 127 57 49 52 54 53 128 129 130 2147483857 2147483858 2147483861 2147483864 
2147483857 2147483648 2147483649 2147483650 2147483651 2147483684 2147483700 2147483701 2147483703 2147483792 2147483799 2147483855 2147483648 2147483649 2147483650 2147483651 2147483684 2147483700 2147483701 2147483703 2147483792 2147483799 2147483855 2147483858 2147483858 
2147483858 2147483648 2147483649 2147483650 2147483651 2147483684 2147483700 2147483701 2147483703 2147483792 2147483799 2147483855 2147483857 2147483648 2147483649 2147483650 2147483651 2147483684 2147483700 2147483701 2147483703 2147483792 2147483799 2147483855 2147483857 
2147483861 2147483648 2147483649 2147483650 2147483651 2147483687 2147483692 2147483700 2147483701 2147483703 2147483792 2147483799 2147483855 2147483648 2147483649 2147483650 2147483651 2147483687 2147483692 2147483700 2147483701 2147483703 2147483792 2147483799 2147483855 2147483864 2147483864 
2147483864 2147483648 2147483649 2147483650 2147483651 2147483687 2147483692 2147483696 2147483697 2147483698 2147483700 2147483701 2147483703 2147483708 2147483740 2147483741 2147483742 2147483743 2147483745 2147483746 2147483747 2147483749 2147483753 2147483754 2147483755 2147483756 2147483758 2147483759 2147483760 2147483762 2147483792 2147483799 2147483819 2147483820 2147483821 2147483823 2147483824 2147483825 2147483826 2147483827 2147483828 2147483829 2147483830 2147483831 2147483832 2147483833 2147483834 2147483837 2147483838 2147483839 2147483840 2147483842 2147483843 2147483844 2147483846 2147483855 2147483861 2147483648 2147483649 2147483650 2147483651 2147483687 2147483692 2147483696 2147483697 2147483698 2147483700 2147483701 2147483703 2147483708 2147483740 2147483741 2147483742 2147483743 2147483745 2147483746 2147483747 2147483749 2147483753 2147483754 2147483755 2147483756 2147483758 2147483759 2147483760 2147483762 2147483792 2147483799 2147483819 2147483820 2147483821 2147483823 2147483824 2147483825 2147483826 2147483827 2147483828 2147483829 2147483830 2147483831 2147483832 2147483833 2147483834 2147483837 2147483838 2147483839 2147483840 2147483842 2147483843 2147483844 2147483846 2147483855 2147483861 49 52 54 57 53 127 128 129 130 
2147483865 2147483648 2147483649 2147483650 2147483651 2147483671 2147483700 2147483701 2147483702 2147483703 2147483768 2147483779 2147483784 2147483853 2147483854 2147483648 2147483649 2147483650 2147483651 2147483671 2147483700 2147483701 2147483702 2147483703 2147483768 2147483779 2147483784 2147483853 2147483854 49 57 52 54 53 127 128 129 130 
