3 
6 
9 
13 
16 
21 
22 
23 
24 
25 
26 
27 
32 
49 2147483651 
50 
51 
52 2147483651 
53 2147483651 2147483654 2147483661 2147483662 2147483669 2147483670 2147483677 2147483681 2147483687 
54 2147483651 2147483661 2147483669 
57 2147483651 2147483661 2147483662 2147483669 2147483670 2147483677 2147483687 
59 
127 2147483651 
128 2147483651 
129 2147483651 
130 2147483651 
131 
132 
133 
134 
263 
264 
265 
266 
267 
268 
269 
270 
271 
272 
273 
274 
275 
276 
277 
278 
2147483648 2147483649 2147483650 2147483651 2147483649 2147483650 2147483651 
2147483649 2147483648 2147483648 2147483650 2147483651 2147483654 2147483681 2147483650 2147483651 2147483654 2147483681 
2147483650 2147483648 2147483649 2147483648 2147483649 2147483651 2147483651 
2147483651 2147483648 2147483649 2147483650 2147483648 2147483649 2147483650 2147483653 2147483654 2147483655 2147483658 2147483666 2147483674 2147483681 2147483682 2147483684 53 49 52 54 57 127 128 129 130 2147483653 2147483654 2147483655 2147483658 2147483666 2147483674 2147483681 2147483682 2147483684 
2147483653 2147483651 2147483651 
2147483654 2147483649 2147483651 2147483649 2147483651 53 
2147483655 2147483651 2147483651 
2147483658 2147483651 2147483651 2147483659 2147483660 2147483661 2147483659 2147483660 2147483661 
2147483659 2147483658 2147483658 
2147483660 2147483658 2147483658 2147483661 2147483662 2147483661 2147483662 
2147483661 2147483658 2147483660 2147483658 2147483660 2147483662 54 57 53 2147483662 
2147483662 2147483660 2147483661 2147483660 2147483661 57 53 
2147483666 2147483651 2147483651 2147483667 2147483668 2147483669 2147483667 2147483668 2147483669 
2147483667 2147483666 2147483666 
2147483668 2147483666 2147483666 2147483669 2147483670 2147483669 2147483670 
2147483669 2147483666 2147483668 2147483666 2147483668 2147483670 54 57 53 2147483670 
2147483670 2147483668 2147483669 2147483668 2147483669 57 53 
2147483674 2147483651 2147483651 2147483675 2147483676 2147483675 2147483676 
2147483675 2147483674 2147483674 
2147483676 2147483674 2147483674 2147483677 2147483677 
2147483677 2147483676 2147483676 57 53 
2147483681 2147483649 2147483651 2147483649 2147483651 53 
2147483682 2147483651 2147483651 
2147483684 2147483651 2147483651 2147483685 2147483686 2147483685 2147483686 
2147483685 2147483684 2147483684 
2147483686 2147483684 2147483684 2147483687 2147483687 
2147483687 2147483686 2147483686 57 53 
