3,1,3,-1,0,1,0,0,0,
6,1,6,-1,0,1,0,0,0,
9,1,9,-1,0,1,0,0,0,
13,1,13,-1,0,1,0,0,0,
16,1,16,-1,0,1,0,0,0,
21,1,21,-1,0,1,0,0,0,
22,1,22,-1,0,1,0,0,0,
23,1,23,-1,0,1,0,0,0,
24,1,24,-1,0,1,0,0,0,
25,1,25,-1,0,1,0,0,0,
26,1,26,-1,0,1,0,0,0,
27,1,27,-1,0,1,0,0,0,
32,1,32,-1,0,1,0,0,0,
49,1,49,-1,0,1,0,0,0,
50,1,50,-1,0,1,0,0,0,
51,1,51,-1,0,1,0,0,0,
52,1,52,-1,0,1,0,0,0,
53,1,53,-1,0,1,0,0,0,
54,1,54,-1,0,1,0,0,0,
57,1,57,-1,0,1,0,0,0,
59,1,59,-1,0,1,0,0,255,
127,1,127,-1,0,1,0,0,0,
128,1,128,-1,0,1,0,0,0,
129,1,129,-1,0,1,0,0,0,
130,1,130,-1,0,1,0,0,0,
131,1,131,-1,0,1,0,0,0,
132,1,132,-1,0,1,0,0,0,
133,1,133,-1,0,1,0,0,0,
134,1,134,-1,0,1,0,0,0,
263,1,263,-1,0,1,0,0,0,
264,1,264,-1,0,1,0,0,0,
265,1,265,-1,0,1,0,0,0,
266,1,266,-1,0,1,0,0,0,
267,1,267,-1,0,1,0,0,0,
268,1,268,-1,0,1,0,0,0,
269,1,269,-1,0,1,0,0,0,
270,1,270,-1,0,1,0,0,0,
271,1,271,-1,0,1,0,0,0,
272,1,272,-1,0,1,0,0,0,
273,1,273,-1,0,1,0,0,0,
274,1,274,-1,0,1,0,0,0,
275,1,275,-1,0,1,0,0,0,
276,1,276,-1,0,1,0,0,0,
277,1,277,-1,0,1,0,0,0,
278,1,278,-1,0,1,0,0,0,
2147483648,0,0,0.00182318,1,0,1,0,0,53 49 52 54 57 127 128 129 130 51 133 134 131 132 50
2147483649,0,0,0.00634318,1,0,1,0,0,49 52 54 57 53 127 128 129 130 51 133 134 131 132 50
2147483657,0,0,0.000550172,1,0,1,0,0,51 133 134 131 132 50
2147483660,0,0,0.0862375,1,0,1,0,0,49 52 54 57 53 127 128 129 130 51 133 134 131 132 50
2147483662,0,0,0.000887721,4,0,1,0,0,51 133 134 131 132 50
2147483669,0,0,0.00271549,3,0,1,0,0,49 52 54 57 53 127 128 129 130 51 133 134 131 132 50
2147483673,0,0,0.00477439,1,0,1,0,0,49 52 54 57 53 127 128 129 130 51 133 134 131 132 50
2147483674,0,0,0.0212183,7,0,1,0,0,51 133 134 131 132 50
2147483708,0,0,0.0029974,1,0,1,0,0,51 133 134 131 132 50
2147483709,0,0,0.0083334,4,0,1,0,0,51 133 134 131 132 50
2147483710,0,0,inf,1,0,1,0,0,22 25 27 26 263 264 265 266 24 23 269 270 267 268
2147483711,0,0,0.00288821,1,0,1,0,0,49 52 54 57 53 127 128 129 130 51 133 134 131 132 50
2147483712,0,0,0.00288821,1,0,1,0,0,49 52 54 57 53 127 128 129 130 51 133 134 131 132 50
2147483713,0,0,0.00157189,1,0,1,0,0,49 52 54 57 53 127 128 129 130 51 133 134 131 132 50
2147483715,0,0,0.000500156,1,0,1,0,0,53 49 52 54 57 127 128 129 130 51 133 134 131 132 50
2147483717,0,0,0.000330136,1,0,1,0,0,49 127 128 129 130 51 133 134 131 132 50
2147483721,0,0,0.000792043,1,0,1,0,0,53 49 52 54 57 127 128 129 130 51 133 134 131 132 50
2147483722,0,0,0.000792043,1,0,1,0,0,57 49 52 54 127 128 129 130 51 133 134 131 132 50
2147483724,0,0,0.00102588,2,0,1,0,0,52 49 127 128 129 130 51 133 134 131 132 50
2147483725,0,0,0.000538643,1,0,1,0,0,49 127 128 129 130 51 133 134 131 132 50
2147483733,0,0,0.000536545,1,0,1,0,0,53 49 52 54 57 127 128 129 130 51 133 134 131 132 50
2147483735,0,0,0.000694954,2,0,1,0,0,52 49 127 128 129 130 51 133 134 131 132 50
2147483736,0,0,0.000364887,1,0,1,0,0,49 127 128 129 130 51 133 134 131 132 50
2147483744,0,0,inf,2,0,1,0,0,49 52 54 57 53 127 128 129 130 51 133 134 131 132 50
2147483753,0,0,inf,2,0,1,0,0,49 52 54 57 53 127 128 129 130 51 133 134 131 132 50
2147483755,0,0,inf,1,0,1,0,0,3 13 21 59 16 271 272 273 274 9 6 277 278 275 276
2147483756,0,0,inf,1,0,1,0,0,3 13 21 59 16 271 272 273 274 9 6 277 278 275 276
2147483757,0,0,inf,1,0,1,0,0,3 13 21 59 16 271 272 273 274 9 6 277 278 275 276
2147483758,0,0,inf,1,0,1,0,0,3 13 21 59 16 271 272 273 274 9 6 277 278 275 276
2147483759,0,0,inf,1,0,1,0,0,3 13 21 59 16 271 272 273 274 9 6 277 278 275 276
2147483760,0,0,inf,1,0,1,0,0,3 13 21 59 16 271 272 273 274 9 6 277 278 275 276
2147483761,0,0,inf,1,0,1,0,0,3 13 21 59 16 271 272 273 274 9 6 277 278 275 276
2147483762,0,0,inf,1,0,1,0,0,3 13 21 59 16 271 272 273 274 9 6 277 278 275 276
2147483769,0,0,inf,1,0,1,0,0,3 13 21 59 16 271 272 273 274 9 6 277 278 275 276
2147483773,0,0,0.00107309,1,0,1,0,0,53 49 52 54 57 127 128 129 130 51 133 134 131 132 50
2147483774,0,0,0.00124735,1,0,1,0,0,51 133 134 131 132 50
2147483776,0,0,0.00138991,2,0,1,0,0,52 49 127 128 129 130 51 133 134 131 132 50
2147483777,0,0,0.000729775,1,0,1,0,0,49 127 128 129 130 51 133 134 131 132 50
2147483780,0,0,0.00130304,1,0,1,0,0,53 49 52 54 57 127 128 129 130 51 133 134 131 132 50
2147483781,0,0,0.000776857,1,0,1,0,0,49 127 128 129 130 51 133 134 131 132 50
2147483783,0,0,0.000792043,1,0,1,0,0,53 49 52 54 57 127 128 129 130 51 133 134 131 132 50
2147483785,0,0,0.00102588,2,0,1,0,0,52 49 127 128 129 130 51 133 134 131 132 50
2147483786,0,0,0.000538643,1,0,1,0,0,49 127 128 129 130 51 133 134 131 132 50
2147483791,0,0,0.00125194,1,0,1,0,0,53 49 52 54 57 127 128 129 130 51 133 134 131 132 50
2147483793,0,0,0.00162156,2,0,1,0,0,52 49 127 128 129 130 51 133 134 131 132 50
2147483794,0,0,0.000851404,1,0,1,0,0,49 127 128 129 130 51 133 134 131 132 50
2147483799,0,0,0.00162493,4,0,1,0,0,24 23 269 270 267 268
2147483801,0,0,0.00206953,1,0,1,0,0,53 49 52 54 57 127 128 129 130 51 133 134 131 132 50
2147483803,0,0,0.00268054,2,0,1,0,0,52 49 127 128 129 130 51 133 134 131 132 50
2147483804,0,0,0.00140742,1,0,1,0,0,49 127 128 129 130 51 133 134 131 132 50
2147483809,0,0,0.00173417,3,0,1,0,0,22 25 27 32 26 263 264 265 266 24 23 269 270 267 268
2147483810,0,0,inf,1,0,1,0,0,49 52 54 57 53 127 128 129 130 51 133 134 131 132 50
2147483811,0,0,0.00425702,3,0,1,0,0,49 52 54 57 53 127 128 129 130 51 133 134 131 132 50
2147483812,0,0,0.00249143,8,0,1,0,0,52 49 127 128 129 130 51 133 134 131 132 50
2147483817,0,0,0.0173105,8,0,1,0,0,51 133 134 131 132 50
2147483818,0,0,0.00250686,28,0,1,0,0,22 25 27 32 26 263 264 265 266 24 23 269 270 267 268
2147483820,0,0,0.0304054,5,0,1,0,0,49 52 54 57 53 127 128 129 130 51 133 134 131 132 50
2147483822,0,0,0.0450043,3,0,1,0,0,49 52 54 57 53 127 128 129 130 51 133 134 131 132 50
2147483828,0,0,0.00255838,4,0,1,0,0,51 133 134 131 132 50
2147483831,0,0,0.00409555,4,0,1,0,0,51 133 134 131 132 50
2147483835,0,0,0.0067238,4,0,1,0,0,51 133 134 131 132 50
