49,1,49,-1,0,1,0,0,0,
50,1,50,-1,0,1,0,0,0,
51,1,51,-1,0,1,0,0,0,
52,1,52,-1,0,1,0,0,0,
53,1,53,-1,0,1,0,0,0,
54,1,54,-1,0,1,0,0,0,
57,1,57,-1,0,1,0,0,0,
127,1,127,-1,0,1,0,0,0,
128,1,128,-1,0,1,0,0,0,
129,1,129,-1,0,1,0,0,0,
130,1,130,-1,0,1,0,0,0,
131,1,131,-1,0,1,0,0,0,
132,1,132,-1,0,1,0,0,0,
133,1,133,-1,0,1,0,0,0,
134,1,134,-1,0,1,0,0,0,
2147483651,0,0,0.0107654,2,0,1,0,0,51 133 134 131 132 50
2147483653,0,0,0.261938,2,0,1,0,0,51 133 134 131 132 50
2147483654,0,0,0.0380604,1,0,1,0,0,57 49 52 54 127 128 129 130 51 133 134 131 132 50
2147483659,0,0,4.2739e-07,1,0,1,0,0,51 133 134 131 132 50
2147483661,0,0,6.71613e-07,1,0,1,0,0,57 49 52 54 127 128 129 130 51 133 134 131 132 50
2147483669,0,0,0.285006,1,0,1,0,0,49 52 54 57 53 127 128 129 130 51 133 134 131 132 50
2147483671,0,0,0.00188401,2,0,1,0,255,51 133 134 131 132 50
2147483676,0,0,1.59022,2,0,1,0,255,53 49 52 54 57 127 128 129 130 51 133 134 131 132 50
2147483677,0,0,0.629789,1,0,1,0,0,49 52 54 57 127 128 129 130 51 133 134 131 132 50
2147483681,0,0,4.8634e-07,1,0,1,0,0,53 49 52 54 57 127 128 129 130 51 133 134 131 132 50
2147483682,0,0,3.10316e-07,1,0,1,0,0,49 52 54 127 128 129 130 51 133 134 131 132 50
2147483684,0,0,3.32111e-13,1,0,1,0,0,49 53 52 54 57 127 128 129 130 51 133 134 131 132 50
2147483687,0,0,0.0330115,1,0,1,0,0,53 49 52 54 57 127 128 129 130 51 133 134 131 132 50
2147483688,0,0,0.0210384,1,0,1,0,0,49 52 54 127 128 129 130 51 133 134 131 132 50
2147483689,0,0,0.0336615,1,0,1,0,0,49 52 54 127 128 129 130 51 133 134 131 132 50
2147483691,0,0,0.000909177,1,0,1,0,0,53 49 52 54 127 128 129 130 51 133 134 131 132 50
2147483692,0,0,0.000610119,1,0,1,0,0,49 52 54 127 128 129 130 51 133 134 131 132 50
2147483695,0,0,0.00232838,1,0,1,0,0,53 49 52 54 127 128 129 130 51 133 134 131 132 50
2147483696,0,0,0.0015625,1,0,1,0,0,49 52 54 127 128 129 130 51 133 134 131 132 50
2147483700,0,0,0.129291,1,0,1,0,0,49 52 54 57 53 127 128 129 130 51 133 134 131 132 50
2147483701,0,0,inf,1,0,1,0,0,49 52 54 57 53 127 128 129 130 51 133 134 131 132 50
2147483703,0,0,0.0646309,5,0,1,0,0,51 133 134 131 132 50
2147483704,0,0,1.5113,3,0,1,0,0,51 133 134 131 132 50
2147483705,0,0,1.34913,3,0,1,0,0,51 133 134 131 132 50
2147483706,0,0,0.0172621,7,0,1,0,0,51 133 134 131 132 50
2147483707,0,0,0.124494,3,0,1,0,0,49 52 54 57 53 127 128 129 130 51 133 134 131 132 50
2147483708,0,0,0.17159,3,0,1,0,0,49 52 54 57 53 127 128 129 130 51 133 134 131 132 50
