2 
5 
8 
11 
18 
19 
22 
23 
24 
25 
26 2147483654 
27 
32 
49 2147483650 2147483659 
50 
51 
52 2147483650 2147483659 
53 2147483650 2147483652 2147483659 
54 2147483650 2147483659 
57 2147483650 2147483652 2147483659 
61 
127 2147483650 2147483659 
128 2147483650 2147483659 
129 2147483650 2147483659 
130 2147483650 2147483659 
131 
132 
133 
134 
247 
248 
249 
250 
251 
252 
253 
254 
263 
264 
265 
266 
267 
268 
269 
270 
2147483650 2147483659 53 49 52 54 57 127 128 129 130 2147483659 
2147483651 2147483652 2147483663 2147483652 2147483663 
2147483652 2147483651 2147483651 2147483654 2147483663 57 53 2147483654 2147483663 
2147483654 2147483652 2147483652 2147483663 26 2147483663 
2147483656 
2147483659 2147483650 2147483650 49 53 52 54 57 127 128 129 130 
2147483663 2147483651 2147483652 2147483654 2147483651 2147483652 2147483654 
