49,1,49,-1,0,1,0,0,0,
50,1,50,-1,0,1,0,0,0,
51,1,51,-1,0,1,0,0,0,
52,1,52,-1,0,1,0,0,0,
53,1,53,-1,0,1,0,0,0,
54,1,54,-1,0,1,0,0,0,
57,1,57,-1,0,1,0,0,0,
127,1,127,-1,0,1,0,0,0,
128,1,128,-1,0,1,0,0,0,
129,1,129,-1,0,1,0,0,0,
130,1,130,-1,0,1,0,0,0,
131,1,131,-1,0,1,0,0,0,
132,1,132,-1,0,1,0,0,0,
133,1,133,-1,0,1,0,0,0,
134,1,134,-1,0,1,0,0,0,
2147483649,0,0,0.00327496,6,0,1,0,0,51 133 134 131 132 50
2147483652,0,0,0.0459461,2,0,1,0,0,52 57 53 127 128 129 130 51 133 134 131 132 50
2147483662,0,0,0.0139959,2,0,1,0,0,52 57 53 127 128 129 130 51 133 134 131 132 50
2147483672,0,0,0.0043151,2,0,1,0,0,53 49 52 54 57 127 128 129 130 51 133 134 131 132 50
2147483674,0,0,0.0110007,4,0,1,0,0,51 133 134 131 132 50
2147483675,0,0,0.04232,10,0,1,0,0,51 133 134 131 132 50
2147483676,0,0,0.00538533,4,0,1,0,0,51 133 134 131 132 50
2147483683,0,0,inf,3,0,1,0,0,49 52 54 57 53 127 128 129 130 51 133 134 131 132 50
2147483693,0,0,inf,1,0,1,0,0,49 52 54 57 53 127 128 129 130 51 133 134 131 132 50
2147483694,0,0,0.0420058,1,0,1,0,0,49 52 54 57 53 127 128 129 130 51 133 134 131 132 50
2147483697,0,0,0.123172,3,0,1,0,0,53 49 52 54 57 127 128 129 130 51 133 134 131 132 50
2147483700,0,0,inf,3,0,1,0,0,49 52 54 57 53 127 128 129 130 51 133 134 131 132 50
2147483710,0,0,inf,1,0,1,0,0,49 52 54 57 53 127 128 129 130 51 133 134 131 132 50
2147483711,0,0,0.0127907,1,0,1,0,0,49 52 54 57 53 127 128 129 130 51 133 134 131 132 50
2147483714,0,0,0.0375056,3,0,1,0,0,53 49 52 54 57 127 128 129 130 51 133 134 131 132 50
2147483717,0,0,0.0132371,1,0,1,0,0,49 52 54 57 53 127 128 129 130 51 133 134 131 132 50
2147483721,0,0,0.0296686,3,0,1,0,0,49 52 54 57 53 127 128 129 130 51 133 134 131 132 50
2147483722,0,0,0.0286657,3,0,1,0,0,54 52 57 53 127 128 129 130 51 133 134 131 132 50
2147483724,0,0,0.00903926,3,0,1,0,0,49 52 54 57 53 127 128 129 130 51 133 134 131 132 50
2147483725,0,0,0.0087337,3,0,1,0,0,54 52 57 53 127 128 129 130 51 133 134 131 132 50
2147483726,0,0,0.0703594,5,0,1,0,0,49 52 54 57 53 127 128 129 130 51 133 134 131 132 50
