49 2147483649 2147483656 2147483657 2147483658 2147483659 2147483660 2147483661 2147483678 
50 
51 
52 2147483649 2147483656 2147483657 2147483658 2147483659 2147483660 2147483661 2147483678 
53 2147483649 2147483656 2147483657 2147483658 2147483659 2147483660 2147483661 2147483673 2147483674 2147483678 
54 2147483649 2147483656 2147483657 2147483658 2147483659 2147483660 2147483661 2147483678 
57 2147483649 2147483656 2147483657 2147483658 2147483659 2147483660 2147483661 2147483674 2147483678 
127 2147483649 2147483656 2147483657 2147483658 2147483659 2147483660 2147483661 2147483678 
128 2147483649 2147483656 2147483657 2147483658 2147483659 2147483660 2147483661 2147483678 
129 2147483649 2147483656 2147483657 2147483658 2147483659 2147483660 2147483661 2147483678 
130 2147483649 2147483656 2147483657 2147483658 2147483659 2147483660 2147483661 2147483678 
131 
132 
133 
134 
2147483648 2147483656 2147483660 2147483661 2147483656 2147483660 2147483661 
2147483649 2147483656 2147483660 2147483661 53 49 52 54 57 127 128 129 130 2147483656 2147483660 2147483661 
2147483656 2147483648 2147483649 2147483648 2147483649 2147483657 2147483658 2147483659 2147483660 2147483661 2147483672 2147483673 2147483674 2147483678 53 49 52 54 57 127 128 129 130 2147483657 2147483658 2147483659 2147483660 2147483661 2147483672 2147483673 2147483674 2147483678 
2147483657 2147483656 2147483656 2147483658 2147483659 2147483660 2147483661 57 49 52 54 53 127 128 129 130 2147483658 2147483659 2147483660 2147483661 
2147483658 2147483656 2147483657 2147483656 2147483657 2147483659 2147483660 2147483661 53 54 49 52 57 127 128 129 130 2147483659 2147483660 2147483661 
2147483659 2147483656 2147483657 2147483658 2147483656 2147483657 2147483658 2147483660 2147483661 52 49 54 57 53 127 128 129 130 2147483660 2147483661 
2147483660 2147483648 2147483649 2147483656 2147483657 2147483658 2147483659 2147483648 2147483649 2147483656 2147483657 2147483658 2147483659 2147483661 127 57 49 52 54 53 128 129 130 2147483661 
2147483661 2147483648 2147483649 2147483656 2147483657 2147483658 2147483659 2147483660 2147483648 2147483649 2147483656 2147483657 2147483658 2147483659 2147483660 128 54 49 52 57 53 127 129 130 
2147483672 2147483656 2147483656 2147483673 2147483674 2147483678 2147483673 2147483674 2147483678 
2147483673 2147483656 2147483672 2147483656 2147483672 2147483674 2147483678 53 2147483674 2147483678 
2147483674 2147483656 2147483672 2147483673 2147483656 2147483672 2147483673 2147483678 57 53 2147483678 
2147483676 
2147483678 2147483656 2147483672 2147483673 2147483674 2147483656 2147483672 2147483673 2147483674 49 53 52 54 57 127 128 129 130 
