22 
23 
24 
25 
26 
27 
32 
49 2147483653 2147483665 2147483673 2147483684 
50 
51 
52 2147483653 2147483665 2147483673 2147483684 
53 2147483653 2147483665 2147483673 2147483674 2147483680 2147483684 2147483702 
54 2147483653 2147483665 2147483673 2147483684 
57 2147483653 2147483665 2147483673 2147483674 2147483684 
127 2147483653 2147483665 2147483673 2147483684 
128 2147483653 2147483665 2147483673 2147483684 
129 2147483653 2147483665 2147483673 2147483684 
130 2147483653 2147483665 2147483673 2147483684 
131 
132 
133 
134 
263 
264 
265 
266 
267 
268 
269 
270 
2147483648 2147483649 2147483665 2147483684 2147483649 2147483665 2147483684 
2147483649 2147483648 2147483648 2147483665 2147483665 
2147483653 2147483665 2147483671 2147483673 2147483674 2147483684 2147483701 57 54 49 52 53 127 128 129 130 2147483665 2147483671 2147483673 2147483674 2147483684 2147483701 
2147483658 2147483665 2147483679 2147483682 2147483684 2147483702 2147483665 2147483679 2147483682 2147483684 2147483702 
2147483660 2147483661 2147483703 2147483704 2147483661 2147483703 2147483704 
2147483661 2147483660 2147483660 
2147483665 2147483648 2147483649 2147483653 2147483658 2147483648 2147483649 2147483653 2147483658 2147483671 2147483673 2147483674 2147483679 2147483680 2147483682 2147483684 2147483701 2147483702 53 49 52 54 57 127 128 129 130 2147483671 2147483673 2147483674 2147483679 2147483680 2147483682 2147483684 2147483701 2147483702 
2147483671 2147483653 2147483665 2147483653 2147483665 2147483673 2147483674 2147483684 2147483673 2147483674 2147483684 
2147483673 2147483653 2147483665 2147483671 2147483653 2147483665 2147483671 2147483674 2147483684 2147483701 49 52 54 57 53 127 128 129 130 2147483674 2147483684 2147483701 
2147483674 2147483653 2147483665 2147483671 2147483673 2147483653 2147483665 2147483671 2147483673 2147483684 57 53 2147483684 
2147483679 2147483658 2147483665 2147483658 2147483665 
2147483680 2147483665 2147483665 2147483684 2147483701 53 2147483684 2147483701 
2147483682 2147483658 2147483665 2147483658 2147483665 2147483684 2147483684 
2147483684 2147483648 2147483653 2147483658 2147483665 2147483671 2147483673 2147483674 2147483680 2147483682 2147483648 2147483653 2147483658 2147483665 2147483671 2147483673 2147483674 2147483680 2147483682 2147483701 49 52 54 57 53 127 128 129 130 2147483701 
2147483701 2147483653 2147483665 2147483673 2147483680 2147483684 2147483653 2147483665 2147483673 2147483680 2147483684 
2147483702 2147483658 2147483665 2147483658 2147483665 53 
2147483703 2147483660 2147483660 
2147483704 2147483660 2147483660 
