49 2147483648 
50 
51 
52 2147483648 
53 2147483648 2147483649 2147483651 2147483652 2147483654 2147483655 2147483657 2147483658 2147483661 
54 2147483648 
57 2147483648 2147483651 2147483654 2147483657 2147483661 
127 2147483648 
128 2147483648 
129 2147483648 
130 2147483648 
131 
132 
133 
134 
2147483648 2147483649 2147483650 2147483651 2147483652 2147483653 2147483654 2147483655 2147483656 2147483657 2147483658 53 49 52 54 57 127 128 129 130 2147483649 2147483650 2147483651 2147483652 2147483653 2147483654 2147483655 2147483656 2147483657 2147483658 
2147483649 2147483648 2147483648 2147483650 2147483651 53 2147483650 2147483651 
2147483650 2147483648 2147483649 2147483648 2147483649 2147483651 2147483651 
2147483651 2147483648 2147483649 2147483650 2147483648 2147483649 2147483650 57 53 
2147483652 2147483648 2147483648 2147483653 2147483654 53 2147483653 2147483654 
2147483653 2147483648 2147483652 2147483648 2147483652 2147483654 2147483654 
2147483654 2147483648 2147483652 2147483653 2147483648 2147483652 2147483653 57 53 
2147483655 2147483648 2147483648 2147483656 2147483657 53 2147483656 2147483657 
2147483656 2147483648 2147483655 2147483648 2147483655 2147483657 2147483657 
2147483657 2147483648 2147483655 2147483656 2147483648 2147483655 2147483656 57 53 
2147483658 2147483648 2147483648 2147483659 2147483660 2147483661 53 2147483659 2147483660 2147483661 
2147483659 2147483658 2147483658 2147483660 2147483661 2147483660 2147483661 
2147483660 2147483658 2147483659 2147483658 2147483659 
2147483661 2147483658 2147483659 2147483658 2147483659 57 53 
