2 
5 
8 
11 
18 
19 
22 2147483651 2147483671 
23 
24 
25 2147483651 2147483671 
26 2147483651 2147483671 2147483716 2147483733 
27 2147483651 2147483671 
32 2147483651 2147483671 2147483716 2147483733 
49 2147483668 2147483669 2147483670 2147483674 
50 
51 
52 2147483668 2147483669 2147483670 2147483674 2147483724 2147483726 
53 2147483668 2147483669 2147483670 2147483674 2147483714 2147483717 2147483722 2147483724 2147483726 
54 2147483668 2147483669 2147483670 2147483674 2147483717 2147483724 2147483726 
57 2147483668 2147483669 2147483670 2147483674 2147483717 2147483724 2147483726 
61 
127 2147483668 2147483669 2147483670 2147483674 2147483724 2147483726 
128 2147483668 2147483669 2147483670 2147483674 2147483724 
129 2147483668 2147483669 2147483670 2147483674 
130 2147483668 2147483669 2147483670 2147483674 
131 
132 
133 
134 
247 
248 
249 
250 
251 
252 
253 
254 
263 2147483651 2147483671 
264 2147483651 2147483671 
265 2147483651 2147483671 
266 2147483651 2147483671 
267 
268 
269 
270 
2147483651 2147483653 2147483654 2147483658 2147483668 2147483669 2147483670 2147483671 2147483674 2147483678 2147483690 2147483691 2147483693 2147483694 2147483696 2147483697 2147483699 2147483700 2147483709 2147483710 2147483713 2147483714 2147483716 2147483717 2147483730 2147483732 2147483733 2147483738 2147483739 22 25 27 32 26 263 264 265 266 2147483653 2147483654 2147483658 2147483668 2147483669 2147483670 2147483671 2147483674 2147483678 2147483690 2147483691 2147483693 2147483694 2147483696 2147483697 2147483699 2147483700 2147483709 2147483710 2147483713 2147483714 2147483716 2147483717 2147483730 2147483732 2147483733 2147483738 2147483739 
2147483653 2147483651 2147483651 2147483654 2147483658 2147483668 2147483669 2147483670 2147483671 2147483674 2147483678 2147483690 2147483691 2147483693 2147483694 2147483696 2147483697 2147483699 2147483700 2147483709 2147483710 2147483730 2147483732 2147483738 2147483739 2147483654 2147483658 2147483668 2147483669 2147483670 2147483671 2147483674 2147483678 2147483690 2147483691 2147483693 2147483694 2147483696 2147483697 2147483699 2147483700 2147483709 2147483710 2147483730 2147483732 2147483738 2147483739 
2147483654 2147483651 2147483653 2147483651 2147483653 2147483668 2147483669 2147483670 2147483671 2147483674 2147483690 2147483691 2147483693 2147483694 2147483696 2147483697 2147483699 2147483700 2147483730 2147483732 2147483738 2147483668 2147483669 2147483670 2147483671 2147483674 2147483690 2147483691 2147483693 2147483694 2147483696 2147483697 2147483699 2147483700 2147483730 2147483732 2147483738 
2147483658 2147483651 2147483653 2147483651 2147483653 2147483668 2147483669 2147483670 2147483671 2147483674 2147483709 2147483710 2147483730 2147483732 2147483738 2147483739 2147483668 2147483669 2147483670 2147483671 2147483674 2147483709 2147483710 2147483730 2147483732 2147483738 2147483739 
2147483668 2147483651 2147483653 2147483654 2147483658 2147483651 2147483653 2147483654 2147483658 2147483669 2147483670 2147483671 2147483674 2147483678 2147483690 2147483691 2147483693 2147483694 2147483696 2147483697 2147483699 2147483700 2147483709 2147483710 2147483713 2147483714 2147483716 2147483717 2147483719 2147483721 2147483722 2147483724 2147483726 2147483728 2147483730 2147483732 2147483733 2147483738 2147483739 53 49 52 54 57 127 128 129 130 2147483669 2147483670 2147483671 2147483674 2147483678 2147483690 2147483691 2147483693 2147483694 2147483696 2147483697 2147483699 2147483700 2147483709 2147483710 2147483713 2147483714 2147483716 2147483717 2147483719 2147483721 2147483722 2147483724 2147483726 2147483728 2147483730 2147483732 2147483733 2147483738 2147483739 
2147483669 2147483651 2147483653 2147483654 2147483658 2147483668 2147483651 2147483653 2147483654 2147483658 2147483668 2147483670 2147483671 2147483674 2147483678 2147483690 2147483691 2147483693 2147483694 2147483696 2147483697 2147483699 2147483700 2147483709 2147483710 2147483713 2147483714 2147483716 2147483717 2147483719 2147483721 2147483722 2147483724 2147483726 2147483730 2147483732 2147483733 2147483738 2147483739 57 52 49 54 53 127 128 129 130 2147483670 2147483671 2147483674 2147483678 2147483690 2147483691 2147483693 2147483694 2147483696 2147483697 2147483699 2147483700 2147483709 2147483710 2147483713 2147483714 2147483716 2147483717 2147483719 2147483721 2147483722 2147483724 2147483726 2147483730 2147483732 2147483733 2147483738 2147483739 
2147483670 2147483651 2147483653 2147483654 2147483658 2147483668 2147483669 2147483651 2147483653 2147483654 2147483658 2147483668 2147483669 2147483671 2147483674 2147483678 2147483690 2147483691 2147483693 2147483694 2147483696 2147483697 2147483699 2147483700 2147483709 2147483710 2147483713 2147483714 2147483716 2147483717 2147483719 2147483721 2147483722 2147483724 2147483730 2147483732 2147483733 2147483738 2147483739 54 49 52 57 53 127 128 129 130 2147483671 2147483674 2147483678 2147483690 2147483691 2147483693 2147483694 2147483696 2147483697 2147483699 2147483700 2147483709 2147483710 2147483713 2147483714 2147483716 2147483717 2147483719 2147483721 2147483722 2147483724 2147483730 2147483732 2147483733 2147483738 2147483739 
2147483671 2147483651 2147483653 2147483654 2147483658 2147483668 2147483669 2147483670 2147483651 2147483653 2147483654 2147483658 2147483668 2147483669 2147483670 2147483674 2147483678 2147483690 2147483691 2147483693 2147483694 2147483696 2147483697 2147483699 2147483700 2147483709 2147483710 2147483713 2147483714 2147483716 2147483717 2147483719 2147483721 2147483722 2147483724 2147483726 2147483730 2147483732 2147483733 2147483738 2147483739 25 263 22 27 32 26 264 265 266 2147483674 2147483678 2147483690 2147483691 2147483693 2147483694 2147483696 2147483697 2147483699 2147483700 2147483709 2147483710 2147483713 2147483714 2147483716 2147483717 2147483719 2147483721 2147483722 2147483724 2147483726 2147483730 2147483732 2147483733 2147483738 2147483739 
2147483674 2147483651 2147483653 2147483654 2147483658 2147483668 2147483669 2147483670 2147483671 2147483651 2147483653 2147483654 2147483658 2147483668 2147483669 2147483670 2147483671 2147483678 2147483690 2147483691 2147483693 2147483694 2147483696 2147483697 2147483699 2147483700 2147483709 2147483710 2147483713 2147483714 2147483716 2147483717 2147483719 2147483721 2147483722 2147483728 2147483730 2147483732 2147483733 2147483738 2147483739 49 52 54 57 53 127 128 129 130 2147483678 2147483690 2147483691 2147483693 2147483694 2147483696 2147483697 2147483699 2147483700 2147483709 2147483710 2147483713 2147483714 2147483716 2147483717 2147483719 2147483721 2147483722 2147483728 2147483730 2147483732 2147483733 2147483738 2147483739 
2147483678 2147483651 2147483653 2147483668 2147483669 2147483670 2147483671 2147483674 2147483651 2147483653 2147483668 2147483669 2147483670 2147483671 2147483674 2147483732 2147483738 2147483732 2147483738 
2147483690 2147483651 2147483653 2147483654 2147483668 2147483669 2147483670 2147483671 2147483674 2147483651 2147483653 2147483654 2147483668 2147483669 2147483670 2147483671 2147483674 2147483699 2147483730 2147483732 2147483738 2147483699 2147483730 2147483732 2147483738 
2147483691 2147483651 2147483653 2147483654 2147483668 2147483669 2147483670 2147483671 2147483674 2147483651 2147483653 2147483654 2147483668 2147483669 2147483670 2147483671 2147483674 2147483699 2147483730 2147483732 2147483738 2147483699 2147483730 2147483732 2147483738 
2147483693 2147483651 2147483653 2147483654 2147483668 2147483669 2147483670 2147483671 2147483674 2147483651 2147483653 2147483654 2147483668 2147483669 2147483670 2147483671 2147483674 2147483699 2147483730 2147483732 2147483738 2147483699 2147483730 2147483732 2147483738 
2147483694 2147483651 2147483653 2147483654 2147483668 2147483669 2147483670 2147483671 2147483674 2147483651 2147483653 2147483654 2147483668 2147483669 2147483670 2147483671 2147483674 2147483699 2147483730 2147483732 2147483738 2147483699 2147483730 2147483732 2147483738 
2147483696 2147483651 2147483653 2147483654 2147483668 2147483669 2147483670 2147483671 2147483674 2147483651 2147483653 2147483654 2147483668 2147483669 2147483670 2147483671 2147483674 2147483699 2147483730 2147483732 2147483738 2147483699 2147483730 2147483732 2147483738 
2147483697 2147483651 2147483653 2147483654 2147483668 2147483669 2147483670 2147483671 2147483674 2147483651 2147483653 2147483654 2147483668 2147483669 2147483670 2147483671 2147483674 2147483699 2147483730 2147483732 2147483738 2147483699 2147483730 2147483732 2147483738 
2147483699 2147483651 2147483653 2147483654 2147483668 2147483669 2147483670 2147483671 2147483674 2147483690 2147483691 2147483693 2147483694 2147483696 2147483697 2147483651 2147483653 2147483654 2147483668 2147483669 2147483670 2147483671 2147483674 2147483690 2147483691 2147483693 2147483694 2147483696 2147483697 2147483730 2147483732 2147483738 2147483730 2147483732 2147483738 
2147483700 2147483651 2147483653 2147483654 2147483668 2147483669 2147483670 2147483671 2147483674 2147483651 2147483653 2147483654 2147483668 2147483669 2147483670 2147483671 2147483674 2147483730 2147483732 2147483738 2147483730 2147483732 2147483738 
2147483709 2147483651 2147483653 2147483658 2147483668 2147483669 2147483670 2147483671 2147483674 2147483651 2147483653 2147483658 2147483668 2147483669 2147483670 2147483671 2147483674 2147483732 2147483738 2147483739 2147483732 2147483738 2147483739 
2147483710 2147483651 2147483653 2147483658 2147483668 2147483669 2147483670 2147483671 2147483674 2147483651 2147483653 2147483658 2147483668 2147483669 2147483670 2147483671 2147483674 2147483732 2147483738 2147483739 2147483732 2147483738 2147483739 
2147483713 2147483651 2147483668 2147483669 2147483670 2147483671 2147483674 2147483651 2147483668 2147483669 2147483670 2147483671 2147483674 2147483714 2147483716 2147483717 2147483732 2147483714 2147483716 2147483717 2147483732 
2147483714 2147483651 2147483668 2147483669 2147483670 2147483671 2147483674 2147483713 2147483651 2147483668 2147483669 2147483670 2147483671 2147483674 2147483713 2147483716 2147483717 53 2147483716 2147483717 
2147483716 2147483651 2147483668 2147483669 2147483670 2147483671 2147483674 2147483713 2147483714 2147483651 2147483668 2147483669 2147483670 2147483671 2147483674 2147483713 2147483714 2147483717 32 26 2147483717 
2147483717 2147483651 2147483668 2147483669 2147483670 2147483671 2147483674 2147483713 2147483714 2147483716 2147483651 2147483668 2147483669 2147483670 2147483671 2147483674 2147483713 2147483714 2147483716 54 57 53 
2147483719 2147483668 2147483669 2147483670 2147483671 2147483674 2147483668 2147483669 2147483670 2147483671 2147483674 2147483721 2147483722 2147483724 2147483726 2147483733 2147483721 2147483722 2147483724 2147483726 2147483733 
2147483721 2147483668 2147483669 2147483670 2147483671 2147483674 2147483719 2147483668 2147483669 2147483670 2147483671 2147483674 2147483719 2147483733 2147483733 
2147483722 2147483668 2147483669 2147483670 2147483671 2147483674 2147483719 2147483668 2147483669 2147483670 2147483671 2147483674 2147483719 2147483724 2147483726 2147483733 53 2147483724 2147483726 2147483733 
2147483724 2147483668 2147483669 2147483670 2147483671 2147483719 2147483722 2147483668 2147483669 2147483670 2147483671 2147483719 2147483722 2147483726 2147483733 52 54 57 53 127 128 2147483726 2147483733 
2147483726 2147483668 2147483669 2147483671 2147483719 2147483722 2147483724 2147483668 2147483669 2147483671 2147483719 2147483722 2147483724 2147483733 52 54 57 53 127 2147483733 
2147483728 2147483668 2147483674 2147483668 2147483674 
2147483730 2147483651 2147483653 2147483654 2147483658 2147483668 2147483669 2147483670 2147483671 2147483674 2147483690 2147483691 2147483693 2147483694 2147483696 2147483697 2147483699 2147483700 2147483651 2147483653 2147483654 2147483658 2147483668 2147483669 2147483670 2147483671 2147483674 2147483690 2147483691 2147483693 2147483694 2147483696 2147483697 2147483699 2147483700 2147483732 2147483738 2147483732 2147483738 
2147483732 2147483651 2147483653 2147483654 2147483658 2147483668 2147483669 2147483670 2147483671 2147483674 2147483678 2147483690 2147483691 2147483693 2147483694 2147483696 2147483697 2147483699 2147483700 2147483709 2147483710 2147483713 2147483730 2147483651 2147483653 2147483654 2147483658 2147483668 2147483669 2147483670 2147483671 2147483674 2147483678 2147483690 2147483691 2147483693 2147483694 2147483696 2147483697 2147483699 2147483700 2147483709 2147483710 2147483713 2147483730 2147483738 2147483739 2147483738 2147483739 
2147483733 2147483651 2147483668 2147483669 2147483670 2147483671 2147483674 2147483719 2147483721 2147483722 2147483724 2147483726 2147483651 2147483668 2147483669 2147483670 2147483671 2147483674 2147483719 2147483721 2147483722 2147483724 2147483726 2147483738 32 26 2147483738 
2147483738 2147483651 2147483653 2147483654 2147483658 2147483668 2147483669 2147483670 2147483671 2147483674 2147483678 2147483690 2147483691 2147483693 2147483694 2147483696 2147483697 2147483699 2147483700 2147483709 2147483710 2147483730 2147483732 2147483733 2147483651 2147483653 2147483654 2147483658 2147483668 2147483669 2147483670 2147483671 2147483674 2147483678 2147483690 2147483691 2147483693 2147483694 2147483696 2147483697 2147483699 2147483700 2147483709 2147483710 2147483730 2147483732 2147483733 2147483739 2147483739 
2147483739 2147483651 2147483653 2147483658 2147483668 2147483669 2147483670 2147483671 2147483674 2147483709 2147483710 2147483732 2147483738 2147483651 2147483653 2147483658 2147483668 2147483669 2147483670 2147483671 2147483674 2147483709 2147483710 2147483732 2147483738 
