3,1,3,-1,0,1,0,0,0,
6,1,6,-1,0,1,0,0,0,
9,1,9,-1,0,1,0,0,0,
13,1,13,-1,0,1,0,0,0,
16,1,16,-1,0,1,0,0,0,
21,1,21,-1,0,1,0,0,0,
22,1,22,-1,0,1,0,0,255,
23,1,23,-1,0,1,0,0,0,
24,1,24,-1,0,1,0,0,0,
25,1,25,-1,0,1,0,0,13,
26,1,26,-1,0,1,0,0,0,
27,1,27,-1,0,1,0,0,0,
32,1,32,-1,0,1,0,0,0,
49,1,49,-1,0,1,0,0,0,
50,1,50,-1,0,1,0,0,0,
51,1,51,-1,0,1,0,0,0,
52,1,52,-1,0,1,0,0,0,
53,1,53,-1,0,1,0,0,0,
54,1,54,-1,0,1,0,0,0,
57,1,57,-1,0,1,0,0,0,
59,1,59,-1,0,1,0,0,0,
127,1,127,-1,0,1,0,0,0,
128,1,128,-1,0,1,0,0,0,
129,1,129,-1,0,1,0,0,0,
130,1,130,-1,0,1,0,0,0,
131,1,131,-1,0,1,0,0,0,
132,1,132,-1,0,1,0,0,0,
133,1,133,-1,0,1,0,0,0,
134,1,134,-1,0,1,0,0,0,
263,1,263,-1,0,1,0,0,0,
264,1,264,-1,0,1,0,0,0,
265,1,265,-1,0,1,0,0,0,
266,1,266,-1,0,1,0,0,0,
267,1,267,-1,0,1,0,0,0,
268,1,268,-1,0,1,0,0,0,
269,1,269,-1,0,1,0,0,0,
270,1,270,-1,0,1,0,0,0,
271,1,271,-1,0,1,0,0,0,
272,1,272,-1,0,1,0,0,0,
273,1,273,-1,0,1,0,0,0,
274,1,274,-1,0,1,0,0,0,
275,1,275,-1,0,1,0,0,0,
276,1,276,-1,0,1,0,0,0,
277,1,277,-1,0,1,0,0,0,
278,1,278,-1,0,1,0,0,0,
2147483648,0,0,1.67572e-12,2,0,1,0,0,51 133 134 131 132 50
2147483663,0,0,inf,1,0,1,0,0,22 25 27 32 26 263 264 265 266 24 23 269 270 267 268
2147483670,0,0,0.000716808,2,0,1,0,0,49 52 54 57 53 127 128 129 130 51 133 134 131 132 50
2147483671,0,0,0.00415721,3,0,1,0,0,49 52 54 57 53 127 128 129 130 51 133 134 131 132 50
2147483692,0,0,0.0410177,13,0,1,0,0,53 52 57 127 128 129 130 51 133 134 131 132 50
2147483693,0,0,0.00262256,5,0,1,0,0,57 52 127 128 129 130 51 133 134 131 132 50
2147483694,0,0,0.00109354,7,0,1,0,0,25 263 264 265 266 24 23 269 270 267 268
2147483695,0,0,0.00836398,5,0,1,0,0,25 263 264 265 266 24 23 269 270 267 268
2147483696,0,0,0.000324968,8,0,1,0,0,51 133 134 131 132 50
2147483703,0,0,inf,2,0,1,0,0,49 52 54 57 53 127 128 129 130 51 133 134 131 132 50
2147483704,0,0,inf,1,0,1,0,0,3 13 21 59 16 271 272 273 274 9 6 277 278 275 276
2147483709,0,0,inf,3,0,1,0,0,22 25 27 32 26 263 264 265 266 24 23 269 270 267 268
2147483711,0,0,inf,2,0,1,0,0,22 25 27 32 26 263 264 265 266 24 23 269 270 267 268
2147483727,0,0,inf,1,0,1,0,0,54 52 57 53 127 128 129 130 51 133 134 131 132 50
2147483728,0,0,0.0173611,1,0,1,0,0,13 21 59 16 271 272 273 274 9 6 277 278 275 276
2147483730,0,0,0.0179598,1,0,1,0,0,52 54 57 53 127 128 129 130 51 133 134 131 132 50
2147483745,0,0,inf,1,0,1,0,0,49 52 54 57 53 127 128 129 130 51 133 134 131 132 50
2147483746,0,0,inf,1,0,1,0,0,3 13 21 59 16 271 272 273 274 9 6 277 278 275 276
2147483748,0,0,inf,1,0,1,0,0,49 52 54 57 53 127 128 129 130 51 133 134 131 132 50
2147483749,0,0,inf,1,0,1,0,0,3 13 21 59 16 271 272 273 274 9 6 277 278 275 276
2147483754,0,0,0.0191511,9,0,1,0,0,49 52 54 57 53 127 128 129 130 51 133 134 131 132 50
2147483755,0,0,inf,1,0,1,0,0,3 13 21 59 16 271 272 273 274 9 6 277 278 275 276
2147483766,0,0,inf,1,0,1,0,0,49 52 54 57 53 127 128 129 130 51 133 134 131 132 50
2147483776,0,0,0.0288624,19,0,1,0,0,52 57 53 127 128 129 130 51 133 134 131 132 50
2147483787,0,0,0.0281477,6,0,1,0,0,49 52 54 57 53 127 128 129 130 51 133 134 131 132 50
2147483789,0,0,5.99363e-13,5,0,1,0,0,51 133 134 131 132 50
2147483791,0,0,1.63015e-18,5,0,1,0,0,51 133 134 131 132 50
2147483792,0,0,0.0330023,4,0,1,0,0,49 52 54 57 53 127 128 129 130 51 133 134 131 132 50
