2,1,2,-1,0,1,0,0,0,
5,1,5,-1,0,1,0,0,0,
8,1,8,-1,0,1,0,0,0,
11,1,11,-1,0,1,0,0,0,
18,1,18,-1,0,1,0,0,0,
19,1,19,-1,0,1,0,0,0,
22,1,22,-1,0,1,0,0,0,
23,1,23,-1,0,1,0,0,0,
24,1,24,-1,0,1,0,0,0,
25,1,25,-1,0,1,0,0,0,
26,1,26,-1,0,1,0,0,0,
27,1,27,-1,0,1,0,0,0,
32,1,32,-1,0,1,0,0,0,
49,1,49,-1,0,1,0,0,0,
50,1,50,-1,0,1,0,0,0,
51,1,51,-1,0,1,0,0,0,
52,1,52,-1,0,1,0,0,0,
53,1,53,-1,0,1,0,0,0,
54,1,54,-1,0,1,0,0,0,
57,1,57,-1,0,1,0,0,0,
61,1,61,-1,0,1,0,0,0,
127,1,127,-1,0,1,0,0,0,
128,1,128,-1,0,1,0,0,0,
129,1,129,-1,0,1,0,0,0,
130,1,130,-1,0,1,0,0,0,
131,1,131,-1,0,1,0,0,0,
132,1,132,-1,0,1,0,0,0,
133,1,133,-1,0,1,0,0,0,
134,1,134,-1,0,1,0,0,0,
151,1,151,-1,0,1,0,0,255,
152,1,152,-1,0,1,0,0,0,
153,1,153,-1,0,1,0,0,0,
154,1,154,-1,0,1,0,0,0,
155,1,155,-1,0,1,0,0,255,
156,1,156,-1,0,1,0,0,0,
157,1,157,-1,0,1,0,0,0,
158,1,158,-1,0,1,0,0,0,
159,1,159,-1,0,1,0,0,0,
160,1,160,-1,0,1,0,0,255,
161,1,161,-1,0,1,0,0,0,
162,1,162,-1,0,1,0,0,0,
163,1,163,-1,0,1,0,0,0,
164,1,164,-1,0,1,0,0,0,
165,1,165,-1,0,1,0,0,0,
166,1,166,-1,0,1,0,0,0,
247,1,247,-1,0,1,0,0,0,
248,1,248,-1,0,1,0,0,0,
249,1,249,-1,0,1,0,0,0,
250,1,250,-1,0,1,0,0,191,
251,1,251,-1,0,1,0,0,0,
252,1,252,-1,0,1,0,0,0,
253,1,253,-1,0,1,0,0,0,
254,1,254,-1,0,1,0,0,0,
263,1,263,-1,0,1,0,0,0,
264,1,264,-1,0,1,0,0,0,
265,1,265,-1,0,1,0,0,255,
266,1,266,-1,0,1,0,0,0,
267,1,267,-1,0,1,0,0,0,
268,1,268,-1,0,1,0,0,0,
269,1,269,-1,0,1,0,0,0,
270,1,270,-1,0,1,0,0,0,
2147483650,0,0,0.00200803,2,0,1,0,0,2 11 19 61 18 247 248 249 250 5 8 253 254 251 252
2147483651,0,0,0.000219184,2,0,1,0,0,51 133 134 131 132 50
2147483676,0,0,0.00039453,2,0,1,0,0,51 133 134 131 132 50
2147483680,0,0,0.000438367,2,0,1,0,0,51 133 134 131 132 50
2147483700,0,0,2.32116e-08,3,0,1,0,0,51 133 134 131 132 50
2147483702,0,0,9.55086e-09,3,0,1,0,0,49 52 54 57 127 128 129 130 51 133 134 131 132 50
2147483703,0,0,5.50269e-09,1,0,1,0,0,51 133 134 131 132 50
2147483704,0,0,4.79189e-09,1,0,1,0,0,51 133 134 131 132 50
2147483705,0,0,8.85943e-09,1,0,1,0,0,49 53 52 54 57 127 128 129 130 51 133 134 131 132 50
2147483708,0,0,5.34675e-09,1,0,1,0,0,49 54 52 127 128 129 130 51 133 134 131 132 50
2147483709,0,0,2.70624e-09,1,0,1,0,0,51 133 134 131 132 50
2147483710,0,0,2.84622e-09,1,0,1,0,0,51 133 134 131 132 50
2147483711,0,0,4.42971e-09,1,0,1,0,0,49 53 52 54 57 127 128 129 130 51 133 134 131 132 50
2147483718,0,0,0.000463858,9,0,1,0,0,51 133 134 131 132 50
2147483719,0,0,0.00129587,2,0,1,0,0,51 133 134 131 132 50
2147483720,0,0,0.000245941,14,0,1,0,0,51 133 134 131 132 50
2147483721,0,0,0.00420833,1,0,1,0,0,57 49 52 54 127 128 129 130 51 133 134 131 132 50
2147483722,0,0,inf,1,0,1,0,0,53 49 52 54 57 127 128 129 130 51 133 134 131 132 50
2147483723,0,0,0.00233796,1,0,1,0,0,57 49 52 54 127 128 129 130 51 133 134 131 132 50
2147483724,0,0,0.00435344,1,0,1,0,0,2 11 19 61 18 247 248 249 250 5 8 253 254 251 252
2147483728,0,0,0.000692159,1,0,1,0,0,53 49 52 54 127 128 129 130 51 133 134 131 132 50
2147483730,0,0,inf,1,0,1,0,0,53 49 52 54 57 127 128 129 130 51 133 134 131 132 50
2147483734,0,0,inf,1,0,1,0,0,53 49 52 54 57 127 128 129 130 51 133 134 131 132 50
2147483735,0,0,1.32807e-15,1,0,1,0,0,49 53 52 54 57 127 128 129 130 51 133 134 131 132 50
2147483737,0,0,0.00112723,1,0,1,0,0,52 49 127 128 129 130 51 133 134 131 132 50
2147483744,0,0,inf,1,0,1,0,0,53 49 52 54 57 127 128 129 130 51 133 134 131 132 50
2147483745,0,0,inf,1,0,1,0,0,53 49 52 54 57 127 128 129 130 51 133 134 131 132 50
2147483753,0,0,0.00078906,1,0,1,0,0,54 49 52 127 128 129 130 51 133 134 131 132 50
2147483756,0,0,inf,1,0,1,0,0,53 49 52 54 57 127 128 129 130 51 133 134 131 132 50
2147483757,0,0,0.00210416,1,0,1,0,0,2 11 19 61 18 247 248 249 250 5 8 253 254 251 252
2147483758,0,0,inf,1,0,1,0,0,53 49 52 54 57 127 128 129 130 51 133 134 131 132 50
2147483759,0,0,0.000680224,1,0,1,0,0,2 11 19 61 18 247 248 249 250 5 8 253 254 251 252
2147483760,0,0,0.000290095,1,0,1,0,0,52 49 127 128 129 130 51 133 134 131 132 50
2147483762,0,0,0.000173039,1,0,1,0,0,53 49 52 54 127 128 129 130 51 133 134 131 132 50
2147483764,0,0,inf,1,0,1,0,0,53 49 52 54 57 127 128 129 130 51 133 134 131 132 50
2147483768,0,0,inf,1,0,1,0,0,53 49 52 54 57 127 128 129 130 51 133 134 131 132 50
2147483769,0,0,3.31141e-16,1,0,1,0,0,49 53 52 54 57 127 128 129 130 51 133 134 131 132 50
2147483771,0,0,0.000281806,1,0,1,0,0,52 49 127 128 129 130 51 133 134 131 132 50
2147483778,0,0,inf,1,0,1,0,0,53 49 52 54 57 127 128 129 130 51 133 134 131 132 50
2147483779,0,0,inf,1,0,1,0,0,53 49 52 54 57 127 128 129 130 51 133 134 131 132 50
2147483787,0,0,0.000699972,1,0,1,0,0,54 49 52 127 128 129 130 51 133 134 131 132 50
2147483788,0,0,0.000401836,1,0,1,0,0,57 49 52 54 127 128 129 130 51 133 134 131 132 50
2147483791,0,0,0.000580191,1,0,1,0,0,52 49 127 128 129 130 51 133 134 131 132 50
2147483793,0,0,0.000346079,1,0,1,0,0,53 49 52 54 127 128 129 130 51 133 134 131 132 50
2147483795,0,0,inf,1,0,1,0,255,53 49 52 54 57 127 128 129 130 51 133 134 131 132 50
2147483799,0,0,inf,1,0,1,0,0,53 49 52 54 57 127 128 129 130 51 133 134 131 132 50
2147483800,0,0,6.64035e-16,1,0,1,0,0,49 53 52 54 57 127 128 129 130 51 133 134 131 132 50
2147483802,0,0,0.000563613,1,0,1,0,0,52 49 127 128 129 130 51 133 134 131 132 50
2147483809,0,0,inf,1,0,1,0,190,53 49 52 54 57 127 128 129 130 51 133 134 131 132 50
2147483810,0,0,inf,1,0,1,0,0,53 49 52 54 57 127 128 129 130 51 133 134 131 132 50
2147483819,0,0,3.5743e-09,19,0,1,0,0,51 133 134 131 132 50
2147483820,0,0,0.00039453,1,0,1,0,0,54 49 52 127 128 129 130 51 133 134 131 132 50
2147483823,0,0,inf,1,0,1,0,0,53 49 52 54 57 127 128 129 130 51 133 134 131 132 50
2147483825,0,0,inf,1,0,1,0,0,53 49 52 54 57 127 128 129 130 51 133 134 131 132 50
2147483830,0,0,inf,1,0,1,0,0,22 25 27 32 26 263 264 265 266 24 23 269 270 267 268
2147483833,0,0,1.41168e-08,1,0,1,0,0,22 25 27 32 26 263 264 265 266 24 23 269 270 267 268
2147483835,0,0,inf,1,0,1,0,0,49 52 54 57 53 127 128 129 130 51 133 134 131 132 50
2147483838,0,0,5.97578e-09,1,0,1,0,0,52 49 127 128 129 130 51 133 134 131 132 50
2147483844,0,0,4.05574e-09,1,0,1,0,0,49 52 54 57 53 127 128 129 130 51 133 134 131 132 50
2147483845,0,0,inf,1,0,1,0,0,49 52 54 57 53 127 128 129 130 51 133 134 131 132 50
2147483846,0,0,3.06653e-09,1,0,1,0,0,49 129 130 51 133 134 131 132 50
2147483848,0,0,inf,1,0,0,0,1,151 152 153 154 155 156 157 158 159 160 161 162 163 164 165 166
2147483850,0,0,2.1894e-09,1,0,1,0,0,54 49 52 127 128 129 130 51 133 134 131 132 50
2147483853,0,0,4.37879e-09,1,0,1,0,0,53 49 52 54 57 127 128 129 130 51 133 134 131 132 50
2147483854,0,0,2.35157e-09,1,0,1,0,0,57 49 52 54 127 128 129 130 51 133 134 131 132 50
2147483855,0,0,4.50834e-09,1,0,1,0,0,53 49 52 57 127 128 129 130 51 133 134 131 132 50
2147483856,0,0,2.88602e-09,1,0,1,0,0,128 49 129 130 51 133 134 131 132 50
2147483857,0,0,3.80993e-09,1,0,0,0,1,151 152 153 154 155 156 157 158 159 160 161 162 163 164 165 166
2147483858,0,0,4.05573e-09,1,0,1,0,0,49 52 54 57 53 127 128 129 130 51 133 134 131 132 50
2147483859,0,0,inf,1,0,1,0,0,49 52 54 57 53 127 128 129 130 51 133 134 131 132 50
2147483860,0,0,3.06653e-09,1,0,1,0,0,49 129 130 51 133 134 131 132 50
2147483865,0,0,2.11641e-09,1,0,1,0,0,127 49 128 129 130 51 133 134 131 132 50
2147483866,0,0,1.38734e-08,1,0,1,0,0,49 52 54 57 127 128 129 130 51 133 134 131 132 50
2147483870,0,0,8.11147e-09,1,0,1,0,0,49 52 54 57 53 127 128 129 130 51 133 134 131 132 50
2147483871,0,0,inf,1,0,1,0,0,49 52 54 57 53 127 128 129 130 51 133 134 131 132 50
2147483872,0,0,6.13307e-09,1,0,1,0,0,49 129 130 51 133 134 131 132 50
2147483874,0,0,inf,1,0,0,0,1,151 152 153 154 155 156 157 158 159 160 161 162 163 164 165 166
2147483876,0,0,4.3788e-09,1,0,1,0,0,54 49 52 127 128 129 130 51 133 134 131 132 50
2147483879,0,0,8.75759e-09,1,0,1,0,0,53 49 52 54 57 127 128 129 130 51 133 134 131 132 50
2147483880,0,0,4.70315e-09,1,0,1,0,0,57 49 52 54 127 128 129 130 51 133 134 131 132 50
2147483881,0,0,9.01668e-09,1,0,1,0,0,53 49 52 57 127 128 129 130 51 133 134 131 132 50
2147483882,0,0,5.77204e-09,1,0,1,0,0,128 49 129 130 51 133 134 131 132 50
2147483883,0,0,7.61985e-09,1,0,0,0,1,151 152 153 154 155 156 157 158 159 160 161 162 163 164 165 166
2147483884,0,0,8.11146e-09,1,0,1,0,0,49 52 54 57 53 127 128 129 130 51 133 134 131 132 50
2147483885,0,0,inf,1,0,1,0,0,49 52 54 57 53 127 128 129 130 51 133 134 131 132 50
2147483886,0,0,6.13305e-09,1,0,1,0,0,49 129 130 51 133 134 131 132 50
2147483891,0,0,4.23283e-09,1,0,1,0,0,127 49 128 129 130 51 133 134 131 132 50
2147483895,0,0,0.00270053,4,0,1,0,0,24 23 269 270 267 268
2147483901,0,0,1.02766e-09,1,0,1,0,0,49 52 54 57 127 128 129 130 51 133 134 131 132 50
2147483903,0,0,2.55154e-14,1,0,1,0,0,49 53 52 54 57 127 128 129 130 51 133 134 131 132 50
2147483905,0,0,0.00223213,1,0,1,0,0,49 52 54 57 127 128 129 130 51 133 134 131 132 50
2147483913,0,0,0.00118078,12,0,1,0,0,51 133 134 131 132 50
2147483914,0,0,0.00268095,5,0,1,0,0,51 133 134 131 132 50
2147483915,0,0,3.48815e-09,22,0,1,0,0,51 133 134 131 132 50
2147483922,0,0,3.47249e-08,2,0,1,0,0,49 52 54 57 53 127 128 129 130 51 133 134 131 132 50
