22 
23 
24 
25 
26 2147483653 2147483654 
27 2147483654 
32 2147483653 2147483654 
49 
50 
51 
52 2147483655 
53 2147483652 2147483655 2147483659 
54 2147483655 
57 2147483655 
127 
128 
129 
130 
131 
132 
133 
134 
263 
264 
265 
266 
267 
268 
269 
270 
2147483652 2147483653 2147483654 2147483655 2147483660 2147483661 53 2147483653 2147483654 2147483655 2147483660 2147483661 
2147483653 2147483652 2147483652 2147483654 2147483655 2147483659 2147483660 2147483661 32 26 2147483654 2147483655 2147483659 2147483660 2147483661 
2147483654 2147483652 2147483653 2147483652 2147483653 2147483655 2147483659 2147483660 2147483661 27 32 26 2147483655 2147483659 2147483660 2147483661 
2147483655 2147483652 2147483653 2147483654 2147483652 2147483653 2147483654 2147483659 2147483660 2147483661 52 54 57 53 2147483659 2147483660 2147483661 
2147483659 2147483653 2147483654 2147483655 2147483653 2147483654 2147483655 2147483661 53 2147483661 
2147483660 2147483652 2147483653 2147483654 2147483655 2147483652 2147483653 2147483654 2147483655 2147483661 2147483661 
2147483661 2147483652 2147483653 2147483654 2147483655 2147483659 2147483660 2147483652 2147483653 2147483654 2147483655 2147483659 2147483660 
