2 
5 
8 
11 
18 
19 
22 2147483667 2147483675 2147483679 2147483689 
23 
24 
25 2147483667 2147483675 2147483679 2147483689 
26 2147483667 2147483670 2147483675 2147483679 2147483689 
27 2147483667 2147483675 2147483679 2147483689 
32 2147483667 2147483675 2147483679 2147483689 
49 2147483661 2147483684 
50 
51 
52 2147483661 2147483684 
53 2147483661 2147483684 
54 2147483661 2147483684 
57 2147483661 2147483684 
61 
127 2147483661 2147483684 
128 2147483661 2147483684 
129 2147483661 2147483684 
130 2147483661 2147483684 
131 
132 
133 
134 
247 
248 
249 
250 
251 
252 
253 
254 
263 2147483667 2147483675 2147483679 2147483689 
264 2147483667 2147483675 2147483679 2147483689 
265 2147483667 2147483675 2147483679 2147483689 
266 2147483667 2147483675 2147483679 2147483689 
267 
268 
269 
270 
2147483648 2147483661 2147483684 2147483689 2147483661 2147483684 2147483689 
2147483653 2147483661 2147483667 2147483671 2147483675 2147483676 2147483677 2147483679 2147483684 2147483689 2147483661 2147483667 2147483671 2147483675 2147483676 2147483677 2147483679 2147483684 2147483689 
2147483661 2147483648 2147483653 2147483648 2147483653 2147483667 2147483668 2147483669 2147483670 2147483671 2147483675 2147483676 2147483677 2147483679 2147483681 2147483684 2147483689 53 49 52 54 57 127 128 129 130 2147483667 2147483668 2147483669 2147483670 2147483671 2147483675 2147483676 2147483677 2147483679 2147483681 2147483684 2147483689 
2147483667 2147483653 2147483661 2147483653 2147483661 2147483668 2147483669 2147483670 2147483671 2147483675 2147483676 2147483677 2147483679 2147483681 2147483684 2147483689 22 25 27 32 26 263 264 265 266 2147483668 2147483669 2147483670 2147483671 2147483675 2147483676 2147483677 2147483679 2147483681 2147483684 2147483689 
2147483668 2147483661 2147483667 2147483661 2147483667 2147483669 2147483675 2147483679 2147483684 2147483689 2147483669 2147483675 2147483679 2147483684 2147483689 
2147483669 2147483661 2147483667 2147483668 2147483661 2147483667 2147483668 2147483670 2147483675 2147483679 2147483684 2147483689 2147483670 2147483675 2147483679 2147483684 2147483689 
2147483670 2147483661 2147483667 2147483669 2147483661 2147483667 2147483669 2147483675 2147483679 2147483684 2147483689 26 2147483675 2147483679 2147483684 2147483689 
2147483671 2147483653 2147483661 2147483667 2147483653 2147483661 2147483667 2147483675 2147483679 2147483684 2147483689 2147483675 2147483679 2147483684 2147483689 
2147483675 2147483653 2147483661 2147483667 2147483668 2147483669 2147483670 2147483671 2147483653 2147483661 2147483667 2147483668 2147483669 2147483670 2147483671 2147483676 2147483677 2147483679 2147483681 2147483684 2147483689 22 25 27 32 26 263 264 265 266 2147483676 2147483677 2147483679 2147483681 2147483684 2147483689 
2147483676 2147483653 2147483661 2147483667 2147483675 2147483653 2147483661 2147483667 2147483675 2147483679 2147483684 2147483689 2147483679 2147483684 2147483689 
2147483677 2147483653 2147483661 2147483667 2147483675 2147483653 2147483661 2147483667 2147483675 2147483679 2147483684 2147483689 2147483679 2147483684 2147483689 
2147483679 2147483653 2147483661 2147483667 2147483668 2147483669 2147483670 2147483671 2147483675 2147483676 2147483677 2147483653 2147483661 2147483667 2147483668 2147483669 2147483670 2147483671 2147483675 2147483676 2147483677 2147483681 2147483684 2147483689 22 25 27 32 26 263 264 265 266 2147483681 2147483684 2147483689 
2147483681 2147483661 2147483667 2147483675 2147483679 2147483661 2147483667 2147483675 2147483679 2147483684 2147483689 2147483684 2147483689 
2147483683 
2147483684 2147483648 2147483653 2147483661 2147483667 2147483668 2147483669 2147483670 2147483671 2147483675 2147483676 2147483677 2147483679 2147483681 2147483648 2147483653 2147483661 2147483667 2147483668 2147483669 2147483670 2147483671 2147483675 2147483676 2147483677 2147483679 2147483681 2147483689 49 52 54 57 53 127 128 129 130 2147483689 
2147483689 2147483648 2147483653 2147483661 2147483667 2147483668 2147483669 2147483670 2147483671 2147483675 2147483676 2147483677 2147483679 2147483681 2147483684 2147483648 2147483653 2147483661 2147483667 2147483668 2147483669 2147483670 2147483671 2147483675 2147483676 2147483677 2147483679 2147483681 2147483684 22 25 27 32 26 263 264 265 266 
