2 
3 
5 
6 
8 
9 
11 
13 
16 
18 
19 
21 
22 2147483766 2147483782 
23 
24 
25 2147483766 2147483782 
26 2147483766 2147483782 
27 2147483766 2147483782 
32 2147483766 2147483782 
49 2147483648 2147483649 2147483650 2147483657 2147483659 2147483663 2147483703 2147483790 2147483793 2147483797 2147483848 
50 
51 
52 2147483648 2147483649 2147483650 2147483657 2147483659 2147483663 2147483703 2147483790 2147483792 2147483793 2147483797 2147483848 
53 2147483648 2147483649 2147483650 2147483657 2147483659 2147483663 2147483696 2147483703 2147483790 2147483792 2147483793 2147483797 2147483814 2147483827 2147483848 
54 2147483648 2147483649 2147483650 2147483657 2147483659 2147483663 2147483703 2147483790 2147483792 2147483793 2147483797 2147483814 2147483827 2147483848 
57 2147483648 2147483649 2147483650 2147483657 2147483659 2147483663 2147483696 2147483703 2147483790 2147483792 2147483793 2147483797 2147483814 2147483827 2147483848 
59 
61 
127 2147483648 2147483649 2147483650 2147483657 2147483659 2147483663 2147483703 2147483790 2147483793 2147483797 2147483848 
128 2147483648 2147483649 2147483650 2147483657 2147483659 2147483663 2147483703 2147483790 2147483793 2147483797 2147483848 
129 2147483648 2147483649 2147483650 2147483657 2147483659 2147483663 2147483703 2147483790 2147483793 2147483797 2147483848 
130 2147483648 2147483649 2147483650 2147483657 2147483659 2147483663 2147483703 2147483790 2147483793 2147483797 2147483848 
131 
132 
133 
134 
247 
248 
249 
250 
251 
252 
253 
254 
263 2147483766 2147483782 
264 2147483766 2147483782 
265 2147483766 2147483782 
266 2147483766 2147483782 
267 
268 
269 
270 
271 
272 
273 
274 
275 
276 
277 
278 
2147483648 2147483649 2147483650 2147483657 2147483659 2147483703 2147483704 2147483705 2147483706 2147483708 2147483713 2147483714 2147483716 2147483718 2147483723 2147483726 2147483730 2147483734 2147483739 2147483745 2147483747 2147483749 2147483754 2147483756 2147483766 2147483770 2147483775 2147483780 2147483782 2147483787 2147483788 2147483790 2147483792 2147483793 2147483797 2147483808 2147483809 2147483811 2147483845 2147483850 53 49 52 54 57 127 128 129 130 2147483649 2147483650 2147483657 2147483659 2147483703 2147483704 2147483705 2147483706 2147483708 2147483713 2147483714 2147483716 2147483718 2147483723 2147483726 2147483730 2147483734 2147483739 2147483745 2147483747 2147483749 2147483754 2147483756 2147483766 2147483770 2147483775 2147483780 2147483782 2147483787 2147483788 2147483790 2147483792 2147483793 2147483797 2147483808 2147483809 2147483811 2147483845 2147483850 
2147483649 2147483648 2147483648 2147483650 2147483657 2147483659 2147483663 2147483696 2147483697 2147483703 2147483713 2147483714 2147483716 2147483718 2147483723 2147483726 2147483730 2147483734 2147483739 2147483745 2147483747 2147483749 2147483754 2147483756 2147483766 2147483770 2147483775 2147483780 2147483782 2147483787 2147483788 2147483790 2147483792 2147483793 2147483797 2147483808 2147483809 2147483811 2147483813 2147483814 2147483818 2147483820 2147483821 2147483827 2147483845 2147483848 2147483850 53 49 52 54 57 127 128 129 130 2147483650 2147483657 2147483659 2147483663 2147483696 2147483697 2147483703 2147483713 2147483714 2147483716 2147483718 2147483723 2147483726 2147483730 2147483734 2147483739 2147483745 2147483747 2147483749 2147483754 2147483756 2147483766 2147483770 2147483775 2147483780 2147483782 2147483787 2147483788 2147483790 2147483792 2147483793 2147483797 2147483808 2147483809 2147483811 2147483813 2147483814 2147483818 2147483820 2147483821 2147483827 2147483845 2147483848 2147483850 
2147483650 2147483648 2147483649 2147483648 2147483649 2147483657 2147483659 2147483663 2147483696 2147483697 2147483703 2147483713 2147483714 2147483716 2147483718 2147483723 2147483726 2147483730 2147483734 2147483739 2147483745 2147483747 2147483749 2147483754 2147483756 2147483766 2147483770 2147483775 2147483780 2147483782 2147483787 2147483788 2147483790 2147483792 2147483793 2147483797 2147483808 2147483809 2147483811 2147483813 2147483814 2147483818 2147483820 2147483821 2147483827 2147483845 2147483848 2147483850 57 49 52 54 53 127 128 129 130 2147483657 2147483659 2147483663 2147483696 2147483697 2147483703 2147483713 2147483714 2147483716 2147483718 2147483723 2147483726 2147483730 2147483734 2147483739 2147483745 2147483747 2147483749 2147483754 2147483756 2147483766 2147483770 2147483775 2147483780 2147483782 2147483787 2147483788 2147483790 2147483792 2147483793 2147483797 2147483808 2147483809 2147483811 2147483813 2147483814 2147483818 2147483820 2147483821 2147483827 2147483845 2147483848 2147483850 
2147483657 2147483648 2147483649 2147483650 2147483648 2147483649 2147483650 2147483659 2147483696 2147483697 2147483703 2147483723 2147483726 2147483730 2147483734 2147483739 2147483745 2147483747 2147483754 2147483766 2147483770 2147483775 2147483780 2147483782 2147483787 2147483788 2147483790 2147483792 2147483793 2147483797 2147483808 2147483809 2147483811 2147483813 2147483814 2147483845 2147483850 53 57 49 52 54 127 128 129 130 2147483659 2147483696 2147483697 2147483703 2147483723 2147483726 2147483730 2147483734 2147483739 2147483745 2147483747 2147483754 2147483766 2147483770 2147483775 2147483780 2147483782 2147483787 2147483788 2147483790 2147483792 2147483793 2147483797 2147483808 2147483809 2147483811 2147483813 2147483814 2147483845 2147483850 
2147483659 2147483648 2147483649 2147483650 2147483657 2147483648 2147483649 2147483650 2147483657 2147483663 2147483696 2147483697 2147483703 2147483745 2147483747 2147483749 2147483754 2147483756 2147483766 2147483770 2147483775 2147483780 2147483782 2147483787 2147483788 2147483790 2147483792 2147483793 2147483797 2147483808 2147483809 2147483811 2147483813 2147483814 2147483818 2147483820 2147483821 2147483827 2147483845 2147483848 2147483850 53 49 57 52 54 127 128 129 130 2147483663 2147483696 2147483697 2147483703 2147483745 2147483747 2147483749 2147483754 2147483756 2147483766 2147483770 2147483775 2147483780 2147483782 2147483787 2147483788 2147483790 2147483792 2147483793 2147483797 2147483808 2147483809 2147483811 2147483813 2147483814 2147483818 2147483820 2147483821 2147483827 2147483845 2147483848 2147483850 
2147483663 2147483649 2147483650 2147483659 2147483649 2147483650 2147483659 2147483703 2147483827 2147483848 53 49 52 54 57 127 128 129 130 2147483703 2147483827 2147483848 
2147483696 2147483649 2147483650 2147483657 2147483659 2147483649 2147483650 2147483657 2147483659 2147483697 2147483703 2147483813 2147483814 57 53 2147483697 2147483703 2147483813 2147483814 
2147483697 2147483649 2147483650 2147483657 2147483659 2147483696 2147483649 2147483650 2147483657 2147483659 2147483696 2147483703 2147483814 2147483703 2147483814 
2147483703 2147483648 2147483649 2147483650 2147483657 2147483659 2147483663 2147483696 2147483697 2147483648 2147483649 2147483650 2147483657 2147483659 2147483663 2147483696 2147483697 2147483704 2147483705 2147483706 2147483708 2147483713 2147483714 2147483716 2147483723 2147483726 2147483730 2147483734 2147483739 2147483745 2147483747 2147483754 2147483766 2147483770 2147483775 2147483780 2147483782 2147483787 2147483788 2147483790 2147483792 2147483793 2147483797 2147483808 2147483809 2147483811 2147483813 2147483814 2147483820 2147483845 2147483850 53 49 52 54 57 127 128 129 130 2147483704 2147483705 2147483706 2147483708 2147483713 2147483714 2147483716 2147483723 2147483726 2147483730 2147483734 2147483739 2147483745 2147483747 2147483754 2147483766 2147483770 2147483775 2147483780 2147483782 2147483787 2147483788 2147483790 2147483792 2147483793 2147483797 2147483808 2147483809 2147483811 2147483813 2147483814 2147483820 2147483845 2147483850 
2147483704 2147483648 2147483703 2147483648 2147483703 2147483705 2147483706 2147483705 2147483706 
2147483705 2147483648 2147483703 2147483704 2147483648 2147483703 2147483704 
2147483706 2147483648 2147483703 2147483704 2147483648 2147483703 2147483704 2147483708 2147483708 
2147483708 2147483648 2147483703 2147483706 2147483648 2147483703 2147483706 
2147483713 2147483648 2147483649 2147483650 2147483703 2147483648 2147483649 2147483650 2147483703 
2147483714 2147483648 2147483649 2147483650 2147483703 2147483648 2147483649 2147483650 2147483703 
2147483716 2147483648 2147483649 2147483650 2147483703 2147483648 2147483649 2147483650 2147483703 
2147483718 2147483648 2147483649 2147483650 2147483648 2147483649 2147483650 
2147483723 2147483648 2147483649 2147483650 2147483657 2147483703 2147483648 2147483649 2147483650 2147483657 2147483703 
2147483726 2147483648 2147483649 2147483650 2147483657 2147483703 2147483648 2147483649 2147483650 2147483657 2147483703 
2147483730 2147483648 2147483649 2147483650 2147483657 2147483703 2147483648 2147483649 2147483650 2147483657 2147483703 
2147483734 2147483648 2147483649 2147483650 2147483657 2147483703 2147483648 2147483649 2147483650 2147483657 2147483703 
2147483739 2147483648 2147483649 2147483650 2147483657 2147483703 2147483648 2147483649 2147483650 2147483657 2147483703 
2147483745 2147483648 2147483649 2147483650 2147483657 2147483659 2147483703 2147483648 2147483649 2147483650 2147483657 2147483659 2147483703 
2147483747 2147483648 2147483649 2147483650 2147483657 2147483659 2147483703 2147483648 2147483649 2147483650 2147483657 2147483659 2147483703 
2147483749 2147483648 2147483649 2147483650 2147483659 2147483648 2147483649 2147483650 2147483659 
2147483754 2147483648 2147483649 2147483650 2147483657 2147483659 2147483703 2147483648 2147483649 2147483650 2147483657 2147483659 2147483703 
2147483756 2147483648 2147483649 2147483650 2147483659 2147483648 2147483649 2147483650 2147483659 
2147483766 2147483648 2147483649 2147483650 2147483657 2147483659 2147483703 2147483648 2147483649 2147483650 2147483657 2147483659 2147483703 2147483770 2147483775 2147483780 2147483782 2147483787 2147483788 2147483790 2147483792 2147483793 2147483797 2147483808 2147483809 2147483811 2147483845 2147483850 22 25 27 32 26 263 264 265 266 2147483770 2147483775 2147483780 2147483782 2147483787 2147483788 2147483790 2147483792 2147483793 2147483797 2147483808 2147483809 2147483811 2147483845 2147483850 
2147483770 2147483648 2147483649 2147483650 2147483657 2147483659 2147483703 2147483766 2147483648 2147483649 2147483650 2147483657 2147483659 2147483703 2147483766 2147483790 2147483793 2147483797 2147483845 2147483790 2147483793 2147483797 2147483845 
2147483775 2147483648 2147483649 2147483650 2147483657 2147483659 2147483703 2147483766 2147483648 2147483649 2147483650 2147483657 2147483659 2147483703 2147483766 2147483790 2147483793 2147483797 2147483845 2147483790 2147483793 2147483797 2147483845 
2147483780 2147483648 2147483649 2147483650 2147483657 2147483659 2147483703 2147483766 2147483648 2147483649 2147483650 2147483657 2147483659 2147483703 2147483766 2147483793 2147483845 2147483793 2147483845 
2147483782 2147483648 2147483649 2147483650 2147483657 2147483659 2147483703 2147483766 2147483648 2147483649 2147483650 2147483657 2147483659 2147483703 2147483766 2147483793 2147483797 2147483808 2147483809 2147483811 2147483850 22 25 27 32 26 263 264 265 266 2147483793 2147483797 2147483808 2147483809 2147483811 2147483850 
2147483787 2147483648 2147483649 2147483650 2147483657 2147483659 2147483703 2147483766 2147483648 2147483649 2147483650 2147483657 2147483659 2147483703 2147483766 2147483790 2147483793 2147483790 2147483793 
2147483788 2147483648 2147483649 2147483650 2147483657 2147483659 2147483703 2147483766 2147483648 2147483649 2147483650 2147483657 2147483659 2147483703 2147483766 2147483790 2147483793 2147483790 2147483793 
2147483790 2147483648 2147483649 2147483650 2147483657 2147483659 2147483703 2147483766 2147483770 2147483775 2147483787 2147483788 2147483648 2147483649 2147483650 2147483657 2147483659 2147483703 2147483766 2147483770 2147483775 2147483787 2147483788 2147483792 2147483793 2147483797 2147483845 53 49 52 54 57 127 128 129 130 2147483792 2147483793 2147483797 2147483845 
2147483792 2147483648 2147483649 2147483650 2147483657 2147483659 2147483703 2147483766 2147483790 2147483648 2147483649 2147483650 2147483657 2147483659 2147483703 2147483766 2147483790 2147483793 52 54 57 53 2147483793 
2147483793 2147483648 2147483649 2147483650 2147483657 2147483659 2147483703 2147483766 2147483770 2147483775 2147483780 2147483782 2147483787 2147483788 2147483790 2147483792 2147483648 2147483649 2147483650 2147483657 2147483659 2147483703 2147483766 2147483770 2147483775 2147483780 2147483782 2147483787 2147483788 2147483790 2147483792 2147483797 2147483808 2147483809 2147483811 2147483845 2147483850 57 54 49 52 53 127 128 129 130 2147483797 2147483808 2147483809 2147483811 2147483845 2147483850 
2147483797 2147483648 2147483649 2147483650 2147483657 2147483659 2147483703 2147483766 2147483770 2147483775 2147483782 2147483790 2147483793 2147483648 2147483649 2147483650 2147483657 2147483659 2147483703 2147483766 2147483770 2147483775 2147483782 2147483790 2147483793 2147483845 49 52 54 57 53 127 128 129 130 2147483845 
2147483808 2147483648 2147483649 2147483650 2147483657 2147483659 2147483703 2147483766 2147483782 2147483793 2147483648 2147483649 2147483650 2147483657 2147483659 2147483703 2147483766 2147483782 2147483793 2147483809 2147483811 2147483850 2147483809 2147483811 2147483850 
2147483809 2147483648 2147483649 2147483650 2147483657 2147483659 2147483703 2147483766 2147483782 2147483793 2147483808 2147483648 2147483649 2147483650 2147483657 2147483659 2147483703 2147483766 2147483782 2147483793 2147483808 2147483850 2147483850 
2147483811 2147483648 2147483649 2147483650 2147483657 2147483659 2147483703 2147483766 2147483782 2147483793 2147483808 2147483648 2147483649 2147483650 2147483657 2147483659 2147483703 2147483766 2147483782 2147483793 2147483808 
2147483813 2147483649 2147483650 2147483657 2147483659 2147483696 2147483703 2147483649 2147483650 2147483657 2147483659 2147483696 2147483703 
2147483814 2147483649 2147483650 2147483657 2147483659 2147483696 2147483697 2147483703 2147483649 2147483650 2147483657 2147483659 2147483696 2147483697 2147483703 54 57 53 
2147483818 2147483649 2147483650 2147483659 2147483649 2147483650 2147483659 2147483820 2147483820 
2147483820 2147483649 2147483650 2147483659 2147483703 2147483818 2147483649 2147483650 2147483659 2147483703 2147483818 
2147483821 2147483649 2147483650 2147483659 2147483649 2147483650 2147483659 
2147483827 2147483649 2147483650 2147483659 2147483663 2147483649 2147483650 2147483659 2147483663 54 57 53 
2147483835 
2147483841 
2147483845 2147483648 2147483649 2147483650 2147483657 2147483659 2147483703 2147483766 2147483770 2147483775 2147483780 2147483790 2147483793 2147483797 2147483648 2147483649 2147483650 2147483657 2147483659 2147483703 2147483766 2147483770 2147483775 2147483780 2147483790 2147483793 2147483797 
2147483848 2147483649 2147483650 2147483659 2147483663 2147483649 2147483650 2147483659 2147483663 49 53 52 54 57 127 128 129 130 
2147483850 2147483648 2147483649 2147483650 2147483657 2147483659 2147483703 2147483766 2147483782 2147483793 2147483808 2147483809 2147483648 2147483649 2147483650 2147483657 2147483659 2147483703 2147483766 2147483782 2147483793 2147483808 2147483809 
