22 
23 
24 
25 
26 2147483648 
27 
32 2147483648 
49 2147483649 2147483653 2147483656 2147483667 
50 
51 
52 2147483649 2147483653 2147483656 2147483667 
53 2147483649 2147483653 2147483656 2147483661 2147483663 2147483667 2147483668 
54 2147483649 2147483653 2147483656 2147483667 
57 2147483649 2147483653 2147483656 2147483663 2147483667 
127 2147483649 2147483653 2147483656 2147483667 
128 2147483649 2147483653 2147483656 2147483667 
129 2147483649 2147483653 2147483656 
130 2147483649 2147483653 2147483656 2147483667 
131 
132 
133 
134 
263 
264 
265 
266 
267 
268 
269 
270 
2147483648 2147483649 2147483653 2147483656 2147483658 2147483667 2147483668 32 26 2147483649 2147483653 2147483656 2147483658 2147483667 2147483668 
2147483649 2147483648 2147483648 2147483653 2147483656 2147483658 2147483661 2147483662 2147483663 2147483665 2147483667 2147483668 57 53 49 52 54 127 128 129 130 2147483653 2147483656 2147483658 2147483661 2147483662 2147483663 2147483665 2147483667 2147483668 
2147483653 2147483648 2147483649 2147483648 2147483649 2147483656 2147483658 2147483661 2147483662 2147483663 2147483667 2147483668 53 49 52 54 57 127 128 129 130 2147483656 2147483658 2147483661 2147483662 2147483663 2147483667 2147483668 
2147483656 2147483648 2147483649 2147483653 2147483648 2147483649 2147483653 2147483661 2147483662 2147483663 2147483665 2147483667 52 49 54 57 53 127 128 129 130 2147483661 2147483662 2147483663 2147483665 2147483667 
2147483658 2147483648 2147483649 2147483653 2147483648 2147483649 2147483653 2147483667 2147483667 
2147483661 2147483649 2147483653 2147483656 2147483649 2147483653 2147483656 2147483667 53 2147483667 
2147483662 2147483649 2147483653 2147483656 2147483649 2147483653 2147483656 2147483667 2147483667 
2147483663 2147483649 2147483653 2147483656 2147483649 2147483653 2147483656 2147483667 57 53 2147483667 
2147483665 2147483649 2147483656 2147483649 2147483656 2147483667 2147483667 
2147483667 2147483648 2147483649 2147483653 2147483656 2147483658 2147483661 2147483662 2147483663 2147483665 2147483648 2147483649 2147483653 2147483656 2147483658 2147483661 2147483662 2147483663 2147483665 2147483668 54 49 52 57 53 127 128 130 2147483668 
2147483668 2147483648 2147483649 2147483653 2147483667 2147483648 2147483649 2147483653 2147483667 53 
