22 2147483663 
23 
24 
25 2147483663 
26 2147483663 
27 2147483663 
32 2147483663 
49 2147483648 2147483649 2147483650 2147483659 2147483660 2147483661 2147483662 2147483692 2147483695 
50 
51 
52 2147483648 2147483649 2147483650 2147483659 2147483660 2147483661 2147483662 2147483675 2147483692 2147483695 
53 2147483648 2147483649 2147483650 2147483651 2147483652 2147483659 2147483660 2147483661 2147483662 2147483665 2147483667 2147483674 2147483675 2147483679 2147483682 2147483687 2147483692 2147483693 2147483695 
54 2147483648 2147483649 2147483650 2147483659 2147483660 2147483661 2147483662 2147483674 2147483675 2147483692 2147483695 
57 2147483648 2147483649 2147483650 2147483651 2147483659 2147483660 2147483661 2147483662 2147483674 2147483675 2147483679 2147483682 2147483687 2147483692 2147483693 2147483695 
127 2147483648 2147483649 2147483650 2147483659 2147483660 2147483661 2147483662 2147483692 2147483695 
128 2147483648 2147483649 2147483650 2147483659 2147483660 2147483661 2147483662 2147483692 2147483695 
129 2147483648 2147483649 2147483650 2147483659 2147483660 2147483661 2147483662 2147483692 2147483695 
130 2147483648 2147483649 2147483650 2147483659 2147483660 2147483661 2147483662 2147483692 2147483695 
131 
132 
133 
134 
263 2147483663 
264 2147483663 
265 2147483663 
266 2147483663 
267 
268 
269 
270 
2147483648 2147483649 2147483650 2147483651 2147483652 2147483659 2147483660 2147483661 2147483662 2147483663 2147483665 2147483667 2147483670 2147483674 2147483675 2147483682 49 52 54 57 53 127 128 129 130 2147483649 2147483650 2147483651 2147483652 2147483659 2147483660 2147483661 2147483662 2147483663 2147483665 2147483667 2147483670 2147483674 2147483675 2147483682 
2147483649 2147483648 2147483648 2147483650 2147483651 2147483652 2147483659 2147483660 2147483661 2147483662 2147483663 2147483667 2147483670 2147483674 2147483675 2147483679 2147483682 2147483687 2147483692 2147483693 2147483695 49 57 53 52 54 127 128 129 130 2147483650 2147483651 2147483652 2147483659 2147483660 2147483661 2147483662 2147483663 2147483667 2147483670 2147483674 2147483675 2147483679 2147483682 2147483687 2147483692 2147483693 2147483695 
2147483650 2147483648 2147483649 2147483648 2147483649 2147483651 2147483652 2147483659 2147483660 2147483661 2147483662 2147483663 2147483670 2147483674 2147483675 2147483679 2147483682 2147483695 57 49 52 54 53 127 128 129 130 2147483651 2147483652 2147483659 2147483660 2147483661 2147483662 2147483663 2147483670 2147483674 2147483675 2147483679 2147483682 2147483695 
2147483651 2147483648 2147483649 2147483650 2147483648 2147483649 2147483650 2147483659 2147483660 2147483661 2147483662 57 53 2147483659 2147483660 2147483661 2147483662 
2147483652 2147483648 2147483649 2147483650 2147483648 2147483649 2147483650 2147483659 2147483660 2147483661 2147483662 2147483674 2147483675 53 2147483659 2147483660 2147483661 2147483662 2147483674 2147483675 
2147483659 2147483648 2147483649 2147483650 2147483651 2147483652 2147483648 2147483649 2147483650 2147483651 2147483652 2147483660 2147483661 2147483662 2147483663 2147483665 2147483667 2147483670 53 49 52 54 57 127 128 129 130 2147483660 2147483661 2147483662 2147483663 2147483665 2147483667 2147483670 
2147483660 2147483648 2147483649 2147483650 2147483651 2147483652 2147483659 2147483648 2147483649 2147483650 2147483651 2147483652 2147483659 2147483661 2147483662 2147483663 2147483665 2147483667 2147483670 2147483674 2147483675 2147483679 2147483682 2147483687 2147483692 2147483693 2147483695 53 57 49 52 54 127 128 129 130 2147483661 2147483662 2147483663 2147483665 2147483667 2147483670 2147483674 2147483675 2147483679 2147483682 2147483687 2147483692 2147483693 2147483695 
2147483661 2147483648 2147483649 2147483650 2147483651 2147483652 2147483659 2147483660 2147483648 2147483649 2147483650 2147483651 2147483652 2147483659 2147483660 2147483662 2147483663 2147483665 2147483667 2147483670 2147483674 2147483675 54 49 52 57 53 127 128 129 130 2147483662 2147483663 2147483665 2147483667 2147483670 2147483674 2147483675 
2147483662 2147483648 2147483649 2147483650 2147483651 2147483652 2147483659 2147483660 2147483661 2147483648 2147483649 2147483650 2147483651 2147483652 2147483659 2147483660 2147483661 2147483663 2147483665 2147483667 2147483670 2147483674 2147483675 2147483682 52 49 54 57 53 127 128 129 130 2147483663 2147483665 2147483667 2147483670 2147483674 2147483675 2147483682 
2147483663 2147483648 2147483649 2147483650 2147483659 2147483660 2147483661 2147483662 2147483648 2147483649 2147483650 2147483659 2147483660 2147483661 2147483662 2147483665 2147483667 263 22 25 27 32 26 264 265 266 2147483665 2147483667 
2147483665 2147483648 2147483659 2147483660 2147483661 2147483662 2147483663 2147483648 2147483659 2147483660 2147483661 2147483662 2147483663 53 
2147483667 2147483648 2147483649 2147483659 2147483660 2147483661 2147483662 2147483663 2147483648 2147483649 2147483659 2147483660 2147483661 2147483662 2147483663 53 
2147483670 2147483648 2147483649 2147483650 2147483659 2147483660 2147483661 2147483662 2147483648 2147483649 2147483650 2147483659 2147483660 2147483661 2147483662 
2147483674 2147483648 2147483649 2147483650 2147483652 2147483660 2147483661 2147483662 2147483648 2147483649 2147483650 2147483652 2147483660 2147483661 2147483662 2147483675 54 57 53 2147483675 
2147483675 2147483648 2147483649 2147483650 2147483652 2147483660 2147483661 2147483662 2147483674 2147483648 2147483649 2147483650 2147483652 2147483660 2147483661 2147483662 2147483674 52 54 57 53 
2147483679 2147483649 2147483650 2147483660 2147483649 2147483650 2147483660 2147483695 57 53 2147483695 
2147483682 2147483648 2147483649 2147483650 2147483660 2147483662 2147483648 2147483649 2147483650 2147483660 2147483662 57 53 
2147483687 2147483649 2147483660 2147483649 2147483660 2147483695 57 53 2147483695 
2147483690 
2147483692 2147483649 2147483660 2147483649 2147483660 2147483693 49 52 54 57 53 127 128 129 130 2147483693 
2147483693 2147483649 2147483660 2147483692 2147483649 2147483660 2147483692 57 53 
2147483695 2147483649 2147483650 2147483660 2147483679 2147483687 2147483649 2147483650 2147483660 2147483679 2147483687 49 53 52 54 57 127 128 129 130 
