22 2147483657 2147483658 
23 
24 
25 2147483657 2147483658 
26 2147483657 2147483658 
27 2147483657 2147483658 
32 2147483657 2147483658 
49 2147483648 2147483649 2147483651 2147483652 2147483653 2147483665 2147483666 
50 
51 
52 2147483648 2147483649 2147483651 2147483652 2147483653 2147483664 2147483665 2147483666 
53 2147483648 2147483649 2147483650 2147483651 2147483652 2147483653 2147483664 2147483665 2147483666 
54 2147483648 2147483649 2147483651 2147483652 2147483653 2147483664 2147483665 2147483666 
57 2147483648 2147483649 2147483651 2147483652 2147483653 2147483664 2147483665 2147483666 
127 2147483648 2147483649 2147483651 2147483652 2147483653 2147483664 2147483665 2147483666 
128 2147483648 2147483649 2147483651 2147483652 2147483653 2147483664 2147483665 2147483666 
129 2147483648 2147483649 2147483651 2147483652 2147483653 2147483665 2147483666 
130 2147483648 2147483649 2147483651 2147483652 2147483653 2147483665 2147483666 
131 
132 
133 
134 
263 2147483657 2147483658 
264 2147483657 2147483658 
265 2147483657 2147483658 
266 2147483657 2147483658 
267 
268 
269 
270 
2147483648 2147483649 2147483650 2147483651 2147483652 2147483653 2147483657 2147483665 2147483666 53 49 52 54 57 127 128 129 130 2147483649 2147483650 2147483651 2147483652 2147483653 2147483657 2147483665 2147483666 
2147483649 2147483648 2147483648 2147483650 2147483651 2147483652 2147483653 2147483657 2147483658 2147483664 2147483665 2147483666 57 49 52 54 53 127 128 129 130 2147483650 2147483651 2147483652 2147483653 2147483657 2147483658 2147483664 2147483665 2147483666 
2147483650 2147483648 2147483649 2147483648 2147483649 2147483651 2147483652 53 2147483651 2147483652 
2147483651 2147483648 2147483649 2147483650 2147483648 2147483649 2147483650 2147483652 2147483653 2147483657 2147483658 2147483664 2147483665 2147483666 127 49 52 54 57 53 128 129 130 2147483652 2147483653 2147483657 2147483658 2147483664 2147483665 2147483666 
2147483652 2147483648 2147483649 2147483650 2147483651 2147483648 2147483649 2147483650 2147483651 2147483653 2147483657 2147483658 2147483664 2147483665 2147483666 128 49 52 54 57 53 127 129 130 2147483653 2147483657 2147483658 2147483664 2147483665 2147483666 
2147483653 2147483648 2147483649 2147483651 2147483652 2147483648 2147483649 2147483651 2147483652 2147483657 2147483658 2147483664 2147483665 2147483666 49 53 52 54 57 127 128 129 130 2147483657 2147483658 2147483664 2147483665 2147483666 
2147483657 2147483648 2147483649 2147483651 2147483652 2147483653 2147483648 2147483649 2147483651 2147483652 2147483653 2147483658 2147483664 2147483665 2147483666 32 22 25 27 26 263 264 265 266 2147483658 2147483664 2147483665 2147483666 
2147483658 2147483649 2147483651 2147483652 2147483653 2147483657 2147483649 2147483651 2147483652 2147483653 2147483657 2147483664 2147483665 2147483666 25 22 27 32 26 263 264 265 266 2147483664 2147483665 2147483666 
2147483664 2147483649 2147483651 2147483652 2147483653 2147483657 2147483658 2147483649 2147483651 2147483652 2147483653 2147483657 2147483658 2147483665 2147483666 52 54 57 53 127 128 2147483665 2147483666 
2147483665 2147483648 2147483649 2147483651 2147483652 2147483653 2147483657 2147483658 2147483664 2147483648 2147483649 2147483651 2147483652 2147483653 2147483657 2147483658 2147483664 2147483666 53 49 52 54 57 127 128 129 130 2147483666 
2147483666 2147483648 2147483649 2147483651 2147483652 2147483653 2147483657 2147483658 2147483664 2147483665 2147483648 2147483649 2147483651 2147483652 2147483653 2147483657 2147483658 2147483664 2147483665 54 49 52 57 53 127 128 129 130 
