49 2147483648 2147483649 2147483654 2147483658 2147483659 2147483660 2147483661 2147483662 2147483669 
50 
51 
52 2147483648 2147483649 2147483654 2147483658 2147483659 2147483660 2147483661 2147483662 2147483669 2147483671 2147483684 
53 2147483648 2147483649 2147483654 2147483658 2147483659 2147483660 2147483661 2147483662 2147483665 2147483669 2147483671 2147483675 2147483681 2147483684 
54 2147483648 2147483649 2147483654 2147483658 2147483659 2147483660 2147483661 2147483662 2147483669 2147483671 2147483675 2147483681 2147483684 
57 2147483648 2147483649 2147483654 2147483658 2147483659 2147483660 2147483661 2147483662 2147483669 2147483671 2147483675 2147483681 2147483684 
127 2147483648 2147483649 2147483654 2147483658 2147483659 2147483660 2147483661 2147483662 2147483669 2147483671 2147483684 
128 2147483648 2147483649 2147483654 2147483658 2147483659 2147483660 2147483661 2147483662 2147483669 2147483671 
129 2147483648 2147483649 2147483654 2147483658 2147483659 2147483660 2147483661 2147483662 2147483669 
130 2147483648 2147483649 2147483654 2147483658 2147483659 2147483660 2147483661 2147483662 2147483669 
131 
132 
133 
134 
2147483648 2147483649 2147483650 2147483651 2147483654 2147483658 2147483659 2147483660 2147483661 2147483662 2147483668 2147483669 2147483670 2147483671 2147483675 2147483681 2147483684 57 49 52 54 53 127 128 129 130 2147483649 2147483650 2147483651 2147483654 2147483658 2147483659 2147483660 2147483661 2147483662 2147483668 2147483669 2147483670 2147483671 2147483675 2147483681 2147483684 
2147483649 2147483648 2147483648 2147483650 2147483654 2147483658 2147483659 2147483660 2147483661 2147483662 2147483669 2147483670 2147483671 2147483675 2147483681 2147483684 53 49 52 54 57 127 128 129 130 2147483650 2147483654 2147483658 2147483659 2147483660 2147483661 2147483662 2147483669 2147483670 2147483671 2147483675 2147483681 2147483684 
2147483650 2147483648 2147483649 2147483648 2147483649 2147483651 2147483658 2147483659 2147483660 2147483661 2147483662 2147483668 2147483669 2147483670 2147483671 2147483684 2147483651 2147483658 2147483659 2147483660 2147483661 2147483662 2147483668 2147483669 2147483670 2147483671 2147483684 
2147483651 2147483648 2147483650 2147483648 2147483650 2147483658 2147483659 2147483660 2147483661 2147483662 2147483668 2147483669 2147483658 2147483659 2147483660 2147483661 2147483662 2147483668 2147483669 
2147483654 2147483648 2147483649 2147483648 2147483649 2147483675 49 53 52 54 57 127 128 129 130 2147483675 
2147483658 2147483648 2147483649 2147483650 2147483651 2147483648 2147483649 2147483650 2147483651 2147483659 2147483660 2147483661 2147483662 2147483664 2147483665 2147483668 2147483669 2147483670 2147483671 2147483684 52 54 49 57 53 127 128 129 130 2147483659 2147483660 2147483661 2147483662 2147483664 2147483665 2147483668 2147483669 2147483670 2147483671 2147483684 
2147483659 2147483648 2147483649 2147483650 2147483651 2147483658 2147483648 2147483649 2147483650 2147483651 2147483658 2147483660 2147483661 2147483662 2147483664 2147483665 2147483668 2147483669 2147483670 2147483671 2147483684 52 54 49 57 53 127 128 129 130 2147483660 2147483661 2147483662 2147483664 2147483665 2147483668 2147483669 2147483670 2147483671 2147483684 
2147483660 2147483648 2147483649 2147483650 2147483651 2147483658 2147483659 2147483648 2147483649 2147483650 2147483651 2147483658 2147483659 2147483661 2147483662 2147483664 2147483665 2147483668 2147483669 2147483670 2147483671 2147483684 127 52 49 54 57 53 128 129 130 2147483661 2147483662 2147483664 2147483665 2147483668 2147483669 2147483670 2147483671 2147483684 
2147483661 2147483648 2147483649 2147483650 2147483651 2147483658 2147483659 2147483660 2147483648 2147483649 2147483650 2147483651 2147483658 2147483659 2147483660 2147483662 2147483664 2147483665 2147483668 2147483669 2147483670 2147483671 2147483684 128 127 49 52 54 57 53 129 130 2147483662 2147483664 2147483665 2147483668 2147483669 2147483670 2147483671 2147483684 
2147483662 2147483648 2147483649 2147483650 2147483651 2147483658 2147483659 2147483660 2147483661 2147483648 2147483649 2147483650 2147483651 2147483658 2147483659 2147483660 2147483661 2147483664 2147483665 2147483668 2147483669 2147483670 2147483671 2147483681 2147483684 53 49 52 54 57 127 128 129 130 2147483664 2147483665 2147483668 2147483669 2147483670 2147483671 2147483681 2147483684 
2147483664 2147483658 2147483659 2147483660 2147483661 2147483662 2147483658 2147483659 2147483660 2147483661 2147483662 2147483665 2147483669 2147483665 2147483669 
2147483665 2147483658 2147483659 2147483660 2147483661 2147483662 2147483664 2147483658 2147483659 2147483660 2147483661 2147483662 2147483664 2147483669 53 2147483669 
2147483668 2147483648 2147483650 2147483651 2147483658 2147483659 2147483660 2147483661 2147483662 2147483648 2147483650 2147483651 2147483658 2147483659 2147483660 2147483661 2147483662 2147483669 2147483669 
2147483669 2147483648 2147483649 2147483650 2147483651 2147483658 2147483659 2147483660 2147483661 2147483662 2147483664 2147483665 2147483668 2147483648 2147483649 2147483650 2147483651 2147483658 2147483659 2147483660 2147483661 2147483662 2147483664 2147483665 2147483668 2147483670 2147483671 2147483684 54 57 49 52 53 127 128 129 130 2147483670 2147483671 2147483684 
2147483670 2147483648 2147483649 2147483650 2147483658 2147483659 2147483660 2147483661 2147483662 2147483669 2147483648 2147483649 2147483650 2147483658 2147483659 2147483660 2147483661 2147483662 2147483669 2147483684 2147483684 
2147483671 2147483648 2147483649 2147483650 2147483658 2147483659 2147483660 2147483661 2147483662 2147483669 2147483648 2147483649 2147483650 2147483658 2147483659 2147483660 2147483661 2147483662 2147483669 2147483684 52 54 57 53 127 128 2147483684 
2147483675 2147483648 2147483649 2147483654 2147483648 2147483649 2147483654 54 57 53 
2147483679 
2147483681 2147483648 2147483649 2147483662 2147483648 2147483649 2147483662 54 57 53 
2147483684 2147483648 2147483649 2147483650 2147483658 2147483659 2147483660 2147483661 2147483662 2147483669 2147483670 2147483671 2147483648 2147483649 2147483650 2147483658 2147483659 2147483660 2147483661 2147483662 2147483669 2147483670 2147483671 52 54 57 53 127 
