2 
5 
8 
11 
18 
19 
22 2147483841 
23 
24 
25 2147483841 
26 2147483841 2147483860 2147484003 2147484062 
27 2147483841 
32 2147483841 2147483860 2147484062 
49 2147483656 2147483686 2147483687 2147483689 2147483692 2147483702 2147483734 2147483736 2147483741 2147483775 2147483776 2147483777 2147483778 2147483790 2147483791 2147483792 2147483806 2147483823 2147483894 2147483953 2147483964 2147484030 2147484031 2147484037 2147484039 2147484040 2147484041 2147484042 2147484043 2147484051 2147484052 2147484054 2147484061 
50 
51 
52 2147483656 2147483686 2147483687 2147483689 2147483692 2147483702 2147483734 2147483736 2147483741 2147483775 2147483776 2147483777 2147483778 2147483790 2147483791 2147483792 2147483806 2147483823 2147483862 2147483894 2147483953 2147483964 2147484015 2147484030 2147484031 2147484037 2147484039 2147484040 2147484041 2147484042 2147484043 2147484044 2147484051 2147484052 2147484054 2147484061 
53 2147483649 2147483652 2147483656 2147483676 2147483678 2147483683 2147483686 2147483687 2147483689 2147483692 2147483702 2147483734 2147483736 2147483737 2147483741 2147483775 2147483776 2147483777 2147483778 2147483790 2147483791 2147483792 2147483806 2147483809 2147483815 2147483816 2147483823 2147483861 2147483862 2147483871 2147483872 2147483894 2147483895 2147483896 2147483927 2147483930 2147483932 2147483938 2147483953 2147483954 2147483955 2147483964 2147483986 2147483989 2147483991 2147484002 2147484015 2147484030 2147484031 2147484037 2147484039 2147484040 2147484041 2147484042 2147484043 2147484044 2147484051 2147484052 2147484054 2147484061 2147484067 
54 2147483656 2147483686 2147483687 2147483689 2147483692 2147483702 2147483734 2147483736 2147483741 2147483775 2147483776 2147483777 2147483778 2147483790 2147483791 2147483792 2147483806 2147483823 2147483861 2147483862 2147483872 2147483894 2147483953 2147483964 2147484002 2147484015 2147484030 2147484031 2147484037 2147484039 2147484040 2147484041 2147484042 2147484043 2147484044 2147484051 2147484052 2147484054 2147484061 
57 2147483656 2147483686 2147483687 2147483689 2147483692 2147483702 2147483734 2147483736 2147483741 2147483775 2147483776 2147483777 2147483778 2147483790 2147483791 2147483792 2147483806 2147483816 2147483823 2147483861 2147483862 2147483871 2147483872 2147483894 2147483896 2147483927 2147483932 2147483938 2147483953 2147483955 2147483964 2147483986 2147483991 2147484002 2147484015 2147484030 2147484031 2147484037 2147484039 2147484040 2147484041 2147484042 2147484043 2147484044 2147484051 2147484052 2147484054 2147484061 
61 
127 2147483656 2147483686 2147483687 2147483689 2147483692 2147483702 2147483734 2147483736 2147483741 2147483775 2147483776 2147483777 2147483778 2147483790 2147483791 2147483792 2147483806 2147483823 2147483894 2147483953 2147483964 2147484030 2147484031 2147484037 2147484039 2147484040 2147484041 2147484042 2147484043 2147484044 2147484051 2147484052 2147484054 2147484061 
128 2147483656 2147483686 2147483687 2147483689 2147483692 2147483702 2147483734 2147483736 2147483741 2147483775 2147483776 2147483777 2147483778 2147483790 2147483791 2147483792 2147483806 2147483823 2147483894 2147483953 2147483964 2147484030 2147484031 2147484037 2147484039 2147484040 2147484041 2147484042 2147484043 2147484044 2147484051 2147484052 2147484054 2147484061 
129 2147483656 2147483686 2147483687 2147483689 2147483692 2147483702 2147483734 2147483736 2147483741 2147483775 2147483776 2147483777 2147483778 2147483790 2147483791 2147483792 2147483806 2147483823 2147483894 2147483953 2147483964 2147484030 2147484031 2147484037 2147484039 2147484040 2147484041 2147484042 2147484043 2147484051 2147484052 2147484054 2147484061 
130 2147483656 2147483686 2147483687 2147483689 2147483692 2147483702 2147483734 2147483736 2147483741 2147483775 2147483776 2147483777 2147483778 2147483790 2147483791 2147483792 2147483806 2147483823 2147483894 2147483953 2147483964 2147484030 2147484031 2147484037 2147484039 2147484040 2147484041 2147484042 2147484043 2147484051 2147484052 2147484054 2147484061 
131 
132 
133 
134 
247 
248 
249 
250 
251 
252 
253 
254 
263 2147483841 
264 2147483841 
265 2147483841 
266 2147483841 
267 
268 
269 
270 
2147483649 2147483790 2147483791 2147483792 53 2147483790 2147483791 2147483792 
2147483652 2147483790 2147483791 2147483792 2147483806 2147484030 53 2147483790 2147483791 2147483792 2147483806 2147484030 
2147483656 2147483659 2147483790 2147483791 2147483792 2147483806 2147483813 2147483815 2147483816 2147483823 2147484030 2147484031 2147484037 2147484052 57 49 52 54 53 127 128 129 130 2147483659 2147483790 2147483791 2147483792 2147483806 2147483813 2147483815 2147483816 2147483823 2147484030 2147484031 2147484037 2147484052 
2147483659 2147483656 2147483656 2147483790 2147483791 2147483792 2147483806 2147483823 2147484030 2147484031 2147484037 2147483790 2147483791 2147483792 2147483806 2147483823 2147484030 2147484031 2147484037 
2147483662 2147483790 2147483791 2147483792 2147483806 2147483823 2147483829 2147483830 2147483831 2147483832 2147484030 2147484031 2147484034 2147484035 2147484037 2147483790 2147483791 2147483792 2147483806 2147483823 2147483829 2147483830 2147483831 2147483832 2147484030 2147484031 2147484034 2147484035 2147484037 
2147483676 2147483790 2147483791 2147483792 2147483806 2147484030 2147484031 2147484037 53 2147483790 2147483791 2147483792 2147483806 2147484030 2147484031 2147484037 
2147483678 2147483790 2147483791 2147483792 2147483806 2147483841 2147484030 2147484031 2147484037 53 2147483790 2147483791 2147483792 2147483806 2147483841 2147484030 2147484031 2147484037 
2147483683 2147483790 2147483791 2147483792 2147483806 2147483841 2147484030 2147484031 2147484037 2147484039 53 2147483790 2147483791 2147483792 2147483806 2147483841 2147484030 2147484031 2147484037 2147484039 
2147483686 2147483687 2147483689 2147483691 2147483692 2147483790 2147483791 2147483792 2147483806 2147483841 2147483857 2147483858 2147483859 2147483860 2147483861 2147483862 2147483864 2147483867 2147483869 2147483870 2147483871 2147483872 2147483874 2147483878 2147484030 2147484031 2147484037 2147484039 2147484040 2147484041 2147484042 2147484043 2147484044 2147484052 57 49 52 54 53 127 128 129 130 2147483687 2147483689 2147483691 2147483692 2147483790 2147483791 2147483792 2147483806 2147483841 2147483857 2147483858 2147483859 2147483860 2147483861 2147483862 2147483864 2147483867 2147483869 2147483870 2147483871 2147483872 2147483874 2147483878 2147484030 2147484031 2147484037 2147484039 2147484040 2147484041 2147484042 2147484043 2147484044 2147484052 
2147483687 2147483686 2147483686 2147483689 2147483691 2147483692 2147483702 2147483705 2147483712 2147483734 2147483736 2147483737 2147483741 2147483744 2147483751 2147483775 2147483776 2147483777 2147483790 2147483791 2147483792 2147483806 2147483841 2147483857 2147483858 2147483859 2147483860 2147483861 2147483862 2147483864 2147483867 2147483869 2147483870 2147483871 2147483872 2147483874 2147483878 2147483888 2147483893 2147483894 2147483895 2147483896 2147483900 2147483909 2147483910 2147483911 2147483912 2147483913 2147483914 2147483915 2147483916 2147483918 2147483919 2147483923 2147483926 2147483927 2147483930 2147483931 2147483932 2147483934 2147483935 2147483938 2147483943 2147483952 2147483953 2147483954 2147483955 2147483959 2147483964 2147483968 2147483969 2147483970 2147483971 2147483972 2147483973 2147483974 2147483975 2147483977 2147483978 2147483982 2147483985 2147483986 2147483989 2147483990 2147483991 2147483994 2147483996 2147484000 2147484002 2147484003 2147484011 2147484023 2147484024 2147484030 2147484031 2147484037 2147484039 2147484040 2147484041 2147484042 2147484043 2147484044 2147484045 2147484047 2147484049 2147484051 2147484052 2147484054 2147484055 2147484057 2147484059 2147484061 2147484062 2147484067 2147484071 2147484073 52 49 53 54 57 127 128 129 130 2147483689 2147483691 2147483692 2147483702 2147483705 2147483712 2147483734 2147483736 2147483737 2147483741 2147483744 2147483751 2147483775 2147483776 2147483777 2147483790 2147483791 2147483792 2147483806 2147483841 2147483857 2147483858 2147483859 2147483860 2147483861 2147483862 2147483864 2147483867 2147483869 2147483870 2147483871 2147483872 2147483874 2147483878 2147483888 2147483893 2147483894 2147483895 2147483896 2147483900 2147483909 2147483910 2147483911 2147483912 2147483913 2147483914 2147483915 2147483916 2147483918 2147483919 2147483923 2147483926 2147483927 2147483930 2147483931 2147483932 2147483934 2147483935 2147483938 2147483943 2147483952 2147483953 2147483954 2147483955 2147483959 2147483964 2147483968 2147483969 2147483970 2147483971 2147483972 2147483973 2147483974 2147483975 2147483977 2147483978 2147483982 2147483985 2147483986 2147483989 2147483990 2147483991 2147483994 2147483996 2147484000 2147484002 2147484003 2147484011 2147484023 2147484024 2147484030 2147484031 2147484037 2147484039 2147484040 2147484041 2147484042 2147484043 2147484044 2147484045 2147484047 2147484049 2147484051 2147484052 2147484054 2147484055 2147484057 2147484059 2147484061 2147484062 2147484067 2147484071 2147484073 
2147483689 2147483686 2147483687 2147483686 2147483687 2147483691 2147483692 2147483790 2147483791 2147483792 2147483806 2147483841 2147483857 2147483858 2147483859 2147483860 2147483861 2147483862 2147483864 2147483867 2147483869 2147483870 2147483871 2147483872 2147483874 2147483878 2147484030 2147484031 2147484037 2147484039 2147484040 2147484041 2147484042 2147484043 2147484044 49 52 54 57 53 127 128 129 130 2147483691 2147483692 2147483790 2147483791 2147483792 2147483806 2147483841 2147483857 2147483858 2147483859 2147483860 2147483861 2147483862 2147483864 2147483867 2147483869 2147483870 2147483871 2147483872 2147483874 2147483878 2147484030 2147484031 2147484037 2147484039 2147484040 2147484041 2147484042 2147484043 2147484044 
2147483691 2147483686 2147483687 2147483689 2147483686 2147483687 2147483689 2147483790 2147483791 2147483792 2147483806 2147483841 2147484030 2147484031 2147484037 2147484039 2147484040 2147484041 2147484042 2147483790 2147483791 2147483792 2147483806 2147483841 2147484030 2147484031 2147484037 2147484039 2147484040 2147484041 2147484042 
2147483692 2147483686 2147483687 2147483689 2147483686 2147483687 2147483689 2147483790 2147483791 2147483792 2147483806 2147483841 2147483859 2147483860 2147483861 2147483862 2147483864 2147483867 2147483869 2147483870 2147483871 2147483872 2147483874 2147484030 2147484031 2147484037 2147484039 2147484040 2147484041 2147484042 2147484043 49 52 54 57 53 127 128 129 130 2147483790 2147483791 2147483792 2147483806 2147483841 2147483859 2147483860 2147483861 2147483862 2147483864 2147483867 2147483869 2147483870 2147483871 2147483872 2147483874 2147484030 2147484031 2147484037 2147484039 2147484040 2147484041 2147484042 2147484043 
2147483702 2147483687 2147483687 2147483705 2147483712 2147483790 2147483791 2147483792 2147483806 2147483841 2147483893 2147483894 2147483895 2147483896 2147483900 2147483909 2147483910 2147483911 2147483912 2147483913 2147483914 2147483915 2147483916 2147483918 2147483919 2147483923 2147483926 2147483927 2147483930 2147483931 2147483932 2147483934 2147484037 2147484045 2147484047 2147484049 2147484051 2147484071 49 52 54 57 53 127 128 129 130 2147483705 2147483712 2147483790 2147483791 2147483792 2147483806 2147483841 2147483893 2147483894 2147483895 2147483896 2147483900 2147483909 2147483910 2147483911 2147483912 2147483913 2147483914 2147483915 2147483916 2147483918 2147483919 2147483923 2147483926 2147483927 2147483930 2147483931 2147483932 2147483934 2147484037 2147484045 2147484047 2147484049 2147484051 2147484071 
2147483705 2147483687 2147483702 2147483687 2147483702 2147483790 2147483791 2147483792 2147483806 2147483841 2147483894 2147484037 2147484049 2147484071 2147483790 2147483791 2147483792 2147483806 2147483841 2147483894 2147484037 2147484049 2147484071 
2147483712 2147483687 2147483702 2147483687 2147483702 2147483790 2147483791 2147483792 2147483806 2147483841 2147483894 2147483909 2147483910 2147483911 2147483912 2147483913 2147483914 2147483915 2147483916 2147483926 2147484037 2147484045 2147484047 2147484051 2147483790 2147483791 2147483792 2147483806 2147483841 2147483894 2147483909 2147483910 2147483911 2147483912 2147483913 2147483914 2147483915 2147483916 2147483926 2147484037 2147484045 2147484047 2147484051 
2147483734 2147483687 2147483687 2147483736 2147483737 2147483741 2147483744 2147483751 2147483790 2147483791 2147483792 2147483806 2147483938 2147483943 2147483952 2147483953 2147483954 2147483955 2147483959 2147483964 2147483968 2147483969 2147483970 2147483971 2147483972 2147483973 2147483974 2147483975 2147483977 2147483978 2147483982 2147483985 2147483986 2147483989 2147483990 2147483991 2147483994 2147483996 2147484000 2147484002 2147484003 2147484037 2147484054 2147484055 2147484057 2147484059 2147484061 2147484062 2147484073 53 49 52 54 57 127 128 129 130 2147483736 2147483737 2147483741 2147483744 2147483751 2147483790 2147483791 2147483792 2147483806 2147483938 2147483943 2147483952 2147483953 2147483954 2147483955 2147483959 2147483964 2147483968 2147483969 2147483970 2147483971 2147483972 2147483973 2147483974 2147483975 2147483977 2147483978 2147483982 2147483985 2147483986 2147483989 2147483990 2147483991 2147483994 2147483996 2147484000 2147484002 2147484003 2147484037 2147484054 2147484055 2147484057 2147484059 2147484061 2147484062 2147484073 
2147483736 2147483687 2147483734 2147483687 2147483734 2147483737 2147483741 2147483744 2147483751 2147483790 2147483791 2147483792 2147483806 2147483943 2147483952 2147483953 2147483954 2147483955 2147483959 2147483964 2147483968 2147483969 2147483970 2147483971 2147483972 2147483973 2147483974 2147483975 2147483977 2147483978 2147483982 2147483985 2147483986 2147483989 2147483990 2147483991 2147483994 2147483996 2147484000 2147484037 2147484054 2147484055 2147484057 2147484059 2147484061 2147484062 2147484073 49 57 52 54 53 127 128 129 130 2147483737 2147483741 2147483744 2147483751 2147483790 2147483791 2147483792 2147483806 2147483943 2147483952 2147483953 2147483954 2147483955 2147483959 2147483964 2147483968 2147483969 2147483970 2147483971 2147483972 2147483973 2147483974 2147483975 2147483977 2147483978 2147483982 2147483985 2147483986 2147483989 2147483990 2147483991 2147483994 2147483996 2147484000 2147484037 2147484054 2147484055 2147484057 2147484059 2147484061 2147484062 2147484073 
2147483737 2147483687 2147483734 2147483736 2147483687 2147483734 2147483736 2147483790 2147483791 2147483792 2147483806 2147483964 2147484037 53 2147483790 2147483791 2147483792 2147483806 2147483964 2147484037 
2147483741 2147483687 2147483734 2147483736 2147483687 2147483734 2147483736 2147483744 2147483751 2147483790 2147483791 2147483792 2147483806 2147483952 2147483953 2147483954 2147483955 2147483959 2147483964 2147483968 2147483969 2147483970 2147483971 2147483972 2147483973 2147483974 2147483975 2147483977 2147483978 2147483982 2147483985 2147483986 2147483989 2147483990 2147483991 2147483994 2147483996 2147484000 2147484002 2147484003 2147484037 2147484055 2147484057 2147484059 2147484061 2147484062 2147484073 49 53 52 54 57 127 128 129 130 2147483744 2147483751 2147483790 2147483791 2147483792 2147483806 2147483952 2147483953 2147483954 2147483955 2147483959 2147483964 2147483968 2147483969 2147483970 2147483971 2147483972 2147483973 2147483974 2147483975 2147483977 2147483978 2147483982 2147483985 2147483986 2147483989 2147483990 2147483991 2147483994 2147483996 2147484000 2147484002 2147484003 2147484037 2147484055 2147484057 2147484059 2147484061 2147484062 2147484073 
2147483744 2147483687 2147483734 2147483736 2147483741 2147483687 2147483734 2147483736 2147483741 2147483790 2147483791 2147483792 2147483806 2147483953 2147483964 2147484037 2147484059 2147484073 2147483790 2147483791 2147483792 2147483806 2147483953 2147483964 2147484037 2147484059 2147484073 
2147483751 2147483687 2147483734 2147483736 2147483741 2147483687 2147483734 2147483736 2147483741 2147483790 2147483791 2147483792 2147483806 2147483953 2147483964 2147483968 2147483969 2147483970 2147483971 2147483972 2147483973 2147483974 2147483975 2147483985 2147484037 2147484055 2147484057 2147484061 2147483790 2147483791 2147483792 2147483806 2147483953 2147483964 2147483968 2147483969 2147483970 2147483971 2147483972 2147483973 2147483974 2147483975 2147483985 2147484037 2147484055 2147484057 2147484061 
2147483775 2147483687 2147483687 2147483776 2147483777 2147483790 2147483791 2147483792 2147484011 2147484023 2147484024 2147484067 49 52 54 57 53 127 128 129 130 2147483776 2147483777 2147483790 2147483791 2147483792 2147484011 2147484023 2147484024 2147484067 
2147483776 2147483687 2147483775 2147483687 2147483775 2147483777 2147483778 2147483790 2147483791 2147483792 2147484011 49 52 54 57 53 127 128 129 130 2147483777 2147483778 2147483790 2147483791 2147483792 2147484011 
2147483777 2147483687 2147483775 2147483776 2147483687 2147483775 2147483776 2147483790 2147483791 2147483792 2147484011 2147484023 2147484024 2147484067 49 52 54 57 53 127 128 129 130 2147483790 2147483791 2147483792 2147484011 2147484023 2147484024 2147484067 
2147483778 2147483776 2147483776 2147484015 2147484052 53 49 52 54 57 127 128 129 130 2147484015 2147484052 
2147483790 2147483649 2147483652 2147483656 2147483659 2147483662 2147483676 2147483678 2147483683 2147483686 2147483687 2147483689 2147483691 2147483692 2147483702 2147483705 2147483712 2147483734 2147483736 2147483737 2147483741 2147483744 2147483751 2147483775 2147483776 2147483777 2147483649 2147483652 2147483656 2147483659 2147483662 2147483676 2147483678 2147483683 2147483686 2147483687 2147483689 2147483691 2147483692 2147483702 2147483705 2147483712 2147483734 2147483736 2147483737 2147483741 2147483744 2147483751 2147483775 2147483776 2147483777 2147483791 2147483792 2147483806 2147483807 2147483808 2147483809 2147483813 2147483815 2147483816 2147483823 2147483829 2147483830 2147483831 2147483832 2147483834 2147483841 2147483857 2147483858 2147483859 2147483860 2147483861 2147483862 2147483864 2147483867 2147483869 2147483870 2147483871 2147483872 2147483874 2147483878 2147483888 2147483893 2147483894 2147483895 2147483896 2147483900 2147483909 2147483910 2147483911 2147483912 2147483913 2147483914 2147483915 2147483916 2147483918 2147483919 2147483923 2147483926 2147483927 2147483930 2147483931 2147483932 2147483934 2147483935 2147483938 2147483943 2147483952 2147483953 2147483954 2147483955 2147483959 2147483964 2147483968 2147483969 2147483970 2147483971 2147483972 2147483973 2147483974 2147483975 2147483977 2147483978 2147483982 2147483985 2147483986 2147483989 2147483990 2147483991 2147483994 2147483996 2147484000 2147484002 2147484003 2147484011 2147484023 2147484024 2147484030 2147484031 2147484034 2147484035 2147484037 2147484039 2147484040 2147484041 2147484042 2147484043 2147484044 2147484045 2147484047 2147484049 2147484051 2147484054 2147484055 2147484057 2147484059 2147484061 2147484062 2147484067 2147484071 2147484073 53 49 52 54 57 127 128 129 130 2147483791 2147483792 2147483806 2147483807 2147483808 2147483809 2147483813 2147483815 2147483816 2147483823 2147483829 2147483830 2147483831 2147483832 2147483834 2147483841 2147483857 2147483858 2147483859 2147483860 2147483861 2147483862 2147483864 2147483867 2147483869 2147483870 2147483871 2147483872 2147483874 2147483878 2147483888 2147483893 2147483894 2147483895 2147483896 2147483900 2147483909 2147483910 2147483911 2147483912 2147483913 2147483914 2147483915 2147483916 2147483918 2147483919 2147483923 2147483926 2147483927 2147483930 2147483931 2147483932 2147483934 2147483935 2147483938 2147483943 2147483952 2147483953 2147483954 2147483955 2147483959 2147483964 2147483968 2147483969 2147483970 2147483971 2147483972 2147483973 2147483974 2147483975 2147483977 2147483978 2147483982 2147483985 2147483986 2147483989 2147483990 2147483991 2147483994 2147483996 2147484000 2147484002 2147484003 2147484011 2147484023 2147484024 2147484030 2147484031 2147484034 2147484035 2147484037 2147484039 2147484040 2147484041 2147484042 2147484043 2147484044 2147484045 2147484047 2147484049 2147484051 2147484054 2147484055 2147484057 2147484059 2147484061 2147484062 2147484067 2147484071 2147484073 
2147483791 2147483649 2147483652 2147483656 2147483659 2147483662 2147483676 2147483678 2147483683 2147483686 2147483687 2147483689 2147483691 2147483692 2147483702 2147483705 2147483712 2147483734 2147483736 2147483737 2147483741 2147483744 2147483751 2147483775 2147483776 2147483777 2147483790 2147483649 2147483652 2147483656 2147483659 2147483662 2147483676 2147483678 2147483683 2147483686 2147483687 2147483689 2147483691 2147483692 2147483702 2147483705 2147483712 2147483734 2147483736 2147483737 2147483741 2147483744 2147483751 2147483775 2147483776 2147483777 2147483790 2147483792 2147483806 2147483807 2147483808 2147483809 2147483813 2147483815 2147483816 2147483823 2147483829 2147483830 2147483831 2147483832 2147483834 2147483841 2147483857 2147483858 2147483859 2147483860 2147483861 2147483862 2147483864 2147483867 2147483869 2147483870 2147483871 2147483872 2147483874 2147483878 2147483888 2147483893 2147483894 2147483895 2147483896 2147483900 2147483909 2147483910 2147483911 2147483912 2147483913 2147483914 2147483915 2147483916 2147483918 2147483919 2147483923 2147483926 2147483927 2147483930 2147483931 2147483932 2147483934 2147483935 2147483938 2147483943 2147483952 2147483953 2147483954 2147483955 2147483959 2147483964 2147483968 2147483969 2147483970 2147483971 2147483972 2147483973 2147483974 2147483975 2147483977 2147483978 2147483982 2147483985 2147483986 2147483989 2147483990 2147483991 2147483994 2147483996 2147484000 2147484002 2147484003 2147484011 2147484023 2147484024 2147484030 2147484031 2147484034 2147484035 2147484037 2147484039 2147484040 2147484041 2147484042 2147484043 2147484044 2147484045 2147484047 2147484049 2147484051 2147484054 2147484055 2147484057 2147484059 2147484061 2147484062 2147484067 2147484071 2147484073 57 53 49 52 54 127 128 129 130 2147483792 2147483806 2147483807 2147483808 2147483809 2147483813 2147483815 2147483816 2147483823 2147483829 2147483830 2147483831 2147483832 2147483834 2147483841 2147483857 2147483858 2147483859 2147483860 2147483861 2147483862 2147483864 2147483867 2147483869 2147483870 2147483871 2147483872 2147483874 2147483878 2147483888 2147483893 2147483894 2147483895 2147483896 2147483900 2147483909 2147483910 2147483911 2147483912 2147483913 2147483914 2147483915 2147483916 2147483918 2147483919 2147483923 2147483926 2147483927 2147483930 2147483931 2147483932 2147483934 2147483935 2147483938 2147483943 2147483952 2147483953 2147483954 2147483955 2147483959 2147483964 2147483968 2147483969 2147483970 2147483971 2147483972 2147483973 2147483974 2147483975 2147483977 2147483978 2147483982 2147483985 2147483986 2147483989 2147483990 2147483991 2147483994 2147483996 2147484000 2147484002 2147484003 2147484011 2147484023 2147484024 2147484030 2147484031 2147484034 2147484035 2147484037 2147484039 2147484040 2147484041 2147484042 2147484043 2147484044 2147484045 2147484047 2147484049 2147484051 2147484054 2147484055 2147484057 2147484059 2147484061 2147484062 2147484067 2147484071 2147484073 
2147483792 2147483649 2147483652 2147483656 2147483659 2147483662 2147483676 2147483678 2147483683 2147483686 2147483687 2147483689 2147483691 2147483692 2147483702 2147483705 2147483712 2147483734 2147483736 2147483737 2147483741 2147483744 2147483751 2147483775 2147483776 2147483777 2147483790 2147483791 2147483649 2147483652 2147483656 2147483659 2147483662 2147483676 2147483678 2147483683 2147483686 2147483687 2147483689 2147483691 2147483692 2147483702 2147483705 2147483712 2147483734 2147483736 2147483737 2147483741 2147483744 2147483751 2147483775 2147483776 2147483777 2147483790 2147483791 2147483806 2147483807 2147483808 2147483809 2147483813 2147483815 2147483816 2147483823 2147483829 2147483830 2147483831 2147483832 2147483834 2147483841 2147483857 2147483858 2147483859 2147483860 2147483861 2147483862 2147483864 2147483867 2147483869 2147483870 2147483871 2147483872 2147483874 2147483878 2147483888 2147483893 2147483894 2147483895 2147483896 2147483900 2147483909 2147483910 2147483911 2147483912 2147483913 2147483914 2147483915 2147483916 2147483918 2147483919 2147483923 2147483926 2147483927 2147483930 2147483931 2147483932 2147483934 2147483935 2147483938 2147483943 2147483952 2147483953 2147483954 2147483955 2147483959 2147483964 2147483968 2147483969 2147483970 2147483971 2147483972 2147483973 2147483974 2147483975 2147483977 2147483978 2147483982 2147483985 2147483986 2147483989 2147483990 2147483991 2147483994 2147483996 2147484000 2147484002 2147484003 2147484011 2147484023 2147484024 2147484030 2147484031 2147484034 2147484035 2147484037 2147484039 2147484040 2147484041 2147484042 2147484043 2147484044 2147484045 2147484047 2147484049 2147484051 2147484054 2147484055 2147484057 2147484059 2147484061 2147484062 2147484067 2147484071 2147484073 54 53 49 52 57 127 128 129 130 2147483806 2147483807 2147483808 2147483809 2147483813 2147483815 2147483816 2147483823 2147483829 2147483830 2147483831 2147483832 2147483834 2147483841 2147483857 2147483858 2147483859 2147483860 2147483861 2147483862 2147483864 2147483867 2147483869 2147483870 2147483871 2147483872 2147483874 2147483878 2147483888 2147483893 2147483894 2147483895 2147483896 2147483900 2147483909 2147483910 2147483911 2147483912 2147483913 2147483914 2147483915 2147483916 2147483918 2147483919 2147483923 2147483926 2147483927 2147483930 2147483931 2147483932 2147483934 2147483935 2147483938 2147483943 2147483952 2147483953 2147483954 2147483955 2147483959 2147483964 2147483968 2147483969 2147483970 2147483971 2147483972 2147483973 2147483974 2147483975 2147483977 2147483978 2147483982 2147483985 2147483986 2147483989 2147483990 2147483991 2147483994 2147483996 2147484000 2147484002 2147484003 2147484011 2147484023 2147484024 2147484030 2147484031 2147484034 2147484035 2147484037 2147484039 2147484040 2147484041 2147484042 2147484043 2147484044 2147484045 2147484047 2147484049 2147484051 2147484054 2147484055 2147484057 2147484059 2147484061 2147484062 2147484067 2147484071 2147484073 
2147483806 2147483652 2147483656 2147483659 2147483662 2147483676 2147483678 2147483683 2147483686 2147483687 2147483689 2147483691 2147483692 2147483702 2147483705 2147483712 2147483734 2147483736 2147483737 2147483741 2147483744 2147483751 2147483790 2147483791 2147483792 2147483652 2147483656 2147483659 2147483662 2147483676 2147483678 2147483683 2147483686 2147483687 2147483689 2147483691 2147483692 2147483702 2147483705 2147483712 2147483734 2147483736 2147483737 2147483741 2147483744 2147483751 2147483790 2147483791 2147483792 2147483807 2147483813 2147483815 2147483816 2147483823 2147483829 2147483830 2147483831 2147483832 2147483834 2147483841 2147483857 2147483858 2147483859 2147483860 2147483861 2147483862 2147483864 2147483867 2147483869 2147483870 2147483871 2147483872 2147483874 2147483878 2147483888 2147483893 2147483894 2147483895 2147483896 2147483900 2147483909 2147483910 2147483911 2147483912 2147483913 2147483914 2147483915 2147483916 2147483918 2147483919 2147483923 2147483926 2147483927 2147483930 2147483931 2147483932 2147483934 2147483935 2147483938 2147483943 2147483952 2147483953 2147483954 2147483955 2147483959 2147483964 2147483968 2147483969 2147483970 2147483971 2147483972 2147483973 2147483974 2147483975 2147483977 2147483978 2147483982 2147483985 2147483986 2147483989 2147483990 2147483991 2147483994 2147483996 2147484000 2147484002 2147484003 2147484030 2147484031 2147484034 2147484035 2147484037 2147484039 2147484040 2147484041 2147484042 2147484043 2147484044 2147484045 2147484047 2147484049 2147484051 2147484054 2147484055 2147484057 2147484059 2147484061 2147484062 2147484071 2147484073 49 52 54 57 53 127 128 129 130 2147483807 2147483813 2147483815 2147483816 2147483823 2147483829 2147483830 2147483831 2147483832 2147483834 2147483841 2147483857 2147483858 2147483859 2147483860 2147483861 2147483862 2147483864 2147483867 2147483869 2147483870 2147483871 2147483872 2147483874 2147483878 2147483888 2147483893 2147483894 2147483895 2147483896 2147483900 2147483909 2147483910 2147483911 2147483912 2147483913 2147483914 2147483915 2147483916 2147483918 2147483919 2147483923 2147483926 2147483927 2147483930 2147483931 2147483932 2147483934 2147483935 2147483938 2147483943 2147483952 2147483953 2147483954 2147483955 2147483959 2147483964 2147483968 2147483969 2147483970 2147483971 2147483972 2147483973 2147483974 2147483975 2147483977 2147483978 2147483982 2147483985 2147483986 2147483989 2147483990 2147483991 2147483994 2147483996 2147484000 2147484002 2147484003 2147484030 2147484031 2147484034 2147484035 2147484037 2147484039 2147484040 2147484041 2147484042 2147484043 2147484044 2147484045 2147484047 2147484049 2147484051 2147484054 2147484055 2147484057 2147484059 2147484061 2147484062 2147484071 2147484073 
2147483807 2147483790 2147483791 2147483792 2147483806 2147483790 2147483791 2147483792 2147483806 2147484030 2147484031 2147484030 2147484031 
2147483808 2147483790 2147483791 2147483792 2147483790 2147483791 2147483792 2147483809 2147484030 2147484031 2147483809 2147484030 2147484031 
2147483809 2147483790 2147483791 2147483792 2147483808 2147483790 2147483791 2147483792 2147483808 2147484030 2147484031 53 2147484030 2147484031 
2147483813 2147483656 2147483790 2147483791 2147483792 2147483806 2147483656 2147483790 2147483791 2147483792 2147483806 2147483815 2147483816 2147483823 2147484030 2147484031 2147484037 2147483815 2147483816 2147483823 2147484030 2147484031 2147484037 
2147483815 2147483656 2147483790 2147483791 2147483792 2147483806 2147483813 2147483656 2147483790 2147483791 2147483792 2147483806 2147483813 2147483816 2147483823 2147484030 2147484031 2147484037 53 2147483816 2147483823 2147484030 2147484031 2147484037 
2147483816 2147483656 2147483790 2147483791 2147483792 2147483806 2147483813 2147483815 2147483656 2147483790 2147483791 2147483792 2147483806 2147483813 2147483815 2147483823 2147484030 2147484031 2147484037 57 53 2147483823 2147484030 2147484031 2147484037 
2147483823 2147483656 2147483659 2147483662 2147483790 2147483791 2147483792 2147483806 2147483813 2147483815 2147483816 2147483656 2147483659 2147483662 2147483790 2147483791 2147483792 2147483806 2147483813 2147483815 2147483816 2147484030 2147484031 2147484034 2147484035 2147484037 49 52 54 57 53 127 128 129 130 2147484030 2147484031 2147484034 2147484035 2147484037 
2147483829 2147483662 2147483790 2147483791 2147483792 2147483806 2147483662 2147483790 2147483791 2147483792 2147483806 2147484030 2147484031 2147484034 2147484035 2147484037 2147484030 2147484031 2147484034 2147484035 2147484037 
2147483830 2147483662 2147483790 2147483791 2147483792 2147483806 2147483662 2147483790 2147483791 2147483792 2147483806 2147484030 2147484031 2147484034 2147484035 2147484037 2147484030 2147484031 2147484034 2147484035 2147484037 
2147483831 2147483662 2147483790 2147483791 2147483792 2147483806 2147483662 2147483790 2147483791 2147483792 2147483806 2147484030 2147484031 2147484034 2147484035 2147484037 2147484030 2147484031 2147484034 2147484035 2147484037 
2147483832 2147483662 2147483790 2147483791 2147483792 2147483806 2147483662 2147483790 2147483791 2147483792 2147483806 2147484030 2147484031 2147484034 2147484035 2147484037 2147484030 2147484031 2147484034 2147484035 2147484037 
2147483834 2147483790 2147483791 2147483792 2147483806 2147483790 2147483791 2147483792 2147483806 2147484030 2147484031 2147484034 2147484035 2147484037 2147484030 2147484031 2147484034 2147484035 2147484037 
2147483841 2147483678 2147483683 2147483686 2147483687 2147483689 2147483691 2147483692 2147483702 2147483705 2147483712 2147483790 2147483791 2147483792 2147483806 2147483678 2147483683 2147483686 2147483687 2147483689 2147483691 2147483692 2147483702 2147483705 2147483712 2147483790 2147483791 2147483792 2147483806 2147483857 2147483858 2147483859 2147483860 2147483861 2147483862 2147483864 2147483867 2147483869 2147483870 2147483871 2147483872 2147483874 2147483878 2147483888 2147483893 2147483894 2147483895 2147483896 2147483900 2147483909 2147483910 2147483911 2147483912 2147483913 2147483914 2147483915 2147483916 2147483918 2147483919 2147483923 2147483926 2147483927 2147483930 2147483931 2147483932 2147483934 2147484030 2147484031 2147484037 2147484039 2147484040 2147484041 2147484042 2147484043 2147484044 2147484045 2147484047 2147484049 2147484051 2147484071 22 25 27 32 26 263 264 265 266 2147483857 2147483858 2147483859 2147483860 2147483861 2147483862 2147483864 2147483867 2147483869 2147483870 2147483871 2147483872 2147483874 2147483878 2147483888 2147483893 2147483894 2147483895 2147483896 2147483900 2147483909 2147483910 2147483911 2147483912 2147483913 2147483914 2147483915 2147483916 2147483918 2147483919 2147483923 2147483926 2147483927 2147483930 2147483931 2147483932 2147483934 2147484030 2147484031 2147484037 2147484039 2147484040 2147484041 2147484042 2147484043 2147484044 2147484045 2147484047 2147484049 2147484051 2147484071 
2147483857 2147483686 2147483687 2147483689 2147483790 2147483791 2147483792 2147483806 2147483841 2147483686 2147483687 2147483689 2147483790 2147483791 2147483792 2147483806 2147483841 2147484030 2147484031 2147484037 2147484039 2147484040 2147484041 2147484042 2147484030 2147484031 2147484037 2147484039 2147484040 2147484041 2147484042 
2147483858 2147483686 2147483687 2147483689 2147483790 2147483791 2147483792 2147483806 2147483841 2147483686 2147483687 2147483689 2147483790 2147483791 2147483792 2147483806 2147483841 2147484030 2147484031 2147484037 2147484039 2147484040 2147484041 2147484042 2147484030 2147484031 2147484037 2147484039 2147484040 2147484041 2147484042 
2147483859 2147483686 2147483687 2147483689 2147483692 2147483790 2147483791 2147483792 2147483806 2147483841 2147483686 2147483687 2147483689 2147483692 2147483790 2147483791 2147483792 2147483806 2147483841 2147483860 2147483861 2147483862 2147484030 2147484031 2147484037 2147484039 2147484040 2147484041 2147484042 2147483860 2147483861 2147483862 2147484030 2147484031 2147484037 2147484039 2147484040 2147484041 2147484042 
2147483860 2147483686 2147483687 2147483689 2147483692 2147483790 2147483791 2147483792 2147483806 2147483841 2147483859 2147483686 2147483687 2147483689 2147483692 2147483790 2147483791 2147483792 2147483806 2147483841 2147483859 2147483861 2147483862 2147484030 2147484031 2147484037 2147484039 2147484040 2147484041 2147484042 32 26 2147483861 2147483862 2147484030 2147484031 2147484037 2147484039 2147484040 2147484041 2147484042 
2147483861 2147483686 2147483687 2147483689 2147483692 2147483790 2147483791 2147483792 2147483806 2147483841 2147483859 2147483860 2147483686 2147483687 2147483689 2147483692 2147483790 2147483791 2147483792 2147483806 2147483841 2147483859 2147483860 2147483862 2147484030 2147484031 2147484037 2147484039 2147484040 2147484041 2147484042 54 57 53 2147483862 2147484030 2147484031 2147484037 2147484039 2147484040 2147484041 2147484042 
2147483862 2147483686 2147483687 2147483689 2147483692 2147483790 2147483791 2147483792 2147483806 2147483841 2147483859 2147483860 2147483861 2147483686 2147483687 2147483689 2147483692 2147483790 2147483791 2147483792 2147483806 2147483841 2147483859 2147483860 2147483861 2147484030 2147484031 2147484037 2147484039 2147484040 2147484041 2147484042 52 54 57 53 2147484030 2147484031 2147484037 2147484039 2147484040 2147484041 2147484042 
2147483864 2147483686 2147483687 2147483689 2147483692 2147483790 2147483791 2147483792 2147483806 2147483841 2147483686 2147483687 2147483689 2147483692 2147483790 2147483791 2147483792 2147483806 2147483841 2147483867 2147484030 2147484031 2147484037 2147484039 2147484040 2147484041 2147484042 2147483867 2147484030 2147484031 2147484037 2147484039 2147484040 2147484041 2147484042 
2147483867 2147483686 2147483687 2147483689 2147483692 2147483790 2147483791 2147483792 2147483806 2147483841 2147483864 2147483686 2147483687 2147483689 2147483692 2147483790 2147483791 2147483792 2147483806 2147483841 2147483864 2147483869 2147484030 2147484031 2147484037 2147484039 2147484040 2147484041 2147484042 2147483869 2147484030 2147484031 2147484037 2147484039 2147484040 2147484041 2147484042 
2147483869 2147483686 2147483687 2147483689 2147483692 2147483790 2147483791 2147483792 2147483806 2147483841 2147483867 2147483686 2147483687 2147483689 2147483692 2147483790 2147483791 2147483792 2147483806 2147483841 2147483867 2147484030 2147484031 2147484037 2147484039 2147484040 2147484041 2147484042 2147484030 2147484031 2147484037 2147484039 2147484040 2147484041 2147484042 
2147483870 2147483686 2147483687 2147483689 2147483692 2147483790 2147483791 2147483792 2147483806 2147483841 2147483686 2147483687 2147483689 2147483692 2147483790 2147483791 2147483792 2147483806 2147483841 2147483871 2147483872 2147484030 2147484031 2147484037 2147484039 2147484040 2147484041 2147484042 2147484043 2147483871 2147483872 2147484030 2147484031 2147484037 2147484039 2147484040 2147484041 2147484042 2147484043 
2147483871 2147483686 2147483687 2147483689 2147483692 2147483790 2147483791 2147483792 2147483806 2147483841 2147483870 2147483686 2147483687 2147483689 2147483692 2147483790 2147483791 2147483792 2147483806 2147483841 2147483870 2147483872 2147484030 2147484031 2147484037 2147484039 2147484040 2147484041 2147484042 2147484043 57 53 2147483872 2147484030 2147484031 2147484037 2147484039 2147484040 2147484041 2147484042 2147484043 
2147483872 2147483686 2147483687 2147483689 2147483692 2147483790 2147483791 2147483792 2147483806 2147483841 2147483870 2147483871 2147483686 2147483687 2147483689 2147483692 2147483790 2147483791 2147483792 2147483806 2147483841 2147483870 2147483871 2147484030 2147484031 2147484037 2147484039 2147484040 2147484041 2147484042 2147484043 54 57 53 2147484030 2147484031 2147484037 2147484039 2147484040 2147484041 2147484042 2147484043 
2147483874 2147483686 2147483687 2147483689 2147483692 2147483790 2147483791 2147483792 2147483806 2147483841 2147483686 2147483687 2147483689 2147483692 2147483790 2147483791 2147483792 2147483806 2147483841 2147484030 2147484031 2147484037 2147484039 2147484040 2147484041 2147484042 2147484043 2147484030 2147484031 2147484037 2147484039 2147484040 2147484041 2147484042 2147484043 
2147483878 2147483686 2147483687 2147483689 2147483790 2147483791 2147483792 2147483806 2147483841 2147483686 2147483687 2147483689 2147483790 2147483791 2147483792 2147483806 2147483841 2147484030 2147484031 2147484037 2147484039 2147484040 2147484041 2147484042 2147484030 2147484031 2147484037 2147484039 2147484040 2147484041 2147484042 
2147483886 
2147483888 2147483687 2147483790 2147483791 2147483792 2147483806 2147483841 2147483687 2147483790 2147483791 2147483792 2147483806 2147483841 2147484037 2147484037 
2147483893 2147483687 2147483702 2147483790 2147483791 2147483792 2147483806 2147483841 2147483687 2147483702 2147483790 2147483791 2147483792 2147483806 2147483841 2147483894 2147483895 2147483896 2147484037 2147483894 2147483895 2147483896 2147484037 
2147483894 2147483687 2147483702 2147483705 2147483712 2147483790 2147483791 2147483792 2147483806 2147483841 2147483893 2147483687 2147483702 2147483705 2147483712 2147483790 2147483791 2147483792 2147483806 2147483841 2147483893 2147483895 2147483896 2147483900 2147483909 2147483910 2147483911 2147483912 2147483913 2147483914 2147483915 2147483916 2147483918 2147483919 2147483923 2147483926 2147483927 2147483930 2147483931 2147483932 2147484037 2147484045 2147484047 2147484049 2147484051 49 52 54 57 53 127 128 129 130 2147483895 2147483896 2147483900 2147483909 2147483910 2147483911 2147483912 2147483913 2147483914 2147483915 2147483916 2147483918 2147483919 2147483923 2147483926 2147483927 2147483930 2147483931 2147483932 2147484037 2147484045 2147484047 2147484049 2147484051 
2147483895 2147483687 2147483702 2147483790 2147483791 2147483792 2147483806 2147483841 2147483893 2147483894 2147483687 2147483702 2147483790 2147483791 2147483792 2147483806 2147483841 2147483893 2147483894 2147483896 2147484037 53 2147483896 2147484037 
2147483896 2147483687 2147483702 2147483790 2147483791 2147483792 2147483806 2147483841 2147483893 2147483894 2147483895 2147483687 2147483702 2147483790 2147483791 2147483792 2147483806 2147483841 2147483893 2147483894 2147483895 2147484037 57 53 2147484037 
2147483900 2147483687 2147483702 2147483790 2147483791 2147483792 2147483806 2147483841 2147483894 2147483687 2147483702 2147483790 2147483791 2147483792 2147483806 2147483841 2147483894 2147483926 2147484037 2147484047 2147484051 2147483926 2147484037 2147484047 2147484051 
2147483909 2147483687 2147483702 2147483712 2147483790 2147483791 2147483792 2147483806 2147483841 2147483894 2147483687 2147483702 2147483712 2147483790 2147483791 2147483792 2147483806 2147483841 2147483894 2147483926 2147484037 2147484045 2147484047 2147484051 2147483926 2147484037 2147484045 2147484047 2147484051 
2147483910 2147483687 2147483702 2147483712 2147483790 2147483791 2147483792 2147483806 2147483841 2147483894 2147483687 2147483702 2147483712 2147483790 2147483791 2147483792 2147483806 2147483841 2147483894 2147483926 2147484037 2147484045 2147484047 2147484051 2147483926 2147484037 2147484045 2147484047 2147484051 
2147483911 2147483687 2147483702 2147483712 2147483790 2147483791 2147483792 2147483806 2147483841 2147483894 2147483687 2147483702 2147483712 2147483790 2147483791 2147483792 2147483806 2147483841 2147483894 2147483926 2147484037 2147484045 2147484047 2147484051 2147483926 2147484037 2147484045 2147484047 2147484051 
2147483912 2147483687 2147483702 2147483712 2147483790 2147483791 2147483792 2147483806 2147483841 2147483894 2147483687 2147483702 2147483712 2147483790 2147483791 2147483792 2147483806 2147483841 2147483894 2147483926 2147484037 2147484045 2147484047 2147484051 2147483926 2147484037 2147484045 2147484047 2147484051 
2147483913 2147483687 2147483702 2147483712 2147483790 2147483791 2147483792 2147483806 2147483841 2147483894 2147483687 2147483702 2147483712 2147483790 2147483791 2147483792 2147483806 2147483841 2147483894 2147483926 2147484037 2147484045 2147484047 2147484051 2147483926 2147484037 2147484045 2147484047 2147484051 
2147483914 2147483687 2147483702 2147483712 2147483790 2147483791 2147483792 2147483806 2147483841 2147483894 2147483687 2147483702 2147483712 2147483790 2147483791 2147483792 2147483806 2147483841 2147483894 2147483926 2147484037 2147484045 2147484047 2147484051 2147483926 2147484037 2147484045 2147484047 2147484051 
2147483915 2147483687 2147483702 2147483712 2147483790 2147483791 2147483792 2147483806 2147483841 2147483894 2147483687 2147483702 2147483712 2147483790 2147483791 2147483792 2147483806 2147483841 2147483894 2147483926 2147484037 2147484045 2147484047 2147484051 2147483926 2147484037 2147484045 2147484047 2147484051 
2147483916 2147483687 2147483702 2147483712 2147483790 2147483791 2147483792 2147483806 2147483841 2147483894 2147483687 2147483702 2147483712 2147483790 2147483791 2147483792 2147483806 2147483841 2147483894 2147483926 2147484037 2147484045 2147484047 2147484051 2147483926 2147484037 2147484045 2147484047 2147484051 
2147483918 2147483687 2147483702 2147483790 2147483791 2147483792 2147483806 2147483841 2147483894 2147483687 2147483702 2147483790 2147483791 2147483792 2147483806 2147483841 2147483894 2147483926 2147484037 2147484045 2147484047 2147484051 2147483926 2147484037 2147484045 2147484047 2147484051 
2147483919 2147483687 2147483702 2147483790 2147483791 2147483792 2147483806 2147483841 2147483894 2147483687 2147483702 2147483790 2147483791 2147483792 2147483806 2147483841 2147483894 2147483926 2147484037 2147484045 2147484047 2147484051 2147483926 2147484037 2147484045 2147484047 2147484051 
2147483923 2147483687 2147483702 2147483790 2147483791 2147483792 2147483806 2147483841 2147483894 2147483687 2147483702 2147483790 2147483791 2147483792 2147483806 2147483841 2147483894 2147483926 2147483927 2147484037 2147484051 2147483926 2147483927 2147484037 2147484051 
2147483926 2147483687 2147483702 2147483712 2147483790 2147483791 2147483792 2147483806 2147483841 2147483894 2147483900 2147483909 2147483910 2147483911 2147483912 2147483913 2147483914 2147483915 2147483916 2147483918 2147483919 2147483923 2147483687 2147483702 2147483712 2147483790 2147483791 2147483792 2147483806 2147483841 2147483894 2147483900 2147483909 2147483910 2147483911 2147483912 2147483913 2147483914 2147483915 2147483916 2147483918 2147483919 2147483923 2147484037 2147484045 2147484047 2147484051 2147484037 2147484045 2147484047 2147484051 
2147483927 2147483687 2147483702 2147483790 2147483791 2147483792 2147483806 2147483841 2147483894 2147483923 2147483687 2147483702 2147483790 2147483791 2147483792 2147483806 2147483841 2147483894 2147483923 2147484037 2147484051 57 53 2147484037 2147484051 
2147483930 2147483687 2147483702 2147483790 2147483791 2147483792 2147483806 2147483841 2147483894 2147483687 2147483702 2147483790 2147483791 2147483792 2147483806 2147483841 2147483894 2147483931 2147483932 2147484037 2147484051 53 2147483931 2147483932 2147484037 2147484051 
2147483931 2147483687 2147483702 2147483790 2147483791 2147483792 2147483806 2147483841 2147483894 2147483930 2147483687 2147483702 2147483790 2147483791 2147483792 2147483806 2147483841 2147483894 2147483930 2147483932 2147484037 2147484051 2147483932 2147484037 2147484051 
2147483932 2147483687 2147483702 2147483790 2147483791 2147483792 2147483806 2147483841 2147483894 2147483930 2147483931 2147483687 2147483702 2147483790 2147483791 2147483792 2147483806 2147483841 2147483894 2147483930 2147483931 2147484037 2147484051 57 53 2147484037 2147484051 
2147483934 2147483687 2147483702 2147483790 2147483791 2147483792 2147483806 2147483841 2147483687 2147483702 2147483790 2147483791 2147483792 2147483806 2147483841 2147484037 2147484049 2147484051 2147484037 2147484049 2147484051 
2147483935 2147483687 2147483790 2147483791 2147483792 2147483806 2147483687 2147483790 2147483791 2147483792 2147483806 2147484037 2147484037 
2147483938 2147483687 2147483734 2147483790 2147483791 2147483792 2147483806 2147483687 2147483734 2147483790 2147483791 2147483792 2147483806 2147483964 2147484037 57 53 2147483964 2147484037 
2147483943 2147483687 2147483734 2147483736 2147483790 2147483791 2147483792 2147483806 2147483687 2147483734 2147483736 2147483790 2147483791 2147483792 2147483806 2147483964 2147484037 2147484054 2147483964 2147484037 2147484054 
2147483952 2147483687 2147483734 2147483736 2147483741 2147483790 2147483791 2147483792 2147483806 2147483687 2147483734 2147483736 2147483741 2147483790 2147483791 2147483792 2147483806 2147483953 2147483954 2147483955 2147483964 2147484037 2147483953 2147483954 2147483955 2147483964 2147484037 
2147483953 2147483687 2147483734 2147483736 2147483741 2147483744 2147483751 2147483790 2147483791 2147483792 2147483806 2147483952 2147483687 2147483734 2147483736 2147483741 2147483744 2147483751 2147483790 2147483791 2147483792 2147483806 2147483952 2147483954 2147483955 2147483959 2147483964 2147483968 2147483969 2147483970 2147483971 2147483972 2147483973 2147483974 2147483975 2147483977 2147483978 2147483982 2147483985 2147483986 2147483989 2147483990 2147483991 2147484037 2147484055 2147484057 2147484059 2147484061 49 52 54 57 53 127 128 129 130 2147483954 2147483955 2147483959 2147483964 2147483968 2147483969 2147483970 2147483971 2147483972 2147483973 2147483974 2147483975 2147483977 2147483978 2147483982 2147483985 2147483986 2147483989 2147483990 2147483991 2147484037 2147484055 2147484057 2147484059 2147484061 
2147483954 2147483687 2147483734 2147483736 2147483741 2147483790 2147483791 2147483792 2147483806 2147483952 2147483953 2147483687 2147483734 2147483736 2147483741 2147483790 2147483791 2147483792 2147483806 2147483952 2147483953 2147483955 2147483964 2147484037 53 2147483955 2147483964 2147484037 
2147483955 2147483687 2147483734 2147483736 2147483741 2147483790 2147483791 2147483792 2147483806 2147483952 2147483953 2147483954 2147483687 2147483734 2147483736 2147483741 2147483790 2147483791 2147483792 2147483806 2147483952 2147483953 2147483954 2147483964 2147484037 57 53 2147483964 2147484037 
2147483959 2147483687 2147483734 2147483736 2147483741 2147483790 2147483791 2147483792 2147483806 2147483953 2147483687 2147483734 2147483736 2147483741 2147483790 2147483791 2147483792 2147483806 2147483953 2147483964 2147483985 2147484037 2147484057 2147484061 2147483964 2147483985 2147484037 2147484057 2147484061 
2147483964 2147483687 2147483734 2147483736 2147483737 2147483741 2147483744 2147483751 2147483790 2147483791 2147483792 2147483806 2147483938 2147483943 2147483952 2147483953 2147483954 2147483955 2147483959 2147483687 2147483734 2147483736 2147483737 2147483741 2147483744 2147483751 2147483790 2147483791 2147483792 2147483806 2147483938 2147483943 2147483952 2147483953 2147483954 2147483955 2147483959 2147483968 2147483969 2147483970 2147483971 2147483972 2147483973 2147483974 2147483975 2147483977 2147483978 2147483982 2147483985 2147483986 2147483989 2147483990 2147483991 2147483994 2147483996 2147484000 2147484002 2147484003 2147484037 2147484054 2147484055 2147484057 2147484059 2147484061 2147484062 2147484073 57 49 52 54 53 127 128 129 130 2147483968 2147483969 2147483970 2147483971 2147483972 2147483973 2147483974 2147483975 2147483977 2147483978 2147483982 2147483985 2147483986 2147483989 2147483990 2147483991 2147483994 2147483996 2147484000 2147484002 2147484003 2147484037 2147484054 2147484055 2147484057 2147484059 2147484061 2147484062 2147484073 
2147483968 2147483687 2147483734 2147483736 2147483741 2147483751 2147483790 2147483791 2147483792 2147483806 2147483953 2147483964 2147483687 2147483734 2147483736 2147483741 2147483751 2147483790 2147483791 2147483792 2147483806 2147483953 2147483964 2147483985 2147484037 2147484055 2147484057 2147484061 2147483985 2147484037 2147484055 2147484057 2147484061 
2147483969 2147483687 2147483734 2147483736 2147483741 2147483751 2147483790 2147483791 2147483792 2147483806 2147483953 2147483964 2147483687 2147483734 2147483736 2147483741 2147483751 2147483790 2147483791 2147483792 2147483806 2147483953 2147483964 2147483985 2147484037 2147484055 2147484057 2147484061 2147483985 2147484037 2147484055 2147484057 2147484061 
2147483970 2147483687 2147483734 2147483736 2147483741 2147483751 2147483790 2147483791 2147483792 2147483806 2147483953 2147483964 2147483687 2147483734 2147483736 2147483741 2147483751 2147483790 2147483791 2147483792 2147483806 2147483953 2147483964 2147483985 2147484037 2147484055 2147484057 2147484061 2147483985 2147484037 2147484055 2147484057 2147484061 
2147483971 2147483687 2147483734 2147483736 2147483741 2147483751 2147483790 2147483791 2147483792 2147483806 2147483953 2147483964 2147483687 2147483734 2147483736 2147483741 2147483751 2147483790 2147483791 2147483792 2147483806 2147483953 2147483964 2147483985 2147484037 2147484055 2147484057 2147484061 2147483985 2147484037 2147484055 2147484057 2147484061 
2147483972 2147483687 2147483734 2147483736 2147483741 2147483751 2147483790 2147483791 2147483792 2147483806 2147483953 2147483964 2147483687 2147483734 2147483736 2147483741 2147483751 2147483790 2147483791 2147483792 2147483806 2147483953 2147483964 2147483985 2147484037 2147484055 2147484057 2147484061 2147483985 2147484037 2147484055 2147484057 2147484061 
2147483973 2147483687 2147483734 2147483736 2147483741 2147483751 2147483790 2147483791 2147483792 2147483806 2147483953 2147483964 2147483687 2147483734 2147483736 2147483741 2147483751 2147483790 2147483791 2147483792 2147483806 2147483953 2147483964 2147483985 2147484037 2147484055 2147484057 2147484061 2147483985 2147484037 2147484055 2147484057 2147484061 
2147483974 2147483687 2147483734 2147483736 2147483741 2147483751 2147483790 2147483791 2147483792 2147483806 2147483953 2147483964 2147483687 2147483734 2147483736 2147483741 2147483751 2147483790 2147483791 2147483792 2147483806 2147483953 2147483964 2147483985 2147484037 2147484055 2147484057 2147484061 2147483985 2147484037 2147484055 2147484057 2147484061 
2147483975 2147483687 2147483734 2147483736 2147483741 2147483751 2147483790 2147483791 2147483792 2147483806 2147483953 2147483964 2147483687 2147483734 2147483736 2147483741 2147483751 2147483790 2147483791 2147483792 2147483806 2147483953 2147483964 2147483985 2147484037 2147484055 2147484057 2147484061 2147483985 2147484037 2147484055 2147484057 2147484061 
2147483977 2147483687 2147483734 2147483736 2147483741 2147483790 2147483791 2147483792 2147483806 2147483953 2147483964 2147483687 2147483734 2147483736 2147483741 2147483790 2147483791 2147483792 2147483806 2147483953 2147483964 2147483985 2147484037 2147484055 2147484057 2147484061 2147483985 2147484037 2147484055 2147484057 2147484061 
2147483978 2147483687 2147483734 2147483736 2147483741 2147483790 2147483791 2147483792 2147483806 2147483953 2147483964 2147483687 2147483734 2147483736 2147483741 2147483790 2147483791 2147483792 2147483806 2147483953 2147483964 2147483985 2147484037 2147484055 2147484057 2147484061 2147483985 2147484037 2147484055 2147484057 2147484061 
2147483982 2147483687 2147483734 2147483736 2147483741 2147483790 2147483791 2147483792 2147483806 2147483953 2147483964 2147483687 2147483734 2147483736 2147483741 2147483790 2147483791 2147483792 2147483806 2147483953 2147483964 2147483985 2147483986 2147484037 2147484061 2147483985 2147483986 2147484037 2147484061 
2147483985 2147483687 2147483734 2147483736 2147483741 2147483751 2147483790 2147483791 2147483792 2147483806 2147483953 2147483959 2147483964 2147483968 2147483969 2147483970 2147483971 2147483972 2147483973 2147483974 2147483975 2147483977 2147483978 2147483982 2147483687 2147483734 2147483736 2147483741 2147483751 2147483790 2147483791 2147483792 2147483806 2147483953 2147483959 2147483964 2147483968 2147483969 2147483970 2147483971 2147483972 2147483973 2147483974 2147483975 2147483977 2147483978 2147483982 2147484037 2147484055 2147484057 2147484061 2147484037 2147484055 2147484057 2147484061 
2147483986 2147483687 2147483734 2147483736 2147483741 2147483790 2147483791 2147483792 2147483806 2147483953 2147483964 2147483982 2147483687 2147483734 2147483736 2147483741 2147483790 2147483791 2147483792 2147483806 2147483953 2147483964 2147483982 2147484037 2147484061 57 53 2147484037 2147484061 
2147483989 2147483687 2147483734 2147483736 2147483741 2147483790 2147483791 2147483792 2147483806 2147483953 2147483964 2147483687 2147483734 2147483736 2147483741 2147483790 2147483791 2147483792 2147483806 2147483953 2147483964 2147483990 2147483991 2147484037 2147484061 53 2147483990 2147483991 2147484037 2147484061 
2147483990 2147483687 2147483734 2147483736 2147483741 2147483790 2147483791 2147483792 2147483806 2147483953 2147483964 2147483989 2147483687 2147483734 2147483736 2147483741 2147483790 2147483791 2147483792 2147483806 2147483953 2147483964 2147483989 2147483991 2147484037 2147484061 2147483991 2147484037 2147484061 
2147483991 2147483687 2147483734 2147483736 2147483741 2147483790 2147483791 2147483792 2147483806 2147483953 2147483964 2147483989 2147483990 2147483687 2147483734 2147483736 2147483741 2147483790 2147483791 2147483792 2147483806 2147483953 2147483964 2147483989 2147483990 2147484037 2147484061 57 53 2147484037 2147484061 
2147483994 2147483687 2147483734 2147483736 2147483741 2147483790 2147483791 2147483792 2147483806 2147483964 2147483687 2147483734 2147483736 2147483741 2147483790 2147483791 2147483792 2147483806 2147483964 2147484002 2147484037 2147484062 2147484002 2147484037 2147484062 
2147483996 2147483687 2147483734 2147483736 2147483741 2147483790 2147483791 2147483792 2147483806 2147483964 2147483687 2147483734 2147483736 2147483741 2147483790 2147483791 2147483792 2147483806 2147483964 2147484037 2147484059 2147484061 2147484037 2147484059 2147484061 
2147484000 2147483687 2147483734 2147483736 2147483741 2147483790 2147483791 2147483792 2147483806 2147483964 2147483687 2147483734 2147483736 2147483741 2147483790 2147483791 2147483792 2147483806 2147483964 2147484037 2147484062 2147484037 2147484062 
2147484002 2147483687 2147483734 2147483741 2147483790 2147483791 2147483792 2147483806 2147483964 2147483994 2147483687 2147483734 2147483741 2147483790 2147483791 2147483792 2147483806 2147483964 2147483994 2147484003 2147484037 2147484062 54 57 53 2147484003 2147484037 2147484062 
2147484003 2147483687 2147483734 2147483741 2147483790 2147483791 2147483792 2147483806 2147483964 2147484002 2147483687 2147483734 2147483741 2147483790 2147483791 2147483792 2147483806 2147483964 2147484002 2147484037 2147484062 26 2147484037 2147484062 
2147484011 2147483687 2147483775 2147483776 2147483777 2147483790 2147483791 2147483792 2147483687 2147483775 2147483776 2147483777 2147483790 2147483791 2147483792 
2147484015 2147483778 2147483778 52 54 57 53 
2147484023 2147483687 2147483775 2147483777 2147483790 2147483791 2147483792 2147483687 2147483775 2147483777 2147483790 2147483791 2147483792 
2147484024 2147483687 2147483775 2147483777 2147483790 2147483791 2147483792 2147483687 2147483775 2147483777 2147483790 2147483791 2147483792 2147484067 2147484067 
2147484030 2147483652 2147483656 2147483659 2147483662 2147483676 2147483678 2147483683 2147483686 2147483687 2147483689 2147483691 2147483692 2147483790 2147483791 2147483792 2147483806 2147483807 2147483808 2147483809 2147483813 2147483815 2147483816 2147483823 2147483829 2147483830 2147483831 2147483832 2147483834 2147483841 2147483857 2147483858 2147483859 2147483860 2147483861 2147483862 2147483864 2147483867 2147483869 2147483870 2147483871 2147483872 2147483874 2147483878 2147483652 2147483656 2147483659 2147483662 2147483676 2147483678 2147483683 2147483686 2147483687 2147483689 2147483691 2147483692 2147483790 2147483791 2147483792 2147483806 2147483807 2147483808 2147483809 2147483813 2147483815 2147483816 2147483823 2147483829 2147483830 2147483831 2147483832 2147483834 2147483841 2147483857 2147483858 2147483859 2147483860 2147483861 2147483862 2147483864 2147483867 2147483869 2147483870 2147483871 2147483872 2147483874 2147483878 2147484031 2147484034 2147484035 2147484037 2147484039 2147484040 2147484041 2147484042 2147484043 2147484044 54 49 52 57 53 127 128 129 130 2147484031 2147484034 2147484035 2147484037 2147484039 2147484040 2147484041 2147484042 2147484043 2147484044 
2147484031 2147483656 2147483659 2147483662 2147483676 2147483678 2147483683 2147483686 2147483687 2147483689 2147483691 2147483692 2147483790 2147483791 2147483792 2147483806 2147483807 2147483808 2147483809 2147483813 2147483815 2147483816 2147483823 2147483829 2147483830 2147483831 2147483832 2147483834 2147483841 2147483857 2147483858 2147483859 2147483860 2147483861 2147483862 2147483864 2147483867 2147483869 2147483870 2147483871 2147483872 2147483874 2147483878 2147484030 2147483656 2147483659 2147483662 2147483676 2147483678 2147483683 2147483686 2147483687 2147483689 2147483691 2147483692 2147483790 2147483791 2147483792 2147483806 2147483807 2147483808 2147483809 2147483813 2147483815 2147483816 2147483823 2147483829 2147483830 2147483831 2147483832 2147483834 2147483841 2147483857 2147483858 2147483859 2147483860 2147483861 2147483862 2147483864 2147483867 2147483869 2147483870 2147483871 2147483872 2147483874 2147483878 2147484030 2147484034 2147484035 2147484037 2147484039 2147484040 2147484041 2147484042 2147484043 2147484044 52 49 54 57 53 127 128 129 130 2147484034 2147484035 2147484037 2147484039 2147484040 2147484041 2147484042 2147484043 2147484044 
2147484034 2147483662 2147483790 2147483791 2147483792 2147483806 2147483823 2147483829 2147483830 2147483831 2147483832 2147483834 2147484030 2147484031 2147483662 2147483790 2147483791 2147483792 2147483806 2147483823 2147483829 2147483830 2147483831 2147483832 2147483834 2147484030 2147484031 2147484035 2147484037 2147484035 2147484037 
2147484035 2147483662 2147483790 2147483791 2147483792 2147483806 2147483823 2147483829 2147483830 2147483831 2147483832 2147483834 2147484030 2147484031 2147484034 2147483662 2147483790 2147483791 2147483792 2147483806 2147483823 2147483829 2147483830 2147483831 2147483832 2147483834 2147484030 2147484031 2147484034 2147484037 2147484037 
2147484037 2147483656 2147483659 2147483662 2147483676 2147483678 2147483683 2147483686 2147483687 2147483689 2147483691 2147483692 2147483702 2147483705 2147483712 2147483734 2147483736 2147483737 2147483741 2147483744 2147483751 2147483790 2147483791 2147483792 2147483806 2147483813 2147483815 2147483816 2147483823 2147483829 2147483830 2147483831 2147483832 2147483834 2147483841 2147483857 2147483858 2147483859 2147483860 2147483861 2147483862 2147483864 2147483867 2147483869 2147483870 2147483871 2147483872 2147483874 2147483878 2147483888 2147483893 2147483894 2147483895 2147483896 2147483900 2147483909 2147483910 2147483911 2147483912 2147483913 2147483914 2147483915 2147483916 2147483918 2147483919 2147483923 2147483926 2147483927 2147483930 2147483931 2147483932 2147483934 2147483935 2147483938 2147483943 2147483952 2147483953 2147483954 2147483955 2147483959 2147483964 2147483968 2147483969 2147483970 2147483971 2147483972 2147483973 2147483974 2147483975 2147483977 2147483978 2147483982 2147483985 2147483986 2147483989 2147483990 2147483991 2147483994 2147483996 2147484000 2147484002 2147484003 2147484030 2147484031 2147484034 2147484035 2147483656 2147483659 2147483662 2147483676 2147483678 2147483683 2147483686 2147483687 2147483689 2147483691 2147483692 2147483702 2147483705 2147483712 2147483734 2147483736 2147483737 2147483741 2147483744 2147483751 2147483790 2147483791 2147483792 2147483806 2147483813 2147483815 2147483816 2147483823 2147483829 2147483830 2147483831 2147483832 2147483834 2147483841 2147483857 2147483858 2147483859 2147483860 2147483861 2147483862 2147483864 2147483867 2147483869 2147483870 2147483871 2147483872 2147483874 2147483878 2147483888 2147483893 2147483894 2147483895 2147483896 2147483900 2147483909 2147483910 2147483911 2147483912 2147483913 2147483914 2147483915 2147483916 2147483918 2147483919 2147483923 2147483926 2147483927 2147483930 2147483931 2147483932 2147483934 2147483935 2147483938 2147483943 2147483952 2147483953 2147483954 2147483955 2147483959 2147483964 2147483968 2147483969 2147483970 2147483971 2147483972 2147483973 2147483974 2147483975 2147483977 2147483978 2147483982 2147483985 2147483986 2147483989 2147483990 2147483991 2147483994 2147483996 2147484000 2147484002 2147484003 2147484030 2147484031 2147484034 2147484035 2147484039 2147484040 2147484041 2147484042 2147484043 2147484044 2147484045 2147484047 2147484049 2147484051 2147484052 2147484054 2147484055 2147484057 2147484059 2147484061 2147484062 2147484071 2147484073 127 49 53 52 54 57 128 129 130 2147484039 2147484040 2147484041 2147484042 2147484043 2147484044 2147484045 2147484047 2147484049 2147484051 2147484052 2147484054 2147484055 2147484057 2147484059 2147484061 2147484062 2147484071 2147484073 
2147484039 2147483683 2147483686 2147483687 2147483689 2147483691 2147483692 2147483790 2147483791 2147483792 2147483806 2147483841 2147483857 2147483858 2147483859 2147483860 2147483861 2147483862 2147483864 2147483867 2147483869 2147483870 2147483871 2147483872 2147483874 2147483878 2147484030 2147484031 2147484037 2147483683 2147483686 2147483687 2147483689 2147483691 2147483692 2147483790 2147483791 2147483792 2147483806 2147483841 2147483857 2147483858 2147483859 2147483860 2147483861 2147483862 2147483864 2147483867 2147483869 2147483870 2147483871 2147483872 2147483874 2147483878 2147484030 2147484031 2147484037 2147484040 2147484041 2147484042 2147484043 2147484044 128 49 52 54 57 53 127 129 130 2147484040 2147484041 2147484042 2147484043 2147484044 
2147484040 2147483686 2147483687 2147483689 2147483691 2147483692 2147483790 2147483791 2147483792 2147483806 2147483841 2147483857 2147483858 2147483859 2147483860 2147483861 2147483862 2147483864 2147483867 2147483869 2147483870 2147483871 2147483872 2147483874 2147483878 2147484030 2147484031 2147484037 2147484039 2147483686 2147483687 2147483689 2147483691 2147483692 2147483790 2147483791 2147483792 2147483806 2147483841 2147483857 2147483858 2147483859 2147483860 2147483861 2147483862 2147483864 2147483867 2147483869 2147483870 2147483871 2147483872 2147483874 2147483878 2147484030 2147484031 2147484037 2147484039 2147484041 2147484042 2147484043 2147484044 49 52 54 57 53 127 128 129 130 2147484041 2147484042 2147484043 2147484044 
2147484041 2147483686 2147483687 2147483689 2147483691 2147483692 2147483790 2147483791 2147483792 2147483806 2147483841 2147483857 2147483858 2147483859 2147483860 2147483861 2147483862 2147483864 2147483867 2147483869 2147483870 2147483871 2147483872 2147483874 2147483878 2147484030 2147484031 2147484037 2147484039 2147484040 2147483686 2147483687 2147483689 2147483691 2147483692 2147483790 2147483791 2147483792 2147483806 2147483841 2147483857 2147483858 2147483859 2147483860 2147483861 2147483862 2147483864 2147483867 2147483869 2147483870 2147483871 2147483872 2147483874 2147483878 2147484030 2147484031 2147484037 2147484039 2147484040 2147484042 2147484043 2147484044 49 52 54 57 53 127 128 129 130 2147484042 2147484043 2147484044 
2147484042 2147483686 2147483687 2147483689 2147483691 2147483692 2147483790 2147483791 2147483792 2147483806 2147483841 2147483857 2147483858 2147483859 2147483860 2147483861 2147483862 2147483864 2147483867 2147483869 2147483870 2147483871 2147483872 2147483874 2147483878 2147484030 2147484031 2147484037 2147484039 2147484040 2147484041 2147483686 2147483687 2147483689 2147483691 2147483692 2147483790 2147483791 2147483792 2147483806 2147483841 2147483857 2147483858 2147483859 2147483860 2147483861 2147483862 2147483864 2147483867 2147483869 2147483870 2147483871 2147483872 2147483874 2147483878 2147484030 2147484031 2147484037 2147484039 2147484040 2147484041 2147484043 2147484044 49 52 54 57 53 127 128 129 130 2147484043 2147484044 
2147484043 2147483686 2147483687 2147483689 2147483692 2147483790 2147483791 2147483792 2147483806 2147483841 2147483870 2147483871 2147483872 2147483874 2147484030 2147484031 2147484037 2147484039 2147484040 2147484041 2147484042 2147483686 2147483687 2147483689 2147483692 2147483790 2147483791 2147483792 2147483806 2147483841 2147483870 2147483871 2147483872 2147483874 2147484030 2147484031 2147484037 2147484039 2147484040 2147484041 2147484042 49 52 54 57 53 127 128 129 130 
2147484044 2147483686 2147483687 2147483689 2147483790 2147483791 2147483792 2147483806 2147483841 2147484030 2147484031 2147484037 2147484039 2147484040 2147484041 2147484042 2147483686 2147483687 2147483689 2147483790 2147483791 2147483792 2147483806 2147483841 2147484030 2147484031 2147484037 2147484039 2147484040 2147484041 2147484042 52 54 57 53 127 128 
2147484045 2147483687 2147483702 2147483712 2147483790 2147483791 2147483792 2147483806 2147483841 2147483894 2147483909 2147483910 2147483911 2147483912 2147483913 2147483914 2147483915 2147483916 2147483918 2147483919 2147483926 2147484037 2147483687 2147483702 2147483712 2147483790 2147483791 2147483792 2147483806 2147483841 2147483894 2147483909 2147483910 2147483911 2147483912 2147483913 2147483914 2147483915 2147483916 2147483918 2147483919 2147483926 2147484037 2147484047 2147484051 2147484047 2147484051 
2147484047 2147483687 2147483702 2147483712 2147483790 2147483791 2147483792 2147483806 2147483841 2147483894 2147483900 2147483909 2147483910 2147483911 2147483912 2147483913 2147483914 2147483915 2147483916 2147483918 2147483919 2147483926 2147484037 2147484045 2147483687 2147483702 2147483712 2147483790 2147483791 2147483792 2147483806 2147483841 2147483894 2147483900 2147483909 2147483910 2147483911 2147483912 2147483913 2147483914 2147483915 2147483916 2147483918 2147483919 2147483926 2147484037 2147484045 2147484051 2147484051 
2147484049 2147483687 2147483702 2147483705 2147483790 2147483791 2147483792 2147483806 2147483841 2147483894 2147483934 2147484037 2147483687 2147483702 2147483705 2147483790 2147483791 2147483792 2147483806 2147483841 2147483894 2147483934 2147484037 2147484051 2147484071 2147484051 2147484071 
2147484051 2147483687 2147483702 2147483712 2147483790 2147483791 2147483792 2147483806 2147483841 2147483894 2147483900 2147483909 2147483910 2147483911 2147483912 2147483913 2147483914 2147483915 2147483916 2147483918 2147483919 2147483923 2147483926 2147483927 2147483930 2147483931 2147483932 2147483934 2147484037 2147484045 2147484047 2147484049 2147483687 2147483702 2147483712 2147483790 2147483791 2147483792 2147483806 2147483841 2147483894 2147483900 2147483909 2147483910 2147483911 2147483912 2147483913 2147483914 2147483915 2147483916 2147483918 2147483919 2147483923 2147483926 2147483927 2147483930 2147483931 2147483932 2147483934 2147484037 2147484045 2147484047 2147484049 2147484071 49 52 54 57 53 127 128 129 130 2147484071 
2147484052 2147483656 2147483686 2147483687 2147483778 2147484037 2147483656 2147483686 2147483687 2147483778 2147484037 49 53 52 54 57 127 128 129 130 
2147484054 2147483687 2147483734 2147483736 2147483790 2147483791 2147483792 2147483806 2147483943 2147483964 2147484037 2147483687 2147483734 2147483736 2147483790 2147483791 2147483792 2147483806 2147483943 2147483964 2147484037 49 54 57 52 53 127 128 129 130 
2147484055 2147483687 2147483734 2147483736 2147483741 2147483751 2147483790 2147483791 2147483792 2147483806 2147483953 2147483964 2147483968 2147483969 2147483970 2147483971 2147483972 2147483973 2147483974 2147483975 2147483977 2147483978 2147483985 2147484037 2147483687 2147483734 2147483736 2147483741 2147483751 2147483790 2147483791 2147483792 2147483806 2147483953 2147483964 2147483968 2147483969 2147483970 2147483971 2147483972 2147483973 2147483974 2147483975 2147483977 2147483978 2147483985 2147484037 2147484057 2147484061 2147484057 2147484061 
2147484057 2147483687 2147483734 2147483736 2147483741 2147483751 2147483790 2147483791 2147483792 2147483806 2147483953 2147483959 2147483964 2147483968 2147483969 2147483970 2147483971 2147483972 2147483973 2147483974 2147483975 2147483977 2147483978 2147483985 2147484037 2147484055 2147483687 2147483734 2147483736 2147483741 2147483751 2147483790 2147483791 2147483792 2147483806 2147483953 2147483959 2147483964 2147483968 2147483969 2147483970 2147483971 2147483972 2147483973 2147483974 2147483975 2147483977 2147483978 2147483985 2147484037 2147484055 2147484061 2147484061 
2147484059 2147483687 2147483734 2147483736 2147483741 2147483744 2147483790 2147483791 2147483792 2147483806 2147483953 2147483964 2147483996 2147484037 2147483687 2147483734 2147483736 2147483741 2147483744 2147483790 2147483791 2147483792 2147483806 2147483953 2147483964 2147483996 2147484037 2147484061 2147484073 2147484061 2147484073 
2147484061 2147483687 2147483734 2147483736 2147483741 2147483751 2147483790 2147483791 2147483792 2147483806 2147483953 2147483959 2147483964 2147483968 2147483969 2147483970 2147483971 2147483972 2147483973 2147483974 2147483975 2147483977 2147483978 2147483982 2147483985 2147483986 2147483989 2147483990 2147483991 2147483996 2147484037 2147484055 2147484057 2147484059 2147483687 2147483734 2147483736 2147483741 2147483751 2147483790 2147483791 2147483792 2147483806 2147483953 2147483959 2147483964 2147483968 2147483969 2147483970 2147483971 2147483972 2147483973 2147483974 2147483975 2147483977 2147483978 2147483982 2147483985 2147483986 2147483989 2147483990 2147483991 2147483996 2147484037 2147484055 2147484057 2147484059 2147484073 49 52 54 57 53 127 128 129 130 2147484073 
2147484062 2147483687 2147483734 2147483736 2147483741 2147483790 2147483791 2147483792 2147483806 2147483964 2147483994 2147484000 2147484002 2147484003 2147484037 2147483687 2147483734 2147483736 2147483741 2147483790 2147483791 2147483792 2147483806 2147483964 2147483994 2147484000 2147484002 2147484003 2147484037 32 26 
2147484067 2147483687 2147483775 2147483777 2147483790 2147483791 2147483792 2147484024 2147483687 2147483775 2147483777 2147483790 2147483791 2147483792 2147484024 53 
2147484071 2147483687 2147483702 2147483705 2147483790 2147483791 2147483792 2147483806 2147483841 2147484037 2147484049 2147484051 2147483687 2147483702 2147483705 2147483790 2147483791 2147483792 2147483806 2147483841 2147484037 2147484049 2147484051 
2147484073 2147483687 2147483734 2147483736 2147483741 2147483744 2147483790 2147483791 2147483792 2147483806 2147483964 2147484037 2147484059 2147484061 2147483687 2147483734 2147483736 2147483741 2147483744 2147483790 2147483791 2147483792 2147483806 2147483964 2147484037 2147484059 2147484061 
