2 
5 
8 
11 
18 
19 
22 
23 
24 
25 
26 2147483706 
27 
32 2147483706 
49 2147483648 2147483649 2147483651 2147483654 2147483664 2147483696 2147483697 2147483698 2147483738 2147483779 2147483780 2147483781 2147483789 2147483790 
50 
51 
52 2147483648 2147483649 2147483651 2147483654 2147483664 2147483696 2147483697 2147483698 2147483708 2147483728 2147483738 2147483779 2147483780 2147483781 2147483789 2147483790 
53 2147483648 2147483649 2147483651 2147483654 2147483664 2147483696 2147483697 2147483698 2147483707 2147483708 2147483717 2147483718 2147483728 2147483738 2147483739 2147483740 2147483771 2147483774 2147483776 2147483779 2147483780 2147483781 2147483782 2147483789 2147483790 
54 2147483648 2147483649 2147483651 2147483654 2147483664 2147483696 2147483697 2147483698 2147483707 2147483708 2147483718 2147483728 2147483738 2147483779 2147483780 2147483781 2147483789 2147483790 
57 2147483648 2147483649 2147483651 2147483654 2147483664 2147483696 2147483697 2147483698 2147483707 2147483708 2147483717 2147483718 2147483728 2147483738 2147483740 2147483771 2147483776 2147483779 2147483780 2147483781 2147483782 2147483789 2147483790 
61 
127 2147483648 2147483649 2147483651 2147483654 2147483664 2147483696 2147483697 2147483698 2147483738 2147483779 2147483780 2147483781 2147483789 2147483790 
128 2147483648 2147483649 2147483651 2147483654 2147483664 2147483696 2147483697 2147483698 2147483738 2147483779 2147483780 2147483781 2147483789 2147483790 
129 2147483648 2147483649 2147483651 2147483654 2147483664 2147483696 2147483697 2147483698 2147483738 2147483779 2147483780 2147483781 2147483789 2147483790 
130 2147483648 2147483649 2147483651 2147483654 2147483664 2147483696 2147483697 2147483698 2147483738 2147483779 2147483780 2147483781 2147483789 2147483790 
131 
132 
133 
134 
247 
248 
249 
250 
251 
252 
253 
254 
263 
264 
265 
266 
267 
268 
269 
270 
2147483648 2147483649 2147483651 2147483653 2147483654 2147483696 2147483697 2147483698 2147483703 2147483704 2147483705 2147483706 2147483707 2147483708 2147483710 2147483713 2147483715 2147483716 2147483717 2147483718 2147483720 2147483724 2147483728 2147483779 2147483780 2147483781 2147483782 2147483790 57 49 52 54 53 127 128 129 130 2147483649 2147483651 2147483653 2147483654 2147483696 2147483697 2147483698 2147483703 2147483704 2147483705 2147483706 2147483707 2147483708 2147483710 2147483713 2147483715 2147483716 2147483717 2147483718 2147483720 2147483724 2147483728 2147483779 2147483780 2147483781 2147483782 2147483790 
2147483649 2147483648 2147483648 2147483651 2147483653 2147483654 2147483664 2147483667 2147483674 2147483696 2147483697 2147483698 2147483703 2147483704 2147483705 2147483706 2147483707 2147483708 2147483710 2147483713 2147483715 2147483716 2147483717 2147483718 2147483720 2147483724 2147483728 2147483737 2147483738 2147483739 2147483740 2147483744 2147483753 2147483754 2147483755 2147483756 2147483757 2147483758 2147483759 2147483760 2147483762 2147483763 2147483767 2147483770 2147483771 2147483774 2147483775 2147483776 2147483778 2147483779 2147483780 2147483781 2147483782 2147483783 2147483785 2147483787 2147483789 2147483790 2147483791 49 53 52 54 57 127 128 129 130 2147483651 2147483653 2147483654 2147483664 2147483667 2147483674 2147483696 2147483697 2147483698 2147483703 2147483704 2147483705 2147483706 2147483707 2147483708 2147483710 2147483713 2147483715 2147483716 2147483717 2147483718 2147483720 2147483724 2147483728 2147483737 2147483738 2147483739 2147483740 2147483744 2147483753 2147483754 2147483755 2147483756 2147483757 2147483758 2147483759 2147483760 2147483762 2147483763 2147483767 2147483770 2147483771 2147483774 2147483775 2147483776 2147483778 2147483779 2147483780 2147483781 2147483782 2147483783 2147483785 2147483787 2147483789 2147483790 2147483791 
2147483651 2147483648 2147483649 2147483648 2147483649 2147483653 2147483654 2147483696 2147483697 2147483698 2147483703 2147483704 2147483705 2147483706 2147483707 2147483708 2147483710 2147483713 2147483715 2147483716 2147483717 2147483718 2147483720 2147483724 2147483779 2147483780 2147483781 2147483782 49 52 54 57 53 127 128 129 130 2147483653 2147483654 2147483696 2147483697 2147483698 2147483703 2147483704 2147483705 2147483706 2147483707 2147483708 2147483710 2147483713 2147483715 2147483716 2147483717 2147483718 2147483720 2147483724 2147483779 2147483780 2147483781 2147483782 
2147483653 2147483648 2147483649 2147483651 2147483648 2147483649 2147483651 2147483696 2147483697 2147483698 2147483779 2147483780 2147483696 2147483697 2147483698 2147483779 2147483780 
2147483654 2147483648 2147483649 2147483651 2147483648 2147483649 2147483651 2147483696 2147483697 2147483698 2147483705 2147483706 2147483707 2147483708 2147483710 2147483713 2147483715 2147483716 2147483717 2147483718 2147483720 2147483779 2147483780 2147483781 49 52 54 57 53 127 128 129 130 2147483696 2147483697 2147483698 2147483705 2147483706 2147483707 2147483708 2147483710 2147483713 2147483715 2147483716 2147483717 2147483718 2147483720 2147483779 2147483780 2147483781 
2147483664 2147483649 2147483649 2147483667 2147483674 2147483737 2147483738 2147483739 2147483740 2147483744 2147483753 2147483754 2147483755 2147483756 2147483757 2147483758 2147483759 2147483760 2147483762 2147483763 2147483767 2147483770 2147483771 2147483774 2147483775 2147483776 2147483778 2147483783 2147483785 2147483787 2147483789 2147483791 49 52 54 57 53 127 128 129 130 2147483667 2147483674 2147483737 2147483738 2147483739 2147483740 2147483744 2147483753 2147483754 2147483755 2147483756 2147483757 2147483758 2147483759 2147483760 2147483762 2147483763 2147483767 2147483770 2147483771 2147483774 2147483775 2147483776 2147483778 2147483783 2147483785 2147483787 2147483789 2147483791 
2147483667 2147483649 2147483664 2147483649 2147483664 2147483738 2147483787 2147483791 2147483738 2147483787 2147483791 
2147483674 2147483649 2147483664 2147483649 2147483664 2147483738 2147483753 2147483754 2147483755 2147483756 2147483757 2147483758 2147483759 2147483760 2147483770 2147483783 2147483785 2147483789 2147483738 2147483753 2147483754 2147483755 2147483756 2147483757 2147483758 2147483759 2147483760 2147483770 2147483783 2147483785 2147483789 
2147483696 2147483648 2147483649 2147483651 2147483653 2147483654 2147483648 2147483649 2147483651 2147483653 2147483654 2147483697 2147483698 2147483703 2147483704 2147483705 2147483706 2147483707 2147483708 2147483710 2147483713 2147483715 2147483716 2147483717 2147483718 2147483720 2147483724 2147483728 2147483779 2147483780 2147483781 2147483782 53 49 52 54 57 127 128 129 130 2147483697 2147483698 2147483703 2147483704 2147483705 2147483706 2147483707 2147483708 2147483710 2147483713 2147483715 2147483716 2147483717 2147483718 2147483720 2147483724 2147483728 2147483779 2147483780 2147483781 2147483782 
2147483697 2147483648 2147483649 2147483651 2147483653 2147483654 2147483696 2147483648 2147483649 2147483651 2147483653 2147483654 2147483696 2147483698 2147483703 2147483704 2147483705 2147483706 2147483707 2147483708 2147483710 2147483713 2147483715 2147483716 2147483717 2147483718 2147483720 2147483724 2147483728 2147483779 2147483780 2147483781 2147483782 57 49 52 54 53 127 128 129 130 2147483698 2147483703 2147483704 2147483705 2147483706 2147483707 2147483708 2147483710 2147483713 2147483715 2147483716 2147483717 2147483718 2147483720 2147483724 2147483728 2147483779 2147483780 2147483781 2147483782 
2147483698 2147483648 2147483649 2147483651 2147483653 2147483654 2147483696 2147483697 2147483648 2147483649 2147483651 2147483653 2147483654 2147483696 2147483697 2147483703 2147483704 2147483705 2147483706 2147483707 2147483708 2147483710 2147483713 2147483715 2147483716 2147483717 2147483718 2147483720 2147483724 2147483728 2147483779 2147483780 2147483781 2147483782 54 52 49 57 53 127 128 129 130 2147483703 2147483704 2147483705 2147483706 2147483707 2147483708 2147483710 2147483713 2147483715 2147483716 2147483717 2147483718 2147483720 2147483724 2147483728 2147483779 2147483780 2147483781 2147483782 
2147483703 2147483648 2147483649 2147483651 2147483696 2147483697 2147483698 2147483648 2147483649 2147483651 2147483696 2147483697 2147483698 2147483779 2147483780 2147483779 2147483780 
2147483704 2147483648 2147483649 2147483651 2147483696 2147483697 2147483698 2147483648 2147483649 2147483651 2147483696 2147483697 2147483698 2147483779 2147483780 2147483779 2147483780 
2147483705 2147483648 2147483649 2147483651 2147483654 2147483696 2147483697 2147483698 2147483648 2147483649 2147483651 2147483654 2147483696 2147483697 2147483698 2147483706 2147483707 2147483708 2147483779 2147483780 2147483706 2147483707 2147483708 2147483779 2147483780 
2147483706 2147483648 2147483649 2147483651 2147483654 2147483696 2147483697 2147483698 2147483705 2147483648 2147483649 2147483651 2147483654 2147483696 2147483697 2147483698 2147483705 2147483707 2147483708 2147483779 2147483780 32 26 2147483707 2147483708 2147483779 2147483780 
2147483707 2147483648 2147483649 2147483651 2147483654 2147483696 2147483697 2147483698 2147483705 2147483706 2147483648 2147483649 2147483651 2147483654 2147483696 2147483697 2147483698 2147483705 2147483706 2147483708 2147483779 2147483780 54 57 53 2147483708 2147483779 2147483780 
2147483708 2147483648 2147483649 2147483651 2147483654 2147483696 2147483697 2147483698 2147483705 2147483706 2147483707 2147483648 2147483649 2147483651 2147483654 2147483696 2147483697 2147483698 2147483705 2147483706 2147483707 2147483779 2147483780 52 54 57 53 2147483779 2147483780 
2147483710 2147483648 2147483649 2147483651 2147483654 2147483696 2147483697 2147483698 2147483648 2147483649 2147483651 2147483654 2147483696 2147483697 2147483698 2147483713 2147483779 2147483780 2147483713 2147483779 2147483780 
2147483713 2147483648 2147483649 2147483651 2147483654 2147483696 2147483697 2147483698 2147483710 2147483648 2147483649 2147483651 2147483654 2147483696 2147483697 2147483698 2147483710 2147483715 2147483779 2147483780 2147483715 2147483779 2147483780 
2147483715 2147483648 2147483649 2147483651 2147483654 2147483696 2147483697 2147483698 2147483713 2147483648 2147483649 2147483651 2147483654 2147483696 2147483697 2147483698 2147483713 2147483779 2147483780 2147483779 2147483780 
2147483716 2147483648 2147483649 2147483651 2147483654 2147483696 2147483697 2147483698 2147483648 2147483649 2147483651 2147483654 2147483696 2147483697 2147483698 2147483717 2147483718 2147483779 2147483780 2147483781 2147483717 2147483718 2147483779 2147483780 2147483781 
2147483717 2147483648 2147483649 2147483651 2147483654 2147483696 2147483697 2147483698 2147483716 2147483648 2147483649 2147483651 2147483654 2147483696 2147483697 2147483698 2147483716 2147483718 2147483779 2147483780 2147483781 57 53 2147483718 2147483779 2147483780 2147483781 
2147483718 2147483648 2147483649 2147483651 2147483654 2147483696 2147483697 2147483698 2147483716 2147483717 2147483648 2147483649 2147483651 2147483654 2147483696 2147483697 2147483698 2147483716 2147483717 2147483779 2147483780 2147483781 54 57 53 2147483779 2147483780 2147483781 
2147483720 2147483648 2147483649 2147483651 2147483654 2147483696 2147483697 2147483698 2147483648 2147483649 2147483651 2147483654 2147483696 2147483697 2147483698 2147483779 2147483780 2147483781 2147483779 2147483780 2147483781 
2147483724 2147483648 2147483649 2147483651 2147483696 2147483697 2147483698 2147483648 2147483649 2147483651 2147483696 2147483697 2147483698 2147483779 2147483780 2147483779 2147483780 
2147483728 2147483648 2147483649 2147483696 2147483697 2147483698 2147483648 2147483649 2147483696 2147483697 2147483698 2147483782 52 54 57 53 2147483782 
2147483731 
2147483737 2147483649 2147483664 2147483649 2147483664 2147483738 2147483739 2147483740 2147483738 2147483739 2147483740 
2147483738 2147483649 2147483664 2147483667 2147483674 2147483737 2147483649 2147483664 2147483667 2147483674 2147483737 2147483739 2147483740 2147483744 2147483753 2147483754 2147483755 2147483756 2147483757 2147483758 2147483759 2147483760 2147483762 2147483763 2147483767 2147483770 2147483771 2147483774 2147483775 2147483776 2147483783 2147483785 2147483787 2147483789 49 52 54 57 53 127 128 129 130 2147483739 2147483740 2147483744 2147483753 2147483754 2147483755 2147483756 2147483757 2147483758 2147483759 2147483760 2147483762 2147483763 2147483767 2147483770 2147483771 2147483774 2147483775 2147483776 2147483783 2147483785 2147483787 2147483789 
2147483739 2147483649 2147483664 2147483737 2147483738 2147483649 2147483664 2147483737 2147483738 2147483740 53 2147483740 
2147483740 2147483649 2147483664 2147483737 2147483738 2147483739 2147483649 2147483664 2147483737 2147483738 2147483739 57 53 
2147483744 2147483649 2147483664 2147483738 2147483649 2147483664 2147483738 2147483770 2147483785 2147483789 2147483770 2147483785 2147483789 
2147483753 2147483649 2147483664 2147483674 2147483738 2147483649 2147483664 2147483674 2147483738 2147483770 2147483783 2147483785 2147483789 2147483770 2147483783 2147483785 2147483789 
2147483754 2147483649 2147483664 2147483674 2147483738 2147483649 2147483664 2147483674 2147483738 2147483770 2147483783 2147483785 2147483789 2147483770 2147483783 2147483785 2147483789 
2147483755 2147483649 2147483664 2147483674 2147483738 2147483649 2147483664 2147483674 2147483738 2147483770 2147483783 2147483785 2147483789 2147483770 2147483783 2147483785 2147483789 
2147483756 2147483649 2147483664 2147483674 2147483738 2147483649 2147483664 2147483674 2147483738 2147483770 2147483783 2147483785 2147483789 2147483770 2147483783 2147483785 2147483789 
2147483757 2147483649 2147483664 2147483674 2147483738 2147483649 2147483664 2147483674 2147483738 2147483770 2147483783 2147483785 2147483789 2147483770 2147483783 2147483785 2147483789 
2147483758 2147483649 2147483664 2147483674 2147483738 2147483649 2147483664 2147483674 2147483738 2147483770 2147483783 2147483785 2147483789 2147483770 2147483783 2147483785 2147483789 
2147483759 2147483649 2147483664 2147483674 2147483738 2147483649 2147483664 2147483674 2147483738 2147483770 2147483783 2147483785 2147483789 2147483770 2147483783 2147483785 2147483789 
2147483760 2147483649 2147483664 2147483674 2147483738 2147483649 2147483664 2147483674 2147483738 2147483770 2147483783 2147483785 2147483789 2147483770 2147483783 2147483785 2147483789 
2147483762 2147483649 2147483664 2147483738 2147483649 2147483664 2147483738 2147483770 2147483783 2147483785 2147483789 2147483770 2147483783 2147483785 2147483789 
2147483763 2147483649 2147483664 2147483738 2147483649 2147483664 2147483738 2147483770 2147483783 2147483785 2147483789 2147483770 2147483783 2147483785 2147483789 
2147483767 2147483649 2147483664 2147483738 2147483649 2147483664 2147483738 2147483770 2147483771 2147483789 2147483770 2147483771 2147483789 
2147483770 2147483649 2147483664 2147483674 2147483738 2147483744 2147483753 2147483754 2147483755 2147483756 2147483757 2147483758 2147483759 2147483760 2147483762 2147483763 2147483767 2147483649 2147483664 2147483674 2147483738 2147483744 2147483753 2147483754 2147483755 2147483756 2147483757 2147483758 2147483759 2147483760 2147483762 2147483763 2147483767 2147483783 2147483785 2147483789 2147483783 2147483785 2147483789 
2147483771 2147483649 2147483664 2147483738 2147483767 2147483649 2147483664 2147483738 2147483767 2147483789 57 53 2147483789 
2147483774 2147483649 2147483664 2147483738 2147483649 2147483664 2147483738 2147483775 2147483776 2147483789 53 2147483775 2147483776 2147483789 
2147483775 2147483649 2147483664 2147483738 2147483774 2147483649 2147483664 2147483738 2147483774 2147483776 2147483789 2147483776 2147483789 
2147483776 2147483649 2147483664 2147483738 2147483774 2147483775 2147483649 2147483664 2147483738 2147483774 2147483775 2147483789 57 53 2147483789 
2147483778 2147483649 2147483664 2147483649 2147483664 2147483787 2147483789 2147483787 2147483789 
2147483779 2147483648 2147483649 2147483651 2147483653 2147483654 2147483696 2147483697 2147483698 2147483703 2147483704 2147483705 2147483706 2147483707 2147483708 2147483710 2147483713 2147483715 2147483716 2147483717 2147483718 2147483720 2147483724 2147483648 2147483649 2147483651 2147483653 2147483654 2147483696 2147483697 2147483698 2147483703 2147483704 2147483705 2147483706 2147483707 2147483708 2147483710 2147483713 2147483715 2147483716 2147483717 2147483718 2147483720 2147483724 2147483780 2147483781 2147483782 49 52 54 57 53 127 128 129 130 2147483780 2147483781 2147483782 
2147483780 2147483648 2147483649 2147483651 2147483653 2147483654 2147483696 2147483697 2147483698 2147483703 2147483704 2147483705 2147483706 2147483707 2147483708 2147483710 2147483713 2147483715 2147483716 2147483717 2147483718 2147483720 2147483724 2147483779 2147483648 2147483649 2147483651 2147483653 2147483654 2147483696 2147483697 2147483698 2147483703 2147483704 2147483705 2147483706 2147483707 2147483708 2147483710 2147483713 2147483715 2147483716 2147483717 2147483718 2147483720 2147483724 2147483779 2147483781 2147483782 49 52 54 57 53 127 128 129 130 2147483781 2147483782 
2147483781 2147483648 2147483649 2147483651 2147483654 2147483696 2147483697 2147483698 2147483716 2147483717 2147483718 2147483720 2147483779 2147483780 2147483648 2147483649 2147483651 2147483654 2147483696 2147483697 2147483698 2147483716 2147483717 2147483718 2147483720 2147483779 2147483780 49 52 54 57 53 127 128 129 130 
2147483782 2147483648 2147483649 2147483651 2147483696 2147483697 2147483698 2147483728 2147483779 2147483780 2147483648 2147483649 2147483651 2147483696 2147483697 2147483698 2147483728 2147483779 2147483780 57 53 
2147483783 2147483649 2147483664 2147483674 2147483738 2147483753 2147483754 2147483755 2147483756 2147483757 2147483758 2147483759 2147483760 2147483762 2147483763 2147483770 2147483649 2147483664 2147483674 2147483738 2147483753 2147483754 2147483755 2147483756 2147483757 2147483758 2147483759 2147483760 2147483762 2147483763 2147483770 2147483785 2147483789 2147483785 2147483789 
2147483785 2147483649 2147483664 2147483674 2147483738 2147483744 2147483753 2147483754 2147483755 2147483756 2147483757 2147483758 2147483759 2147483760 2147483762 2147483763 2147483770 2147483783 2147483649 2147483664 2147483674 2147483738 2147483744 2147483753 2147483754 2147483755 2147483756 2147483757 2147483758 2147483759 2147483760 2147483762 2147483763 2147483770 2147483783 2147483789 2147483789 
2147483787 2147483649 2147483664 2147483667 2147483738 2147483778 2147483649 2147483664 2147483667 2147483738 2147483778 2147483789 2147483791 2147483789 2147483791 
2147483789 2147483649 2147483664 2147483674 2147483738 2147483744 2147483753 2147483754 2147483755 2147483756 2147483757 2147483758 2147483759 2147483760 2147483762 2147483763 2147483767 2147483770 2147483771 2147483774 2147483775 2147483776 2147483778 2147483783 2147483785 2147483787 2147483649 2147483664 2147483674 2147483738 2147483744 2147483753 2147483754 2147483755 2147483756 2147483757 2147483758 2147483759 2147483760 2147483762 2147483763 2147483767 2147483770 2147483771 2147483774 2147483775 2147483776 2147483778 2147483783 2147483785 2147483787 2147483791 49 52 54 57 53 127 128 129 130 2147483791 
2147483790 2147483648 2147483649 2147483648 2147483649 49 53 52 54 57 127 128 129 130 
2147483791 2147483649 2147483664 2147483667 2147483787 2147483789 2147483649 2147483664 2147483667 2147483787 2147483789 
