2 2147483742 2147483747 2147483754 
5 2147483742 2147483747 2147483754 
8 
11 
18 2147483742 2147483747 2147483754 
19 2147483742 2147483747 2147483754 
22 2147483649 2147483662 2147483667 2147483668 2147483675 2147483698 2147483699 2147483757 2147483758 2147483762 2147483765 2147483767 2147483772 2147483790 2147483792 2147483795 2147483798 2147483805 2147483869 2147483870 2147483881 2147483885 2147483886 2147483887 2147483889 2147483894 2147483895 2147483897 2147483898 
23 2147483662 2147483667 2147483668 2147483675 2147483698 2147483733 2147483790 2147483792 2147483795 2147483798 2147483805 2147483869 2147483870 2147483885 2147483888 2147483889 2147483894 2147483895 2147483897 
24 2147483662 2147483667 2147483668 2147483675 2147483698 2147483733 2147483790 2147483792 2147483795 2147483798 2147483869 2147483870 2147483881 2147483885 2147483886 2147483887 2147483888 2147483889 2147483894 2147483895 2147483897 2147483898 
25 2147483649 2147483662 2147483667 2147483668 2147483675 2147483698 2147483699 2147483733 2147483757 2147483758 2147483762 2147483765 2147483767 2147483772 2147483790 2147483792 2147483795 2147483798 2147483805 2147483869 2147483870 2147483885 2147483886 2147483887 2147483888 2147483889 2147483894 
26 2147483649 2147483662 2147483667 2147483668 2147483675 2147483698 2147483699 2147483733 2147483757 2147483767 2147483790 2147483792 2147483805 2147483869 2147483870 2147483881 2147483885 2147483886 2147483889 2147483894 2147483895 2147483897 2147483898 
27 2147483649 2147483662 2147483667 2147483668 2147483675 2147483698 2147483699 2147483733 2147483757 2147483758 2147483762 2147483765 2147483767 2147483772 2147483790 2147483792 2147483795 2147483798 2147483805 2147483869 2147483870 2147483881 2147483885 2147483886 2147483887 2147483889 2147483894 2147483895 2147483897 
32 2147483649 2147483662 2147483667 2147483668 2147483675 2147483698 2147483699 2147483733 2147483762 2147483765 2147483767 2147483772 2147483790 2147483792 2147483795 2147483798 2147483805 2147483869 2147483870 2147483881 2147483885 2147483886 2147483887 2147483889 2147483894 2147483895 2147483897 2147483898 
49 2147483648 2147483652 2147483677 2147483700 2147483702 2147483703 2147483707 2147483724 2147483726 2147483728 2147483737 2147483739 2147483741 2147483746 2147483753 2147483768 2147483770 2147483777 2147483782 2147483800 2147483833 2147483834 2147483836 2147483837 2147483844 2147483847 2147483848 2147483850 2147483851 2147483853 2147483854 2147483855 2147483863 2147483866 2147483872 2147483874 2147483875 2147483876 2147483878 2147483879 2147483880 2147483882 2147483883 2147483884 2147483890 2147483891 2147483892 
50 2147483652 2147483677 2147483700 2147483702 2147483703 2147483707 2147483737 2147483739 2147483777 2147483782 2147483800 2147483833 2147483834 2147483836 2147483837 2147483848 2147483850 2147483851 2147483882 2147483883 2147483884 2147483890 
51 2147483648 2147483652 2147483677 2147483700 2147483702 2147483703 2147483728 2147483737 2147483739 2147483741 2147483746 2147483753 2147483777 2147483782 2147483833 2147483834 2147483836 2147483844 2147483847 2147483848 2147483850 2147483851 2147483856 2147483872 2147483874 2147483875 2147483878 2147483879 2147483882 2147483883 2147483884 2147483890 2147483891 2147483892 
52 2147483648 2147483652 2147483677 2147483700 2147483702 2147483703 2147483707 2147483724 2147483726 2147483737 2147483741 2147483768 2147483770 2147483777 2147483782 2147483800 2147483833 2147483834 2147483836 2147483837 2147483844 2147483847 2147483848 2147483850 2147483851 2147483853 2147483854 2147483855 2147483863 2147483866 2147483872 2147483882 2147483883 2147483884 2147483890 
53 2147483648 2147483652 2147483677 2147483700 2147483702 2147483703 2147483707 2147483724 2147483726 2147483728 2147483737 2147483739 2147483741 2147483746 2147483753 2147483768 2147483770 2147483782 2147483800 2147483833 2147483834 2147483836 2147483837 2147483844 2147483847 2147483848 2147483850 2147483853 2147483854 2147483856 2147483866 2147483872 2147483874 2147483875 2147483878 2147483879 2147483882 2147483883 2147483884 2147483890 2147483891 2147483892 
54 2147483648 2147483652 2147483677 2147483700 2147483702 2147483703 2147483707 2147483724 2147483726 2147483728 2147483737 2147483739 2147483741 2147483746 2147483753 2147483768 2147483770 2147483782 2147483800 2147483833 2147483834 2147483836 2147483837 2147483844 2147483847 2147483848 2147483850 2147483853 2147483856 2147483863 2147483866 2147483872 2147483874 2147483878 2147483882 2147483883 2147483884 2147483890 2147483891 2147483892 
57 2147483648 2147483652 2147483677 2147483700 2147483702 2147483703 2147483707 2147483724 2147483726 2147483728 2147483737 2147483739 2147483741 2147483746 2147483753 2147483768 2147483770 2147483777 2147483782 2147483800 2147483833 2147483834 2147483836 2147483837 2147483844 2147483847 2147483848 2147483850 2147483853 2147483854 2147483855 2147483856 2147483872 2147483874 2147483875 2147483878 2147483879 2147483882 2147483883 2147483884 2147483890 2147483891 2147483892 
61 2147483742 2147483747 2147483754 
127 2147483648 2147483652 2147483677 2147483700 2147483702 2147483703 2147483707 2147483728 2147483737 2147483739 2147483741 2147483753 2147483777 2147483782 2147483800 2147483833 2147483834 2147483836 2147483837 2147483847 2147483848 2147483850 2147483851 2147483855 2147483874 2147483875 2147483878 2147483879 2147483882 2147483883 2147483884 2147483890 2147483891 2147483892 
128 2147483648 2147483652 2147483677 2147483700 2147483702 2147483703 2147483728 2147483737 2147483739 2147483741 2147483746 2147483753 2147483777 2147483782 2147483833 2147483834 2147483836 2147483844 2147483847 2147483848 2147483850 2147483851 2147483855 2147483856 2147483872 2147483874 2147483875 2147483878 2147483879 2147483882 2147483883 2147483884 2147483890 2147483891 2147483892 
129 2147483648 2147483652 2147483677 2147483700 2147483702 2147483703 2147483707 2147483737 2147483739 2147483741 2147483746 2147483768 2147483770 2147483777 2147483782 2147483800 2147483833 2147483834 2147483836 2147483837 2147483844 2147483848 2147483850 2147483851 2147483855 2147483856 2147483872 2147483882 2147483883 2147483884 2147483890 2147483892 
130 2147483648 2147483652 2147483677 2147483724 2147483726 2147483728 2147483737 2147483739 2147483741 2147483746 2147483753 2147483833 2147483834 2147483844 2147483847 2147483850 2147483851 2147483855 2147483856 2147483872 2147483874 2147483875 2147483878 2147483879 2147483882 2147483883 2147483884 2147483890 2147483891 2147483892 
131 2147483648 2147483652 2147483677 2147483728 2147483737 2147483739 2147483741 2147483746 2147483753 2147483833 2147483844 2147483847 2147483850 2147483851 2147483855 2147483874 2147483875 2147483878 2147483879 2147483882 2147483883 2147483884 2147483890 2147483891 2147483892 
132 2147483648 2147483652 2147483677 2147483724 2147483726 2147483728 2147483737 2147483739 2147483741 2147483746 2147483753 2147483833 2147483834 2147483844 2147483847 2147483850 2147483851 2147483855 2147483856 2147483872 2147483874 2147483875 2147483878 2147483879 2147483882 2147483883 2147483884 2147483890 2147483891 2147483892 
133 2147483648 2147483652 2147483677 2147483724 2147483726 2147483728 2147483737 2147483739 2147483741 2147483746 2147483753 2147483833 2147483834 2147483844 2147483847 2147483850 2147483851 2147483855 2147483856 2147483872 2147483874 2147483875 2147483878 2147483879 2147483882 2147483883 2147483884 2147483890 2147483891 2147483892 
134 2147483652 2147483677 2147483737 2147483741 2147483746 2147483753 2147483833 2147483834 2147483844 2147483856 2147483872 2147483875 2147483879 2147483882 2147483884 2147483890 2147483892 
247 2147483742 2147483754 
248 2147483742 2147483747 2147483754 
249 2147483742 2147483747 
250 2147483742 2147483747 2147483754 
251 2147483742 2147483747 2147483754 
252 2147483742 2147483747 2147483754 
253 2147483742 2147483747 2147483754 
254 2147483742 2147483747 2147483754 
263 2147483662 2147483667 2147483668 2147483675 2147483698 2147483733 2147483790 2147483792 2147483795 2147483798 2147483805 2147483869 2147483870 2147483885 2147483886 2147483887 2147483888 2147483889 2147483894 2147483895 2147483897 2147483898 
264 2147483662 2147483667 2147483668 2147483675 2147483698 2147483733 2147483790 2147483792 2147483795 2147483798 2147483869 2147483870 2147483881 2147483885 2147483886 2147483887 2147483888 2147483889 2147483894 2147483895 2147483897 2147483898 
265 2147483662 2147483667 2147483668 2147483675 2147483698 2147483699 2147483733 2147483762 2147483765 2147483767 2147483772 2147483790 2147483792 2147483795 2147483798 2147483805 2147483869 2147483870 2147483885 2147483886 2147483887 2147483888 2147483889 2147483894 2147483895 2147483897 
266 2147483662 2147483667 2147483668 2147483675 2147483733 2147483869 2147483870 2147483885 2147483886 2147483887 2147483888 2147483889 2147483894 2147483895 2147483897 2147483898 
267 2147483662 2147483667 2147483668 2147483675 2147483733 2147483869 2147483870 2147483885 2147483886 2147483887 2147483888 2147483889 2147483894 2147483895 2147483897 2147483898 
268 2147483662 2147483667 2147483668 2147483675 2147483733 2147483869 2147483870 2147483881 2147483885 2147483886 2147483887 2147483888 2147483889 2147483894 2147483895 2147483897 
269 2147483662 2147483667 2147483668 2147483675 2147483733 2147483869 2147483870 2147483881 2147483885 2147483886 2147483887 2147483888 2147483889 2147483894 2147483895 2147483897 2147483898 
270 2147483662 2147483667 2147483668 2147483675 2147483869 2147483881 2147483885 2147483889 2147483897 
2147483648 2147483649 2147483652 2147483667 2147483668 2147483675 2147483724 2147483726 2147483728 2147483847 2147483850 2147483853 2147483854 2147483870 2147483874 2147483878 2147483883 2147483885 2147483886 2147483887 2147483890 2147483891 49 52 54 57 53 127 128 129 130 51 133 131 132 2147483649 2147483652 2147483667 2147483668 2147483675 2147483724 2147483726 2147483728 2147483847 2147483850 2147483853 2147483854 2147483870 2147483874 2147483878 2147483883 2147483885 2147483886 2147483887 2147483890 2147483891 
2147483649 2147483648 2147483648 2147483847 2147483850 2147483853 22 25 27 32 26 2147483847 2147483850 2147483853 
2147483652 2147483648 2147483648 2147483662 2147483667 2147483668 2147483675 2147483677 2147483724 2147483726 2147483728 2147483733 2147483737 2147483739 2147483741 2147483742 2147483746 2147483747 2147483753 2147483754 2147483833 2147483834 2147483844 2147483847 2147483850 2147483851 2147483855 2147483856 2147483869 2147483870 2147483872 2147483874 2147483875 2147483878 2147483879 2147483881 2147483882 2147483883 2147483884 2147483885 2147483886 2147483887 2147483888 2147483889 2147483890 2147483891 2147483892 2147483894 2147483895 2147483897 2147483898 54 49 52 57 53 127 128 129 130 51 133 134 131 132 50 2147483662 2147483667 2147483668 2147483675 2147483677 2147483724 2147483726 2147483728 2147483733 2147483737 2147483739 2147483741 2147483742 2147483746 2147483747 2147483753 2147483754 2147483833 2147483834 2147483844 2147483847 2147483850 2147483851 2147483855 2147483856 2147483869 2147483870 2147483872 2147483874 2147483875 2147483878 2147483879 2147483881 2147483882 2147483883 2147483884 2147483885 2147483886 2147483887 2147483888 2147483889 2147483890 2147483891 2147483892 2147483894 2147483895 2147483897 2147483898 
2147483662 2147483652 2147483652 2147483667 2147483668 2147483675 2147483677 2147483733 2147483737 2147483739 2147483741 2147483742 2147483746 2147483747 2147483753 2147483754 2147483833 2147483834 2147483844 2147483850 2147483851 2147483856 2147483869 2147483870 2147483872 2147483875 2147483879 2147483881 2147483882 2147483883 2147483884 2147483885 2147483888 2147483889 2147483890 2147483892 2147483894 2147483895 2147483897 2147483898 22 25 27 32 26 263 264 265 266 24 23 269 270 267 268 2147483667 2147483668 2147483675 2147483677 2147483733 2147483737 2147483739 2147483741 2147483742 2147483746 2147483747 2147483753 2147483754 2147483833 2147483834 2147483844 2147483850 2147483851 2147483856 2147483869 2147483870 2147483872 2147483875 2147483879 2147483881 2147483882 2147483883 2147483884 2147483885 2147483888 2147483889 2147483890 2147483892 2147483894 2147483895 2147483897 2147483898 
2147483667 2147483648 2147483652 2147483662 2147483648 2147483652 2147483662 2147483668 2147483675 2147483677 2147483733 2147483737 2147483739 2147483741 2147483742 2147483746 2147483747 2147483833 2147483834 2147483844 2147483850 2147483851 2147483855 2147483856 2147483869 2147483870 2147483872 2147483882 2147483883 2147483884 2147483885 2147483890 2147483892 2147483894 2147483895 2147483897 22 25 27 32 26 263 264 265 266 24 23 269 270 267 268 2147483668 2147483675 2147483677 2147483733 2147483737 2147483739 2147483741 2147483742 2147483746 2147483747 2147483833 2147483834 2147483844 2147483850 2147483851 2147483855 2147483856 2147483869 2147483870 2147483872 2147483882 2147483883 2147483884 2147483885 2147483890 2147483892 2147483894 2147483895 2147483897 
2147483668 2147483648 2147483652 2147483662 2147483667 2147483648 2147483652 2147483662 2147483667 2147483675 2147483677 2147483724 2147483726 2147483728 2147483733 2147483737 2147483739 2147483741 2147483742 2147483746 2147483747 2147483753 2147483754 2147483833 2147483834 2147483844 2147483847 2147483850 2147483851 2147483855 2147483856 2147483869 2147483870 2147483872 2147483874 2147483875 2147483878 2147483879 2147483881 2147483882 2147483883 2147483884 2147483885 2147483886 2147483887 2147483888 2147483889 2147483890 2147483891 2147483892 2147483894 2147483895 2147483897 22 25 27 32 26 263 264 265 266 24 23 269 270 267 268 2147483675 2147483677 2147483724 2147483726 2147483728 2147483733 2147483737 2147483739 2147483741 2147483742 2147483746 2147483747 2147483753 2147483754 2147483833 2147483834 2147483844 2147483847 2147483850 2147483851 2147483855 2147483856 2147483869 2147483870 2147483872 2147483874 2147483875 2147483878 2147483879 2147483881 2147483882 2147483883 2147483884 2147483885 2147483886 2147483887 2147483888 2147483889 2147483890 2147483891 2147483892 2147483894 2147483895 2147483897 
2147483675 2147483648 2147483652 2147483662 2147483667 2147483668 2147483648 2147483652 2147483662 2147483667 2147483668 2147483677 2147483728 2147483733 2147483737 2147483739 2147483741 2147483742 2147483746 2147483747 2147483753 2147483754 2147483833 2147483834 2147483844 2147483847 2147483850 2147483851 2147483855 2147483856 2147483869 2147483870 2147483872 2147483874 2147483875 2147483878 2147483879 2147483881 2147483882 2147483883 2147483884 2147483885 2147483886 2147483887 2147483888 2147483889 2147483890 2147483891 2147483892 2147483894 2147483895 2147483897 2147483898 22 25 27 32 26 263 264 265 266 24 23 269 270 267 268 2147483677 2147483728 2147483733 2147483737 2147483739 2147483741 2147483742 2147483746 2147483747 2147483753 2147483754 2147483833 2147483834 2147483844 2147483847 2147483850 2147483851 2147483855 2147483856 2147483869 2147483870 2147483872 2147483874 2147483875 2147483878 2147483879 2147483881 2147483882 2147483883 2147483884 2147483885 2147483886 2147483887 2147483888 2147483889 2147483890 2147483891 2147483892 2147483894 2147483895 2147483897 2147483898 
2147483677 2147483652 2147483662 2147483667 2147483668 2147483675 2147483652 2147483662 2147483667 2147483668 2147483675 2147483737 2147483739 2147483741 2147483742 2147483746 2147483747 2147483753 2147483833 2147483834 2147483844 2147483856 2147483869 2147483872 2147483881 2147483882 2147483884 2147483885 2147483889 2147483890 2147483892 2147483894 2147483895 2147483897 133 49 52 54 57 53 127 128 129 130 51 134 131 132 50 2147483737 2147483739 2147483741 2147483742 2147483746 2147483747 2147483753 2147483833 2147483834 2147483844 2147483856 2147483869 2147483872 2147483881 2147483882 2147483884 2147483885 2147483889 2147483890 2147483892 2147483894 2147483895 2147483897 
2147483698 2147483699 2147483700 2147483702 2147483703 2147483707 2147483762 2147483765 2147483767 2147483768 2147483770 2147483772 2147483777 2147483782 2147483790 2147483792 2147483795 2147483798 2147483800 2147483805 2147483834 2147483836 2147483837 2147483848 22 25 27 32 26 263 264 265 24 23 2147483699 2147483700 2147483702 2147483703 2147483707 2147483762 2147483765 2147483767 2147483768 2147483770 2147483772 2147483777 2147483782 2147483790 2147483792 2147483795 2147483798 2147483800 2147483805 2147483834 2147483836 2147483837 2147483848 
2147483699 2147483698 2147483698 2147483700 2147483770 2147483834 2147483848 22 25 27 32 26 265 2147483700 2147483770 2147483834 2147483848 
2147483700 2147483698 2147483699 2147483698 2147483699 2147483702 2147483703 2147483777 2147483782 2147483790 2147483792 2147483795 2147483798 2147483834 2147483836 2147483848 49 52 54 57 53 127 128 129 51 50 2147483702 2147483703 2147483777 2147483782 2147483790 2147483792 2147483795 2147483798 2147483834 2147483836 2147483848 
2147483702 2147483698 2147483700 2147483698 2147483700 2147483703 2147483707 2147483777 2147483782 2147483790 2147483792 2147483795 2147483798 2147483800 2147483805 2147483834 2147483836 2147483837 2147483848 128 49 52 54 57 53 127 129 51 50 2147483703 2147483707 2147483777 2147483782 2147483790 2147483792 2147483795 2147483798 2147483800 2147483805 2147483834 2147483836 2147483837 2147483848 
2147483703 2147483698 2147483700 2147483702 2147483698 2147483700 2147483702 2147483777 2147483782 2147483790 2147483792 2147483795 2147483798 2147483834 2147483836 2147483848 127 49 52 54 57 53 128 129 51 50 2147483777 2147483782 2147483790 2147483792 2147483795 2147483798 2147483834 2147483836 2147483848 
2147483707 2147483698 2147483702 2147483698 2147483702 2147483800 2147483805 2147483834 2147483837 2147483848 49 52 54 57 53 127 129 50 2147483800 2147483805 2147483834 2147483837 2147483848 
2147483724 2147483648 2147483652 2147483668 2147483648 2147483652 2147483668 2147483726 2147483847 2147483850 2147483886 49 52 54 57 53 130 133 132 2147483726 2147483847 2147483850 2147483886 
2147483726 2147483648 2147483652 2147483668 2147483724 2147483648 2147483652 2147483668 2147483724 2147483847 2147483850 2147483886 49 52 54 57 53 130 133 132 2147483847 2147483850 2147483886 
2147483728 2147483648 2147483652 2147483668 2147483675 2147483648 2147483652 2147483668 2147483675 2147483847 2147483850 2147483874 2147483883 2147483886 2147483891 49 54 57 53 127 128 130 51 133 131 132 2147483847 2147483850 2147483874 2147483883 2147483886 2147483891 
2147483733 2147483652 2147483662 2147483667 2147483668 2147483675 2147483652 2147483662 2147483667 2147483668 2147483675 2147483737 2147483869 2147483870 2147483883 2147483884 2147483885 2147483890 2147483894 25 27 32 26 263 264 265 266 24 23 269 267 268 2147483737 2147483869 2147483870 2147483883 2147483884 2147483885 2147483890 2147483894 
2147483737 2147483652 2147483662 2147483667 2147483668 2147483675 2147483677 2147483733 2147483652 2147483662 2147483667 2147483668 2147483675 2147483677 2147483733 2147483739 2147483741 2147483869 2147483870 2147483883 2147483884 2147483885 2147483890 2147483892 2147483894 2147483895 2147483897 49 52 54 57 53 127 128 129 130 51 133 134 131 132 50 2147483739 2147483741 2147483869 2147483870 2147483883 2147483884 2147483885 2147483890 2147483892 2147483894 2147483895 2147483897 
2147483739 2147483652 2147483662 2147483667 2147483668 2147483675 2147483677 2147483737 2147483652 2147483662 2147483667 2147483668 2147483675 2147483677 2147483737 2147483869 2147483884 2147483885 2147483890 2147483894 49 54 57 53 127 128 129 130 51 133 131 132 50 2147483869 2147483884 2147483885 2147483890 2147483894 
2147483741 2147483652 2147483662 2147483667 2147483668 2147483675 2147483677 2147483737 2147483652 2147483662 2147483667 2147483668 2147483675 2147483677 2147483737 2147483742 2147483746 2147483747 2147483753 2147483754 2147483833 2147483834 2147483844 2147483869 2147483872 2147483875 2147483879 2147483881 2147483882 2147483884 2147483885 2147483889 2147483890 2147483892 2147483897 129 49 52 54 57 53 127 128 130 51 133 134 131 132 2147483742 2147483746 2147483747 2147483753 2147483754 2147483833 2147483834 2147483844 2147483869 2147483872 2147483875 2147483879 2147483881 2147483882 2147483884 2147483885 2147483889 2147483890 2147483892 2147483897 
2147483742 2147483652 2147483662 2147483667 2147483668 2147483675 2147483677 2147483741 2147483652 2147483662 2147483667 2147483668 2147483675 2147483677 2147483741 2147483833 2147483869 2147483884 2147483885 2147483892 2 19 61 18 247 248 249 250 5 253 254 251 252 2147483833 2147483869 2147483884 2147483885 2147483892 
2147483746 2147483652 2147483662 2147483667 2147483668 2147483675 2147483677 2147483741 2147483652 2147483662 2147483667 2147483668 2147483675 2147483677 2147483741 2147483747 2147483833 2147483844 2147483869 49 54 57 53 128 129 130 51 133 134 131 132 2147483747 2147483833 2147483844 2147483869 
2147483747 2147483652 2147483662 2147483667 2147483668 2147483675 2147483677 2147483741 2147483746 2147483652 2147483662 2147483667 2147483668 2147483675 2147483677 2147483741 2147483746 2147483833 2147483844 2147483869 2 19 61 18 248 249 250 5 253 254 251 252 2147483833 2147483844 2147483869 
2147483753 2147483652 2147483662 2147483668 2147483675 2147483677 2147483741 2147483652 2147483662 2147483668 2147483675 2147483677 2147483741 2147483754 2147483833 2147483869 2147483882 2147483889 2147483892 49 54 57 53 127 128 130 51 133 134 131 132 2147483754 2147483833 2147483869 2147483882 2147483889 2147483892 
2147483754 2147483652 2147483662 2147483668 2147483675 2147483741 2147483753 2147483652 2147483662 2147483668 2147483675 2147483741 2147483753 2147483833 2147483869 2147483882 2147483889 2147483892 2 19 61 18 247 248 250 5 253 254 251 252 2147483833 2147483869 2147483882 2147483889 2147483892 
2147483757 2147483833 2147483834 2147483866 22 25 27 26 2147483833 2147483834 2147483866 
2147483758 2147483834 2147483863 22 25 27 2147483834 2147483863 
2147483762 2147483698 2147483698 2147483765 2147483834 2147483848 22 25 27 32 265 2147483765 2147483834 2147483848 
2147483765 2147483698 2147483762 2147483698 2147483762 2147483834 2147483848 22 25 27 32 265 2147483834 2147483848 
2147483767 2147483698 2147483698 2147483768 2147483770 2147483834 2147483848 22 25 27 32 26 265 2147483768 2147483770 2147483834 2147483848 
2147483768 2147483698 2147483767 2147483698 2147483767 2147483770 2147483834 2147483848 49 52 54 57 53 129 2147483770 2147483834 2147483848 
2147483770 2147483698 2147483699 2147483767 2147483768 2147483698 2147483699 2147483767 2147483768 2147483772 2147483834 2147483848 49 52 54 57 53 129 2147483772 2147483834 2147483848 
2147483772 2147483698 2147483770 2147483698 2147483770 2147483834 2147483848 22 25 27 32 265 2147483834 2147483848 
2147483777 2147483698 2147483700 2147483702 2147483703 2147483698 2147483700 2147483702 2147483703 2147483782 2147483834 2147483848 49 52 57 127 128 129 51 50 2147483782 2147483834 2147483848 
2147483782 2147483698 2147483700 2147483702 2147483703 2147483777 2147483698 2147483700 2147483702 2147483703 2147483777 2147483790 2147483792 2147483795 2147483798 2147483834 2147483836 2147483848 49 52 54 57 53 127 128 129 51 50 2147483790 2147483792 2147483795 2147483798 2147483834 2147483836 2147483848 
2147483790 2147483698 2147483700 2147483702 2147483703 2147483782 2147483698 2147483700 2147483702 2147483703 2147483782 2147483792 2147483834 2147483836 2147483848 22 25 27 32 26 263 264 265 24 23 2147483792 2147483834 2147483836 2147483848 
2147483792 2147483698 2147483700 2147483702 2147483703 2147483782 2147483790 2147483698 2147483700 2147483702 2147483703 2147483782 2147483790 2147483834 2147483836 2147483848 22 25 27 32 26 263 264 265 24 23 2147483834 2147483836 2147483848 
2147483795 2147483698 2147483700 2147483702 2147483703 2147483782 2147483698 2147483700 2147483702 2147483703 2147483782 2147483834 2147483836 2147483848 22 25 27 32 263 264 265 24 23 2147483834 2147483836 2147483848 
2147483798 2147483698 2147483700 2147483702 2147483703 2147483782 2147483698 2147483700 2147483702 2147483703 2147483782 2147483834 2147483836 2147483848 22 25 27 32 263 264 265 24 23 2147483834 2147483836 2147483848 
2147483800 2147483698 2147483702 2147483707 2147483698 2147483702 2147483707 2147483805 2147483834 2147483837 2147483848 49 52 54 57 53 127 129 50 2147483805 2147483834 2147483837 2147483848 
2147483805 2147483698 2147483702 2147483707 2147483800 2147483698 2147483702 2147483707 2147483800 2147483834 2147483837 2147483848 22 25 27 32 26 263 265 23 2147483834 2147483837 2147483848 
2147483833 2147483652 2147483662 2147483667 2147483668 2147483675 2147483677 2147483741 2147483742 2147483746 2147483747 2147483753 2147483754 2147483757 2147483652 2147483662 2147483667 2147483668 2147483675 2147483677 2147483741 2147483742 2147483746 2147483747 2147483753 2147483754 2147483757 2147483834 2147483844 2147483856 2147483866 2147483869 2147483870 2147483872 2147483875 2147483879 2147483881 2147483882 2147483884 2147483885 2147483889 2147483890 2147483892 2147483894 2147483898 49 52 54 57 53 127 128 129 130 51 133 134 131 132 50 2147483834 2147483844 2147483856 2147483866 2147483869 2147483870 2147483872 2147483875 2147483879 2147483881 2147483882 2147483884 2147483885 2147483889 2147483890 2147483892 2147483894 2147483898 
2147483834 2147483652 2147483662 2147483667 2147483668 2147483675 2147483677 2147483698 2147483699 2147483700 2147483702 2147483703 2147483707 2147483741 2147483757 2147483758 2147483762 2147483765 2147483767 2147483768 2147483770 2147483772 2147483777 2147483782 2147483790 2147483792 2147483795 2147483798 2147483800 2147483805 2147483833 2147483652 2147483662 2147483667 2147483668 2147483675 2147483677 2147483698 2147483699 2147483700 2147483702 2147483703 2147483707 2147483741 2147483757 2147483758 2147483762 2147483765 2147483767 2147483768 2147483770 2147483772 2147483777 2147483782 2147483790 2147483792 2147483795 2147483798 2147483800 2147483805 2147483833 2147483836 2147483837 2147483844 2147483848 2147483863 2147483866 2147483869 2147483872 49 52 54 57 53 127 128 129 130 51 133 134 132 50 2147483836 2147483837 2147483844 2147483848 2147483863 2147483866 2147483869 2147483872 
2147483836 2147483698 2147483700 2147483702 2147483703 2147483782 2147483790 2147483792 2147483795 2147483798 2147483834 2147483698 2147483700 2147483702 2147483703 2147483782 2147483790 2147483792 2147483795 2147483798 2147483834 2147483848 49 52 54 57 53 127 128 129 51 50 2147483848 
2147483837 2147483698 2147483702 2147483707 2147483800 2147483805 2147483834 2147483698 2147483702 2147483707 2147483800 2147483805 2147483834 2147483848 49 52 54 57 53 127 129 50 2147483848 
2147483844 2147483652 2147483662 2147483667 2147483668 2147483675 2147483677 2147483741 2147483746 2147483747 2147483833 2147483834 2147483652 2147483662 2147483667 2147483668 2147483675 2147483677 2147483741 2147483746 2147483747 2147483833 2147483834 2147483856 2147483869 2147483872 134 49 52 54 57 53 128 129 130 51 133 131 132 2147483856 2147483869 2147483872 
2147483847 2147483648 2147483649 2147483652 2147483668 2147483675 2147483724 2147483726 2147483728 2147483648 2147483649 2147483652 2147483668 2147483675 2147483724 2147483726 2147483728 2147483850 2147483853 2147483854 2147483874 2147483878 2147483883 2147483886 2147483890 2147483891 53 49 52 54 57 127 128 130 51 133 131 132 2147483850 2147483853 2147483854 2147483874 2147483878 2147483883 2147483886 2147483890 2147483891 
2147483848 2147483698 2147483699 2147483700 2147483702 2147483703 2147483707 2147483762 2147483765 2147483767 2147483768 2147483770 2147483772 2147483777 2147483782 2147483790 2147483792 2147483795 2147483798 2147483800 2147483805 2147483834 2147483836 2147483837 2147483698 2147483699 2147483700 2147483702 2147483703 2147483707 2147483762 2147483765 2147483767 2147483768 2147483770 2147483772 2147483777 2147483782 2147483790 2147483792 2147483795 2147483798 2147483800 2147483805 2147483834 2147483836 2147483837 49 52 54 57 53 127 128 129 51 50 
2147483850 2147483648 2147483649 2147483652 2147483662 2147483667 2147483668 2147483675 2147483724 2147483726 2147483728 2147483847 2147483648 2147483649 2147483652 2147483662 2147483667 2147483668 2147483675 2147483724 2147483726 2147483728 2147483847 2147483853 2147483854 2147483855 2147483870 2147483874 2147483878 2147483883 2147483885 2147483886 2147483887 2147483890 2147483891 2147483894 57 49 52 54 53 127 128 129 130 51 133 131 132 50 2147483853 2147483854 2147483855 2147483870 2147483874 2147483878 2147483883 2147483885 2147483886 2147483887 2147483890 2147483891 2147483894 
2147483851 2147483652 2147483662 2147483667 2147483668 2147483675 2147483652 2147483662 2147483667 2147483668 2147483675 2147483870 2147483883 2147483885 2147483890 2147483894 49 52 127 128 129 130 51 133 131 132 50 2147483870 2147483883 2147483885 2147483890 2147483894 
2147483853 2147483648 2147483649 2147483847 2147483850 2147483648 2147483649 2147483847 2147483850 49 52 54 57 53 
2147483854 2147483648 2147483847 2147483850 2147483648 2147483847 2147483850 49 52 57 53 
2147483855 2147483652 2147483667 2147483668 2147483675 2147483850 2147483652 2147483667 2147483668 2147483675 2147483850 2147483870 2147483883 2147483885 2147483890 49 52 57 127 128 129 130 133 131 132 2147483870 2147483883 2147483885 2147483890 
2147483856 2147483652 2147483662 2147483667 2147483668 2147483675 2147483677 2147483833 2147483844 2147483652 2147483662 2147483667 2147483668 2147483675 2147483677 2147483833 2147483844 2147483869 134 54 57 53 128 129 130 51 133 132 2147483869 
2147483863 2147483758 2147483834 2147483758 2147483834 49 52 54 
2147483866 2147483757 2147483833 2147483834 2147483757 2147483833 2147483834 49 52 54 53 
2147483869 2147483652 2147483662 2147483667 2147483668 2147483675 2147483677 2147483733 2147483737 2147483739 2147483741 2147483742 2147483746 2147483747 2147483753 2147483754 2147483833 2147483834 2147483844 2147483856 2147483652 2147483662 2147483667 2147483668 2147483675 2147483677 2147483733 2147483737 2147483739 2147483741 2147483742 2147483746 2147483747 2147483753 2147483754 2147483833 2147483834 2147483844 2147483856 2147483870 2147483872 2147483875 2147483879 2147483881 2147483882 2147483884 2147483885 2147483889 2147483890 2147483892 2147483894 2147483895 2147483897 2147483898 25 22 27 32 26 263 264 265 266 24 23 269 270 267 268 2147483870 2147483872 2147483875 2147483879 2147483881 2147483882 2147483884 2147483885 2147483889 2147483890 2147483892 2147483894 2147483895 2147483897 2147483898 
2147483870 2147483648 2147483652 2147483662 2147483667 2147483668 2147483675 2147483733 2147483737 2147483833 2147483850 2147483851 2147483855 2147483869 2147483648 2147483652 2147483662 2147483667 2147483668 2147483675 2147483733 2147483737 2147483833 2147483850 2147483851 2147483855 2147483869 2147483882 2147483883 2147483884 2147483885 2147483886 2147483887 2147483888 2147483889 2147483890 2147483894 32 22 25 27 26 263 264 265 266 24 23 269 267 268 2147483882 2147483883 2147483884 2147483885 2147483886 2147483887 2147483888 2147483889 2147483890 2147483894 
2147483872 2147483652 2147483662 2147483667 2147483668 2147483675 2147483677 2147483741 2147483833 2147483834 2147483844 2147483869 2147483652 2147483662 2147483667 2147483668 2147483675 2147483677 2147483741 2147483833 2147483834 2147483844 2147483869 49 52 54 57 53 128 129 130 51 133 134 132 
2147483874 2147483648 2147483652 2147483668 2147483675 2147483728 2147483847 2147483850 2147483648 2147483652 2147483668 2147483675 2147483728 2147483847 2147483850 2147483878 2147483883 2147483886 2147483891 49 54 57 53 127 128 130 51 133 131 132 2147483878 2147483883 2147483886 2147483891 
2147483875 2147483652 2147483662 2147483668 2147483675 2147483741 2147483833 2147483869 2147483652 2147483662 2147483668 2147483675 2147483741 2147483833 2147483869 2147483882 2147483889 2147483890 49 57 53 127 128 130 51 133 134 131 132 2147483882 2147483889 2147483890 
2147483876 49 
2147483878 2147483648 2147483652 2147483668 2147483675 2147483847 2147483850 2147483874 2147483648 2147483652 2147483668 2147483675 2147483847 2147483850 2147483874 2147483883 2147483886 2147483891 49 54 57 53 127 128 130 51 133 131 132 2147483883 2147483886 2147483891 
2147483879 2147483652 2147483662 2147483668 2147483675 2147483741 2147483833 2147483869 2147483652 2147483662 2147483668 2147483675 2147483741 2147483833 2147483869 2147483882 2147483889 2147483890 49 57 53 127 128 130 51 133 134 131 132 2147483882 2147483889 2147483890 
2147483880 49 
2147483881 2147483652 2147483662 2147483668 2147483675 2147483677 2147483741 2147483833 2147483869 2147483652 2147483662 2147483668 2147483675 2147483677 2147483741 2147483833 2147483869 22 27 32 26 264 24 269 270 268 
2147483882 2147483652 2147483662 2147483667 2147483668 2147483675 2147483677 2147483741 2147483753 2147483754 2147483833 2147483869 2147483870 2147483875 2147483879 2147483652 2147483662 2147483667 2147483668 2147483675 2147483677 2147483741 2147483753 2147483754 2147483833 2147483869 2147483870 2147483875 2147483879 2147483885 2147483888 2147483889 2147483890 2147483892 2147483894 2147483898 131 49 52 54 57 53 127 128 129 130 51 133 134 132 50 2147483885 2147483888 2147483889 2147483890 2147483892 2147483894 2147483898 
2147483883 2147483648 2147483652 2147483662 2147483667 2147483668 2147483675 2147483728 2147483733 2147483737 2147483847 2147483850 2147483851 2147483855 2147483870 2147483874 2147483878 2147483648 2147483652 2147483662 2147483667 2147483668 2147483675 2147483728 2147483733 2147483737 2147483847 2147483850 2147483851 2147483855 2147483870 2147483874 2147483878 2147483885 2147483886 2147483887 2147483890 2147483891 2147483894 131 49 52 54 57 53 127 128 129 130 51 133 132 50 2147483885 2147483886 2147483887 2147483890 2147483891 2147483894 
2147483884 2147483652 2147483662 2147483667 2147483668 2147483675 2147483677 2147483733 2147483737 2147483739 2147483741 2147483742 2147483833 2147483869 2147483870 2147483652 2147483662 2147483667 2147483668 2147483675 2147483677 2147483733 2147483737 2147483739 2147483741 2147483742 2147483833 2147483869 2147483870 2147483885 2147483890 2147483892 2147483894 2147483895 2147483897 131 49 52 54 57 53 127 128 129 130 51 133 134 132 50 2147483885 2147483890 2147483892 2147483894 2147483895 2147483897 
2147483885 2147483648 2147483652 2147483662 2147483667 2147483668 2147483675 2147483677 2147483733 2147483737 2147483739 2147483741 2147483742 2147483833 2147483850 2147483851 2147483855 2147483869 2147483870 2147483882 2147483883 2147483884 2147483648 2147483652 2147483662 2147483667 2147483668 2147483675 2147483677 2147483733 2147483737 2147483739 2147483741 2147483742 2147483833 2147483850 2147483851 2147483855 2147483869 2147483870 2147483882 2147483883 2147483884 2147483886 2147483887 2147483888 2147483889 2147483890 2147483892 2147483894 2147483895 2147483897 266 22 25 27 32 26 263 264 265 24 23 269 270 267 268 2147483886 2147483887 2147483888 2147483889 2147483890 2147483892 2147483894 2147483895 2147483897 
2147483886 2147483648 2147483652 2147483668 2147483675 2147483724 2147483726 2147483728 2147483847 2147483850 2147483870 2147483874 2147483878 2147483883 2147483885 2147483648 2147483652 2147483668 2147483675 2147483724 2147483726 2147483728 2147483847 2147483850 2147483870 2147483874 2147483878 2147483883 2147483885 2147483890 2147483891 265 266 22 25 27 32 26 263 264 24 269 267 268 2147483890 2147483891 
2147483887 2147483648 2147483652 2147483668 2147483675 2147483850 2147483870 2147483883 2147483885 2147483648 2147483652 2147483668 2147483675 2147483850 2147483870 2147483883 2147483885 2147483890 266 22 25 27 32 263 264 265 24 269 267 268 2147483890 
2147483888 2147483652 2147483662 2147483668 2147483675 2147483870 2147483882 2147483885 2147483652 2147483662 2147483668 2147483675 2147483870 2147483882 2147483885 2147483890 2147483894 266 25 263 264 265 24 23 269 267 268 2147483890 2147483894 
2147483889 2147483652 2147483662 2147483668 2147483675 2147483677 2147483741 2147483753 2147483754 2147483833 2147483869 2147483870 2147483875 2147483879 2147483882 2147483885 2147483652 2147483662 2147483668 2147483675 2147483677 2147483741 2147483753 2147483754 2147483833 2147483869 2147483870 2147483875 2147483879 2147483882 2147483885 2147483890 2147483892 2147483894 2147483898 265 266 22 25 27 32 26 263 264 24 23 269 270 267 268 2147483890 2147483892 2147483894 2147483898 
2147483890 2147483648 2147483652 2147483662 2147483667 2147483668 2147483675 2147483677 2147483733 2147483737 2147483739 2147483741 2147483833 2147483847 2147483850 2147483851 2147483855 2147483869 2147483870 2147483875 2147483879 2147483882 2147483883 2147483884 2147483885 2147483886 2147483887 2147483888 2147483889 2147483648 2147483652 2147483662 2147483667 2147483668 2147483675 2147483677 2147483733 2147483737 2147483739 2147483741 2147483833 2147483847 2147483850 2147483851 2147483855 2147483869 2147483870 2147483875 2147483879 2147483882 2147483883 2147483884 2147483885 2147483886 2147483887 2147483888 2147483889 2147483894 2147483895 2147483897 2147483898 127 49 52 54 57 53 128 129 130 51 133 134 131 132 50 2147483894 2147483895 2147483897 2147483898 
2147483891 2147483648 2147483652 2147483668 2147483675 2147483728 2147483847 2147483850 2147483874 2147483878 2147483883 2147483886 2147483648 2147483652 2147483668 2147483675 2147483728 2147483847 2147483850 2147483874 2147483878 2147483883 2147483886 127 49 54 57 53 128 130 51 133 131 132 
2147483892 2147483652 2147483662 2147483667 2147483668 2147483675 2147483677 2147483737 2147483741 2147483742 2147483753 2147483754 2147483833 2147483869 2147483882 2147483884 2147483885 2147483889 2147483652 2147483662 2147483667 2147483668 2147483675 2147483677 2147483737 2147483741 2147483742 2147483753 2147483754 2147483833 2147483869 2147483882 2147483884 2147483885 2147483889 127 49 54 57 53 128 129 130 51 133 134 131 132 
2147483894 2147483652 2147483662 2147483667 2147483668 2147483675 2147483677 2147483733 2147483737 2147483739 2147483833 2147483850 2147483851 2147483869 2147483870 2147483882 2147483883 2147483884 2147483885 2147483888 2147483889 2147483890 2147483652 2147483662 2147483667 2147483668 2147483675 2147483677 2147483733 2147483737 2147483739 2147483833 2147483850 2147483851 2147483869 2147483870 2147483882 2147483883 2147483884 2147483885 2147483888 2147483889 2147483890 2147483897 23 22 25 27 32 26 263 264 265 266 24 269 267 268 2147483897 
2147483895 2147483652 2147483662 2147483667 2147483668 2147483675 2147483677 2147483737 2147483869 2147483884 2147483885 2147483890 2147483652 2147483662 2147483667 2147483668 2147483675 2147483677 2147483737 2147483869 2147483884 2147483885 2147483890 2147483897 23 22 27 32 26 263 264 265 266 24 269 267 268 2147483897 
2147483897 2147483652 2147483662 2147483667 2147483668 2147483675 2147483677 2147483737 2147483741 2147483869 2147483884 2147483885 2147483890 2147483894 2147483895 2147483652 2147483662 2147483667 2147483668 2147483675 2147483677 2147483737 2147483741 2147483869 2147483884 2147483885 2147483890 2147483894 2147483895 22 27 32 26 263 264 265 266 24 23 269 270 267 268 
2147483898 2147483652 2147483662 2147483675 2147483833 2147483869 2147483882 2147483889 2147483890 2147483652 2147483662 2147483675 2147483833 2147483869 2147483882 2147483889 2147483890 22 32 26 263 264 266 24 269 267 
