2 2147483712 
5 2147483712 
8 2147483712 
11 
18 
19 
22 2147483709 2147483725 2147483745 2147483781 
23 2147483704 2147483709 2147483710 2147483725 2147483732 2147483737 2147483745 2147483753 2147483758 2147483781 
24 2147483704 2147483709 2147483710 2147483725 2147483732 2147483737 2147483745 2147483753 2147483758 2147483781 
25 2147483709 2147483710 2147483732 2147483745 2147483753 2147483781 
26 2147483704 2147483709 2147483710 2147483732 2147483737 2147483745 2147483753 2147483758 2147483781 
27 2147483704 2147483709 2147483710 2147483737 2147483745 2147483758 
32 2147483704 2147483709 2147483710 2147483732 2147483737 2147483745 2147483753 2147483758 2147483781 
49 2147483648 2147483649 2147483658 2147483665 2147483666 2147483674 2147483675 2147483676 2147483678 2147483685 2147483688 2147483689 2147483690 2147483691 2147483693 2147483696 2147483697 2147483703 2147483711 2147483717 2147483722 2147483735 2147483736 2147483756 2147483757 2147483766 2147483767 2147483768 2147483772 2147483774 2147483775 2147483776 2147483779 2147483782 2147483784 2147483789 2147483792 2147483793 
50 2147483658 2147483661 2147483664 2147483665 2147483666 2147483674 2147483675 2147483685 2147483688 2147483689 2147483690 2147483691 2147483693 2147483696 2147483697 2147483703 2147483711 2147483717 2147483722 2147483731 2147483735 2147483736 2147483752 2147483756 2147483757 2147483766 2147483767 2147483768 2147483772 2147483775 2147483776 2147483779 2147483782 2147483784 2147483789 2147483792 2147483793 
51 2147483658 2147483661 2147483664 2147483665 2147483666 2147483674 2147483675 2147483685 2147483688 2147483689 2147483690 2147483691 2147483693 2147483696 2147483697 2147483703 2147483711 2147483717 2147483722 2147483731 2147483735 2147483736 2147483752 2147483756 2147483757 2147483766 2147483767 2147483768 2147483772 2147483775 2147483776 2147483779 2147483782 2147483784 2147483789 2147483792 2147483793 
52 2147483648 2147483649 2147483658 2147483661 2147483664 2147483666 2147483674 2147483675 2147483676 2147483678 2147483685 2147483688 2147483689 2147483690 2147483693 2147483696 2147483697 2147483711 2147483717 2147483722 2147483731 2147483752 2147483766 2147483767 2147483768 2147483774 2147483778 2147483782 2147483789 2147483792 2147483793 
53 2147483648 2147483649 2147483658 2147483661 2147483664 2147483666 2147483674 2147483675 2147483676 2147483678 2147483685 2147483688 2147483689 2147483690 2147483693 2147483711 2147483731 2147483752 2147483766 2147483767 2147483768 2147483774 2147483778 
54 2147483648 2147483649 2147483658 2147483661 2147483664 2147483666 2147483674 2147483675 2147483678 2147483685 2147483688 2147483689 2147483690 2147483693 2147483696 2147483697 2147483711 2147483717 2147483722 2147483766 2147483767 2147483768 2147483774 2147483775 2147483776 2147483778 2147483782 2147483784 2147483789 2147483792 2147483793 
57 2147483658 2147483661 2147483664 2147483674 2147483675 2147483685 2147483688 2147483689 2147483690 2147483693 2147483711 2147483731 2147483752 2147483766 2147483767 2147483768 
61 
127 2147483658 2147483661 2147483664 2147483674 2147483675 2147483685 2147483688 2147483689 2147483690 2147483693 2147483711 2147483731 2147483752 2147483766 2147483767 2147483768 
128 2147483658 2147483674 2147483675 2147483685 2147483688 2147483689 2147483690 2147483693 2147483711 2147483766 2147483767 2147483768 
129 2147483658 2147483674 2147483675 2147483693 2147483711 2147483766 2147483767 2147483768 
130 2147483658 2147483674 2147483675 2147483693 2147483711 2147483766 2147483767 2147483768 
131 2147483658 2147483661 2147483664 2147483665 2147483674 2147483675 2147483696 2147483697 2147483703 2147483711 2147483717 2147483722 2147483731 2147483735 2147483736 2147483752 2147483756 2147483757 2147483767 2147483768 2147483772 2147483775 2147483776 2147483779 2147483782 2147483784 2147483789 2147483792 2147483793 
132 2147483658 2147483661 2147483664 2147483665 2147483674 2147483675 2147483696 2147483697 2147483703 2147483711 2147483717 2147483722 2147483731 2147483735 2147483736 2147483752 2147483756 2147483757 2147483767 2147483768 2147483772 2147483775 2147483776 2147483779 2147483782 2147483784 2147483789 2147483792 2147483793 
133 2147483658 2147483661 2147483664 2147483674 2147483675 2147483703 2147483711 2147483717 2147483722 2147483731 2147483735 2147483736 2147483752 2147483756 2147483757 2147483767 2147483768 2147483772 2147483776 2147483782 2147483784 2147483789 2147483792 
134 2147483658 2147483661 2147483664 2147483674 2147483675 2147483711 2147483717 2147483722 2147483731 2147483735 2147483736 2147483752 2147483756 2147483757 2147483767 2147483768 2147483776 2147483782 2147483789 2147483792 
151 2147483787 
152 
153 
154 
155 
156 
157 
158 
159 
160 
161 
162 
163 
164 
165 
166 
247 
248 
249 
250 
251 2147483712 
252 2147483712 
253 2147483712 
254 
263 2147483732 2147483745 2147483753 2147483781 
264 2147483745 2147483781 
265 2147483745 
266 2147483745 
267 2147483704 2147483709 2147483710 2147483725 2147483732 2147483737 2147483745 2147483753 2147483758 
268 2147483704 2147483709 2147483710 2147483725 2147483732 2147483737 2147483745 2147483753 2147483758 
269 2147483704 2147483709 2147483710 2147483725 2147483732 2147483737 2147483745 2147483753 2147483758 
270 2147483725 2147483732 2147483737 2147483745 2147483753 2147483758 
2147483648 2147483649 2147483666 2147483676 2147483678 49 52 54 53 2147483649 2147483666 2147483676 2147483678 
2147483649 2147483648 2147483648 2147483666 2147483678 49 54 52 53 2147483666 2147483678 
2147483658 2147483661 2147483664 2147483674 2147483675 2147483703 2147483704 2147483709 2147483710 2147483711 2147483712 2147483717 2147483722 2147483725 2147483731 2147483732 2147483735 2147483736 2147483737 2147483745 2147483752 2147483753 2147483756 2147483757 2147483758 2147483767 2147483768 2147483772 2147483776 2147483782 2147483784 2147483789 2147483792 54 49 53 52 57 127 128 129 130 51 133 134 131 132 50 2147483661 2147483664 2147483674 2147483675 2147483703 2147483704 2147483709 2147483710 2147483711 2147483712 2147483717 2147483722 2147483725 2147483731 2147483732 2147483735 2147483736 2147483737 2147483745 2147483752 2147483753 2147483756 2147483757 2147483758 2147483767 2147483768 2147483772 2147483776 2147483782 2147483784 2147483789 2147483792 
2147483661 2147483658 2147483658 2147483674 2147483675 2147483711 2147483731 2147483732 2147483767 2147483768 127 52 54 57 53 51 133 134 131 132 50 2147483674 2147483675 2147483711 2147483731 2147483732 2147483767 2147483768 
2147483664 2147483658 2147483658 2147483674 2147483675 2147483711 2147483745 2147483752 2147483753 2147483767 127 52 54 57 53 51 133 134 131 132 50 2147483674 2147483675 2147483711 2147483745 2147483752 2147483753 2147483767 
2147483665 2147483674 2147483675 2147483711 2147483767 50 49 51 131 132 2147483674 2147483675 2147483711 2147483767 
2147483666 2147483648 2147483649 2147483648 2147483649 2147483676 2147483678 2147483693 2147483766 2147483774 2147483778 53 49 52 54 51 50 2147483676 2147483678 2147483693 2147483766 2147483774 2147483778 
2147483674 2147483658 2147483661 2147483664 2147483665 2147483658 2147483661 2147483664 2147483665 2147483675 2147483696 2147483697 2147483703 2147483704 2147483709 2147483710 2147483711 2147483712 2147483717 2147483722 2147483725 2147483731 2147483732 2147483735 2147483736 2147483737 2147483745 2147483752 2147483753 2147483756 2147483757 2147483758 2147483767 2147483768 2147483772 2147483775 2147483776 2147483779 2147483782 2147483784 2147483787 2147483789 2147483792 2147483793 49 52 54 57 53 127 128 129 130 51 133 134 131 132 50 2147483675 2147483696 2147483697 2147483703 2147483704 2147483709 2147483710 2147483711 2147483712 2147483717 2147483722 2147483725 2147483731 2147483732 2147483735 2147483736 2147483737 2147483745 2147483752 2147483753 2147483756 2147483757 2147483758 2147483767 2147483768 2147483772 2147483775 2147483776 2147483779 2147483782 2147483784 2147483787 2147483789 2147483792 2147483793 
2147483675 2147483658 2147483661 2147483664 2147483665 2147483674 2147483658 2147483661 2147483664 2147483665 2147483674 2147483696 2147483697 2147483703 2147483704 2147483709 2147483710 2147483711 2147483712 2147483717 2147483722 2147483725 2147483731 2147483732 2147483735 2147483736 2147483737 2147483745 2147483752 2147483753 2147483756 2147483757 2147483758 2147483767 2147483768 2147483772 2147483775 2147483776 2147483779 2147483782 2147483784 2147483787 2147483789 2147483792 2147483793 49 52 54 57 53 127 128 129 130 51 133 134 131 132 50 2147483696 2147483697 2147483703 2147483704 2147483709 2147483710 2147483711 2147483712 2147483717 2147483722 2147483725 2147483731 2147483732 2147483735 2147483736 2147483737 2147483745 2147483752 2147483753 2147483756 2147483757 2147483758 2147483767 2147483768 2147483772 2147483775 2147483776 2147483779 2147483782 2147483784 2147483787 2147483789 2147483792 2147483793 
2147483676 2147483648 2147483666 2147483648 2147483666 2147483774 49 52 53 2147483774 
2147483678 2147483648 2147483649 2147483666 2147483648 2147483649 2147483666 49 52 54 53 
2147483685 2147483688 2147483689 2147483690 2147483693 2147483766 2147483781 49 52 54 57 53 127 128 51 50 2147483688 2147483689 2147483690 2147483693 2147483766 2147483781 
2147483688 2147483685 2147483685 2147483689 2147483690 2147483693 2147483766 2147483781 52 49 54 57 53 127 128 51 50 2147483689 2147483690 2147483693 2147483766 2147483781 
2147483689 2147483685 2147483688 2147483685 2147483688 2147483690 2147483693 2147483766 2147483781 127 49 52 54 57 53 128 51 50 2147483690 2147483693 2147483766 2147483781 
2147483690 2147483685 2147483688 2147483689 2147483685 2147483688 2147483689 2147483693 2147483766 2147483781 128 49 52 54 57 53 127 51 50 2147483693 2147483766 2147483781 
2147483691 2147483693 2147483766 49 51 50 2147483693 2147483766 
2147483693 2147483666 2147483685 2147483688 2147483689 2147483690 2147483691 2147483666 2147483685 2147483688 2147483689 2147483690 2147483691 2147483766 2147483767 2147483781 49 52 54 57 53 127 128 129 130 51 50 2147483766 2147483767 2147483781 
2147483696 2147483674 2147483675 2147483674 2147483675 2147483697 2147483711 2147483767 2147483793 52 49 54 51 131 132 50 2147483697 2147483711 2147483767 2147483793 
2147483697 2147483674 2147483675 2147483696 2147483674 2147483675 2147483696 2147483711 2147483767 2147483793 49 52 54 51 131 132 50 2147483711 2147483767 2147483793 
2147483703 2147483658 2147483674 2147483675 2147483658 2147483674 2147483675 2147483711 2147483767 49 51 133 131 132 50 2147483711 2147483767 
2147483704 2147483658 2147483674 2147483675 2147483658 2147483674 2147483675 2147483711 2147483767 32 27 26 24 23 269 267 268 2147483711 2147483767 
2147483709 2147483658 2147483674 2147483675 2147483658 2147483674 2147483675 2147483710 2147483711 2147483767 2147483784 27 22 25 32 26 24 23 269 267 268 2147483710 2147483711 2147483767 2147483784 
2147483710 2147483658 2147483674 2147483675 2147483709 2147483658 2147483674 2147483675 2147483709 2147483711 2147483767 25 27 32 26 24 23 269 267 268 2147483711 2147483767 
2147483711 2147483658 2147483661 2147483664 2147483665 2147483674 2147483675 2147483696 2147483697 2147483703 2147483704 2147483709 2147483710 2147483658 2147483661 2147483664 2147483665 2147483674 2147483675 2147483696 2147483697 2147483703 2147483704 2147483709 2147483710 2147483712 2147483717 2147483722 2147483725 2147483731 2147483732 2147483735 2147483736 2147483737 2147483745 2147483752 2147483753 2147483756 2147483757 2147483758 2147483767 2147483768 2147483772 2147483775 2147483776 2147483779 2147483782 2147483784 2147483787 2147483789 2147483792 2147483793 53 49 52 54 57 127 128 129 130 51 133 134 131 132 50 2147483712 2147483717 2147483722 2147483725 2147483731 2147483732 2147483735 2147483736 2147483737 2147483745 2147483752 2147483753 2147483756 2147483757 2147483758 2147483767 2147483768 2147483772 2147483775 2147483776 2147483779 2147483782 2147483784 2147483787 2147483789 2147483792 2147483793 
2147483712 2147483658 2147483674 2147483675 2147483711 2147483658 2147483674 2147483675 2147483711 2147483767 2 5 8 253 251 252 2147483767 
2147483717 2147483658 2147483674 2147483675 2147483711 2147483658 2147483674 2147483675 2147483711 2147483722 2147483767 2147483768 2147483782 2147483789 2147483792 49 52 54 51 133 134 131 132 50 2147483722 2147483767 2147483768 2147483782 2147483789 2147483792 
2147483722 2147483658 2147483674 2147483675 2147483711 2147483717 2147483658 2147483674 2147483675 2147483711 2147483717 2147483767 2147483768 2147483789 49 52 54 51 133 134 131 132 50 2147483767 2147483768 2147483789 
2147483725 2147483658 2147483674 2147483675 2147483711 2147483658 2147483674 2147483675 2147483711 2147483767 2147483768 22 24 23 269 270 267 268 2147483767 2147483768 
2147483731 2147483658 2147483661 2147483674 2147483675 2147483711 2147483658 2147483661 2147483674 2147483675 2147483711 2147483732 2147483767 2147483768 53 52 57 127 51 133 134 131 132 50 2147483732 2147483767 2147483768 
2147483732 2147483658 2147483661 2147483674 2147483675 2147483711 2147483731 2147483658 2147483661 2147483674 2147483675 2147483711 2147483731 2147483767 2147483768 32 25 26 263 24 23 269 270 267 268 2147483767 2147483768 
2147483735 2147483658 2147483674 2147483675 2147483711 2147483658 2147483674 2147483675 2147483711 2147483767 2147483768 49 51 133 134 131 132 50 2147483767 2147483768 
2147483736 2147483658 2147483674 2147483675 2147483711 2147483658 2147483674 2147483675 2147483711 2147483767 2147483768 49 51 133 134 131 132 50 2147483767 2147483768 
2147483737 2147483658 2147483674 2147483675 2147483711 2147483658 2147483674 2147483675 2147483711 2147483767 2147483768 32 27 26 24 23 269 270 267 268 2147483767 2147483768 
2147483745 2147483658 2147483664 2147483674 2147483675 2147483711 2147483658 2147483664 2147483674 2147483675 2147483711 2147483752 2147483753 2147483756 2147483757 2147483758 2147483767 22 25 27 32 26 263 264 265 266 24 23 269 270 267 268 2147483752 2147483753 2147483756 2147483757 2147483758 2147483767 
2147483752 2147483658 2147483664 2147483674 2147483675 2147483711 2147483745 2147483658 2147483664 2147483674 2147483675 2147483711 2147483745 2147483753 2147483767 53 52 57 127 51 133 134 131 132 50 2147483753 2147483767 
2147483753 2147483658 2147483664 2147483674 2147483675 2147483711 2147483745 2147483752 2147483658 2147483664 2147483674 2147483675 2147483711 2147483745 2147483752 2147483767 32 25 26 263 24 23 269 270 267 268 2147483767 
2147483756 2147483658 2147483674 2147483675 2147483711 2147483745 2147483658 2147483674 2147483675 2147483711 2147483745 2147483767 49 51 133 134 131 132 50 2147483767 
2147483757 2147483658 2147483674 2147483675 2147483711 2147483745 2147483658 2147483674 2147483675 2147483711 2147483745 2147483767 49 51 133 134 131 132 50 2147483767 
2147483758 2147483658 2147483674 2147483675 2147483711 2147483745 2147483658 2147483674 2147483675 2147483711 2147483745 2147483767 32 27 26 24 23 269 270 267 268 2147483767 
2147483766 2147483666 2147483685 2147483688 2147483689 2147483690 2147483691 2147483693 2147483666 2147483685 2147483688 2147483689 2147483690 2147483691 2147483693 2147483781 49 52 54 57 53 127 128 129 130 51 50 2147483781 
2147483767 2147483658 2147483661 2147483664 2147483665 2147483674 2147483675 2147483693 2147483696 2147483697 2147483703 2147483704 2147483709 2147483710 2147483711 2147483712 2147483717 2147483722 2147483725 2147483731 2147483732 2147483735 2147483736 2147483737 2147483745 2147483752 2147483753 2147483756 2147483757 2147483758 2147483658 2147483661 2147483664 2147483665 2147483674 2147483675 2147483693 2147483696 2147483697 2147483703 2147483704 2147483709 2147483710 2147483711 2147483712 2147483717 2147483722 2147483725 2147483731 2147483732 2147483735 2147483736 2147483737 2147483745 2147483752 2147483753 2147483756 2147483757 2147483758 2147483768 2147483772 2147483775 2147483776 2147483779 2147483782 2147483784 2147483787 2147483789 2147483792 2147483793 128 49 52 54 57 53 127 129 130 51 133 134 131 132 50 2147483768 2147483772 2147483775 2147483776 2147483779 2147483782 2147483784 2147483787 2147483789 2147483792 2147483793 
2147483768 2147483658 2147483661 2147483674 2147483675 2147483711 2147483717 2147483722 2147483725 2147483731 2147483732 2147483735 2147483736 2147483737 2147483767 2147483658 2147483661 2147483674 2147483675 2147483711 2147483717 2147483722 2147483725 2147483731 2147483732 2147483735 2147483736 2147483737 2147483767 2147483776 2147483782 2147483789 2147483792 49 52 54 57 53 127 128 129 130 51 133 134 131 132 50 2147483776 2147483782 2147483789 2147483792 
2147483772 2147483658 2147483674 2147483675 2147483711 2147483767 2147483658 2147483674 2147483675 2147483711 2147483767 49 51 133 131 132 50 
2147483774 2147483666 2147483676 2147483666 2147483676 2147483778 52 49 54 53 2147483778 
2147483775 2147483674 2147483675 2147483711 2147483767 2147483674 2147483675 2147483711 2147483767 2147483793 49 54 51 131 132 50 2147483793 
2147483776 2147483658 2147483674 2147483675 2147483711 2147483767 2147483768 2147483658 2147483674 2147483675 2147483711 2147483767 2147483768 2147483792 49 54 51 133 134 131 132 50 2147483792 
2147483778 2147483666 2147483774 2147483666 2147483774 54 52 53 
2147483779 2147483674 2147483675 2147483711 2147483767 2147483674 2147483675 2147483711 2147483767 49 51 131 132 50 
2147483781 2147483685 2147483688 2147483689 2147483690 2147483693 2147483766 2147483685 2147483688 2147483689 2147483690 2147483693 2147483766 32 22 25 26 263 264 24 23 
2147483782 2147483658 2147483674 2147483675 2147483711 2147483717 2147483767 2147483768 2147483658 2147483674 2147483675 2147483711 2147483717 2147483767 2147483768 2147483792 49 52 54 51 133 134 131 132 50 2147483792 
2147483784 2147483658 2147483674 2147483675 2147483709 2147483711 2147483767 2147483658 2147483674 2147483675 2147483709 2147483711 2147483767 49 54 51 133 131 132 50 
2147483787 2147483674 2147483675 2147483711 2147483767 2147483674 2147483675 2147483711 2147483767 151 
2147483789 2147483658 2147483674 2147483675 2147483711 2147483717 2147483722 2147483767 2147483768 2147483658 2147483674 2147483675 2147483711 2147483717 2147483722 2147483767 2147483768 49 52 54 51 133 134 131 132 50 
2147483792 2147483658 2147483674 2147483675 2147483711 2147483717 2147483767 2147483768 2147483776 2147483782 2147483658 2147483674 2147483675 2147483711 2147483717 2147483767 2147483768 2147483776 2147483782 52 49 54 51 133 134 131 132 50 
2147483793 2147483674 2147483675 2147483696 2147483697 2147483711 2147483767 2147483775 2147483674 2147483675 2147483696 2147483697 2147483711 2147483767 2147483775 49 52 54 51 131 132 50 
