2 
5 
8 
11 2147483670 
18 2147483670 
19 2147483670 
22 2147483664 2147483665 2147483666 2147483707 
23 
24 
25 2147483664 2147483665 2147483666 2147483707 
26 2147483664 2147483665 2147483666 2147483707 
27 2147483664 2147483665 2147483666 2147483707 
32 2147483664 2147483665 2147483666 2147483707 
49 
50 
51 
52 2147483668 2147483669 
53 2147483668 2147483669 2147483699 2147483708 2147483711 2147483712 
54 2147483668 2147483669 
57 2147483668 2147483669 2147483708 
61 2147483670 
127 2147483669 
128 
129 
130 
131 
132 
133 
134 
151 2147483672 2147483673 2147483674 2147483675 2147483676 2147483677 2147483678 
152 2147483673 2147483674 2147483675 2147483676 2147483677 2147483678 
153 2147483674 2147483675 2147483676 2147483677 2147483678 
154 2147483675 2147483676 2147483677 2147483678 
155 2147483676 2147483677 2147483678 
156 2147483677 2147483678 
157 2147483678 
158 
159 
160 
161 
162 
163 
164 
165 
166 
247 2147483670 
248 2147483670 
249 
250 
251 
252 
253 
254 
263 2147483664 2147483665 2147483666 2147483707 
264 2147483664 2147483665 2147483666 2147483707 
265 2147483664 2147483665 2147483666 2147483707 
266 2147483664 2147483665 2147483666 2147483707 
267 
268 
269 
270 
2147483664 2147483665 2147483666 2147483668 2147483669 2147483670 2147483671 2147483672 2147483673 2147483674 2147483675 2147483676 2147483677 2147483678 2147483681 2147483682 2147483683 2147483689 2147483691 2147483693 2147483699 2147483702 2147483707 2147483708 2147483709 2147483711 2147483712 2147483713 26 22 25 27 32 263 264 265 266 2147483665 2147483666 2147483668 2147483669 2147483670 2147483671 2147483672 2147483673 2147483674 2147483675 2147483676 2147483677 2147483678 2147483681 2147483682 2147483683 2147483689 2147483691 2147483693 2147483699 2147483702 2147483707 2147483708 2147483709 2147483711 2147483712 2147483713 
2147483665 2147483664 2147483664 2147483666 2147483668 2147483669 2147483670 2147483671 2147483672 2147483673 2147483674 2147483675 2147483676 2147483677 2147483678 2147483681 2147483682 2147483683 2147483689 2147483691 2147483693 2147483699 2147483707 2147483708 2147483709 2147483711 2147483712 2147483713 32 22 25 27 26 263 264 265 266 2147483666 2147483668 2147483669 2147483670 2147483671 2147483672 2147483673 2147483674 2147483675 2147483676 2147483677 2147483678 2147483681 2147483682 2147483683 2147483689 2147483691 2147483693 2147483699 2147483707 2147483708 2147483709 2147483711 2147483712 2147483713 
2147483666 2147483664 2147483665 2147483664 2147483665 2147483668 2147483669 2147483670 2147483671 2147483672 2147483673 2147483674 2147483675 2147483676 2147483677 2147483678 2147483681 2147483682 2147483683 2147483689 2147483691 2147483693 2147483707 2147483708 2147483709 2147483711 2147483712 2147483713 27 22 25 32 26 263 264 265 266 2147483668 2147483669 2147483670 2147483671 2147483672 2147483673 2147483674 2147483675 2147483676 2147483677 2147483678 2147483681 2147483682 2147483683 2147483689 2147483691 2147483693 2147483707 2147483708 2147483709 2147483711 2147483712 2147483713 
2147483668 2147483664 2147483665 2147483666 2147483664 2147483665 2147483666 2147483669 2147483670 2147483671 2147483672 2147483673 2147483674 2147483675 2147483676 2147483677 2147483678 2147483707 52 54 57 53 2147483669 2147483670 2147483671 2147483672 2147483673 2147483674 2147483675 2147483676 2147483677 2147483678 2147483707 
2147483669 2147483664 2147483665 2147483666 2147483668 2147483664 2147483665 2147483666 2147483668 2147483670 2147483671 2147483672 2147483673 2147483674 2147483675 2147483676 2147483677 2147483678 2147483707 52 54 57 53 127 2147483670 2147483671 2147483672 2147483673 2147483674 2147483675 2147483676 2147483677 2147483678 2147483707 
2147483670 2147483664 2147483665 2147483666 2147483668 2147483669 2147483664 2147483665 2147483666 2147483668 2147483669 2147483671 2147483672 2147483673 2147483674 2147483675 2147483676 2147483677 2147483678 2147483707 11 19 61 18 247 248 2147483671 2147483672 2147483673 2147483674 2147483675 2147483676 2147483677 2147483678 2147483707 
2147483671 2147483664 2147483665 2147483666 2147483668 2147483669 2147483670 2147483664 2147483665 2147483666 2147483668 2147483669 2147483670 2147483672 2147483673 2147483674 2147483675 2147483676 2147483677 2147483678 2147483707 2147483672 2147483673 2147483674 2147483675 2147483676 2147483677 2147483678 2147483707 
2147483672 2147483664 2147483665 2147483666 2147483668 2147483669 2147483670 2147483671 2147483664 2147483665 2147483666 2147483668 2147483669 2147483670 2147483671 2147483673 2147483674 2147483675 2147483676 2147483677 2147483678 2147483707 151 2147483673 2147483674 2147483675 2147483676 2147483677 2147483678 2147483707 
2147483673 2147483664 2147483665 2147483666 2147483668 2147483669 2147483670 2147483671 2147483672 2147483664 2147483665 2147483666 2147483668 2147483669 2147483670 2147483671 2147483672 2147483674 2147483675 2147483676 2147483677 2147483678 2147483707 151 152 2147483674 2147483675 2147483676 2147483677 2147483678 2147483707 
2147483674 2147483664 2147483665 2147483666 2147483668 2147483669 2147483670 2147483671 2147483672 2147483673 2147483664 2147483665 2147483666 2147483668 2147483669 2147483670 2147483671 2147483672 2147483673 2147483675 2147483676 2147483677 2147483678 2147483707 151 152 153 2147483675 2147483676 2147483677 2147483678 2147483707 
2147483675 2147483664 2147483665 2147483666 2147483668 2147483669 2147483670 2147483671 2147483672 2147483673 2147483674 2147483664 2147483665 2147483666 2147483668 2147483669 2147483670 2147483671 2147483672 2147483673 2147483674 2147483676 2147483677 2147483678 2147483707 151 152 153 154 2147483676 2147483677 2147483678 2147483707 
2147483676 2147483664 2147483665 2147483666 2147483668 2147483669 2147483670 2147483671 2147483672 2147483673 2147483674 2147483675 2147483664 2147483665 2147483666 2147483668 2147483669 2147483670 2147483671 2147483672 2147483673 2147483674 2147483675 2147483677 2147483678 2147483707 151 152 153 154 155 2147483677 2147483678 2147483707 
2147483677 2147483664 2147483665 2147483666 2147483668 2147483669 2147483670 2147483671 2147483672 2147483673 2147483674 2147483675 2147483676 2147483664 2147483665 2147483666 2147483668 2147483669 2147483670 2147483671 2147483672 2147483673 2147483674 2147483675 2147483676 2147483678 2147483707 151 152 153 154 155 156 2147483678 2147483707 
2147483678 2147483664 2147483665 2147483666 2147483668 2147483669 2147483670 2147483671 2147483672 2147483673 2147483674 2147483675 2147483676 2147483677 2147483664 2147483665 2147483666 2147483668 2147483669 2147483670 2147483671 2147483672 2147483673 2147483674 2147483675 2147483676 2147483677 2147483707 151 152 153 154 155 156 157 2147483707 
2147483681 2147483664 2147483665 2147483666 2147483664 2147483665 2147483666 2147483707 2147483707 
2147483682 2147483664 2147483665 2147483666 2147483664 2147483665 2147483666 2147483707 2147483707 
2147483683 2147483664 2147483665 2147483666 2147483664 2147483665 2147483666 2147483707 2147483707 
2147483689 2147483664 2147483665 2147483666 2147483664 2147483665 2147483666 2147483707 2147483708 2147483709 2147483707 2147483708 2147483709 
2147483691 2147483664 2147483665 2147483666 2147483664 2147483665 2147483666 2147483707 2147483708 2147483709 2147483707 2147483708 2147483709 
2147483693 2147483664 2147483665 2147483666 2147483664 2147483665 2147483666 2147483707 2147483708 2147483707 2147483708 
2147483699 2147483664 2147483665 2147483664 2147483665 2147483711 53 2147483711 
2147483702 2147483664 2147483664 2147483711 2147483711 
2147483706 2147483712 2147483712 
2147483707 2147483664 2147483665 2147483666 2147483668 2147483669 2147483670 2147483671 2147483672 2147483673 2147483674 2147483675 2147483676 2147483677 2147483678 2147483681 2147483682 2147483683 2147483689 2147483691 2147483693 2147483664 2147483665 2147483666 2147483668 2147483669 2147483670 2147483671 2147483672 2147483673 2147483674 2147483675 2147483676 2147483677 2147483678 2147483681 2147483682 2147483683 2147483689 2147483691 2147483693 2147483708 2147483709 2147483712 2147483713 25 22 27 32 26 263 264 265 266 2147483708 2147483709 2147483712 2147483713 
2147483708 2147483664 2147483665 2147483666 2147483689 2147483691 2147483693 2147483707 2147483664 2147483665 2147483666 2147483689 2147483691 2147483693 2147483707 2147483709 2147483712 2147483713 53 57 2147483709 2147483712 2147483713 
2147483709 2147483664 2147483665 2147483666 2147483689 2147483691 2147483707 2147483708 2147483664 2147483665 2147483666 2147483689 2147483691 2147483707 2147483708 2147483713 2147483713 
2147483711 2147483664 2147483665 2147483666 2147483699 2147483702 2147483664 2147483665 2147483666 2147483699 2147483702 2147483712 53 2147483712 
2147483712 2147483664 2147483665 2147483666 2147483706 2147483707 2147483708 2147483711 2147483664 2147483665 2147483666 2147483706 2147483707 2147483708 2147483711 53 
2147483713 2147483664 2147483665 2147483666 2147483707 2147483708 2147483709 2147483664 2147483665 2147483666 2147483707 2147483708 2147483709 
