2 2147483722 
3 
5 
6 
8 
9 
11 2147483722 
13 
16 
18 2147483722 
19 2147483722 
21 
22 2147483698 2147483746 2147483806 2147483860 2147483863 
23 
24 
25 2147483698 2147483746 2147483806 2147483860 2147483863 
26 2147483698 2147483746 2147483806 2147483860 2147483863 
27 2147483698 2147483746 2147483806 2147483860 2147483863 
32 2147483698 2147483746 2147483806 2147483860 2147483863 
49 2147483648 2147483652 2147483654 2147483658 2147483678 2147483680 2147483681 2147483682 2147483691 2147483692 2147483731 2147483747 2147483808 2147483848 
50 
51 
52 2147483648 2147483652 2147483654 2147483658 2147483678 2147483680 2147483681 2147483682 2147483683 2147483691 2147483692 2147483731 2147483747 2147483808 2147483848 
53 2147483648 2147483650 2147483652 2147483654 2147483658 2147483666 2147483678 2147483680 2147483681 2147483682 2147483683 2147483691 2147483692 2147483723 2147483725 2147483731 2147483732 2147483733 2147483740 2147483747 2147483748 2147483749 2147483761 2147483762 2147483779 2147483785 2147483798 2147483799 2147483807 2147483808 2147483809 2147483810 2147483817 2147483818 2147483830 2147483847 2147483848 2147483850 2147483851 2147483853 2147483857 
54 2147483648 2147483652 2147483654 2147483658 2147483666 2147483678 2147483680 2147483681 2147483682 2147483683 2147483691 2147483692 2147483731 2147483733 2147483747 2147483749 2147483762 2147483785 2147483808 2147483810 2147483818 2147483830 2147483848 2147483851 2147483853 
57 2147483648 2147483652 2147483654 2147483658 2147483666 2147483678 2147483680 2147483681 2147483682 2147483683 2147483691 2147483692 2147483731 2147483733 2147483747 2147483749 2147483762 2147483779 2147483799 2147483808 2147483810 2147483817 2147483818 2147483830 2147483848 2147483851 2147483853 
59 
61 2147483722 
127 2147483648 2147483652 2147483654 2147483658 2147483678 2147483680 2147483681 2147483682 2147483683 2147483691 2147483692 2147483731 2147483747 2147483808 2147483848 
128 2147483648 2147483652 2147483654 2147483658 2147483678 2147483680 2147483681 2147483682 2147483691 2147483692 2147483731 2147483747 2147483808 2147483848 
129 2147483648 2147483652 2147483654 2147483658 2147483678 2147483680 2147483681 2147483682 2147483691 2147483692 2147483731 2147483747 2147483808 2147483848 
130 2147483648 2147483652 2147483654 2147483658 2147483678 2147483680 2147483681 2147483682 2147483691 2147483692 2147483731 2147483747 2147483808 2147483848 
131 
132 
133 
134 
151 
152 
153 
154 
155 
156 
157 
158 
159 
160 
161 
162 
163 
164 
165 
166 
247 2147483722 
248 2147483722 
249 2147483722 
250 2147483722 
251 
252 
253 
254 
263 2147483698 2147483746 2147483806 2147483860 2147483863 
264 2147483698 2147483746 2147483806 2147483860 2147483863 
265 2147483698 2147483746 2147483806 2147483860 2147483863 
266 2147483698 2147483746 2147483806 2147483860 2147483863 
267 
268 
269 
270 
271 
272 
273 
274 
275 
276 
277 
278 
2147483648 2147483649 2147483650 2147483652 2147483654 2147483659 2147483666 2147483667 2147483678 2147483680 2147483681 2147483682 2147483686 2147483688 2147483690 2147483691 2147483692 2147483698 2147483700 2147483705 2147483718 2147483719 2147483720 2147483722 2147483723 2147483731 2147483738 2147483740 2147483741 2147483744 2147483746 2147483747 2147483757 2147483806 2147483807 2147483808 2147483816 2147483817 2147483820 2147483826 2147483827 2147483829 2147483830 2147483837 2147483839 2147483853 2147483857 2147483860 2147483863 49 53 54 52 57 127 128 129 130 2147483649 2147483650 2147483652 2147483654 2147483659 2147483666 2147483667 2147483678 2147483680 2147483681 2147483682 2147483686 2147483688 2147483690 2147483691 2147483692 2147483698 2147483700 2147483705 2147483718 2147483719 2147483720 2147483722 2147483723 2147483731 2147483738 2147483740 2147483741 2147483744 2147483746 2147483747 2147483757 2147483806 2147483807 2147483808 2147483816 2147483817 2147483820 2147483826 2147483827 2147483829 2147483830 2147483837 2147483839 2147483853 2147483857 2147483860 2147483863 
2147483649 2147483648 2147483648 2147483650 2147483652 2147483698 2147483700 2147483705 2147483718 2147483650 2147483652 2147483698 2147483700 2147483705 2147483718 
2147483650 2147483648 2147483649 2147483648 2147483649 2147483698 2147483816 2147483817 2147483818 53 2147483698 2147483816 2147483817 2147483818 
2147483652 2147483648 2147483649 2147483648 2147483649 2147483698 2147483806 2147483807 2147483808 2147483809 2147483810 57 49 52 54 53 127 128 129 130 2147483698 2147483806 2147483807 2147483808 2147483809 2147483810 
2147483654 2147483648 2147483648 2147483698 2147483798 2147483799 57 49 52 54 53 127 128 129 130 2147483698 2147483798 2147483799 
2147483658 2147483659 2147483777 2147483778 2147483779 57 49 52 54 53 127 128 129 130 2147483659 2147483777 2147483778 2147483779 
2147483659 2147483648 2147483658 2147483648 2147483658 
2147483666 2147483648 2147483648 2147483667 2147483698 2147483757 2147483761 2147483762 54 57 53 2147483667 2147483698 2147483757 2147483761 2147483762 
2147483667 2147483648 2147483666 2147483648 2147483666 2147483698 2147483757 2147483698 2147483757 
2147483678 2147483648 2147483648 2147483698 2147483718 2147483731 2147483732 2147483733 54 49 52 57 53 127 128 129 130 2147483698 2147483718 2147483731 2147483732 2147483733 
2147483680 2147483648 2147483648 2147483681 2147483682 2147483683 2147483698 2147483722 2147483723 2147483725 54 57 49 52 53 127 128 129 130 2147483681 2147483682 2147483683 2147483698 2147483722 2147483723 2147483725 
2147483681 2147483648 2147483680 2147483648 2147483680 2147483682 2147483683 2147483698 2147483722 2147483723 2147483725 52 54 49 57 53 127 128 129 130 2147483682 2147483683 2147483698 2147483722 2147483723 2147483725 
2147483682 2147483648 2147483680 2147483681 2147483648 2147483680 2147483681 2147483683 2147483698 2147483722 2147483725 49 52 127 54 57 53 128 129 130 2147483683 2147483698 2147483722 2147483725 
2147483683 2147483680 2147483681 2147483682 2147483680 2147483681 2147483682 2147483698 2147483722 127 52 54 57 53 2147483698 2147483722 
2147483686 2147483648 2147483648 2147483688 2147483698 2147483718 2147483857 2147483688 2147483698 2147483718 2147483857 
2147483688 2147483648 2147483686 2147483648 2147483686 2147483698 2147483718 2147483719 2147483857 2147483698 2147483718 2147483719 2147483857 
2147483690 2147483648 2147483648 2147483698 2147483820 2147483826 2147483827 2147483829 2147483698 2147483820 2147483826 2147483827 2147483829 
2147483691 2147483648 2147483648 2147483692 2147483698 2147483837 2147483839 2147483847 2147483848 2147483863 54 49 52 57 53 127 128 129 130 2147483692 2147483698 2147483837 2147483839 2147483847 2147483848 2147483863 
2147483692 2147483648 2147483691 2147483648 2147483691 2147483698 2147483837 2147483839 2147483847 2147483848 2147483850 2147483851 2147483863 57 49 52 54 53 127 128 129 130 2147483698 2147483837 2147483839 2147483847 2147483848 2147483850 2147483851 2147483863 
2147483698 2147483648 2147483649 2147483650 2147483652 2147483654 2147483666 2147483667 2147483678 2147483680 2147483681 2147483682 2147483683 2147483686 2147483688 2147483690 2147483691 2147483692 2147483648 2147483649 2147483650 2147483652 2147483654 2147483666 2147483667 2147483678 2147483680 2147483681 2147483682 2147483683 2147483686 2147483688 2147483690 2147483691 2147483692 2147483700 2147483705 2147483718 2147483719 2147483720 2147483722 2147483723 2147483725 2147483731 2147483732 2147483733 2147483738 2147483740 2147483741 2147483744 2147483746 2147483747 2147483748 2147483749 2147483757 2147483761 2147483762 2147483798 2147483799 2147483806 2147483807 2147483808 2147483809 2147483810 2147483816 2147483817 2147483818 2147483820 2147483826 2147483827 2147483829 2147483830 2147483837 2147483839 2147483847 2147483848 2147483850 2147483851 2147483853 2147483857 2147483860 2147483863 26 32 22 25 27 263 264 265 266 2147483700 2147483705 2147483718 2147483719 2147483720 2147483722 2147483723 2147483725 2147483731 2147483732 2147483733 2147483738 2147483740 2147483741 2147483744 2147483746 2147483747 2147483748 2147483749 2147483757 2147483761 2147483762 2147483798 2147483799 2147483806 2147483807 2147483808 2147483809 2147483810 2147483816 2147483817 2147483818 2147483820 2147483826 2147483827 2147483829 2147483830 2147483837 2147483839 2147483847 2147483848 2147483850 2147483851 2147483853 2147483857 2147483860 2147483863 
2147483700 2147483648 2147483649 2147483698 2147483648 2147483649 2147483698 2147483718 2147483718 
2147483705 2147483648 2147483649 2147483698 2147483648 2147483649 2147483698 2147483718 2147483718 
2147483718 2147483648 2147483649 2147483678 2147483686 2147483688 2147483698 2147483700 2147483705 2147483648 2147483649 2147483678 2147483686 2147483688 2147483698 2147483700 2147483705 2147483719 2147483720 2147483857 2147483719 2147483720 2147483857 
2147483719 2147483648 2147483688 2147483698 2147483718 2147483648 2147483688 2147483698 2147483718 2147483720 2147483857 2147483720 2147483857 
2147483720 2147483648 2147483698 2147483718 2147483719 2147483648 2147483698 2147483718 2147483719 2147483857 2147483857 
2147483722 2147483648 2147483680 2147483681 2147483682 2147483683 2147483698 2147483648 2147483680 2147483681 2147483682 2147483683 2147483698 2147483723 2147483725 2 11 19 61 18 247 248 249 250 2147483723 2147483725 
2147483723 2147483648 2147483680 2147483681 2147483698 2147483722 2147483648 2147483680 2147483681 2147483698 2147483722 53 
2147483725 2147483680 2147483681 2147483682 2147483698 2147483722 2147483680 2147483681 2147483682 2147483698 2147483722 53 
2147483731 2147483648 2147483678 2147483698 2147483648 2147483678 2147483698 2147483732 2147483733 57 49 52 54 53 127 128 129 130 2147483732 2147483733 
2147483732 2147483678 2147483698 2147483731 2147483678 2147483698 2147483731 53 
2147483733 2147483678 2147483698 2147483731 2147483678 2147483698 2147483731 54 57 53 
2147483738 2147483648 2147483698 2147483648 2147483698 2147483860 2147483860 
2147483740 2147483648 2147483698 2147483648 2147483698 2147483741 2147483744 2147483746 2147483860 53 2147483741 2147483744 2147483746 2147483860 
2147483741 2147483648 2147483698 2147483740 2147483648 2147483698 2147483740 2147483860 2147483860 
2147483744 2147483648 2147483698 2147483740 2147483648 2147483698 2147483740 2147483860 2147483860 
2147483746 2147483648 2147483698 2147483740 2147483648 2147483698 2147483740 2147483747 2147483748 2147483749 2147483860 32 22 25 27 26 263 264 265 266 2147483747 2147483748 2147483749 2147483860 
2147483747 2147483648 2147483698 2147483746 2147483648 2147483698 2147483746 2147483748 2147483749 2147483860 49 54 52 57 53 127 128 129 130 2147483748 2147483749 2147483860 
2147483748 2147483698 2147483746 2147483747 2147483698 2147483746 2147483747 2147483860 53 2147483860 
2147483749 2147483698 2147483746 2147483747 2147483698 2147483746 2147483747 2147483860 54 57 53 2147483860 
2147483757 2147483648 2147483666 2147483667 2147483698 2147483648 2147483666 2147483667 2147483698 
2147483761 2147483666 2147483698 2147483666 2147483698 2147483762 53 2147483762 
2147483762 2147483666 2147483698 2147483761 2147483666 2147483698 2147483761 54 57 53 
2147483777 2147483658 2147483658 
2147483778 2147483658 2147483658 
2147483779 2147483658 2147483658 57 53 
2147483781 
2147483782 2147483784 2147483784 
2147483784 2147483782 2147483782 
2147483785 54 53 
2147483788 
2147483789 2147483791 2147483791 
2147483791 2147483789 2147483789 
2147483792 
2147483793 2147483795 2147483795 
2147483795 2147483793 2147483793 
2147483798 2147483654 2147483698 2147483654 2147483698 53 
2147483799 2147483654 2147483698 2147483654 2147483698 57 53 
2147483806 2147483648 2147483652 2147483698 2147483648 2147483652 2147483698 2147483807 2147483808 2147483809 2147483810 26 22 25 27 32 263 264 265 266 2147483807 2147483808 2147483809 2147483810 
2147483807 2147483648 2147483652 2147483698 2147483806 2147483648 2147483652 2147483698 2147483806 53 
2147483808 2147483648 2147483652 2147483698 2147483806 2147483648 2147483652 2147483698 2147483806 2147483809 2147483810 49 54 52 57 53 127 128 129 130 2147483809 2147483810 
2147483809 2147483652 2147483698 2147483806 2147483808 2147483652 2147483698 2147483806 2147483808 53 
2147483810 2147483652 2147483698 2147483806 2147483808 2147483652 2147483698 2147483806 2147483808 54 57 53 
2147483816 2147483648 2147483650 2147483698 2147483648 2147483650 2147483698 2147483817 2147483818 2147483817 2147483818 
2147483817 2147483648 2147483650 2147483698 2147483816 2147483648 2147483650 2147483698 2147483816 2147483818 57 53 2147483818 
2147483818 2147483650 2147483698 2147483816 2147483817 2147483650 2147483698 2147483816 2147483817 54 57 53 
2147483820 2147483648 2147483690 2147483698 2147483648 2147483690 2147483698 
2147483826 2147483648 2147483690 2147483698 2147483648 2147483690 2147483698 2147483827 2147483827 
2147483827 2147483648 2147483690 2147483698 2147483826 2147483648 2147483690 2147483698 2147483826 
2147483829 2147483648 2147483690 2147483698 2147483648 2147483690 2147483698 
2147483830 2147483648 2147483698 2147483648 2147483698 54 57 53 
2147483837 2147483648 2147483691 2147483692 2147483698 2147483648 2147483691 2147483692 2147483698 
2147483839 2147483648 2147483691 2147483692 2147483698 2147483648 2147483691 2147483692 2147483698 2147483863 2147483863 
2147483847 2147483691 2147483692 2147483698 2147483691 2147483692 2147483698 2147483863 53 2147483863 
2147483848 2147483691 2147483692 2147483698 2147483691 2147483692 2147483698 2147483850 2147483851 2147483863 49 54 52 57 53 127 128 129 130 2147483850 2147483851 2147483863 
2147483850 2147483692 2147483698 2147483848 2147483692 2147483698 2147483848 2147483863 53 2147483863 
2147483851 2147483692 2147483698 2147483848 2147483692 2147483698 2147483848 2147483863 54 57 53 2147483863 
2147483853 2147483648 2147483698 2147483648 2147483698 54 57 53 
2147483857 2147483648 2147483686 2147483688 2147483698 2147483718 2147483719 2147483720 2147483648 2147483686 2147483688 2147483698 2147483718 2147483719 2147483720 53 
2147483860 2147483648 2147483698 2147483738 2147483740 2147483741 2147483744 2147483746 2147483747 2147483748 2147483749 2147483648 2147483698 2147483738 2147483740 2147483741 2147483744 2147483746 2147483747 2147483748 2147483749 26 22 25 27 32 263 264 265 266 
2147483863 2147483648 2147483691 2147483692 2147483698 2147483839 2147483847 2147483848 2147483850 2147483851 2147483648 2147483691 2147483692 2147483698 2147483839 2147483847 2147483848 2147483850 2147483851 26 22 25 27 32 263 264 265 266 
