2 
3 
5 
9 
11 
13 
16 
18 
19 
21 
22 2147483735 2147483812 2147483855 
24 
25 2147483735 2147483812 2147483855 
26 2147483735 2147483812 2147483855 
27 2147483735 2147483812 2147483855 
32 2147483735 2147483812 2147483855 
49 2147483660 2147483661 2147483669 2147483764 2147483792 2147483819 2147483860 2147483864 2147483865 2147483866 2147483867 2147483873 2147483874 2147483875 
51 
52 2147483660 2147483661 2147483669 2147483764 2147483792 2147483819 2147483860 2147483864 2147483865 2147483866 2147483867 2147483873 2147483874 2147483875 
53 2147483660 2147483661 2147483669 2147483754 2147483764 2147483792 2147483815 2147483819 2147483860 2147483864 2147483865 2147483866 2147483867 2147483873 2147483874 2147483875 2147483884 
54 2147483660 2147483661 2147483669 2147483764 2147483792 2147483819 2147483860 2147483864 2147483865 2147483866 2147483867 2147483873 2147483874 2147483875 
57 2147483660 2147483661 2147483669 2147483754 2147483764 2147483792 2147483815 2147483819 2147483860 2147483864 2147483865 2147483866 2147483867 2147483873 2147483874 2147483875 
59 
61 
127 2147483660 2147483661 2147483669 2147483764 2147483792 2147483819 2147483860 2147483864 2147483865 2147483866 2147483867 2147483873 2147483874 2147483875 
128 2147483660 2147483661 2147483669 2147483764 2147483792 2147483819 2147483860 2147483864 2147483865 2147483866 2147483867 2147483873 2147483874 2147483875 
129 2147483660 2147483661 2147483669 2147483764 2147483792 2147483819 2147483860 2147483864 2147483865 2147483866 2147483867 2147483873 2147483874 2147483875 
130 2147483660 2147483661 2147483669 2147483764 2147483792 2147483819 2147483860 2147483864 2147483865 2147483866 2147483867 2147483873 2147483874 2147483875 
131 
132 
133 
134 
247 
248 
249 
250 
251 
252 
253 
254 
263 2147483735 2147483812 2147483855 
264 2147483735 2147483812 2147483855 
265 2147483735 2147483812 2147483855 
266 2147483735 2147483812 2147483855 
267 
268 
269 
270 
271 
272 
273 
274 
275 
276 
277 
278 
2147483648 2147483735 2147483860 2147483735 2147483860 
2147483660 2147483669 2147483735 2147483748 2147483754 2147483756 2147483812 2147483819 2147483860 2147483864 53 57 49 52 54 127 128 129 130 2147483669 2147483735 2147483748 2147483754 2147483756 2147483812 2147483819 2147483860 2147483864 
2147483661 2147483735 2147483812 2147483819 2147483827 2147483829 2147483860 2147483862 2147483887 49 52 54 57 53 127 128 129 130 2147483735 2147483812 2147483819 2147483827 2147483829 2147483860 2147483862 2147483887 
2147483669 2147483660 2147483660 2147483735 2147483754 2147483756 2147483763 2147483764 2147483771 2147483779 2147483781 2147483791 2147483792 2147483799 2147483807 2147483809 2147483812 2147483819 2147483860 2147483864 2147483865 2147483866 2147483867 2147483869 2147483873 2147483874 2147483875 2147483877 2147483888 2147483889 2147483890 2147483891 2147483892 2147483893 49 52 54 57 53 127 128 129 130 2147483735 2147483754 2147483756 2147483763 2147483764 2147483771 2147483779 2147483781 2147483791 2147483792 2147483799 2147483807 2147483809 2147483812 2147483819 2147483860 2147483864 2147483865 2147483866 2147483867 2147483869 2147483873 2147483874 2147483875 2147483877 2147483888 2147483889 2147483890 2147483891 2147483892 2147483893 
2147483715 2147483721 2147483722 2147483727 2147483812 2147483832 2147483834 2147483838 2147483844 2147483845 2147483846 2147483847 2147483882 2147483884 2147483894 2147483721 2147483722 2147483727 2147483812 2147483832 2147483834 2147483838 2147483844 2147483845 2147483846 2147483847 2147483882 2147483884 2147483894 
2147483721 2147483715 2147483715 2147483722 2147483727 2147483728 2147483812 2147483838 2147483844 2147483845 2147483846 2147483847 2147483851 2147483882 2147483883 2147483884 2147483894 2147483722 2147483727 2147483728 2147483812 2147483838 2147483844 2147483845 2147483846 2147483847 2147483851 2147483882 2147483883 2147483884 2147483894 
2147483722 2147483715 2147483721 2147483715 2147483721 2147483812 2147483838 2147483844 2147483845 2147483846 2147483847 2147483882 2147483884 2147483894 2147483812 2147483838 2147483844 2147483845 2147483846 2147483847 2147483882 2147483884 2147483894 
2147483727 2147483715 2147483721 2147483715 2147483721 2147483728 2147483812 2147483851 2147483882 2147483883 2147483884 2147483894 2147483728 2147483812 2147483851 2147483882 2147483883 2147483884 2147483894 
2147483728 2147483721 2147483727 2147483721 2147483727 2147483812 2147483851 2147483883 2147483884 2147483894 2147483812 2147483851 2147483883 2147483884 2147483894 
2147483733 2147483812 2147483812 
2147483735 2147483648 2147483660 2147483661 2147483669 2147483648 2147483660 2147483661 2147483669 2147483744 2147483746 2147483748 2147483754 2147483756 2147483763 2147483764 2147483771 2147483779 2147483781 2147483791 2147483792 2147483799 2147483807 2147483809 2147483812 2147483815 2147483819 2147483827 2147483829 2147483858 2147483860 2147483862 2147483864 2147483865 2147483866 2147483867 2147483869 2147483873 2147483874 2147483875 2147483877 2147483886 2147483887 2147483888 2147483889 2147483890 2147483891 2147483892 2147483893 32 22 25 27 26 263 264 265 266 2147483744 2147483746 2147483748 2147483754 2147483756 2147483763 2147483764 2147483771 2147483779 2147483781 2147483791 2147483792 2147483799 2147483807 2147483809 2147483812 2147483815 2147483819 2147483827 2147483829 2147483858 2147483860 2147483862 2147483864 2147483865 2147483866 2147483867 2147483869 2147483873 2147483874 2147483875 2147483877 2147483886 2147483887 2147483888 2147483889 2147483890 2147483891 2147483892 2147483893 
2147483744 2147483735 2147483735 2147483858 2147483860 2147483886 2147483858 2147483860 2147483886 
2147483746 2147483735 2147483735 2147483858 2147483860 2147483858 2147483860 
2147483748 2147483660 2147483735 2147483660 2147483735 2147483812 2147483819 2147483860 2147483812 2147483819 2147483860 
2147483754 2147483660 2147483669 2147483735 2147483660 2147483669 2147483735 2147483756 2147483812 2147483819 2147483860 2147483864 57 53 2147483756 2147483812 2147483819 2147483860 2147483864 
2147483756 2147483660 2147483669 2147483735 2147483754 2147483660 2147483669 2147483735 2147483754 2147483812 2147483819 2147483860 2147483864 2147483812 2147483819 2147483860 2147483864 
2147483763 2147483669 2147483735 2147483669 2147483735 2147483812 2147483819 2147483860 2147483864 2147483873 2147483874 2147483812 2147483819 2147483860 2147483864 2147483873 2147483874 
2147483764 2147483669 2147483735 2147483669 2147483735 2147483771 2147483779 2147483781 2147483812 2147483819 2147483860 2147483864 2147483873 2147483874 2147483875 2147483877 2147483891 2147483892 2147483893 49 52 54 57 53 127 128 129 130 2147483771 2147483779 2147483781 2147483812 2147483819 2147483860 2147483864 2147483873 2147483874 2147483875 2147483877 2147483891 2147483892 2147483893 
2147483771 2147483669 2147483735 2147483764 2147483669 2147483735 2147483764 2147483812 2147483819 2147483860 2147483864 2147483873 2147483874 2147483875 2147483812 2147483819 2147483860 2147483864 2147483873 2147483874 2147483875 
2147483779 2147483669 2147483735 2147483764 2147483669 2147483735 2147483764 2147483812 2147483819 2147483860 2147483873 2147483877 2147483893 2147483812 2147483819 2147483860 2147483873 2147483877 2147483893 
2147483781 2147483669 2147483735 2147483764 2147483669 2147483735 2147483764 2147483812 2147483819 2147483860 2147483873 2147483877 2147483812 2147483819 2147483860 2147483873 2147483877 
2147483791 2147483669 2147483735 2147483669 2147483735 2147483812 2147483819 2147483860 2147483864 2147483865 2147483866 2147483812 2147483819 2147483860 2147483864 2147483865 2147483866 
2147483792 2147483669 2147483735 2147483669 2147483735 2147483799 2147483807 2147483809 2147483812 2147483819 2147483860 2147483864 2147483865 2147483866 2147483867 2147483869 2147483888 2147483889 2147483890 49 52 54 57 53 127 128 129 130 2147483799 2147483807 2147483809 2147483812 2147483819 2147483860 2147483864 2147483865 2147483866 2147483867 2147483869 2147483888 2147483889 2147483890 
2147483799 2147483669 2147483735 2147483792 2147483669 2147483735 2147483792 2147483812 2147483819 2147483860 2147483864 2147483865 2147483866 2147483867 2147483812 2147483819 2147483860 2147483864 2147483865 2147483866 2147483867 
2147483807 2147483669 2147483735 2147483792 2147483669 2147483735 2147483792 2147483812 2147483819 2147483860 2147483865 2147483869 2147483890 2147483812 2147483819 2147483860 2147483865 2147483869 2147483890 
2147483809 2147483669 2147483735 2147483792 2147483669 2147483735 2147483792 2147483812 2147483819 2147483860 2147483865 2147483869 2147483812 2147483819 2147483860 2147483865 2147483869 
2147483812 2147483660 2147483661 2147483669 2147483715 2147483721 2147483722 2147483727 2147483728 2147483733 2147483735 2147483748 2147483754 2147483756 2147483763 2147483764 2147483771 2147483779 2147483781 2147483791 2147483792 2147483799 2147483807 2147483809 2147483660 2147483661 2147483669 2147483715 2147483721 2147483722 2147483727 2147483728 2147483733 2147483735 2147483748 2147483754 2147483756 2147483763 2147483764 2147483771 2147483779 2147483781 2147483791 2147483792 2147483799 2147483807 2147483809 2147483815 2147483819 2147483827 2147483829 2147483832 2147483834 2147483838 2147483844 2147483845 2147483846 2147483847 2147483851 2147483855 2147483860 2147483862 2147483864 2147483865 2147483866 2147483867 2147483869 2147483873 2147483874 2147483875 2147483877 2147483882 2147483883 2147483884 2147483887 2147483888 2147483889 2147483890 2147483891 2147483892 2147483893 2147483894 22 25 27 32 26 263 264 265 266 2147483815 2147483819 2147483827 2147483829 2147483832 2147483834 2147483838 2147483844 2147483845 2147483846 2147483847 2147483851 2147483855 2147483860 2147483862 2147483864 2147483865 2147483866 2147483867 2147483869 2147483873 2147483874 2147483875 2147483877 2147483882 2147483883 2147483884 2147483887 2147483888 2147483889 2147483890 2147483891 2147483892 2147483893 2147483894 
2147483815 2147483735 2147483812 2147483735 2147483812 2147483819 2147483860 57 53 2147483819 2147483860 
2147483819 2147483660 2147483661 2147483669 2147483735 2147483748 2147483754 2147483756 2147483763 2147483764 2147483771 2147483779 2147483781 2147483791 2147483792 2147483799 2147483807 2147483809 2147483812 2147483815 2147483660 2147483661 2147483669 2147483735 2147483748 2147483754 2147483756 2147483763 2147483764 2147483771 2147483779 2147483781 2147483791 2147483792 2147483799 2147483807 2147483809 2147483812 2147483815 2147483827 2147483829 2147483860 2147483862 2147483864 2147483865 2147483866 2147483867 2147483869 2147483873 2147483874 2147483875 2147483877 2147483887 2147483888 2147483889 2147483890 2147483891 2147483892 2147483893 53 49 52 54 57 127 128 129 130 2147483827 2147483829 2147483860 2147483862 2147483864 2147483865 2147483866 2147483867 2147483869 2147483873 2147483874 2147483875 2147483877 2147483887 2147483888 2147483889 2147483890 2147483891 2147483892 2147483893 
2147483827 2147483661 2147483735 2147483812 2147483819 2147483661 2147483735 2147483812 2147483819 2147483860 2147483862 2147483887 2147483860 2147483862 2147483887 
2147483829 2147483661 2147483735 2147483812 2147483819 2147483661 2147483735 2147483812 2147483819 2147483860 2147483862 2147483860 2147483862 
2147483832 2147483715 2147483812 2147483715 2147483812 2147483884 2147483894 2147483884 2147483894 
2147483834 2147483715 2147483812 2147483715 2147483812 2147483884 2147483894 2147483884 2147483894 
2147483838 2147483715 2147483721 2147483722 2147483812 2147483715 2147483721 2147483722 2147483812 2147483882 2147483884 2147483894 2147483882 2147483884 2147483894 
2147483844 2147483715 2147483721 2147483722 2147483812 2147483715 2147483721 2147483722 2147483812 2147483882 2147483884 2147483894 2147483882 2147483884 2147483894 
2147483845 2147483715 2147483721 2147483722 2147483812 2147483715 2147483721 2147483722 2147483812 2147483882 2147483884 2147483894 2147483882 2147483884 2147483894 
2147483846 2147483715 2147483721 2147483722 2147483812 2147483715 2147483721 2147483722 2147483812 2147483882 2147483884 2147483894 2147483882 2147483884 2147483894 
2147483847 2147483715 2147483721 2147483722 2147483812 2147483715 2147483721 2147483722 2147483812 2147483882 2147483884 2147483894 2147483882 2147483884 2147483894 
2147483851 2147483721 2147483727 2147483728 2147483812 2147483721 2147483727 2147483728 2147483812 2147483883 2147483884 2147483894 2147483883 2147483884 2147483894 
2147483855 2147483812 2147483812 2147483884 2147483894 22 25 27 32 26 263 264 265 266 2147483884 2147483894 
2147483858 2147483735 2147483744 2147483746 2147483735 2147483744 2147483746 2147483860 2147483886 2147483860 2147483886 
2147483860 2147483648 2147483660 2147483661 2147483669 2147483735 2147483744 2147483746 2147483748 2147483754 2147483756 2147483763 2147483764 2147483771 2147483779 2147483781 2147483791 2147483792 2147483799 2147483807 2147483809 2147483812 2147483815 2147483819 2147483827 2147483829 2147483858 2147483648 2147483660 2147483661 2147483669 2147483735 2147483744 2147483746 2147483748 2147483754 2147483756 2147483763 2147483764 2147483771 2147483779 2147483781 2147483791 2147483792 2147483799 2147483807 2147483809 2147483812 2147483815 2147483819 2147483827 2147483829 2147483858 2147483862 2147483864 2147483865 2147483866 2147483867 2147483869 2147483873 2147483874 2147483875 2147483877 2147483886 2147483887 2147483888 2147483889 2147483890 2147483891 2147483892 2147483893 53 49 52 54 57 127 128 129 130 2147483862 2147483864 2147483865 2147483866 2147483867 2147483869 2147483873 2147483874 2147483875 2147483877 2147483886 2147483887 2147483888 2147483889 2147483890 2147483891 2147483892 2147483893 
2147483862 2147483661 2147483735 2147483812 2147483819 2147483827 2147483829 2147483860 2147483661 2147483735 2147483812 2147483819 2147483827 2147483829 2147483860 2147483887 2147483887 
2147483864 2147483660 2147483669 2147483735 2147483754 2147483756 2147483763 2147483764 2147483771 2147483791 2147483792 2147483799 2147483812 2147483819 2147483860 2147483660 2147483669 2147483735 2147483754 2147483756 2147483763 2147483764 2147483771 2147483791 2147483792 2147483799 2147483812 2147483819 2147483860 2147483865 2147483866 2147483867 2147483873 2147483874 2147483875 2147483888 2147483889 2147483891 2147483892 53 57 54 49 52 127 128 129 130 2147483865 2147483866 2147483867 2147483873 2147483874 2147483875 2147483888 2147483889 2147483891 2147483892 
2147483865 2147483669 2147483735 2147483791 2147483792 2147483799 2147483807 2147483809 2147483812 2147483819 2147483860 2147483864 2147483669 2147483735 2147483791 2147483792 2147483799 2147483807 2147483809 2147483812 2147483819 2147483860 2147483864 2147483866 2147483867 2147483869 2147483888 2147483889 2147483890 49 52 54 57 53 127 128 129 130 2147483866 2147483867 2147483869 2147483888 2147483889 2147483890 
2147483866 2147483669 2147483735 2147483791 2147483792 2147483799 2147483812 2147483819 2147483860 2147483864 2147483865 2147483669 2147483735 2147483791 2147483792 2147483799 2147483812 2147483819 2147483860 2147483864 2147483865 2147483867 2147483888 2147483889 54 49 52 57 53 127 128 129 130 2147483867 2147483888 2147483889 
2147483867 2147483669 2147483735 2147483792 2147483799 2147483812 2147483819 2147483860 2147483864 2147483865 2147483866 2147483669 2147483735 2147483792 2147483799 2147483812 2147483819 2147483860 2147483864 2147483865 2147483866 53 49 52 54 57 127 128 129 130 
2147483869 2147483669 2147483735 2147483792 2147483807 2147483809 2147483812 2147483819 2147483860 2147483865 2147483669 2147483735 2147483792 2147483807 2147483809 2147483812 2147483819 2147483860 2147483865 2147483890 2147483890 
2147483873 2147483669 2147483735 2147483763 2147483764 2147483771 2147483779 2147483781 2147483812 2147483819 2147483860 2147483864 2147483669 2147483735 2147483763 2147483764 2147483771 2147483779 2147483781 2147483812 2147483819 2147483860 2147483864 2147483874 2147483875 2147483877 2147483891 2147483892 2147483893 49 52 54 57 53 127 128 129 130 2147483874 2147483875 2147483877 2147483891 2147483892 2147483893 
2147483874 2147483669 2147483735 2147483763 2147483764 2147483771 2147483812 2147483819 2147483860 2147483864 2147483873 2147483669 2147483735 2147483763 2147483764 2147483771 2147483812 2147483819 2147483860 2147483864 2147483873 2147483875 2147483891 2147483892 54 49 52 57 53 127 128 129 130 2147483875 2147483891 2147483892 
2147483875 2147483669 2147483735 2147483764 2147483771 2147483812 2147483819 2147483860 2147483864 2147483873 2147483874 2147483669 2147483735 2147483764 2147483771 2147483812 2147483819 2147483860 2147483864 2147483873 2147483874 53 49 52 54 57 127 128 129 130 
2147483877 2147483669 2147483735 2147483764 2147483779 2147483781 2147483812 2147483819 2147483860 2147483873 2147483669 2147483735 2147483764 2147483779 2147483781 2147483812 2147483819 2147483860 2147483873 2147483893 2147483893 
2147483882 2147483715 2147483721 2147483722 2147483727 2147483812 2147483838 2147483844 2147483845 2147483846 2147483847 2147483715 2147483721 2147483722 2147483727 2147483812 2147483838 2147483844 2147483845 2147483846 2147483847 2147483884 2147483894 2147483884 2147483894 
2147483883 2147483721 2147483727 2147483728 2147483812 2147483851 2147483721 2147483727 2147483728 2147483812 2147483851 2147483884 2147483894 2147483884 2147483894 
2147483884 2147483715 2147483721 2147483722 2147483727 2147483728 2147483812 2147483832 2147483834 2147483838 2147483844 2147483845 2147483846 2147483847 2147483851 2147483855 2147483882 2147483883 2147483715 2147483721 2147483722 2147483727 2147483728 2147483812 2147483832 2147483834 2147483838 2147483844 2147483845 2147483846 2147483847 2147483851 2147483855 2147483882 2147483883 2147483894 53 2147483894 
2147483886 2147483735 2147483744 2147483858 2147483860 2147483735 2147483744 2147483858 2147483860 
2147483887 2147483661 2147483735 2147483812 2147483819 2147483827 2147483860 2147483862 2147483661 2147483735 2147483812 2147483819 2147483827 2147483860 2147483862 
2147483888 2147483669 2147483735 2147483792 2147483812 2147483819 2147483860 2147483864 2147483865 2147483866 2147483669 2147483735 2147483792 2147483812 2147483819 2147483860 2147483864 2147483865 2147483866 2147483889 2147483889 
2147483889 2147483669 2147483735 2147483792 2147483812 2147483819 2147483860 2147483864 2147483865 2147483866 2147483888 2147483669 2147483735 2147483792 2147483812 2147483819 2147483860 2147483864 2147483865 2147483866 2147483888 
2147483890 2147483669 2147483735 2147483792 2147483807 2147483812 2147483819 2147483860 2147483865 2147483869 2147483669 2147483735 2147483792 2147483807 2147483812 2147483819 2147483860 2147483865 2147483869 
2147483891 2147483669 2147483735 2147483764 2147483812 2147483819 2147483860 2147483864 2147483873 2147483874 2147483669 2147483735 2147483764 2147483812 2147483819 2147483860 2147483864 2147483873 2147483874 2147483892 2147483892 
2147483892 2147483669 2147483735 2147483764 2147483812 2147483819 2147483860 2147483864 2147483873 2147483874 2147483891 2147483669 2147483735 2147483764 2147483812 2147483819 2147483860 2147483864 2147483873 2147483874 2147483891 
2147483893 2147483669 2147483735 2147483764 2147483779 2147483812 2147483819 2147483860 2147483873 2147483877 2147483669 2147483735 2147483764 2147483779 2147483812 2147483819 2147483860 2147483873 2147483877 
2147483894 2147483715 2147483721 2147483722 2147483727 2147483728 2147483812 2147483832 2147483834 2147483838 2147483844 2147483845 2147483846 2147483847 2147483851 2147483855 2147483882 2147483883 2147483884 2147483715 2147483721 2147483722 2147483727 2147483728 2147483812 2147483832 2147483834 2147483838 2147483844 2147483845 2147483846 2147483847 2147483851 2147483855 2147483882 2147483883 2147483884 
