22 
23 
24 
25 
26 
27 
32 
49 2147483648 2147483649 2147483658 2147483659 2147483731 
50 
51 
52 2147483648 2147483649 2147483658 2147483659 2147483731 
53 2147483648 2147483649 2147483658 2147483659 2147483660 2147483720 2147483731 
54 2147483648 2147483649 2147483658 2147483659 2147483731 
57 2147483648 2147483649 2147483658 2147483659 2147483660 2147483731 
127 2147483648 2147483649 2147483658 2147483659 2147483731 
128 2147483648 2147483649 2147483658 2147483659 2147483731 
129 2147483648 2147483649 2147483658 2147483659 2147483731 
130 2147483648 2147483649 2147483658 2147483659 2147483731 
131 
132 
133 
134 
263 
264 
265 
266 
267 
268 
269 
270 
2147483648 2147483649 2147483658 2147483659 2147483660 2147483666 2147483675 2147483689 2147483696 2147483699 2147483702 2147483705 2147483710 2147483714 2147483716 2147483719 2147483720 2147483722 2147483729 2147483731 2147483733 2147483749 53 54 57 49 52 127 128 129 130 2147483649 2147483658 2147483659 2147483660 2147483666 2147483675 2147483689 2147483696 2147483699 2147483702 2147483705 2147483710 2147483714 2147483716 2147483719 2147483720 2147483722 2147483729 2147483731 2147483733 2147483749 
2147483649 2147483648 2147483648 2147483658 2147483659 2147483666 2147483675 2147483689 2147483696 2147483699 2147483702 2147483749 53 49 52 54 57 127 128 129 130 2147483658 2147483659 2147483666 2147483675 2147483689 2147483696 2147483699 2147483702 2147483749 
2147483658 2147483648 2147483649 2147483648 2147483649 2147483659 2147483660 2147483666 2147483675 2147483689 2147483696 2147483699 2147483702 2147483705 2147483710 2147483731 2147483749 53 49 52 54 57 127 128 129 130 2147483659 2147483660 2147483666 2147483675 2147483689 2147483696 2147483699 2147483702 2147483705 2147483710 2147483731 2147483749 
2147483659 2147483648 2147483649 2147483658 2147483648 2147483649 2147483658 2147483660 2147483666 2147483675 2147483689 2147483749 57 54 49 52 53 127 128 129 130 2147483660 2147483666 2147483675 2147483689 2147483749 
2147483660 2147483648 2147483658 2147483659 2147483648 2147483658 2147483659 57 53 
2147483666 2147483648 2147483649 2147483658 2147483659 2147483648 2147483649 2147483658 2147483659 
2147483675 2147483648 2147483649 2147483658 2147483659 2147483648 2147483649 2147483658 2147483659 2147483749 2147483749 
2147483689 2147483648 2147483649 2147483658 2147483659 2147483648 2147483649 2147483658 2147483659 
2147483696 2147483648 2147483649 2147483658 2147483648 2147483649 2147483658 
2147483699 2147483648 2147483649 2147483658 2147483648 2147483649 2147483658 
2147483702 2147483648 2147483649 2147483658 2147483648 2147483649 2147483658 
2147483705 2147483648 2147483658 2147483648 2147483658 
2147483710 2147483648 2147483658 2147483648 2147483658 2147483731 2147483731 
2147483714 2147483648 2147483648 2147483716 2147483731 2147483716 2147483731 
2147483716 2147483648 2147483714 2147483648 2147483714 2147483719 2147483731 2147483719 2147483731 
2147483719 2147483648 2147483716 2147483648 2147483716 2147483731 2147483731 
2147483720 2147483648 2147483648 2147483731 53 2147483731 
2147483722 2147483648 2147483648 2147483731 2147483731 
2147483729 2147483648 2147483648 2147483731 2147483731 
2147483731 2147483648 2147483658 2147483710 2147483714 2147483716 2147483719 2147483720 2147483722 2147483729 2147483648 2147483658 2147483710 2147483714 2147483716 2147483719 2147483720 2147483722 2147483729 49 52 54 57 53 127 128 129 130 
2147483733 2147483648 2147483648 
2147483749 2147483648 2147483649 2147483658 2147483659 2147483675 2147483648 2147483649 2147483658 2147483659 2147483675 
