3 
6 
9 
13 
16 
21 
22 2147483655 2147483656 2147483658 
23 
24 
25 2147483655 2147483656 2147483658 
26 2147483655 2147483656 2147483658 2147483659 
27 2147483655 2147483656 2147483658 
32 2147483655 2147483656 2147483658 
49 2147483662 
50 
51 
52 2147483662 
53 2147483662 
54 2147483662 
57 2147483662 2147483663 
59 
127 2147483662 
128 2147483662 
129 2147483662 
130 2147483662 
131 
132 
133 
134 
263 2147483655 2147483656 2147483658 
264 2147483655 2147483656 2147483658 
265 2147483655 2147483656 2147483658 
266 2147483655 2147483656 2147483658 
267 
268 
269 
270 
271 
272 
273 
274 
275 
276 
277 
278 
2147483649 2147483650 2147483651 2147483652 2147483662 2147483665 2147483673 2147483678 2147483681 2147483650 2147483651 2147483652 2147483662 2147483665 2147483673 2147483678 2147483681 
2147483650 2147483649 2147483649 2147483662 2147483665 2147483673 2147483681 2147483662 2147483665 2147483673 2147483681 
2147483651 2147483649 2147483649 2147483652 2147483653 2147483662 2147483665 2147483678 2147483681 2147483715 2147483753 2147483652 2147483653 2147483662 2147483665 2147483678 2147483681 2147483715 2147483753 
2147483652 2147483649 2147483651 2147483649 2147483651 2147483653 2147483662 2147483665 2147483715 2147483753 2147483653 2147483662 2147483665 2147483715 2147483753 
2147483653 2147483651 2147483652 2147483651 2147483652 2147483662 2147483715 2147483753 2147483662 2147483715 2147483753 
2147483655 2147483656 2147483662 2147483723 2147483726 22 26 25 27 32 263 264 265 266 2147483656 2147483662 2147483723 2147483726 
2147483656 2147483655 2147483655 2147483726 22 32 25 27 26 263 264 265 266 2147483726 
2147483657 2147483662 2147483662 
2147483658 2147483659 2147483662 2147483693 22 26 25 27 32 263 264 265 266 2147483659 2147483662 2147483693 
2147483659 2147483658 2147483658 2147483662 26 2147483662 
2147483662 2147483649 2147483650 2147483651 2147483652 2147483653 2147483655 2147483657 2147483658 2147483659 2147483649 2147483650 2147483651 2147483652 2147483653 2147483655 2147483657 2147483658 2147483659 2147483663 2147483665 2147483673 2147483678 2147483681 2147483693 2147483715 2147483721 2147483753 57 49 52 54 53 127 128 129 130 2147483663 2147483665 2147483673 2147483678 2147483681 2147483693 2147483715 2147483721 2147483753 
2147483663 2147483662 2147483662 57 
2147483665 2147483649 2147483650 2147483651 2147483652 2147483662 2147483649 2147483650 2147483651 2147483652 2147483662 2147483673 2147483678 2147483681 2147483673 2147483678 2147483681 
2147483673 2147483649 2147483650 2147483662 2147483665 2147483649 2147483650 2147483662 2147483665 
2147483678 2147483649 2147483651 2147483662 2147483665 2147483649 2147483651 2147483662 2147483665 2147483681 2147483681 
2147483681 2147483649 2147483650 2147483651 2147483662 2147483665 2147483678 2147483649 2147483650 2147483651 2147483662 2147483665 2147483678 
2147483693 2147483658 2147483662 2147483658 2147483662 
2147483696 
2147483715 2147483651 2147483652 2147483653 2147483662 2147483651 2147483652 2147483653 2147483662 2147483753 2147483753 
2147483721 2147483662 2147483662 
2147483723 2147483655 2147483655 
2147483726 2147483655 2147483656 2147483655 2147483656 
2147483732 
2147483753 2147483651 2147483652 2147483653 2147483662 2147483715 2147483651 2147483652 2147483653 2147483662 2147483715 
