3 
6 
9 
13 
16 
21 
22 2147483664 
23 
24 
25 2147483664 
26 2147483664 
27 2147483664 
32 2147483664 
49 2147483661 2147483662 2147483665 
50 
51 
52 2147483661 2147483662 2147483665 
53 2147483660 2147483661 2147483662 2147483663 2147483665 
54 2147483660 2147483661 2147483662 2147483665 
57 2147483660 2147483661 2147483662 2147483663 2147483665 
59 
127 2147483661 2147483662 2147483665 
128 2147483661 2147483662 2147483665 
129 2147483661 2147483662 2147483665 
130 2147483661 2147483662 2147483665 
131 
132 
133 
134 
263 2147483664 
264 2147483664 
265 2147483664 
266 2147483664 
267 
268 
269 
270 
271 
272 
273 
274 
275 
276 
277 
278 
2147483650 2147483661 2147483662 2147483665 2147483681 2147483685 2147483703 2147483704 2147483661 2147483662 2147483665 2147483681 2147483685 2147483703 2147483704 
2147483660 2147483662 54 57 53 2147483662 
2147483661 2147483650 2147483650 2147483662 2147483663 2147483664 2147483665 2147483666 2147483672 2147483675 2147483681 2147483685 2147483687 2147483703 2147483704 2147483705 53 49 52 54 57 127 128 129 130 2147483662 2147483663 2147483664 2147483665 2147483666 2147483672 2147483675 2147483681 2147483685 2147483687 2147483703 2147483704 2147483705 
2147483662 2147483650 2147483660 2147483661 2147483650 2147483660 2147483661 2147483663 2147483664 2147483665 2147483666 2147483672 2147483675 2147483681 2147483685 2147483687 2147483703 2147483704 2147483705 57 54 49 52 53 127 128 129 130 2147483663 2147483664 2147483665 2147483666 2147483672 2147483675 2147483681 2147483685 2147483687 2147483703 2147483704 2147483705 
2147483663 2147483661 2147483662 2147483661 2147483662 2147483664 2147483665 57 53 2147483664 2147483665 
2147483664 2147483661 2147483662 2147483663 2147483661 2147483662 2147483663 2147483665 2147483666 2147483672 2147483675 2147483703 2147483704 25 22 27 32 26 263 264 265 266 2147483665 2147483666 2147483672 2147483675 2147483703 2147483704 
2147483665 2147483650 2147483661 2147483662 2147483663 2147483664 2147483650 2147483661 2147483662 2147483663 2147483664 2147483666 2147483672 2147483675 2147483681 2147483685 2147483703 2147483704 127 49 52 54 57 53 128 129 130 2147483666 2147483672 2147483675 2147483681 2147483685 2147483703 2147483704 
2147483666 2147483661 2147483662 2147483664 2147483665 2147483661 2147483662 2147483664 2147483665 
2147483672 2147483661 2147483662 2147483664 2147483665 2147483661 2147483662 2147483664 2147483665 2147483703 2147483704 2147483703 2147483704 
2147483675 2147483661 2147483662 2147483664 2147483665 2147483661 2147483662 2147483664 2147483665 2147483703 2147483704 2147483703 2147483704 
2147483681 2147483650 2147483661 2147483662 2147483665 2147483650 2147483661 2147483662 2147483665 2147483685 2147483703 2147483704 2147483685 2147483703 2147483704 
2147483685 2147483650 2147483661 2147483662 2147483665 2147483681 2147483650 2147483661 2147483662 2147483665 2147483681 2147483703 2147483704 2147483703 2147483704 
2147483687 2147483661 2147483662 2147483661 2147483662 2147483705 2147483705 
2147483703 2147483650 2147483661 2147483662 2147483664 2147483665 2147483672 2147483675 2147483681 2147483685 2147483650 2147483661 2147483662 2147483664 2147483665 2147483672 2147483675 2147483681 2147483685 2147483704 2147483704 
2147483704 2147483650 2147483661 2147483662 2147483664 2147483665 2147483672 2147483675 2147483681 2147483685 2147483703 2147483650 2147483661 2147483662 2147483664 2147483665 2147483672 2147483675 2147483681 2147483685 2147483703 
2147483705 2147483661 2147483662 2147483687 2147483661 2147483662 2147483687 
