49,1,49,-1,0,1,0,0,0,
50,1,50,-1,0,1,0,0,0,
51,1,51,-1,0,1,0,0,0,
52,1,52,-1,0,1,0,0,0,
53,1,53,-1,0,1,0,0,0,
54,1,54,-1,0,1,0,0,0,
57,1,57,-1,0,1,0,0,0,
127,1,127,-1,0,1,0,0,0,
128,1,128,-1,0,1,0,0,0,
129,1,129,-1,0,1,0,0,0,
130,1,130,-1,0,1,0,0,0,
131,1,131,-1,0,1,0,0,0,
132,1,132,-1,0,1,0,0,0,
133,1,133,-1,0,1,0,0,0,
134,1,134,-1,0,1,0,0,0,
2147483648,0,0,0.00395158,2,0,1,0,0,49 52 54 57 53 127 128 129 130 51 133 134 131 132 50
2147483649,0,0,0.00497987,6,0,1,0,0,49 52 54 57 53 127 128 129 130 51 133 134 131 132 50
2147483650,0,0,0.0025563,1,0,1,0,0,49 52 54 57 53 127 128 129 130 51 133 134 131 132 50
2147483654,0,0,0.00166252,1,0,1,0,0,49 52 54 57 53 127 128 129 130 51 133 134 131 132 50
2147483661,0,0,0.00447472,6,0,1,0,0,49 52 54 57 53 127 128 129 130 51 133 134 131 132 50
2147483662,0,0,0.00272672,2,0,1,0,0,49 52 54 57 53 127 128 129 130 51 133 134 131 132 50
2147483665,0,0,inf,1,0,1,0,0,49 52 54 57 53 127 128 129 130 51 133 134 131 132 50
2147483669,0,0,0.00220588,2,0,1,0,0,49 52 54 57 53 127 128 129 130 51 133 134 131 132 50
2147483672,0,0,0.0047629,8,0,1,0,0,49 52 54 57 53 127 128 129 130 51 133 134 131 132 50
2147483677,0,0,0.00378788,2,0,1,0,0,49 52 54 57 53 127 128 129 130 51 133 134 131 132 50
2147483686,0,0,0.00355553,3,0,1,0,0,49 52 54 57 53 127 128 129 130 51 133 134 131 132 50
2147483688,0,0,inf,3,0,1,0,0,49 52 54 57 53 127 128 129 130 51 133 134 131 132 50
2147483696,0,0,0.00416667,2,0,1,0,0,49 52 54 57 53 127 128 129 130 51 133 134 131 132 50
2147483698,0,0,inf,1,0,1,0,0,49 52 54 57 53 127 128 129 130 51 133 134 131 132 50
2147483700,0,0,0.00241268,2,0,1,0,0,49 52 54 57 53 127 128 129 130 51 133 134 131 132 50
2147483701,0,0,inf,1,0,1,0,0,49 52 54 57 53 127 128 129 130 51 133 134 131 132 50
2147483704,0,0,inf,1,0,1,0,0,49 52 54 57 53 127 128 129 130 51 133 134 131 132 50
2147483706,0,0,0.00226316,3,0,1,0,0,51 133 134 131 132 50
2147483707,0,0,0.000781778,4,0,1,0,0,49 52 54 57 53 127 128 129 130 51 133 134 131 132 50
