49 
50 
51 
52 
53 
54 
57 
127 
128 
129 
130 
131 
132 
133 
134 
2147483652 2147483660 2147483667 2147483669 2147483670 2147483671 2147483672 2147483673 2147483660 2147483667 2147483669 2147483670 2147483671 2147483672 2147483673 
2147483660 2147483652 2147483652 2147483661 2147483667 2147483669 2147483670 2147483671 2147483672 2147483673 2147483661 2147483667 2147483669 2147483670 2147483671 2147483672 2147483673 
2147483661 2147483660 2147483660 2147483670 2147483671 2147483670 2147483671 
2147483667 2147483652 2147483660 2147483652 2147483660 2147483670 2147483671 2147483672 2147483673 2147483670 2147483671 2147483672 2147483673 
2147483669 2147483652 2147483660 2147483652 2147483660 2147483670 2147483671 2147483672 2147483670 2147483671 2147483672 
2147483670 2147483652 2147483660 2147483661 2147483667 2147483669 2147483652 2147483660 2147483661 2147483667 2147483669 2147483671 2147483672 2147483673 2147483671 2147483672 2147483673 
2147483671 2147483652 2147483660 2147483661 2147483667 2147483669 2147483670 2147483652 2147483660 2147483661 2147483667 2147483669 2147483670 2147483672 2147483673 2147483672 2147483673 
2147483672 2147483652 2147483660 2147483667 2147483669 2147483670 2147483671 2147483652 2147483660 2147483667 2147483669 2147483670 2147483671 2147483673 2147483673 
2147483673 2147483652 2147483660 2147483667 2147483670 2147483671 2147483672 2147483652 2147483660 2147483667 2147483670 2147483671 2147483672 
