22 2147483660 
23 
24 
25 2147483660 
26 2147483660 
27 2147483660 
32 2147483660 
49 2147483651 2147483652 2147483661 2147483662 2147483663 2147483664 2147483698 
50 
51 
52 2147483651 2147483652 2147483661 2147483662 2147483663 2147483664 2147483681 2147483698 
53 2147483651 2147483652 2147483661 2147483662 2147483663 2147483664 2147483681 2147483698 
54 2147483651 2147483652 2147483661 2147483662 2147483663 2147483664 2147483681 2147483698 
57 2147483651 2147483652 2147483661 2147483662 2147483663 2147483664 2147483681 2147483698 
127 2147483651 2147483652 2147483661 2147483662 2147483663 2147483664 2147483698 
128 2147483651 2147483652 2147483661 2147483662 2147483663 2147483664 2147483698 
129 2147483651 2147483652 2147483661 2147483662 2147483663 2147483664 2147483698 
130 2147483651 2147483652 2147483661 2147483662 2147483663 2147483664 2147483698 
131 
132 
133 
134 
151 
152 
153 
154 
155 
156 
157 
158 
159 
160 
161 
162 
163 
164 
165 
166 
263 2147483660 
264 2147483660 
265 2147483660 
266 2147483660 
267 
268 
269 
270 
2147483648 2147483660 2147483661 2147483662 2147483663 2147483664 2147483667 2147483660 2147483661 2147483662 2147483663 2147483664 2147483667 
2147483650 2147483698 2147483698 
2147483651 2147483652 2147483693 2147483695 2147483697 2147483698 2147483700 49 52 54 57 53 127 128 129 130 2147483652 2147483693 2147483695 2147483697 2147483698 2147483700 
2147483652 2147483651 2147483651 2147483697 2147483698 2147483700 49 52 54 57 53 127 128 129 130 2147483697 2147483698 2147483700 
2147483660 2147483648 2147483648 2147483661 2147483662 2147483663 2147483664 2147483665 2147483667 2147483681 2147483682 2147483698 26 32 22 25 27 263 264 265 266 2147483661 2147483662 2147483663 2147483664 2147483665 2147483667 2147483681 2147483682 2147483698 
2147483661 2147483648 2147483660 2147483648 2147483660 2147483662 2147483663 2147483664 2147483665 2147483667 2147483681 2147483682 57 53 49 52 54 127 128 129 130 2147483662 2147483663 2147483664 2147483665 2147483667 2147483681 2147483682 
2147483662 2147483648 2147483660 2147483661 2147483648 2147483660 2147483661 2147483663 2147483664 2147483665 2147483667 2147483681 2147483682 54 57 49 52 53 127 128 129 130 2147483663 2147483664 2147483665 2147483667 2147483681 2147483682 
2147483663 2147483648 2147483660 2147483661 2147483662 2147483648 2147483660 2147483661 2147483662 2147483664 2147483665 2147483667 2147483681 52 49 54 57 53 127 128 129 130 2147483664 2147483665 2147483667 2147483681 
2147483664 2147483648 2147483660 2147483661 2147483662 2147483663 2147483648 2147483660 2147483661 2147483662 2147483663 2147483665 2147483667 2147483681 2147483682 127 128 49 52 54 57 53 129 130 2147483665 2147483667 2147483681 2147483682 
2147483665 2147483660 2147483661 2147483662 2147483663 2147483664 2147483660 2147483661 2147483662 2147483663 2147483664 
2147483667 2147483648 2147483660 2147483661 2147483662 2147483663 2147483664 2147483648 2147483660 2147483661 2147483662 2147483663 2147483664 
2147483681 2147483660 2147483661 2147483662 2147483663 2147483664 2147483660 2147483661 2147483662 2147483663 2147483664 2147483682 52 54 57 53 2147483682 
2147483682 2147483660 2147483661 2147483662 2147483664 2147483681 2147483660 2147483661 2147483662 2147483664 2147483681 
2147483688 2147483698 2147483698 
2147483693 2147483651 2147483651 2147483697 2147483698 2147483700 2147483697 2147483698 2147483700 
2147483695 2147483651 2147483651 2147483697 2147483698 2147483697 2147483698 
2147483697 2147483651 2147483652 2147483693 2147483695 2147483651 2147483652 2147483693 2147483695 2147483698 2147483700 2147483698 2147483700 
2147483698 2147483650 2147483651 2147483652 2147483660 2147483688 2147483693 2147483695 2147483697 2147483650 2147483651 2147483652 2147483660 2147483688 2147483693 2147483695 2147483697 2147483700 49 53 52 54 57 127 128 129 130 2147483700 
2147483700 2147483651 2147483652 2147483693 2147483697 2147483698 2147483651 2147483652 2147483693 2147483697 2147483698 
