22 
23 
24 
25 
26 
27 
32 
49 2147483648 2147483650 2147483654 2147483663 
50 
51 
52 2147483648 2147483650 2147483654 2147483663 
53 2147483648 2147483650 2147483654 2147483663 
54 2147483648 2147483650 2147483654 2147483663 
57 2147483648 2147483650 2147483654 2147483663 
127 2147483648 2147483650 2147483654 2147483663 
128 2147483648 2147483650 2147483654 2147483663 
129 2147483648 2147483650 2147483654 2147483663 
130 2147483648 2147483650 2147483654 2147483663 
131 
132 
133 
134 
263 
264 
265 
266 
267 
268 
269 
270 
2147483648 2147483650 2147483651 2147483652 2147483654 2147483661 2147483663 49 52 54 57 53 127 128 129 130 2147483650 2147483651 2147483652 2147483654 2147483661 2147483663 
2147483650 2147483648 2147483648 2147483651 2147483654 2147483661 2147483663 53 49 52 54 57 127 128 129 130 2147483651 2147483654 2147483661 2147483663 
2147483651 2147483648 2147483650 2147483648 2147483650 2147483654 2147483663 2147483654 2147483663 
2147483652 2147483648 2147483648 2147483654 2147483663 2147483654 2147483663 
2147483654 2147483648 2147483650 2147483651 2147483652 2147483648 2147483650 2147483651 2147483652 2147483656 2147483661 2147483663 53 49 52 54 57 127 128 129 130 2147483656 2147483661 2147483663 
2147483656 2147483654 2147483654 
2147483661 2147483648 2147483650 2147483654 2147483648 2147483650 2147483654 2147483663 2147483663 
2147483663 2147483648 2147483650 2147483651 2147483652 2147483654 2147483661 2147483648 2147483650 2147483651 2147483652 2147483654 2147483661 49 52 54 57 53 127 128 129 130 
