22 
23 
24 
25 
26 
27 
32 
49 
50 
51 
52 2147483651 
53 2147483649 2147483650 2147483651 
54 2147483650 2147483651 
57 2147483649 2147483650 2147483651 
127 
128 
129 
130 
131 
132 
133 
134 
263 
264 
265 
266 
267 
268 
269 
270 
2147483648 2147483649 2147483650 2147483651 2147483649 2147483650 2147483651 
2147483649 2147483648 2147483648 2147483650 2147483651 57 53 2147483650 2147483651 
2147483650 2147483648 2147483649 2147483648 2147483649 2147483651 54 57 53 2147483651 
2147483651 2147483648 2147483649 2147483650 2147483648 2147483649 2147483650 52 54 57 53 
