22 2147483670 2147483671 2147483696 2147483808 
23 
24 
25 2147483670 2147483671 2147483696 2147483808 
26 2147483670 2147483671 2147483696 2147483808 
27 2147483670 2147483671 2147483696 2147483808 
32 2147483670 2147483671 2147483696 2147483808 
49 2147483648 2147483649 2147483673 2147483676 2147483697 2147483698 2147483741 2147483768 2147483819 2147483890 2147483894 2147483901 2147483902 
50 
51 
52 2147483648 2147483649 2147483659 2147483673 2147483676 2147483679 2147483680 2147483682 2147483697 2147483698 2147483722 2147483733 2147483741 2147483759 2147483768 2147483773 2147483819 2147483842 2147483860 2147483872 2147483874 2147483875 2147483881 2147483883 2147483890 2147483894 2147483899 2147483900 2147483901 2147483902 
53 2147483648 2147483649 2147483673 2147483676 2147483697 2147483698 2147483741 2147483768 2147483819 2147483890 2147483894 2147483901 2147483902 
54 2147483648 2147483649 2147483673 2147483676 2147483697 2147483698 2147483741 2147483768 2147483819 2147483890 2147483894 2147483901 2147483902 
57 2147483648 2147483649 2147483673 2147483676 2147483697 2147483698 2147483741 2147483768 2147483819 2147483890 2147483894 2147483901 2147483902 
127 2147483648 2147483649 2147483673 2147483676 2147483697 2147483698 2147483741 2147483768 2147483819 2147483890 2147483894 2147483901 2147483902 
128 2147483648 2147483649 2147483673 2147483676 2147483697 2147483698 2147483741 2147483768 2147483819 2147483890 2147483894 2147483901 2147483902 
129 2147483648 2147483649 2147483673 2147483676 2147483697 2147483698 2147483741 2147483768 2147483819 2147483890 2147483894 2147483901 2147483902 
130 2147483648 2147483649 2147483673 2147483676 2147483697 2147483698 2147483741 2147483768 2147483819 2147483890 2147483894 2147483901 2147483902 
131 
132 
133 
134 
263 2147483670 2147483671 2147483696 2147483808 
264 2147483670 2147483671 2147483696 2147483808 
265 2147483670 2147483671 2147483696 2147483808 
266 2147483670 2147483671 2147483696 2147483808 
267 
268 
269 
270 
2147483648 2147483649 2147483654 2147483655 2147483659 2147483661 2147483670 2147483671 2147483673 2147483676 2147483678 2147483679 2147483680 2147483682 2147483683 2147483686 2147483696 2147483697 2147483698 2147483699 2147483722 2147483724 2147483733 2147483735 2147483741 2147483749 2147483750 2147483751 2147483753 2147483754 2147483757 2147483759 2147483768 2147483773 2147483775 2147483778 2147483779 2147483782 2147483785 2147483786 2147483803 2147483804 2147483805 2147483808 2147483810 2147483814 2147483815 2147483819 2147483823 2147483824 2147483825 2147483827 2147483831 2147483832 2147483842 2147483850 2147483852 2147483853 2147483854 2147483860 2147483869 2147483872 2147483874 2147483875 2147483881 2147483883 2147483885 2147483890 2147483894 2147483895 2147483896 2147483897 2147483899 2147483900 2147483901 2147483902 49 53 52 54 57 127 128 129 130 2147483649 2147483654 2147483655 2147483659 2147483661 2147483670 2147483671 2147483673 2147483676 2147483678 2147483679 2147483680 2147483682 2147483683 2147483686 2147483696 2147483697 2147483698 2147483699 2147483722 2147483724 2147483733 2147483735 2147483741 2147483749 2147483750 2147483751 2147483753 2147483754 2147483757 2147483759 2147483768 2147483773 2147483775 2147483778 2147483779 2147483782 2147483785 2147483786 2147483803 2147483804 2147483805 2147483808 2147483810 2147483814 2147483815 2147483819 2147483823 2147483824 2147483825 2147483827 2147483831 2147483832 2147483842 2147483850 2147483852 2147483853 2147483854 2147483860 2147483869 2147483872 2147483874 2147483875 2147483881 2147483883 2147483885 2147483890 2147483894 2147483895 2147483896 2147483897 2147483899 2147483900 2147483901 2147483902 
2147483649 2147483648 2147483648 2147483654 2147483655 2147483659 2147483661 2147483670 2147483671 2147483673 2147483676 2147483678 2147483679 2147483680 2147483682 2147483683 2147483686 2147483696 2147483697 2147483698 2147483699 2147483722 2147483724 2147483733 2147483735 2147483741 2147483753 2147483754 2147483757 2147483759 2147483768 2147483773 2147483775 2147483778 2147483779 2147483782 2147483785 2147483786 2147483803 2147483804 2147483805 2147483808 2147483810 2147483814 2147483815 2147483819 2147483823 2147483824 2147483825 2147483827 2147483831 2147483832 2147483842 2147483850 2147483852 2147483853 2147483854 2147483860 2147483869 2147483870 2147483872 2147483874 2147483875 2147483881 2147483883 2147483885 2147483890 2147483894 2147483895 2147483896 2147483897 2147483899 2147483900 2147483901 2147483902 53 49 52 54 57 127 128 129 130 2147483654 2147483655 2147483659 2147483661 2147483670 2147483671 2147483673 2147483676 2147483678 2147483679 2147483680 2147483682 2147483683 2147483686 2147483696 2147483697 2147483698 2147483699 2147483722 2147483724 2147483733 2147483735 2147483741 2147483753 2147483754 2147483757 2147483759 2147483768 2147483773 2147483775 2147483778 2147483779 2147483782 2147483785 2147483786 2147483803 2147483804 2147483805 2147483808 2147483810 2147483814 2147483815 2147483819 2147483823 2147483824 2147483825 2147483827 2147483831 2147483832 2147483842 2147483850 2147483852 2147483853 2147483854 2147483860 2147483869 2147483870 2147483872 2147483874 2147483875 2147483881 2147483883 2147483885 2147483890 2147483894 2147483895 2147483896 2147483897 2147483899 2147483900 2147483901 2147483902 
2147483654 2147483648 2147483649 2147483648 2147483649 2147483670 2147483671 2147483741 2147483872 2147483670 2147483671 2147483741 2147483872 
2147483655 2147483648 2147483649 2147483648 2147483649 2147483670 2147483671 2147483741 2147483872 2147483670 2147483671 2147483741 2147483872 
2147483659 2147483648 2147483649 2147483648 2147483649 2147483661 2147483670 2147483671 2147483741 2147483759 2147483872 2147483874 2147483875 52 2147483661 2147483670 2147483671 2147483741 2147483759 2147483872 2147483874 2147483875 
2147483661 2147483648 2147483649 2147483659 2147483648 2147483649 2147483659 2147483670 2147483671 2147483741 2147483759 2147483872 2147483874 2147483875 2147483670 2147483671 2147483741 2147483759 2147483872 2147483874 2147483875 
2147483670 2147483648 2147483649 2147483654 2147483655 2147483659 2147483661 2147483648 2147483649 2147483654 2147483655 2147483659 2147483661 2147483671 2147483673 2147483676 2147483678 2147483679 2147483680 2147483682 2147483683 2147483686 2147483696 2147483697 2147483698 2147483699 2147483741 2147483757 2147483759 2147483768 2147483773 2147483775 2147483778 2147483779 2147483782 2147483785 2147483786 2147483803 2147483804 2147483872 2147483874 2147483875 2147483881 2147483883 2147483885 2147483902 22 25 27 32 26 263 264 265 266 2147483671 2147483673 2147483676 2147483678 2147483679 2147483680 2147483682 2147483683 2147483686 2147483696 2147483697 2147483698 2147483699 2147483741 2147483757 2147483759 2147483768 2147483773 2147483775 2147483778 2147483779 2147483782 2147483785 2147483786 2147483803 2147483804 2147483872 2147483874 2147483875 2147483881 2147483883 2147483885 2147483902 
2147483671 2147483648 2147483649 2147483654 2147483655 2147483659 2147483661 2147483670 2147483648 2147483649 2147483654 2147483655 2147483659 2147483661 2147483670 2147483673 2147483676 2147483678 2147483679 2147483680 2147483682 2147483683 2147483686 2147483696 2147483697 2147483698 2147483699 2147483722 2147483724 2147483733 2147483735 2147483741 2147483757 2147483759 2147483768 2147483773 2147483775 2147483778 2147483779 2147483782 2147483785 2147483786 2147483803 2147483804 2147483805 2147483808 2147483810 2147483814 2147483815 2147483819 2147483823 2147483824 2147483825 2147483827 2147483831 2147483832 2147483842 2147483850 2147483852 2147483853 2147483854 2147483860 2147483869 2147483870 2147483872 2147483874 2147483875 2147483881 2147483883 2147483885 2147483890 2147483894 2147483895 2147483896 2147483897 2147483899 2147483900 2147483901 2147483902 22 25 27 32 26 263 264 265 266 2147483673 2147483676 2147483678 2147483679 2147483680 2147483682 2147483683 2147483686 2147483696 2147483697 2147483698 2147483699 2147483722 2147483724 2147483733 2147483735 2147483741 2147483757 2147483759 2147483768 2147483773 2147483775 2147483778 2147483779 2147483782 2147483785 2147483786 2147483803 2147483804 2147483805 2147483808 2147483810 2147483814 2147483815 2147483819 2147483823 2147483824 2147483825 2147483827 2147483831 2147483832 2147483842 2147483850 2147483852 2147483853 2147483854 2147483860 2147483869 2147483870 2147483872 2147483874 2147483875 2147483881 2147483883 2147483885 2147483890 2147483894 2147483895 2147483896 2147483897 2147483899 2147483900 2147483901 2147483902 
2147483673 2147483648 2147483649 2147483670 2147483671 2147483648 2147483649 2147483670 2147483671 2147483696 2147483697 2147483698 2147483699 2147483741 49 52 54 57 53 127 128 129 130 2147483696 2147483697 2147483698 2147483699 2147483741 
2147483676 2147483648 2147483649 2147483670 2147483671 2147483648 2147483649 2147483670 2147483671 2147483678 2147483679 2147483680 2147483682 2147483741 2147483768 2147483773 2147483775 2147483778 2147483779 2147483782 2147483785 2147483786 2147483881 2147483883 2147483902 49 52 54 57 53 127 128 129 130 2147483678 2147483679 2147483680 2147483682 2147483741 2147483768 2147483773 2147483775 2147483778 2147483779 2147483782 2147483785 2147483786 2147483881 2147483883 2147483902 
2147483678 2147483648 2147483649 2147483670 2147483671 2147483676 2147483648 2147483649 2147483670 2147483671 2147483676 2147483741 2147483768 2147483778 2147483779 2147483782 2147483883 2147483902 2147483741 2147483768 2147483778 2147483779 2147483782 2147483883 2147483902 
2147483679 2147483648 2147483649 2147483670 2147483671 2147483676 2147483648 2147483649 2147483670 2147483671 2147483676 2147483680 2147483682 2147483683 2147483686 2147483741 2147483768 2147483773 2147483775 2147483881 2147483883 2147483902 52 2147483680 2147483682 2147483683 2147483686 2147483741 2147483768 2147483773 2147483775 2147483881 2147483883 2147483902 
2147483680 2147483648 2147483649 2147483670 2147483671 2147483676 2147483679 2147483648 2147483649 2147483670 2147483671 2147483676 2147483679 2147483682 2147483683 2147483741 2147483768 2147483773 2147483775 2147483881 2147483883 2147483902 52 2147483682 2147483683 2147483741 2147483768 2147483773 2147483775 2147483881 2147483883 2147483902 
2147483682 2147483648 2147483649 2147483670 2147483671 2147483676 2147483679 2147483680 2147483648 2147483649 2147483670 2147483671 2147483676 2147483679 2147483680 2147483683 2147483741 2147483768 2147483773 2147483775 2147483881 2147483883 2147483902 52 2147483683 2147483741 2147483768 2147483773 2147483775 2147483881 2147483883 2147483902 
2147483683 2147483648 2147483649 2147483670 2147483671 2147483679 2147483680 2147483682 2147483648 2147483649 2147483670 2147483671 2147483679 2147483680 2147483682 2147483741 2147483768 2147483881 2147483741 2147483768 2147483881 
2147483686 2147483648 2147483649 2147483670 2147483671 2147483679 2147483648 2147483649 2147483670 2147483671 2147483679 2147483741 2147483768 2147483741 2147483768 
2147483696 2147483648 2147483649 2147483670 2147483671 2147483673 2147483648 2147483649 2147483670 2147483671 2147483673 2147483697 2147483698 2147483699 2147483741 22 25 27 32 26 263 264 265 266 2147483697 2147483698 2147483699 2147483741 
2147483697 2147483648 2147483649 2147483670 2147483671 2147483673 2147483696 2147483648 2147483649 2147483670 2147483671 2147483673 2147483696 2147483741 49 52 54 57 53 127 128 129 130 2147483741 
2147483698 2147483648 2147483649 2147483670 2147483671 2147483673 2147483696 2147483648 2147483649 2147483670 2147483671 2147483673 2147483696 2147483741 49 52 54 57 53 127 128 129 130 2147483741 
2147483699 2147483648 2147483649 2147483670 2147483671 2147483673 2147483696 2147483648 2147483649 2147483670 2147483671 2147483673 2147483696 2147483741 2147483741 
2147483722 2147483648 2147483649 2147483671 2147483648 2147483649 2147483671 2147483724 2147483741 2147483842 2147483899 2147483900 2147483901 52 2147483724 2147483741 2147483842 2147483899 2147483900 2147483901 
2147483724 2147483648 2147483649 2147483671 2147483722 2147483648 2147483649 2147483671 2147483722 2147483741 2147483842 2147483899 2147483900 2147483901 2147483741 2147483842 2147483899 2147483900 2147483901 
2147483733 2147483648 2147483649 2147483671 2147483648 2147483649 2147483671 2147483735 2147483741 2147483860 2147483899 2147483900 2147483901 52 2147483735 2147483741 2147483860 2147483899 2147483900 2147483901 
2147483735 2147483648 2147483649 2147483671 2147483733 2147483648 2147483649 2147483671 2147483733 2147483741 2147483860 2147483899 2147483900 2147483901 2147483741 2147483860 2147483899 2147483900 2147483901 
2147483741 2147483648 2147483649 2147483654 2147483655 2147483659 2147483661 2147483670 2147483671 2147483673 2147483676 2147483678 2147483679 2147483680 2147483682 2147483683 2147483686 2147483696 2147483697 2147483698 2147483699 2147483722 2147483724 2147483733 2147483735 2147483648 2147483649 2147483654 2147483655 2147483659 2147483661 2147483670 2147483671 2147483673 2147483676 2147483678 2147483679 2147483680 2147483682 2147483683 2147483686 2147483696 2147483697 2147483698 2147483699 2147483722 2147483724 2147483733 2147483735 2147483743 2147483744 2147483747 2147483749 2147483750 2147483751 2147483753 2147483754 2147483757 2147483759 2147483768 2147483773 2147483775 2147483778 2147483779 2147483782 2147483785 2147483786 2147483803 2147483804 2147483805 2147483808 2147483810 2147483814 2147483815 2147483819 2147483823 2147483824 2147483825 2147483827 2147483831 2147483832 2147483842 2147483850 2147483852 2147483853 2147483854 2147483860 2147483869 2147483872 2147483874 2147483875 2147483881 2147483883 2147483885 2147483890 2147483894 2147483895 2147483896 2147483897 2147483899 2147483900 2147483901 2147483902 53 49 52 54 57 127 128 129 130 2147483743 2147483744 2147483747 2147483749 2147483750 2147483751 2147483753 2147483754 2147483757 2147483759 2147483768 2147483773 2147483775 2147483778 2147483779 2147483782 2147483785 2147483786 2147483803 2147483804 2147483805 2147483808 2147483810 2147483814 2147483815 2147483819 2147483823 2147483824 2147483825 2147483827 2147483831 2147483832 2147483842 2147483850 2147483852 2147483853 2147483854 2147483860 2147483869 2147483872 2147483874 2147483875 2147483881 2147483883 2147483885 2147483890 2147483894 2147483895 2147483896 2147483897 2147483899 2147483900 2147483901 2147483902 
2147483743 2147483741 2147483741 
2147483744 2147483741 2147483741 
2147483747 2147483741 2147483741 
2147483749 2147483648 2147483741 2147483648 2147483741 
2147483750 2147483648 2147483741 2147483648 2147483741 
2147483751 2147483648 2147483741 2147483648 2147483741 
2147483753 2147483648 2147483649 2147483741 2147483648 2147483649 2147483741 
2147483754 2147483648 2147483649 2147483741 2147483648 2147483649 2147483741 
2147483757 2147483648 2147483649 2147483670 2147483671 2147483741 2147483648 2147483649 2147483670 2147483671 2147483741 2147483872 2147483872 
2147483759 2147483648 2147483649 2147483659 2147483661 2147483670 2147483671 2147483741 2147483648 2147483649 2147483659 2147483661 2147483670 2147483671 2147483741 2147483872 2147483874 2147483875 52 2147483872 2147483874 2147483875 
2147483768 2147483648 2147483649 2147483670 2147483671 2147483676 2147483678 2147483679 2147483680 2147483682 2147483683 2147483686 2147483741 2147483648 2147483649 2147483670 2147483671 2147483676 2147483678 2147483679 2147483680 2147483682 2147483683 2147483686 2147483741 2147483773 2147483775 2147483778 2147483779 2147483782 2147483785 2147483786 2147483881 2147483883 2147483885 2147483902 49 52 54 57 53 127 128 129 130 2147483773 2147483775 2147483778 2147483779 2147483782 2147483785 2147483786 2147483881 2147483883 2147483885 2147483902 
2147483773 2147483648 2147483649 2147483670 2147483671 2147483676 2147483679 2147483680 2147483682 2147483741 2147483768 2147483648 2147483649 2147483670 2147483671 2147483676 2147483679 2147483680 2147483682 2147483741 2147483768 2147483775 2147483881 2147483883 2147483902 52 2147483775 2147483881 2147483883 2147483902 
2147483775 2147483648 2147483649 2147483670 2147483671 2147483676 2147483679 2147483680 2147483682 2147483741 2147483768 2147483773 2147483648 2147483649 2147483670 2147483671 2147483676 2147483679 2147483680 2147483682 2147483741 2147483768 2147483773 2147483881 2147483883 2147483902 2147483881 2147483883 2147483902 
2147483778 2147483648 2147483649 2147483670 2147483671 2147483676 2147483678 2147483741 2147483768 2147483648 2147483649 2147483670 2147483671 2147483676 2147483678 2147483741 2147483768 2147483883 2147483902 2147483883 2147483902 
2147483779 2147483648 2147483649 2147483670 2147483671 2147483676 2147483678 2147483741 2147483768 2147483648 2147483649 2147483670 2147483671 2147483676 2147483678 2147483741 2147483768 2147483883 2147483902 2147483883 2147483902 
2147483782 2147483648 2147483649 2147483670 2147483671 2147483676 2147483678 2147483741 2147483768 2147483648 2147483649 2147483670 2147483671 2147483676 2147483678 2147483741 2147483768 2147483883 2147483902 2147483883 2147483902 
2147483785 2147483648 2147483649 2147483670 2147483671 2147483676 2147483741 2147483768 2147483648 2147483649 2147483670 2147483671 2147483676 2147483741 2147483768 2147483786 2147483902 2147483786 2147483902 
2147483786 2147483648 2147483649 2147483670 2147483671 2147483676 2147483741 2147483768 2147483785 2147483648 2147483649 2147483670 2147483671 2147483676 2147483741 2147483768 2147483785 2147483902 2147483902 
2147483803 2147483648 2147483649 2147483670 2147483671 2147483741 2147483648 2147483649 2147483670 2147483671 2147483741 2147483804 2147483804 
2147483804 2147483648 2147483649 2147483670 2147483671 2147483741 2147483803 2147483648 2147483649 2147483670 2147483671 2147483741 2147483803 
2147483805 2147483648 2147483649 2147483671 2147483741 2147483648 2147483649 2147483671 2147483741 2147483890 2147483897 2147483890 2147483897 
2147483808 2147483648 2147483649 2147483671 2147483741 2147483648 2147483649 2147483671 2147483741 2147483810 2147483814 2147483815 2147483819 2147483823 2147483824 2147483825 2147483827 2147483831 2147483832 2147483850 2147483890 2147483894 2147483895 2147483896 2147483897 22 25 27 32 26 263 264 265 266 2147483810 2147483814 2147483815 2147483819 2147483823 2147483824 2147483825 2147483827 2147483831 2147483832 2147483850 2147483890 2147483894 2147483895 2147483896 2147483897 
2147483810 2147483648 2147483649 2147483671 2147483741 2147483808 2147483648 2147483649 2147483671 2147483741 2147483808 2147483814 2147483815 2147483890 2147483897 2147483814 2147483815 2147483890 2147483897 
2147483814 2147483648 2147483649 2147483671 2147483741 2147483808 2147483810 2147483648 2147483649 2147483671 2147483741 2147483808 2147483810 2147483890 2147483897 2147483890 2147483897 
2147483815 2147483648 2147483649 2147483671 2147483741 2147483808 2147483810 2147483648 2147483649 2147483671 2147483741 2147483808 2147483810 2147483890 2147483897 2147483890 2147483897 
2147483819 2147483648 2147483649 2147483671 2147483741 2147483808 2147483648 2147483649 2147483671 2147483741 2147483808 2147483823 2147483824 2147483825 2147483827 2147483831 2147483832 2147483890 2147483894 2147483895 2147483896 49 52 54 57 53 127 128 129 130 2147483823 2147483824 2147483825 2147483827 2147483831 2147483832 2147483890 2147483894 2147483895 2147483896 
2147483823 2147483648 2147483649 2147483671 2147483741 2147483808 2147483819 2147483648 2147483649 2147483671 2147483741 2147483808 2147483819 2147483890 2147483894 2147483896 2147483890 2147483894 2147483896 
2147483824 2147483648 2147483649 2147483671 2147483741 2147483808 2147483819 2147483648 2147483649 2147483671 2147483741 2147483808 2147483819 2147483890 2147483894 2147483896 2147483890 2147483894 2147483896 
2147483825 2147483648 2147483649 2147483671 2147483741 2147483808 2147483819 2147483648 2147483649 2147483671 2147483741 2147483808 2147483819 2147483827 2147483831 2147483832 2147483890 2147483894 2147483896 2147483827 2147483831 2147483832 2147483890 2147483894 2147483896 
2147483827 2147483648 2147483649 2147483671 2147483741 2147483808 2147483819 2147483825 2147483648 2147483649 2147483671 2147483741 2147483808 2147483819 2147483825 2147483831 2147483832 2147483890 2147483894 2147483896 2147483831 2147483832 2147483890 2147483894 2147483896 
2147483831 2147483648 2147483649 2147483671 2147483741 2147483808 2147483819 2147483825 2147483827 2147483648 2147483649 2147483671 2147483741 2147483808 2147483819 2147483825 2147483827 2147483890 2147483894 2147483896 2147483890 2147483894 2147483896 
2147483832 2147483648 2147483649 2147483671 2147483741 2147483808 2147483819 2147483825 2147483827 2147483648 2147483649 2147483671 2147483741 2147483808 2147483819 2147483825 2147483827 2147483890 2147483894 2147483896 2147483890 2147483894 2147483896 
2147483842 2147483648 2147483649 2147483671 2147483722 2147483724 2147483741 2147483648 2147483649 2147483671 2147483722 2147483724 2147483741 2147483899 2147483900 2147483901 52 2147483899 2147483900 2147483901 
2147483850 2147483648 2147483649 2147483671 2147483741 2147483808 2147483648 2147483649 2147483671 2147483741 2147483808 2147483890 2147483897 2147483890 2147483897 
2147483852 2147483648 2147483649 2147483671 2147483741 2147483648 2147483649 2147483671 2147483741 
2147483853 2147483648 2147483649 2147483671 2147483741 2147483648 2147483649 2147483671 2147483741 
2147483854 2147483648 2147483649 2147483671 2147483741 2147483648 2147483649 2147483671 2147483741 
2147483860 2147483648 2147483649 2147483671 2147483733 2147483735 2147483741 2147483648 2147483649 2147483671 2147483733 2147483735 2147483741 2147483899 2147483900 2147483901 52 2147483899 2147483900 2147483901 
2147483869 2147483648 2147483649 2147483671 2147483741 2147483648 2147483649 2147483671 2147483741 
2147483870 2147483649 2147483671 2147483649 2147483671 
2147483872 2147483648 2147483649 2147483654 2147483655 2147483659 2147483661 2147483670 2147483671 2147483741 2147483757 2147483759 2147483648 2147483649 2147483654 2147483655 2147483659 2147483661 2147483670 2147483671 2147483741 2147483757 2147483759 2147483874 2147483875 52 2147483874 2147483875 
2147483874 2147483648 2147483649 2147483659 2147483661 2147483670 2147483671 2147483741 2147483759 2147483872 2147483648 2147483649 2147483659 2147483661 2147483670 2147483671 2147483741 2147483759 2147483872 2147483875 52 2147483875 
2147483875 2147483648 2147483649 2147483659 2147483661 2147483670 2147483671 2147483741 2147483759 2147483872 2147483874 2147483648 2147483649 2147483659 2147483661 2147483670 2147483671 2147483741 2147483759 2147483872 2147483874 52 
2147483881 2147483648 2147483649 2147483670 2147483671 2147483676 2147483679 2147483680 2147483682 2147483683 2147483741 2147483768 2147483773 2147483775 2147483648 2147483649 2147483670 2147483671 2147483676 2147483679 2147483680 2147483682 2147483683 2147483741 2147483768 2147483773 2147483775 2147483883 2147483902 52 2147483883 2147483902 
2147483883 2147483648 2147483649 2147483670 2147483671 2147483676 2147483678 2147483679 2147483680 2147483682 2147483741 2147483768 2147483773 2147483775 2147483778 2147483779 2147483782 2147483881 2147483648 2147483649 2147483670 2147483671 2147483676 2147483678 2147483679 2147483680 2147483682 2147483741 2147483768 2147483773 2147483775 2147483778 2147483779 2147483782 2147483881 2147483902 52 2147483902 
2147483885 2147483648 2147483649 2147483670 2147483671 2147483741 2147483768 2147483648 2147483649 2147483670 2147483671 2147483741 2147483768 2147483902 2147483902 
2147483890 2147483648 2147483649 2147483671 2147483741 2147483805 2147483808 2147483810 2147483814 2147483815 2147483819 2147483823 2147483824 2147483825 2147483827 2147483831 2147483832 2147483850 2147483648 2147483649 2147483671 2147483741 2147483805 2147483808 2147483810 2147483814 2147483815 2147483819 2147483823 2147483824 2147483825 2147483827 2147483831 2147483832 2147483850 2147483894 2147483895 2147483896 2147483897 53 49 52 54 57 127 128 129 130 2147483894 2147483895 2147483896 2147483897 
2147483894 2147483648 2147483649 2147483671 2147483741 2147483808 2147483819 2147483823 2147483824 2147483825 2147483827 2147483831 2147483832 2147483890 2147483648 2147483649 2147483671 2147483741 2147483808 2147483819 2147483823 2147483824 2147483825 2147483827 2147483831 2147483832 2147483890 2147483895 2147483896 49 52 54 57 53 127 128 129 130 2147483895 2147483896 
2147483895 2147483648 2147483649 2147483671 2147483741 2147483808 2147483819 2147483890 2147483894 2147483648 2147483649 2147483671 2147483741 2147483808 2147483819 2147483890 2147483894 2147483896 2147483896 
2147483896 2147483648 2147483649 2147483671 2147483741 2147483808 2147483819 2147483823 2147483824 2147483825 2147483827 2147483831 2147483832 2147483890 2147483894 2147483895 2147483648 2147483649 2147483671 2147483741 2147483808 2147483819 2147483823 2147483824 2147483825 2147483827 2147483831 2147483832 2147483890 2147483894 2147483895 2147483897 2147483897 
2147483897 2147483648 2147483649 2147483671 2147483741 2147483805 2147483808 2147483810 2147483814 2147483815 2147483850 2147483890 2147483896 2147483648 2147483649 2147483671 2147483741 2147483805 2147483808 2147483810 2147483814 2147483815 2147483850 2147483890 2147483896 
2147483899 2147483648 2147483649 2147483671 2147483722 2147483724 2147483733 2147483735 2147483741 2147483842 2147483860 2147483648 2147483649 2147483671 2147483722 2147483724 2147483733 2147483735 2147483741 2147483842 2147483860 2147483900 2147483901 52 2147483900 2147483901 
2147483900 2147483648 2147483649 2147483671 2147483722 2147483724 2147483733 2147483735 2147483741 2147483842 2147483860 2147483899 2147483648 2147483649 2147483671 2147483722 2147483724 2147483733 2147483735 2147483741 2147483842 2147483860 2147483899 2147483901 52 2147483901 
2147483901 2147483648 2147483649 2147483671 2147483722 2147483724 2147483733 2147483735 2147483741 2147483842 2147483860 2147483899 2147483900 2147483648 2147483649 2147483671 2147483722 2147483724 2147483733 2147483735 2147483741 2147483842 2147483860 2147483899 2147483900 49 52 54 57 53 127 128 129 130 
2147483902 2147483648 2147483649 2147483670 2147483671 2147483676 2147483678 2147483679 2147483680 2147483682 2147483741 2147483768 2147483773 2147483775 2147483778 2147483779 2147483782 2147483785 2147483786 2147483881 2147483883 2147483885 2147483648 2147483649 2147483670 2147483671 2147483676 2147483678 2147483679 2147483680 2147483682 2147483741 2147483768 2147483773 2147483775 2147483778 2147483779 2147483782 2147483785 2147483786 2147483881 2147483883 2147483885 49 52 54 57 53 127 128 129 130 
