2 2147483651 
5 
8 
11 2147483651 
18 2147483651 
19 2147483651 
22 
23 
24 
25 
26 2147483650 
27 
32 
49 2147483648 2147483649 
50 
51 
52 2147483648 2147483649 
53 2147483648 2147483649 
54 2147483648 2147483649 
57 2147483648 2147483649 
61 2147483651 
127 2147483648 2147483649 
128 2147483648 2147483649 
129 2147483648 2147483649 
130 2147483648 2147483649 
131 
132 
133 
134 
247 2147483651 
248 2147483651 
249 2147483651 
250 2147483651 
251 
252 
253 
254 
263 
264 
265 
266 
267 
268 
269 
270 
2147483648 2147483649 53 49 52 54 57 127 128 129 130 2147483649 
2147483649 2147483648 2147483648 2147483650 2147483651 53 49 52 54 57 127 128 129 130 2147483650 2147483651 
2147483650 2147483649 2147483649 26 
2147483651 2147483649 2147483649 2 11 19 61 18 247 248 249 250 
