22 2147483656 
23 
24 
25 2147483656 
26 2147483656 
27 2147483656 
32 2147483656 
49 2147483653 2147483654 2147483655 2147483657 2147483658 2147483659 2147483661 2147483680 
50 
51 
52 2147483653 2147483654 2147483655 2147483657 2147483658 2147483659 2147483661 2147483680 
53 2147483653 2147483654 2147483655 2147483657 2147483658 2147483659 2147483661 2147483667 2147483680 
54 2147483653 2147483654 2147483655 2147483657 2147483658 2147483659 2147483661 2147483680 
57 2147483653 2147483654 2147483655 2147483657 2147483658 2147483659 2147483661 2147483680 
127 2147483653 2147483654 2147483655 2147483657 2147483658 2147483659 2147483661 2147483680 
128 2147483653 2147483654 2147483655 2147483657 2147483658 2147483659 2147483661 2147483680 
129 2147483653 2147483654 2147483655 2147483657 2147483658 2147483659 2147483661 2147483680 
130 2147483653 2147483654 2147483655 2147483657 2147483658 2147483659 2147483661 2147483680 
131 
132 
133 
134 
263 2147483656 
264 2147483656 
265 2147483656 
266 2147483656 
267 
268 
269 
270 
2147483648 2147483654 2147483655 2147483656 2147483657 2147483658 2147483659 2147483667 2147483654 2147483655 2147483656 2147483657 2147483658 2147483659 2147483667 
2147483649 2147483654 2147483655 2147483656 2147483657 2147483658 2147483659 2147483654 2147483655 2147483656 2147483657 2147483658 2147483659 
2147483653 2147483656 2147483657 2147483658 2147483659 2147483661 49 52 54 57 53 127 128 129 130 2147483656 2147483657 2147483658 2147483659 2147483661 
2147483654 2147483648 2147483649 2147483648 2147483649 2147483655 2147483656 2147483657 2147483658 2147483659 2147483661 2147483667 2147483680 53 49 52 54 57 127 128 129 130 2147483655 2147483656 2147483657 2147483658 2147483659 2147483661 2147483667 2147483680 
2147483655 2147483648 2147483649 2147483654 2147483648 2147483649 2147483654 2147483656 2147483657 2147483658 2147483659 2147483661 2147483667 2147483680 57 49 52 54 53 127 128 129 130 2147483656 2147483657 2147483658 2147483659 2147483661 2147483667 2147483680 
2147483656 2147483648 2147483649 2147483653 2147483654 2147483655 2147483648 2147483649 2147483653 2147483654 2147483655 2147483657 2147483658 2147483659 2147483661 2147483667 2147483680 27 22 25 32 26 263 264 265 266 2147483657 2147483658 2147483659 2147483661 2147483667 2147483680 
2147483657 2147483648 2147483649 2147483653 2147483654 2147483655 2147483656 2147483648 2147483649 2147483653 2147483654 2147483655 2147483656 2147483658 2147483659 2147483661 2147483667 2147483680 52 49 54 57 53 127 128 129 130 2147483658 2147483659 2147483661 2147483667 2147483680 
2147483658 2147483648 2147483649 2147483653 2147483654 2147483655 2147483656 2147483657 2147483648 2147483649 2147483653 2147483654 2147483655 2147483656 2147483657 2147483659 2147483661 2147483667 2147483680 127 49 52 54 57 53 128 129 130 2147483659 2147483661 2147483667 2147483680 
2147483659 2147483648 2147483649 2147483653 2147483654 2147483655 2147483656 2147483657 2147483658 2147483648 2147483649 2147483653 2147483654 2147483655 2147483656 2147483657 2147483658 2147483661 2147483667 2147483680 128 49 52 54 57 53 127 129 130 2147483661 2147483667 2147483680 
2147483661 2147483653 2147483654 2147483655 2147483656 2147483657 2147483658 2147483659 2147483653 2147483654 2147483655 2147483656 2147483657 2147483658 2147483659 49 52 54 57 53 127 128 129 130 
2147483667 2147483648 2147483654 2147483655 2147483656 2147483657 2147483658 2147483659 2147483648 2147483654 2147483655 2147483656 2147483657 2147483658 2147483659 53 
2147483680 2147483654 2147483655 2147483656 2147483657 2147483658 2147483659 2147483654 2147483655 2147483656 2147483657 2147483658 2147483659 53 49 52 54 57 127 128 129 130 
