3,1,3,-1,0,1,0,0,0,
6,1,6,-1,0,1,0,0,0,
9,1,9,-1,0,1,0,0,0,
13,1,13,-1,0,1,0,0,0,
16,1,16,-1,0,1,0,0,0,
21,1,21,-1,0,1,0,0,0,
22,1,22,-1,0,1,0,0,0,
23,1,23,-1,0,1,0,0,64,
24,1,24,-1,0,1,0,0,64,
25,1,25,-1,0,1,0,0,0,
26,1,26,-1,0,1,0,0,64,
27,1,27,-1,0,1,0,0,64,
32,1,32,-1,0,1,0,0,64,
49,1,49,-1,0,1,0,0,0,
50,1,50,-1,0,1,0,0,0,
51,1,51,-1,0,1,0,0,0,
52,1,52,-1,0,1,0,0,0,
53,1,53,-1,0,1,0,0,0,
54,1,54,-1,0,1,0,0,0,
57,1,57,-1,0,1,0,0,0,
59,1,59,-1,0,1,0,0,0,
127,1,127,-1,0,1,0,0,0,
128,1,128,-1,0,1,0,0,0,
129,1,129,-1,0,1,0,0,0,
130,1,130,-1,0,1,0,0,0,
131,1,131,-1,0,1,0,0,0,
132,1,132,-1,0,1,0,0,0,
133,1,133,-1,0,1,0,0,0,
134,1,134,-1,0,1,0,0,0,
263,1,263,-1,0,1,0,0,64,
264,1,264,-1,0,1,0,0,64,
265,1,265,-1,0,1,0,0,64,
266,1,266,-1,0,1,0,0,64,
267,1,267,-1,0,1,0,0,0,
268,1,268,-1,0,1,0,0,0,
269,1,269,-1,0,1,0,0,64,
270,1,270,-1,0,1,0,0,64,
271,1,271,-1,0,1,0,0,0,
272,1,272,-1,0,1,0,0,0,
273,1,273,-1,0,1,0,0,0,
274,1,274,-1,0,1,0,0,0,
275,1,275,-1,0,1,0,0,1,
276,1,276,-1,0,1,0,0,0,
277,1,277,-1,0,1,0,0,0,
278,1,278,-1,0,1,0,0,1,
2147483648,0,0,0.00046125,7,0,1,0,0,51 133 134 131 132 50
2147483649,0,0,0.000211586,8,0,1,0,0,51 133 134 131 132 50
2147483650,0,0,0.000163241,10,0,1,0,0,51 133 134 131 132 50
2147483652,0,0,9.65369e-05,1,0,1,0,0,24 23 269 270 267 268
2147483653,0,0,5.02546e-05,1,0,1,0,0,51 133 134 131 132 50
2147483657,0,0,7.2737e-05,1,0,1,0,0,24 23 269 270 267 268
2147483658,0,0,3.82747e-05,1,0,1,0,0,
2147483659,0,0,8.62945e-05,1,0,1,0,0,24 23 269 270 267 268
2147483660,0,0,0.00015202,1,0,1,0,0,51 133 134 131 132 50
2147483665,0,0,0.000130792,2,0,1,0,0,24 23 269 270 267 268
2147483666,0,0,0.00015202,1,0,1,0,0,51 133 134 131 132 50
2147483671,0,0,4.71507e-05,1,0,1,0,0,51 133 134 131 132 50
2147483676,0,0,4.71507e-05,1,0,1,0,0,51 133 134 131 132 50
2147483684,0,0,0.000339949,13,0,1,0,0,24 23 269 270 267 268
2147483685,0,0,0.00066699,11,0,1,0,0,51 133 134 131 132 50
2147483686,0,0,0.000578016,12,0,1,0,0,51 133 134 131 132 50
2147483691,0,0,0.00287333,2,0,1,0,0,3 13 21 59 16 271 272 273 274 9 6 277 278 275 276
2147483699,0,0,inf,1,0,1,0,0,49 52 54 57 53 127 128 129 130 51 133 134 131 132 50
2147483702,0,0,0.000242377,1,0,1,0,0,53 49 52 54 57 127 128 129 130 51 133 134 131 132 50
2147483703,0,0,inf,1,0,1,0,0,49 52 54 57 53 127 128 129 130 51 133 134 131 132 50
2147483707,0,0,inf,1,0,1,0,0,22 25 27 32 26 263 264 265 266 24 23 269 270 267 268
2147483711,0,0,0.000102371,1,0,1,0,0,53 49 52 54 57 127 128 129 130 51 133 134 131 132 50
2147483712,0,0,inf,1,0,1,0,0,22 25 27 32 26 263 264 265 266 24 23 269 270 267 268
2147483714,0,0,1.85815e-05,1,0,1,0,0,24 23 269 270 267 268
2147483715,0,0,2.09792e-05,1,0,1,0,0,49 52 127 128 129 130 51 133 134 131 132 50
2147483718,0,0,inf,1,0,1,0,0,22 25 27 32 26 263 264 265 266 24 23 269 270 267 268
2147483722,0,0,1.85815e-05,1,0,1,0,0,24 23 269 270 267 268
2147483723,0,0,2.09792e-05,1,0,1,0,0,49 52 127 128 129 130 51 133 134 131 132 50
2147483726,0,0,inf,1,0,1,0,0,22 25 27 32 26 263 264 265 266 24 23 269 270 267 268
2147483729,0,0,7.52965e-05,2,0,1,0,0,49 52 54 57 53 127 128 129 130 51 133 134 131 132 50
2147483732,0,0,inf,2,0,1,0,0,22 25 27 32 26 263 264 265 266 24 23 269 270 267 268
2147483735,0,0,5.92287e-05,1,0,1,0,0,24 23 269 270 267 268
2147483736,0,0,6.68711e-05,1,0,1,0,0,49 52 127 128 129 130 51 133 134 131 132 50
2147483739,0,0,inf,1,0,1,0,0,22 25 27 32 26 263 264 265 266 24 23 269 270 267 268
2147483743,0,0,5.92287e-05,1,0,1,0,0,24 23 269 270 267 268
2147483744,0,0,6.68711e-05,1,0,1,0,0,49 52 127 128 129 130 51 133 134 131 132 50
2147483747,0,0,inf,1,0,1,0,0,22 25 27 32 26 263 264 265 266 24 23 269 270 267 268
2147483750,0,0,0.000204741,1,0,1,0,0,49 53 52 54 57 127 128 129 130 51 133 134 131 132 50
2147483751,0,0,0.000204741,1,0,1,0,0,49 57 52 54 127 128 129 130 51 133 134 131 132 50
2147483764,0,0,1.21941e-05,1,0,1,0,0,49 52 127 128 129 130 51 133 134 131 132 50
2147483768,0,0,1.92539e-05,1,0,1,0,0,24 23 269 270 267 268
2147483770,0,0,2.43883e-05,1,0,1,0,0,57 49 52 54 127 128 129 130 51 133 134 131 132 50
2147483772,0,0,2.36016e-05,1,0,1,0,0,49 52 127 128 129 130 51 133 134 131 132 50
2147483775,0,0,inf,1,0,1,0,0,22 25 27 32 26 263 264 265 266 24 23 269 270 267 268
2147483777,0,0,1.29358e-05,1,0,1,0,0,49 52 54 127 128 130
2147483778,0,0,0.000113954,4,0,1,0,0,51 133 134 131 132 50
2147483779,0,0,0.000223709,4,0,1,0,0,49 52 127 128 129 130 51 133 134 131 132 50
2147483781,0,0,7.91802e-05,5,0,1,0,0,49 57 52 54 127 128 129 130 51 133 134 131 132 50
2147483782,0,0,0.000632672,18,0,1,0,0,51 133 134 131 132 50
2147483783,0,0,0.000217835,2,0,1,0,0,51 133 134 131 132 50
