22 
23 
24 
25 
26 
27 
32 
49 2147483648 2147483651 2147483652 2147483655 2147483656 2147483719 
50 
51 
52 2147483648 2147483651 2147483652 2147483655 2147483656 2147483719 
53 2147483648 2147483651 2147483652 2147483655 2147483656 2147483708 2147483719 2147483722 
54 2147483648 2147483651 2147483652 2147483655 2147483656 2147483719 
57 2147483648 2147483651 2147483652 2147483655 2147483656 2147483679 2147483708 2147483719 
127 2147483648 2147483651 2147483652 2147483655 2147483656 2147483719 
128 2147483648 2147483651 2147483652 2147483655 2147483656 2147483719 
129 2147483648 2147483651 2147483652 2147483655 2147483656 2147483719 
130 2147483648 2147483651 2147483652 2147483655 2147483656 2147483719 
131 
132 
133 
134 
263 
264 
265 
266 
267 
268 
269 
270 
2147483648 2147483651 2147483652 2147483655 2147483656 2147483663 2147483668 2147483669 2147483670 2147483671 2147483679 2147483680 2147483681 2147483682 2147483684 2147483690 2147483703 2147483708 2147483712 2147483713 2147483716 2147483717 2147483719 2147483720 2147483722 49 52 54 57 53 127 128 129 130 2147483651 2147483652 2147483655 2147483656 2147483663 2147483668 2147483669 2147483670 2147483671 2147483679 2147483680 2147483681 2147483682 2147483684 2147483690 2147483703 2147483708 2147483712 2147483713 2147483716 2147483717 2147483719 2147483720 2147483722 
2147483651 2147483648 2147483648 2147483652 2147483655 2147483656 2147483663 2147483668 2147483669 2147483670 2147483671 2147483679 2147483682 2147483684 2147483690 2147483703 2147483708 2147483712 2147483713 2147483715 2147483716 2147483717 2147483719 2147483720 2147483722 49 52 54 57 53 127 128 129 130 2147483652 2147483655 2147483656 2147483663 2147483668 2147483669 2147483670 2147483671 2147483679 2147483682 2147483684 2147483690 2147483703 2147483708 2147483712 2147483713 2147483715 2147483716 2147483717 2147483719 2147483720 2147483722 
2147483652 2147483648 2147483651 2147483648 2147483651 2147483656 2147483663 2147483679 2147483682 2147483684 2147483690 2147483716 2147483717 2147483719 2147483720 49 52 54 57 53 127 128 129 130 2147483656 2147483663 2147483679 2147483682 2147483684 2147483690 2147483716 2147483717 2147483719 2147483720 
2147483655 2147483648 2147483651 2147483648 2147483651 2147483668 2147483669 2147483670 2147483671 2147483703 2147483708 2147483712 2147483713 2147483720 2147483722 49 52 54 57 53 127 128 129 130 2147483668 2147483669 2147483670 2147483671 2147483703 2147483708 2147483712 2147483713 2147483720 2147483722 
2147483656 2147483648 2147483651 2147483652 2147483648 2147483651 2147483652 2147483690 2147483717 2147483719 53 49 52 54 57 127 128 129 130 2147483690 2147483717 2147483719 
2147483663 2147483648 2147483651 2147483652 2147483648 2147483651 2147483652 2147483719 2147483719 
2147483668 2147483648 2147483651 2147483655 2147483648 2147483651 2147483655 2147483669 2147483670 2147483671 2147483703 2147483722 2147483669 2147483670 2147483671 2147483703 2147483722 
2147483669 2147483648 2147483651 2147483655 2147483668 2147483648 2147483651 2147483655 2147483668 2147483703 2147483703 
2147483670 2147483648 2147483651 2147483655 2147483668 2147483648 2147483651 2147483655 2147483668 2147483671 2147483703 2147483722 2147483671 2147483703 2147483722 
2147483671 2147483648 2147483651 2147483655 2147483668 2147483670 2147483648 2147483651 2147483655 2147483668 2147483670 2147483722 2147483722 
2147483679 2147483648 2147483651 2147483652 2147483648 2147483651 2147483652 2147483680 2147483681 2147483682 2147483684 2147483716 57 2147483680 2147483681 2147483682 2147483684 2147483716 
2147483680 2147483648 2147483679 2147483648 2147483679 2147483681 2147483681 
2147483681 2147483648 2147483679 2147483680 2147483648 2147483679 2147483680 
2147483682 2147483648 2147483651 2147483652 2147483679 2147483648 2147483651 2147483652 2147483679 2147483716 2147483716 
2147483684 2147483648 2147483651 2147483652 2147483679 2147483648 2147483651 2147483652 2147483679 2147483716 2147483716 
2147483690 2147483648 2147483651 2147483652 2147483656 2147483648 2147483651 2147483652 2147483656 2147483717 2147483717 
2147483703 2147483648 2147483651 2147483655 2147483668 2147483669 2147483670 2147483648 2147483651 2147483655 2147483668 2147483669 2147483670 
2147483708 2147483648 2147483651 2147483655 2147483648 2147483651 2147483655 2147483722 57 53 2147483722 
2147483712 2147483648 2147483651 2147483655 2147483648 2147483651 2147483655 
2147483713 2147483648 2147483651 2147483655 2147483648 2147483651 2147483655 
2147483715 2147483651 2147483651 
2147483716 2147483648 2147483651 2147483652 2147483679 2147483682 2147483684 2147483648 2147483651 2147483652 2147483679 2147483682 2147483684 
2147483717 2147483648 2147483651 2147483652 2147483656 2147483690 2147483648 2147483651 2147483652 2147483656 2147483690 2147483719 2147483719 
2147483719 2147483648 2147483651 2147483652 2147483656 2147483663 2147483717 2147483648 2147483651 2147483652 2147483656 2147483663 2147483717 53 49 52 54 57 127 128 129 130 
2147483720 2147483648 2147483651 2147483652 2147483655 2147483648 2147483651 2147483652 2147483655 
2147483722 2147483648 2147483651 2147483655 2147483668 2147483670 2147483671 2147483708 2147483648 2147483651 2147483655 2147483668 2147483670 2147483671 2147483708 53 
