2 
5 
8 
11 
18 
19 
22 
23 
24 
25 
26 
27 
32 
49 
50 
51 
52 2147483651 2147483658 2147483660 2147483667 2147483688 2147483702 2147483708 2147483713 2147483715 2147483719 2147483720 
53 2147483715 2147483720 
54 
57 2147483715 
61 
127 
128 
129 
130 
131 
132 
133 
134 
247 
248 
249 
250 
251 
252 
253 
254 
263 
264 
265 
266 
267 
268 
269 
270 
2147483651 2147483658 2147483660 2147483667 2147483673 2147483674 2147483678 2147483679 2147483681 2147483688 2147483690 2147483702 2147483708 2147483711 2147483712 2147483713 2147483714 2147483715 2147483719 2147483720 2147483721 52 2147483658 2147483660 2147483667 2147483673 2147483674 2147483678 2147483679 2147483681 2147483688 2147483690 2147483702 2147483708 2147483711 2147483712 2147483713 2147483714 2147483715 2147483719 2147483720 2147483721 
2147483658 2147483651 2147483651 2147483660 2147483667 2147483715 2147483719 2147483720 52 2147483660 2147483667 2147483715 2147483719 2147483720 
2147483660 2147483651 2147483658 2147483651 2147483658 2147483667 2147483688 2147483690 2147483702 2147483708 2147483713 2147483714 2147483715 2147483719 2147483720 52 2147483667 2147483688 2147483690 2147483702 2147483708 2147483713 2147483714 2147483715 2147483719 2147483720 
2147483667 2147483651 2147483658 2147483660 2147483651 2147483658 2147483660 2147483673 2147483674 2147483678 2147483679 2147483681 2147483688 2147483690 2147483702 2147483708 2147483710 2147483711 2147483712 2147483713 2147483714 2147483715 2147483719 2147483720 2147483721 52 2147483673 2147483674 2147483678 2147483679 2147483681 2147483688 2147483690 2147483702 2147483708 2147483710 2147483711 2147483712 2147483713 2147483714 2147483715 2147483719 2147483720 2147483721 
2147483673 2147483651 2147483667 2147483651 2147483667 2147483715 2147483720 2147483715 2147483720 
2147483674 2147483651 2147483667 2147483651 2147483667 2147483678 2147483715 2147483720 2147483721 2147483678 2147483715 2147483720 2147483721 
2147483678 2147483651 2147483667 2147483674 2147483651 2147483667 2147483674 2147483715 2147483720 2147483715 2147483720 
2147483679 2147483651 2147483667 2147483651 2147483667 2147483681 2147483715 2147483720 2147483681 2147483715 2147483720 
2147483681 2147483651 2147483667 2147483679 2147483651 2147483667 2147483679 2147483715 2147483720 2147483715 2147483720 
2147483688 2147483651 2147483660 2147483667 2147483651 2147483660 2147483667 2147483713 2147483714 2147483715 2147483720 52 2147483713 2147483714 2147483715 2147483720 
2147483690 2147483651 2147483660 2147483667 2147483651 2147483660 2147483667 2147483715 2147483720 2147483715 2147483720 
2147483702 2147483651 2147483660 2147483667 2147483651 2147483660 2147483667 2147483720 52 2147483720 
2147483708 2147483651 2147483660 2147483667 2147483651 2147483660 2147483667 2147483719 2147483720 52 2147483719 2147483720 
2147483710 2147483667 2147483667 
2147483711 2147483651 2147483667 2147483651 2147483667 
2147483712 2147483651 2147483667 2147483651 2147483667 
2147483713 2147483651 2147483660 2147483667 2147483688 2147483651 2147483660 2147483667 2147483688 2147483714 2147483715 2147483720 52 2147483714 2147483715 2147483720 
2147483714 2147483651 2147483660 2147483667 2147483688 2147483713 2147483651 2147483660 2147483667 2147483688 2147483713 2147483715 2147483720 2147483715 2147483720 
2147483715 2147483651 2147483658 2147483660 2147483667 2147483673 2147483674 2147483678 2147483679 2147483681 2147483688 2147483690 2147483713 2147483714 2147483651 2147483658 2147483660 2147483667 2147483673 2147483674 2147483678 2147483679 2147483681 2147483688 2147483690 2147483713 2147483714 2147483719 2147483720 2147483721 52 57 53 2147483719 2147483720 2147483721 
2147483719 2147483651 2147483658 2147483660 2147483667 2147483708 2147483715 2147483651 2147483658 2147483660 2147483667 2147483708 2147483715 2147483720 52 2147483720 
2147483720 2147483651 2147483658 2147483660 2147483667 2147483673 2147483674 2147483678 2147483679 2147483681 2147483688 2147483690 2147483702 2147483708 2147483713 2147483714 2147483715 2147483719 2147483651 2147483658 2147483660 2147483667 2147483673 2147483674 2147483678 2147483679 2147483681 2147483688 2147483690 2147483702 2147483708 2147483713 2147483714 2147483715 2147483719 2147483721 52 53 2147483721 
2147483721 2147483651 2147483667 2147483674 2147483715 2147483720 2147483651 2147483667 2147483674 2147483715 2147483720 
