2 
5 
8 
11 
18 
19 
22 
23 
24 
25 2147483772 
26 
27 
32 
49 2147483660 2147483661 2147483663 2147483686 2147483687 2147483753 2147483768 
50 
51 
52 2147483660 2147483661 2147483663 2147483686 2147483687 2147483708 2147483749 2147483753 2147483768 2147483779 
53 2147483660 2147483661 2147483663 2147483686 2147483687 2147483695 2147483753 2147483768 
54 2147483660 2147483661 2147483663 2147483686 2147483687 2147483753 2147483768 
57 2147483660 2147483661 2147483663 2147483686 2147483687 2147483693 2147483695 2147483753 2147483768 
61 
127 2147483660 2147483661 2147483663 2147483686 2147483687 2147483753 2147483768 
128 2147483660 2147483661 2147483663 2147483686 2147483687 2147483753 2147483768 
129 2147483660 2147483661 2147483663 2147483686 2147483687 2147483753 2147483768 
130 2147483660 2147483661 2147483663 2147483686 2147483687 2147483753 2147483768 
131 
132 
133 
134 
247 
248 
249 
250 
251 
252 
253 
254 
263 
264 
265 
266 
267 
268 
269 
270 
2147483648 2147483649 2147483686 2147483687 2147483688 2147483690 2147483649 2147483686 2147483687 2147483688 2147483690 
2147483649 2147483648 2147483648 2147483686 2147483687 2147483690 2147483686 2147483687 2147483690 
2147483660 2147483661 2147483663 2147483686 2147483687 2147483706 2147483708 2147483714 2147483719 2147483722 2147483723 2147483726 2147483727 2147483730 2147483731 2147483734 2147483735 2147483738 2147483739 2147483742 2147483743 2147483746 2147483747 2147483749 2147483750 2147483752 2147483753 2147483757 2147483758 2147483761 2147483770 2147483772 2147483773 2147483774 2147483779 49 52 54 57 53 127 128 129 130 2147483661 2147483663 2147483686 2147483687 2147483706 2147483708 2147483714 2147483719 2147483722 2147483723 2147483726 2147483727 2147483730 2147483731 2147483734 2147483735 2147483738 2147483739 2147483742 2147483743 2147483746 2147483747 2147483749 2147483750 2147483752 2147483753 2147483757 2147483758 2147483761 2147483770 2147483772 2147483773 2147483774 2147483779 
2147483661 2147483660 2147483660 2147483663 2147483686 2147483687 2147483706 2147483708 2147483714 2147483719 2147483722 2147483723 2147483726 2147483727 2147483730 2147483731 2147483734 2147483735 2147483738 2147483739 2147483742 2147483743 2147483746 2147483747 2147483749 2147483750 2147483752 2147483753 2147483757 2147483758 2147483761 2147483770 2147483772 2147483773 2147483774 2147483779 49 52 54 57 53 127 128 129 130 2147483663 2147483686 2147483687 2147483706 2147483708 2147483714 2147483719 2147483722 2147483723 2147483726 2147483727 2147483730 2147483731 2147483734 2147483735 2147483738 2147483739 2147483742 2147483743 2147483746 2147483747 2147483749 2147483750 2147483752 2147483753 2147483757 2147483758 2147483761 2147483770 2147483772 2147483773 2147483774 2147483779 
2147483663 2147483660 2147483661 2147483660 2147483661 2147483686 2147483687 2147483706 2147483708 2147483714 2147483719 2147483722 2147483723 2147483726 2147483727 2147483730 2147483731 2147483734 2147483735 2147483738 2147483739 2147483742 2147483743 2147483746 2147483747 2147483749 2147483750 2147483752 2147483753 2147483757 2147483758 2147483761 2147483770 2147483772 2147483773 2147483774 2147483779 49 52 54 57 53 127 128 129 130 2147483686 2147483687 2147483706 2147483708 2147483714 2147483719 2147483722 2147483723 2147483726 2147483727 2147483730 2147483731 2147483734 2147483735 2147483738 2147483739 2147483742 2147483743 2147483746 2147483747 2147483749 2147483750 2147483752 2147483753 2147483757 2147483758 2147483761 2147483770 2147483772 2147483773 2147483774 2147483779 
2147483686 2147483648 2147483649 2147483660 2147483661 2147483663 2147483648 2147483649 2147483660 2147483661 2147483663 2147483687 2147483688 2147483690 2147483693 2147483706 2147483708 2147483714 2147483719 2147483722 2147483723 2147483726 2147483727 2147483730 2147483731 2147483734 2147483735 2147483738 2147483739 2147483742 2147483743 2147483746 2147483747 2147483749 2147483750 2147483752 2147483753 2147483757 2147483758 2147483761 2147483770 2147483772 2147483773 2147483774 2147483779 53 49 52 54 57 127 128 129 130 2147483687 2147483688 2147483690 2147483693 2147483706 2147483708 2147483714 2147483719 2147483722 2147483723 2147483726 2147483727 2147483730 2147483731 2147483734 2147483735 2147483738 2147483739 2147483742 2147483743 2147483746 2147483747 2147483749 2147483750 2147483752 2147483753 2147483757 2147483758 2147483761 2147483770 2147483772 2147483773 2147483774 2147483779 
2147483687 2147483648 2147483649 2147483660 2147483661 2147483663 2147483686 2147483648 2147483649 2147483660 2147483661 2147483663 2147483686 2147483688 2147483690 2147483693 2147483695 2147483706 2147483708 2147483714 2147483719 2147483722 2147483723 2147483726 2147483727 2147483730 2147483731 2147483734 2147483735 2147483738 2147483739 2147483742 2147483743 2147483746 2147483747 2147483749 2147483750 2147483752 2147483753 2147483757 2147483758 2147483761 2147483765 2147483767 2147483768 2147483769 2147483770 2147483772 2147483773 2147483774 2147483779 57 52 49 54 53 127 128 129 130 2147483688 2147483690 2147483693 2147483695 2147483706 2147483708 2147483714 2147483719 2147483722 2147483723 2147483726 2147483727 2147483730 2147483731 2147483734 2147483735 2147483738 2147483739 2147483742 2147483743 2147483746 2147483747 2147483749 2147483750 2147483752 2147483753 2147483757 2147483758 2147483761 2147483765 2147483767 2147483768 2147483769 2147483770 2147483772 2147483773 2147483774 2147483779 
2147483688 2147483648 2147483686 2147483687 2147483648 2147483686 2147483687 2147483690 2147483690 
2147483690 2147483648 2147483649 2147483686 2147483687 2147483688 2147483648 2147483649 2147483686 2147483687 2147483688 
2147483693 2147483686 2147483687 2147483686 2147483687 2147483695 57 2147483695 
2147483695 2147483687 2147483693 2147483687 2147483693 57 53 
2147483706 2147483660 2147483661 2147483663 2147483686 2147483687 2147483660 2147483661 2147483663 2147483686 2147483687 2147483708 2147483749 2147483753 2147483772 2147483779 2147483708 2147483749 2147483753 2147483772 2147483779 
2147483708 2147483660 2147483661 2147483663 2147483686 2147483687 2147483706 2147483660 2147483661 2147483663 2147483686 2147483687 2147483706 2147483749 2147483753 2147483772 2147483779 52 2147483749 2147483753 2147483772 2147483779 
2147483714 2147483660 2147483661 2147483663 2147483686 2147483687 2147483660 2147483661 2147483663 2147483686 2147483687 2147483719 2147483749 2147483753 2147483772 2147483774 2147483779 2147483719 2147483749 2147483753 2147483772 2147483774 2147483779 
2147483719 2147483660 2147483661 2147483663 2147483686 2147483687 2147483714 2147483660 2147483661 2147483663 2147483686 2147483687 2147483714 2147483749 2147483753 2147483772 2147483774 2147483779 2147483749 2147483753 2147483772 2147483774 2147483779 
2147483722 2147483660 2147483661 2147483663 2147483686 2147483687 2147483660 2147483661 2147483663 2147483686 2147483687 2147483749 2147483753 2147483772 2147483749 2147483753 2147483772 
2147483723 2147483660 2147483661 2147483663 2147483686 2147483687 2147483660 2147483661 2147483663 2147483686 2147483687 2147483749 2147483753 2147483772 2147483749 2147483753 2147483772 
2147483726 2147483660 2147483661 2147483663 2147483686 2147483687 2147483660 2147483661 2147483663 2147483686 2147483687 2147483749 2147483753 2147483772 2147483749 2147483753 2147483772 
2147483727 2147483660 2147483661 2147483663 2147483686 2147483687 2147483660 2147483661 2147483663 2147483686 2147483687 2147483749 2147483753 2147483772 2147483749 2147483753 2147483772 
2147483730 2147483660 2147483661 2147483663 2147483686 2147483687 2147483660 2147483661 2147483663 2147483686 2147483687 2147483749 2147483753 2147483772 2147483749 2147483753 2147483772 
2147483731 2147483660 2147483661 2147483663 2147483686 2147483687 2147483660 2147483661 2147483663 2147483686 2147483687 2147483749 2147483753 2147483772 2147483749 2147483753 2147483772 
2147483734 2147483660 2147483661 2147483663 2147483686 2147483687 2147483660 2147483661 2147483663 2147483686 2147483687 2147483749 2147483753 2147483772 2147483749 2147483753 2147483772 
2147483735 2147483660 2147483661 2147483663 2147483686 2147483687 2147483660 2147483661 2147483663 2147483686 2147483687 2147483749 2147483753 2147483772 2147483749 2147483753 2147483772 
2147483738 2147483660 2147483661 2147483663 2147483686 2147483687 2147483660 2147483661 2147483663 2147483686 2147483687 2147483749 2147483753 2147483772 2147483749 2147483753 2147483772 
2147483739 2147483660 2147483661 2147483663 2147483686 2147483687 2147483660 2147483661 2147483663 2147483686 2147483687 2147483749 2147483753 2147483772 2147483749 2147483753 2147483772 
2147483742 2147483660 2147483661 2147483663 2147483686 2147483687 2147483660 2147483661 2147483663 2147483686 2147483687 2147483749 2147483753 2147483772 2147483749 2147483753 2147483772 
2147483743 2147483660 2147483661 2147483663 2147483686 2147483687 2147483660 2147483661 2147483663 2147483686 2147483687 2147483749 2147483753 2147483772 2147483749 2147483753 2147483772 
2147483746 2147483660 2147483661 2147483663 2147483686 2147483687 2147483660 2147483661 2147483663 2147483686 2147483687 2147483749 2147483753 2147483772 2147483749 2147483753 2147483772 
2147483747 2147483660 2147483661 2147483663 2147483686 2147483687 2147483660 2147483661 2147483663 2147483686 2147483687 2147483749 2147483753 2147483772 2147483749 2147483753 2147483772 
2147483749 2147483660 2147483661 2147483663 2147483686 2147483687 2147483706 2147483708 2147483714 2147483719 2147483722 2147483723 2147483726 2147483727 2147483730 2147483731 2147483734 2147483735 2147483738 2147483739 2147483742 2147483743 2147483746 2147483747 2147483660 2147483661 2147483663 2147483686 2147483687 2147483706 2147483708 2147483714 2147483719 2147483722 2147483723 2147483726 2147483727 2147483730 2147483731 2147483734 2147483735 2147483738 2147483739 2147483742 2147483743 2147483746 2147483747 2147483753 2147483770 2147483772 2147483773 2147483774 2147483779 52 2147483753 2147483770 2147483772 2147483773 2147483774 2147483779 
2147483750 2147483660 2147483661 2147483663 2147483686 2147483687 2147483660 2147483661 2147483663 2147483686 2147483687 2147483753 2147483772 2147483753 2147483772 
2147483752 2147483660 2147483661 2147483663 2147483686 2147483687 2147483660 2147483661 2147483663 2147483686 2147483687 2147483753 2147483753 
2147483753 2147483660 2147483661 2147483663 2147483686 2147483687 2147483706 2147483708 2147483714 2147483719 2147483722 2147483723 2147483726 2147483727 2147483730 2147483731 2147483734 2147483735 2147483738 2147483739 2147483742 2147483743 2147483746 2147483747 2147483749 2147483750 2147483752 2147483660 2147483661 2147483663 2147483686 2147483687 2147483706 2147483708 2147483714 2147483719 2147483722 2147483723 2147483726 2147483727 2147483730 2147483731 2147483734 2147483735 2147483738 2147483739 2147483742 2147483743 2147483746 2147483747 2147483749 2147483750 2147483752 2147483757 2147483758 2147483761 2147483770 2147483772 2147483773 2147483774 2147483779 53 49 52 54 57 127 128 129 130 2147483757 2147483758 2147483761 2147483770 2147483772 2147483773 2147483774 2147483779 
2147483757 2147483660 2147483661 2147483663 2147483686 2147483687 2147483753 2147483660 2147483661 2147483663 2147483686 2147483687 2147483753 
2147483758 2147483660 2147483661 2147483663 2147483686 2147483687 2147483753 2147483660 2147483661 2147483663 2147483686 2147483687 2147483753 
2147483761 2147483660 2147483661 2147483663 2147483686 2147483687 2147483753 2147483660 2147483661 2147483663 2147483686 2147483687 2147483753 2147483770 2147483770 
2147483765 2147483687 2147483687 2147483768 2147483768 
2147483767 2147483687 2147483687 
2147483768 2147483687 2147483765 2147483687 2147483765 2147483769 49 52 54 57 53 127 128 129 130 2147483769 
2147483769 2147483687 2147483768 2147483687 2147483768 
2147483770 2147483660 2147483661 2147483663 2147483686 2147483687 2147483749 2147483753 2147483761 2147483660 2147483661 2147483663 2147483686 2147483687 2147483749 2147483753 2147483761 
2147483772 2147483660 2147483661 2147483663 2147483686 2147483687 2147483706 2147483708 2147483714 2147483719 2147483722 2147483723 2147483726 2147483727 2147483730 2147483731 2147483734 2147483735 2147483738 2147483739 2147483742 2147483743 2147483746 2147483747 2147483749 2147483750 2147483753 2147483660 2147483661 2147483663 2147483686 2147483687 2147483706 2147483708 2147483714 2147483719 2147483722 2147483723 2147483726 2147483727 2147483730 2147483731 2147483734 2147483735 2147483738 2147483739 2147483742 2147483743 2147483746 2147483747 2147483749 2147483750 2147483753 2147483773 2147483774 2147483779 25 2147483773 2147483774 2147483779 
2147483773 2147483660 2147483661 2147483663 2147483686 2147483687 2147483749 2147483753 2147483772 2147483660 2147483661 2147483663 2147483686 2147483687 2147483749 2147483753 2147483772 2147483779 2147483779 
2147483774 2147483660 2147483661 2147483663 2147483686 2147483687 2147483714 2147483719 2147483749 2147483753 2147483772 2147483660 2147483661 2147483663 2147483686 2147483687 2147483714 2147483719 2147483749 2147483753 2147483772 2147483779 2147483779 
2147483779 2147483660 2147483661 2147483663 2147483686 2147483687 2147483706 2147483708 2147483714 2147483719 2147483749 2147483753 2147483772 2147483773 2147483774 2147483660 2147483661 2147483663 2147483686 2147483687 2147483706 2147483708 2147483714 2147483719 2147483749 2147483753 2147483772 2147483773 2147483774 52 
