22 2147483662 
23 
24 
25 2147483662 
26 2147483662 
27 2147483662 
32 2147483662 
49 2147483659 2147483660 2147483661 
50 
51 
52 2147483655 2147483659 2147483660 2147483661 
53 2147483649 2147483652 2147483655 2147483658 2147483659 2147483660 2147483661 
54 2147483655 2147483659 2147483660 2147483661 
57 2147483655 2147483659 2147483660 2147483661 
127 2147483659 2147483660 2147483661 
128 2147483659 2147483660 2147483661 
129 2147483659 2147483660 2147483661 
130 2147483659 2147483660 2147483661 
131 
132 
133 
134 
263 2147483662 
264 2147483662 
265 2147483662 
266 2147483662 
267 
268 
269 
270 
2147483649 2147483659 2147483660 2147483661 2147483662 2147483668 53 2147483659 2147483660 2147483661 2147483662 2147483668 
2147483652 2147483659 2147483660 2147483661 2147483662 2147483668 53 2147483659 2147483660 2147483661 2147483662 2147483668 
2147483655 2147483659 2147483660 2147483661 2147483662 2147483668 52 54 57 53 2147483659 2147483660 2147483661 2147483662 2147483668 
2147483658 2147483659 2147483660 53 2147483659 2147483660 
2147483659 2147483649 2147483652 2147483655 2147483658 2147483649 2147483652 2147483655 2147483658 2147483660 2147483661 2147483662 2147483663 2147483664 2147483665 2147483666 2147483668 53 49 52 54 57 127 128 129 130 2147483660 2147483661 2147483662 2147483663 2147483664 2147483665 2147483666 2147483668 
2147483660 2147483649 2147483652 2147483655 2147483658 2147483659 2147483649 2147483652 2147483655 2147483658 2147483659 2147483661 2147483662 2147483663 2147483664 2147483668 53 57 49 52 54 127 128 129 130 2147483661 2147483662 2147483663 2147483664 2147483668 
2147483661 2147483649 2147483652 2147483655 2147483659 2147483660 2147483649 2147483652 2147483655 2147483659 2147483660 2147483662 2147483663 2147483664 2147483668 54 49 52 57 53 127 128 129 130 2147483662 2147483663 2147483664 2147483668 
2147483662 2147483649 2147483652 2147483655 2147483659 2147483660 2147483661 2147483649 2147483652 2147483655 2147483659 2147483660 2147483661 2147483663 2147483664 2147483668 25 22 27 32 26 263 264 265 266 2147483663 2147483664 2147483668 
2147483663 2147483659 2147483660 2147483661 2147483662 2147483659 2147483660 2147483661 2147483662 
2147483664 2147483659 2147483660 2147483661 2147483662 2147483659 2147483660 2147483661 2147483662 
2147483665 2147483659 2147483659 
2147483666 2147483659 2147483659 
2147483668 2147483649 2147483652 2147483655 2147483659 2147483660 2147483661 2147483662 2147483649 2147483652 2147483655 2147483659 2147483660 2147483661 2147483662 
