22,1,22,-1,0,1,0,0,0,
23,1,23,-1,0,1,0,0,0,
24,1,24,-1,0,1,0,0,0,
25,1,25,-1,0,1,0,0,0,
26,1,26,-1,0,1,0,0,0,
27,1,27,-1,0,1,0,0,0,
32,1,32,-1,0,1,0,0,0,
49,1,49,-1,0,1,0,0,0,
50,1,50,-1,0,1,0,0,0,
51,1,51,-1,0,1,0,0,0,
52,1,52,-1,0,1,0,0,0,
53,1,53,-1,0,1,0,0,0,
54,1,54,-1,0,1,0,0,0,
57,1,57,-1,0,1,0,0,0,
127,1,127,-1,0,1,0,0,0,
128,1,128,-1,0,1,0,0,0,
129,1,129,-1,0,1,0,0,0,
130,1,130,-1,0,1,0,0,0,
131,1,131,-1,0,1,0,0,0,
132,1,132,-1,0,1,0,0,0,
133,1,133,-1,0,1,0,0,0,
134,1,134,-1,0,1,0,0,0,
263,1,263,-1,0,1,0,0,0,
264,1,264,-1,0,1,0,0,0,
265,1,265,-1,0,1,0,0,1,
266,1,266,-1,0,1,0,0,0,
267,1,267,-1,0,1,0,0,0,
268,1,268,-1,0,1,0,0,0,
269,1,269,-1,0,1,0,0,0,
270,1,270,-1,0,1,0,0,0,
2147483648,0,0,0.00320595,2,0,1,0,0,49 127 128 129 130 51 133 134 131 132 50
2147483650,0,0,0.00096654,1,0,1,0,0,51 133 134 131 132 50
2147483654,0,0,0.0398338,2,0,1,0,0,51 133 134 131 132 50
2147483655,0,0,0.0321797,2,0,1,0,0,49 52 54 57 53 127 128 129 130 51 133 134 131 132 50
2147483656,0,0,0.0243382,1,0,1,0,0,49 52 54 57 127 128 129 130 51 133 134 131 132 50
2147483686,0,0,5.13183,18,0,1,0,255,51 133 134 131 132 50
2147483687,0,0,0.261608,1,0,1,0,0,53 49 52 54 57 127 128 129 130 51 133 134 131 132 50
2147483688,0,0,0.236884,1,0,1,0,0,49 52 54 57 53 127 128 129 130 51 133 134 131 132 50
2147483689,0,0,0.0899713,1,0,1,0,0,57 49 52 54 127 128 129 130 51 133 134 131 132 50
2147483701,0,0,0.0126437,3,0,1,0,0,51 133 134 131 132 50
2147483715,0,0,0.00203161,2,0,1,0,0,53 49 52 54 57 127 128 129 130 51 133 134 131 132 50
2147483719,0,0,0.0302529,1,0,1,0,0,49 52 54 57 53 127 128 129 130 51 133 134 131 132 50
2147483722,0,0,0.000508934,1,0,1,0,0,51 133 134 131 132 50
2147483727,0,0,inf,1,0,1,0,0,49 52 54 57 53 127 128 129 130 51 133 134 131 132 50
2147483728,0,0,0.00176211,1,0,1,0,0,57 49 52 54 127 128 129 130 51 133 134 131 132 50
2147483732,0,0,0.0142965,1,0,1,0,0,53 49 52 54 57 127 128 129 130 51 133 134 131 132 50
2147483736,0,0,0.000399304,1,0,1,0,0,51 133 134 131 132 50
2147483737,0,0,0.000400896,1,0,1,0,0,51 133 134 131 132 50
2147483738,0,0,0.0240082,2,0,1,0,0,49 52 54 57 53 127 128 129 130 51 133 134 131 132 50
2147483740,0,0,0.0212644,2,0,1,0,0,22 25 27 32 26 263 264 265 266 24 23 269 270 267 268
2147483746,0,0,inf,1,0,1,0,0,49 52 54 57 53 127 128 129 130 51 133 134 131 132 50
2147483749,0,0,inf,1,0,1,0,0,49 52 54 57 53 127 128 129 130 51 133 134 131 132 50
2147483750,0,0,inf,1,0,1,0,0,49 52 54 57 53 127 128 129 130 51 133 134 131 132 50
2147483751,0,0,0.409791,1,0,1,0,0,49 52 54 57 53 127 128 129 130 51 133 134 131 132 50
2147483756,0,0,0.048256,1,0,1,0,0,49 52 54 127 128 129 130 51 133 134 131 132 50
2147483764,0,0,inf,1,0,1,0,0,49 52 54 57 53 127 128 129 130 51 133 134 131 132 50
2147483766,0,0,inf,1,0,1,0,0,49 52 54 57 53 127 128 129 130 51 133 134 131 132 50
2147483770,0,0,inf,1,0,1,0,0,49 52 54 57 53 127 128 129 130 51 133 134 131 132 50
2147483773,0,0,inf,1,0,1,0,0,49 52 54 57 53 127 128 129 130 51 133 134 131 132 50
2147483774,0,0,inf,1,0,1,0,0,49 52 54 57 53 127 128 129 130 51 133 134 131 132 50
2147483775,0,0,0.0621403,1,0,1,0,0,32 22 25 27 263 264 265 266 24 23 269 270 267 268
2147483777,0,0,0.00815887,1,0,1,0,0,49 52 54 57 127 128 129 130 51 133 134 131 132 50
2147483778,0,0,inf,1,0,1,0,0,49 52 54 57 53 127 128 129 130 51 133 134 131 132 50
2147483782,0,0,inf,1,0,1,0,0,49 52 54 57 53 127 128 129 130 51 133 134 131 132 50
2147483789,0,0,0.0029768,4,0,1,0,0,22 25 27 32 26 263 264 265 266 24 23 269 270 267 268
2147483796,0,0,inf,1,0,1,0,0,49 52 54 57 53 127 128 129 130 51 133 134 131 132 50
2147483797,0,0,inf,1,0,1,0,0,49 52 54 57 53 127 128 129 130 51 133 134 131 132 50
2147483801,0,0,0.0154983,3,0,1,0,0,51 133 134 131 132 50
2147483802,0,0,0.0449212,3,0,1,0,0,49 52 54 57 53 127 128 129 130 51 133 134 131 132 50
2147483803,0,0,2.87318,10,0,1,0,0,24 23 269 270 267 268
2147483805,0,0,0.542496,8,0,1,0,0,51 133 134 131 132 50
2147483808,0,0,7.4945,8,0,1,0,0,49 52 54 57 53 127 128 129 130 51 133 134 131 132 50
2147483818,0,0,6.63053,6,0,1,0,0,51 133 134 131 132 50
2147483820,0,0,0.0697078,3,0,1,0,0,49 52 54 57 53 127 128 129 130 51 133 134 131 132 50
2147483822,0,0,0.0214716,3,0,1,0,0,51 133 134 131 132 50
2147483824,0,0,0.166581,4,0,1,0,0,51 133 134 131 132 50
2147483825,0,0,0.0111249,5,0,1,0,0,51 133 134 131 132 50
2147483826,0,0,0.0104795,4,0,1,0,255,49 52 54 57 53 127 128 129 130 51 133 134 131 132 50
2147483828,0,0,0.00258881,3,0,1,0,0,53 49 52 54 57 127 128 129 130 51 133 134 131 132 50
2147483829,0,0,0.00368598,4,0,1,0,0,49 52 54 57 53 127 128 129 130 51 133 134 131 132 50
2147483831,0,0,0.132981,3,0,1,0,0,49 52 54 57 53 127 128 129 130 51 133 134 131 132 50
