22 
23 
24 
25 
26 2147483717 
27 
32 2147483717 
49 2147483649 2147483653 2147483657 2147483658 2147483662 2147483667 2147483673 2147483674 2147483698 2147483699 2147483700 2147483725 2147483726 2147483729 
50 
51 
52 2147483649 2147483653 2147483657 2147483658 2147483662 2147483667 2147483673 2147483674 2147483684 2147483698 2147483699 2147483700 2147483703 2147483720 2147483725 2147483726 2147483729 
53 2147483649 2147483653 2147483657 2147483658 2147483662 2147483664 2147483667 2147483673 2147483674 2147483684 2147483695 2147483698 2147483699 2147483700 2147483703 2147483708 2147483711 2147483720 2147483725 2147483726 2147483727 2147483728 2147483729 
54 2147483649 2147483653 2147483657 2147483658 2147483662 2147483667 2147483673 2147483674 2147483684 2147483695 2147483698 2147483699 2147483700 2147483703 2147483711 2147483720 2147483725 2147483726 2147483727 2147483729 
57 2147483649 2147483653 2147483657 2147483658 2147483662 2147483664 2147483667 2147483673 2147483674 2147483684 2147483695 2147483698 2147483699 2147483700 2147483703 2147483711 2147483720 2147483725 2147483726 2147483727 2147483728 2147483729 
127 2147483649 2147483653 2147483657 2147483658 2147483662 2147483667 2147483673 2147483674 2147483698 2147483699 2147483700 2147483725 2147483726 2147483729 
128 2147483649 2147483653 2147483657 2147483658 2147483662 2147483667 2147483673 2147483674 2147483698 2147483699 2147483700 2147483725 2147483726 2147483729 
129 2147483649 2147483653 2147483657 2147483658 2147483662 2147483667 2147483673 2147483674 2147483698 2147483699 2147483700 2147483725 2147483726 2147483729 
130 2147483649 2147483653 2147483657 2147483658 2147483662 2147483667 2147483673 2147483674 2147483698 2147483699 2147483700 2147483725 2147483726 2147483729 
131 
132 
133 
134 
263 
264 
265 
266 
267 
268 
269 
270 
2147483649 2147483673 2147483674 2147483716 2147483717 2147483719 2147483720 2147483725 2147483726 2147483727 2147483729 57 49 52 54 53 127 128 129 130 2147483673 2147483674 2147483716 2147483717 2147483719 2147483720 2147483725 2147483726 2147483727 2147483729 
2147483653 2147483673 2147483674 2147483708 2147483710 2147483711 2147483725 2147483726 2147483728 57 49 52 54 53 127 128 129 130 2147483673 2147483674 2147483708 2147483710 2147483711 2147483725 2147483726 2147483728 
2147483657 2147483662 2147483673 2147483674 2147483678 2147483680 2147483698 2147483725 2147483729 57 49 52 54 53 127 128 129 130 2147483662 2147483673 2147483674 2147483678 2147483680 2147483698 2147483725 2147483729 
2147483658 2147483673 2147483699 2147483700 2147483703 2147483725 2147483726 2147483729 57 49 52 54 53 127 128 129 130 2147483673 2147483699 2147483700 2147483703 2147483725 2147483726 2147483729 
2147483662 2147483657 2147483657 2147483664 2147483673 2147483695 2147483725 2147483726 2147483729 57 49 52 54 53 127 128 129 130 2147483664 2147483673 2147483695 2147483725 2147483726 2147483729 
2147483664 2147483662 2147483662 2147483673 2147483695 2147483725 2147483729 57 53 2147483673 2147483695 2147483725 2147483729 
2147483667 2147483673 2147483684 2147483726 53 49 52 54 57 127 128 129 130 2147483673 2147483684 2147483726 
2147483673 2147483649 2147483653 2147483657 2147483658 2147483662 2147483664 2147483667 2147483649 2147483653 2147483657 2147483658 2147483662 2147483664 2147483667 2147483674 2147483676 2147483678 2147483680 2147483698 2147483699 2147483700 2147483708 2147483710 2147483716 2147483717 2147483719 2147483725 2147483727 2147483728 2147483729 53 49 52 54 57 127 128 129 130 2147483674 2147483676 2147483678 2147483680 2147483698 2147483699 2147483700 2147483708 2147483710 2147483716 2147483717 2147483719 2147483725 2147483727 2147483728 2147483729 
2147483674 2147483649 2147483653 2147483657 2147483673 2147483649 2147483653 2147483657 2147483673 2147483676 2147483678 2147483725 2147483729 57 49 52 54 53 127 128 129 130 2147483676 2147483678 2147483725 2147483729 
2147483676 2147483673 2147483674 2147483673 2147483674 2147483729 2147483729 
2147483678 2147483657 2147483673 2147483674 2147483657 2147483673 2147483674 2147483729 2147483729 
2147483680 2147483657 2147483673 2147483657 2147483673 2147483729 2147483729 
2147483684 2147483667 2147483667 52 54 57 53 
2147483695 2147483662 2147483664 2147483662 2147483664 2147483725 2147483729 54 57 53 2147483725 2147483729 
2147483698 2147483657 2147483673 2147483657 2147483673 2147483699 2147483729 57 49 52 54 53 127 128 129 130 2147483699 2147483729 
2147483699 2147483658 2147483673 2147483698 2147483658 2147483673 2147483698 2147483700 2147483703 2147483725 2147483729 49 54 52 57 53 127 128 129 130 2147483700 2147483703 2147483725 2147483729 
2147483700 2147483658 2147483673 2147483699 2147483658 2147483673 2147483699 2147483703 2147483725 2147483729 49 52 54 57 53 127 128 129 130 2147483703 2147483725 2147483729 
2147483703 2147483658 2147483699 2147483700 2147483658 2147483699 2147483700 2147483725 2147483729 52 54 57 53 2147483725 2147483729 
2147483708 2147483653 2147483673 2147483653 2147483673 2147483710 2147483711 2147483725 2147483728 53 2147483710 2147483711 2147483725 2147483728 
2147483710 2147483653 2147483673 2147483708 2147483653 2147483673 2147483708 2147483725 2147483728 2147483725 2147483728 
2147483711 2147483653 2147483708 2147483653 2147483708 2147483725 2147483728 54 57 53 2147483725 2147483728 
2147483716 2147483649 2147483673 2147483649 2147483673 2147483725 2147483729 2147483725 2147483729 
2147483717 2147483649 2147483673 2147483649 2147483673 2147483719 2147483720 2147483725 2147483727 2147483729 32 26 2147483719 2147483720 2147483725 2147483727 2147483729 
2147483719 2147483649 2147483673 2147483717 2147483649 2147483673 2147483717 2147483725 2147483727 2147483729 2147483725 2147483727 2147483729 
2147483720 2147483649 2147483717 2147483649 2147483717 2147483725 2147483727 2147483729 52 54 57 53 2147483725 2147483727 2147483729 
2147483723 
2147483725 2147483649 2147483653 2147483657 2147483658 2147483662 2147483664 2147483673 2147483674 2147483695 2147483699 2147483700 2147483703 2147483708 2147483710 2147483711 2147483716 2147483717 2147483719 2147483720 2147483649 2147483653 2147483657 2147483658 2147483662 2147483664 2147483673 2147483674 2147483695 2147483699 2147483700 2147483703 2147483708 2147483710 2147483711 2147483716 2147483717 2147483719 2147483720 2147483726 2147483727 2147483728 2147483729 49 53 52 54 57 127 128 129 130 2147483726 2147483727 2147483728 2147483729 
2147483726 2147483649 2147483653 2147483658 2147483662 2147483667 2147483725 2147483649 2147483653 2147483658 2147483662 2147483667 2147483725 49 53 52 54 57 127 128 129 130 
2147483727 2147483649 2147483673 2147483717 2147483719 2147483720 2147483725 2147483649 2147483673 2147483717 2147483719 2147483720 2147483725 2147483729 54 57 53 2147483729 
2147483728 2147483653 2147483673 2147483708 2147483710 2147483711 2147483725 2147483653 2147483673 2147483708 2147483710 2147483711 2147483725 57 53 
2147483729 2147483649 2147483657 2147483658 2147483662 2147483664 2147483673 2147483674 2147483676 2147483678 2147483680 2147483695 2147483698 2147483699 2147483700 2147483703 2147483716 2147483717 2147483719 2147483720 2147483725 2147483727 2147483649 2147483657 2147483658 2147483662 2147483664 2147483673 2147483674 2147483676 2147483678 2147483680 2147483695 2147483698 2147483699 2147483700 2147483703 2147483716 2147483717 2147483719 2147483720 2147483725 2147483727 57 49 52 54 53 127 128 129 130 
