2 
5 
8 
11 
18 
19 
22 2147483814 2147483834 2147483857 2147483989 
23 
24 
25 2147483814 2147483834 2147483857 2147483989 
26 2147483814 2147483834 2147483857 2147483888 2147483889 2147483943 2147483955 2147483989 
27 2147483814 2147483834 2147483857 2147483989 
32 2147483814 2147483834 2147483857 2147483889 2147483989 
49 2147483662 2147483663 2147483668 2147483669 2147483683 2147483724 2147483725 2147483735 2147483736 2147483912 2147483995 
50 
51 
52 2147483662 2147483663 2147483668 2147483669 2147483683 2147483724 2147483725 2147483735 2147483736 2147483765 2147483912 2147483995 
53 2147483662 2147483663 2147483668 2147483669 2147483683 2147483719 2147483724 2147483725 2147483735 2147483736 2147483737 2147483746 2147483765 2147483766 2147483773 2147483777 2147483897 2147483901 2147483912 2147483925 2147483930 2147483959 2147483969 2147483972 2147483978 2147483995 
54 2147483648 2147483654 2147483662 2147483663 2147483668 2147483669 2147483677 2147483683 2147483709 2147483724 2147483725 2147483735 2147483736 2147483737 2147483746 2147483765 2147483912 2147483959 2147483995 
57 2147483662 2147483663 2147483668 2147483669 2147483683 2147483724 2147483725 2147483735 2147483736 2147483765 2147483897 2147483901 2147483912 2147483978 2147483995 
61 
127 2147483662 2147483663 2147483668 2147483669 2147483683 2147483724 2147483725 2147483735 2147483736 2147483912 2147483995 
128 2147483662 2147483663 2147483668 2147483669 2147483683 2147483724 2147483725 2147483735 2147483736 2147483912 2147483995 
129 2147483662 2147483663 2147483668 2147483669 2147483683 2147483724 2147483725 2147483735 2147483736 2147483912 2147483995 
130 2147483662 2147483663 2147483668 2147483669 2147483683 2147483724 2147483725 2147483735 2147483736 2147483912 2147483995 
131 
132 
133 
134 
151 
152 
153 
154 
155 
156 
157 
158 
159 
160 
161 
162 
163 
164 
165 
166 
247 
248 
249 
250 
251 
252 
253 
254 
263 2147483814 2147483834 2147483857 2147483989 
264 2147483814 2147483834 2147483857 2147483989 
265 2147483814 2147483834 2147483857 2147483989 
266 2147483814 2147483834 2147483857 2147483989 
267 
268 
269 
270 
2147483648 2147483735 2147483736 2147483737 54 2147483735 2147483736 2147483737 
2147483649 2147483650 2147483735 2147483736 2147483650 2147483735 2147483736 
2147483650 2147483649 2147483649 2147483735 2147483736 2147483979 2147483735 2147483736 2147483979 
2147483654 2147483735 2147483736 2147483746 54 2147483735 2147483736 2147483746 
2147483655 2147483656 2147483735 2147483736 2147483656 2147483735 2147483736 
2147483656 2147483655 2147483655 2147483735 2147483736 2147483754 2147483735 2147483736 2147483754 
2147483657 2147483735 2147483736 2147483735 2147483736 
2147483658 2147483735 2147483736 2147483762 2147483735 2147483736 2147483762 
2147483662 2147483735 2147483736 2147483764 2147483765 2147483766 2147483773 2147483989 2147483995 53 49 52 54 57 127 128 129 130 2147483735 2147483736 2147483764 2147483765 2147483766 2147483773 2147483989 2147483995 
2147483663 2147483735 2147483777 49 52 54 57 53 127 128 129 130 2147483735 2147483777 
2147483664 2147483735 2147483782 2147483735 2147483782 
2147483668 2147483669 2147483735 2147483787 57 49 52 54 53 127 128 129 130 2147483669 2147483735 2147483787 
2147483669 2147483668 2147483668 2147483735 49 52 54 57 53 127 128 129 130 2147483735 
2147483672 2147483735 2147483736 2147483735 2147483736 
2147483673 2147483735 2147483736 2147483803 2147483735 2147483736 2147483803 
2147483677 2147483735 2147483959 54 2147483735 2147483959 
2147483678 2147483679 2147483735 2147483679 2147483735 
2147483679 2147483678 2147483678 2147483735 2147483984 2147483735 2147483984 
2147483683 2147483735 2147483972 49 52 54 57 53 127 128 129 130 2147483735 2147483972 
2147483687 2147483735 2147483736 2147483814 2147483989 2147483735 2147483736 2147483814 2147483989 
2147483689 2147483735 2147483736 2147483834 2147483989 2147483735 2147483736 2147483834 2147483989 
2147483691 2147483735 2147483736 2147483857 2147483989 2147483735 2147483736 2147483857 2147483989 
2147483700 2147483735 2147483912 2147483995 2147483735 2147483912 2147483995 
2147483702 2147483735 2147483908 2147483912 2147483995 2147483735 2147483908 2147483912 2147483995 
2147483705 2147483735 2147483912 2147483995 2147483735 2147483912 2147483995 
2147483706 2147483735 2147483912 2147483921 2147483995 2147483735 2147483912 2147483921 2147483995 
2147483709 2147483735 2147483912 2147483995 54 2147483735 2147483912 2147483995 
2147483710 2147483711 2147483735 2147483912 2147483995 2147483711 2147483735 2147483912 2147483995 
2147483711 2147483710 2147483710 2147483735 2147483912 2147483917 2147483995 2147483735 2147483912 2147483917 2147483995 
2147483718 2147483735 2147483912 2147483927 2147483930 2147483978 2147483995 2147483735 2147483912 2147483927 2147483930 2147483978 2147483995 
2147483719 2147483735 2147483912 2147483935 2147483937 2147483978 2147483995 53 2147483735 2147483912 2147483935 2147483937 2147483978 2147483995 
2147483724 2147483725 2147483727 2147483728 2147483729 2147483732 2147483735 2147483912 2147483947 2147483949 2147483950 2147483951 2147483994 2147483995 49 57 53 52 54 127 128 129 130 2147483725 2147483727 2147483728 2147483729 2147483732 2147483735 2147483912 2147483947 2147483949 2147483950 2147483951 2147483994 2147483995 
2147483725 2147483724 2147483724 2147483727 2147483728 2147483729 2147483732 2147483735 2147483912 2147483947 2147483949 2147483950 2147483951 2147483955 2147483994 2147483995 53 49 52 54 57 127 128 129 130 2147483727 2147483728 2147483729 2147483732 2147483735 2147483912 2147483947 2147483949 2147483950 2147483951 2147483955 2147483994 2147483995 
2147483727 2147483724 2147483725 2147483724 2147483725 2147483728 2147483729 2147483735 2147483912 2147483947 2147483994 2147483995 2147483728 2147483729 2147483735 2147483912 2147483947 2147483994 2147483995 
2147483728 2147483724 2147483725 2147483727 2147483724 2147483725 2147483727 2147483729 2147483735 2147483912 2147483994 2147483995 2147483729 2147483735 2147483912 2147483994 2147483995 
2147483729 2147483724 2147483725 2147483727 2147483728 2147483724 2147483725 2147483727 2147483728 2147483735 2147483912 2147483994 2147483995 2147483735 2147483912 2147483994 2147483995 
2147483732 2147483724 2147483725 2147483724 2147483725 2147483735 2147483912 2147483995 2147483735 2147483912 2147483995 
2147483735 2147483648 2147483649 2147483650 2147483654 2147483655 2147483656 2147483657 2147483658 2147483662 2147483663 2147483664 2147483668 2147483669 2147483672 2147483673 2147483677 2147483678 2147483679 2147483683 2147483687 2147483689 2147483691 2147483700 2147483702 2147483705 2147483706 2147483709 2147483710 2147483711 2147483718 2147483719 2147483724 2147483725 2147483727 2147483728 2147483729 2147483732 2147483648 2147483649 2147483650 2147483654 2147483655 2147483656 2147483657 2147483658 2147483662 2147483663 2147483664 2147483668 2147483669 2147483672 2147483673 2147483677 2147483678 2147483679 2147483683 2147483687 2147483689 2147483691 2147483700 2147483702 2147483705 2147483706 2147483709 2147483710 2147483711 2147483718 2147483719 2147483724 2147483725 2147483727 2147483728 2147483729 2147483732 2147483736 2147483737 2147483739 2147483742 2147483746 2147483748 2147483754 2147483762 2147483764 2147483765 2147483766 2147483770 2147483773 2147483777 2147483782 2147483786 2147483787 2147483803 2147483810 2147483813 2147483814 2147483820 2147483826 2147483828 2147483829 2147483833 2147483834 2147483841 2147483842 2147483848 2147483849 2147483853 2147483854 2147483857 2147483864 2147483865 2147483869 2147483874 2147483875 2147483876 2147483877 2147483880 2147483881 2147483882 2147483883 2147483888 2147483889 2147483897 2147483900 2147483901 2147483908 2147483912 2147483914 2147483917 2147483921 2147483924 2147483925 2147483926 2147483927 2147483928 2147483930 2147483932 2147483933 2147483935 2147483937 2147483940 2147483941 2147483942 2147483943 2147483947 2147483949 2147483950 2147483951 2147483955 2147483959 2147483961 2147483968 2147483969 2147483978 2147483979 2147483981 2147483984 2147483988 2147483989 2147483990 2147483994 2147483995 53 49 52 54 57 127 128 129 130 2147483736 2147483737 2147483739 2147483742 2147483746 2147483748 2147483754 2147483762 2147483764 2147483765 2147483766 2147483770 2147483773 2147483777 2147483782 2147483786 2147483787 2147483803 2147483810 2147483813 2147483814 2147483820 2147483826 2147483828 2147483829 2147483833 2147483834 2147483841 2147483842 2147483848 2147483849 2147483853 2147483854 2147483857 2147483864 2147483865 2147483869 2147483874 2147483875 2147483876 2147483877 2147483880 2147483881 2147483882 2147483883 2147483888 2147483889 2147483897 2147483900 2147483901 2147483908 2147483912 2147483914 2147483917 2147483921 2147483924 2147483925 2147483926 2147483927 2147483928 2147483930 2147483932 2147483933 2147483935 2147483937 2147483940 2147483941 2147483942 2147483943 2147483947 2147483949 2147483950 2147483951 2147483955 2147483959 2147483961 2147483968 2147483969 2147483978 2147483979 2147483981 2147483984 2147483988 2147483989 2147483990 2147483994 2147483995 
2147483736 2147483648 2147483649 2147483650 2147483654 2147483655 2147483656 2147483657 2147483658 2147483662 2147483672 2147483673 2147483687 2147483689 2147483691 2147483735 2147483648 2147483649 2147483650 2147483654 2147483655 2147483656 2147483657 2147483658 2147483662 2147483672 2147483673 2147483687 2147483689 2147483691 2147483735 2147483737 2147483739 2147483742 2147483746 2147483748 2147483754 2147483762 2147483764 2147483765 2147483766 2147483770 2147483803 2147483810 2147483813 2147483814 2147483820 2147483826 2147483828 2147483829 2147483833 2147483834 2147483841 2147483842 2147483848 2147483849 2147483853 2147483854 2147483857 2147483864 2147483865 2147483869 2147483874 2147483875 2147483876 2147483877 2147483880 2147483881 2147483882 2147483883 2147483888 2147483889 2147483897 2147483900 2147483901 2147483979 2147483988 2147483989 2147483995 57 49 52 54 53 127 128 129 130 2147483737 2147483739 2147483742 2147483746 2147483748 2147483754 2147483762 2147483764 2147483765 2147483766 2147483770 2147483803 2147483810 2147483813 2147483814 2147483820 2147483826 2147483828 2147483829 2147483833 2147483834 2147483841 2147483842 2147483848 2147483849 2147483853 2147483854 2147483857 2147483864 2147483865 2147483869 2147483874 2147483875 2147483876 2147483877 2147483880 2147483881 2147483882 2147483883 2147483888 2147483889 2147483897 2147483900 2147483901 2147483979 2147483988 2147483989 2147483995 
2147483737 2147483648 2147483735 2147483736 2147483648 2147483735 2147483736 54 53 
2147483739 2147483735 2147483736 2147483735 2147483736 
2147483742 2147483735 2147483736 2147483735 2147483736 
2147483746 2147483654 2147483735 2147483736 2147483654 2147483735 2147483736 54 53 
2147483748 2147483735 2147483736 2147483735 2147483736 
2147483754 2147483656 2147483735 2147483736 2147483656 2147483735 2147483736 
2147483762 2147483658 2147483735 2147483736 2147483658 2147483735 2147483736 
2147483764 2147483662 2147483735 2147483736 2147483662 2147483735 2147483736 2147483989 2147483989 
2147483765 2147483662 2147483735 2147483736 2147483662 2147483735 2147483736 2147483766 2147483989 2147483995 52 54 57 53 2147483766 2147483989 2147483995 
2147483766 2147483662 2147483735 2147483736 2147483765 2147483662 2147483735 2147483736 2147483765 2147483989 2147483995 53 2147483989 2147483995 
2147483770 2147483735 2147483736 2147483735 2147483736 2147483989 2147483995 2147483989 2147483995 
2147483773 2147483662 2147483735 2147483662 2147483735 53 
2147483777 2147483663 2147483735 2147483663 2147483735 53 
2147483782 2147483664 2147483735 2147483664 2147483735 
2147483786 2147483735 2147483735 
2147483787 2147483668 2147483735 2147483668 2147483735 2147483981 2147483981 
2147483803 2147483673 2147483735 2147483736 2147483673 2147483735 2147483736 
2147483810 2147483735 2147483736 2147483735 2147483736 2147483989 2147483989 
2147483813 2147483735 2147483736 2147483735 2147483736 2147483989 2147483989 
2147483814 2147483687 2147483735 2147483736 2147483687 2147483735 2147483736 2147483989 22 25 27 32 26 263 264 265 266 2147483989 
2147483820 2147483735 2147483736 2147483735 2147483736 2147483989 2147483989 
2147483826 2147483735 2147483736 2147483735 2147483736 2147483828 2147483989 2147483828 2147483989 
2147483828 2147483735 2147483736 2147483826 2147483735 2147483736 2147483826 2147483989 2147483989 
2147483829 2147483735 2147483736 2147483735 2147483736 2147483842 2147483865 2147483877 2147483883 2147483989 2147483842 2147483865 2147483877 2147483883 2147483989 
2147483833 2147483735 2147483736 2147483735 2147483736 2147483989 2147483989 
2147483834 2147483689 2147483735 2147483736 2147483689 2147483735 2147483736 2147483989 22 25 27 32 26 263 264 265 266 2147483989 
2147483841 2147483735 2147483736 2147483735 2147483736 2147483989 2147483989 
2147483842 2147483735 2147483736 2147483829 2147483735 2147483736 2147483829 2147483989 2147483989 
2147483848 2147483735 2147483736 2147483735 2147483736 2147483989 2147483989 
2147483849 2147483735 2147483736 2147483735 2147483736 2147483989 2147483989 
2147483853 2147483735 2147483736 2147483735 2147483736 2147483989 2147483989 
2147483854 2147483735 2147483736 2147483735 2147483736 2147483989 2147483989 
2147483857 2147483691 2147483735 2147483736 2147483691 2147483735 2147483736 2147483989 22 25 27 32 26 263 264 265 266 2147483989 
2147483864 2147483735 2147483736 2147483735 2147483736 2147483989 2147483989 
2147483865 2147483735 2147483736 2147483829 2147483735 2147483736 2147483829 2147483989 2147483989 
2147483869 2147483735 2147483736 2147483735 2147483736 2147483989 2147483989 
2147483874 2147483735 2147483736 2147483735 2147483736 2147483989 2147483989 
2147483875 2147483735 2147483736 2147483735 2147483736 2147483989 2147483989 
2147483876 2147483735 2147483736 2147483735 2147483736 2147483989 2147483989 
2147483877 2147483735 2147483736 2147483829 2147483735 2147483736 2147483829 2147483989 2147483989 
2147483880 2147483735 2147483736 2147483735 2147483736 2147483989 2147483989 
2147483881 2147483735 2147483736 2147483735 2147483736 2147483882 2147483989 2147483882 2147483989 
2147483882 2147483735 2147483736 2147483881 2147483735 2147483736 2147483881 2147483989 2147483989 
2147483883 2147483735 2147483736 2147483829 2147483735 2147483736 2147483829 2147483989 2147483989 
2147483888 2147483735 2147483736 2147483735 2147483736 2147483889 2147483989 26 2147483889 2147483989 
2147483889 2147483735 2147483736 2147483888 2147483735 2147483736 2147483888 2147483989 32 26 2147483989 
2147483897 2147483735 2147483736 2147483735 2147483736 2147483900 2147483901 2147483989 57 53 2147483900 2147483901 2147483989 
2147483900 2147483735 2147483736 2147483897 2147483735 2147483736 2147483897 2147483989 2147483989 
2147483901 2147483735 2147483736 2147483897 2147483735 2147483736 2147483897 57 53 
2147483908 2147483702 2147483735 2147483702 2147483735 2147483912 2147483995 2147483912 2147483995 
2147483912 2147483700 2147483702 2147483705 2147483706 2147483709 2147483710 2147483711 2147483718 2147483719 2147483724 2147483725 2147483727 2147483728 2147483729 2147483732 2147483735 2147483908 2147483700 2147483702 2147483705 2147483706 2147483709 2147483710 2147483711 2147483718 2147483719 2147483724 2147483725 2147483727 2147483728 2147483729 2147483732 2147483735 2147483908 2147483914 2147483917 2147483921 2147483924 2147483925 2147483926 2147483927 2147483928 2147483930 2147483932 2147483933 2147483935 2147483937 2147483940 2147483941 2147483942 2147483943 2147483947 2147483949 2147483950 2147483951 2147483955 2147483978 2147483990 2147483994 2147483995 57 49 52 54 53 127 128 129 130 2147483914 2147483917 2147483921 2147483924 2147483925 2147483926 2147483927 2147483928 2147483930 2147483932 2147483933 2147483935 2147483937 2147483940 2147483941 2147483942 2147483943 2147483947 2147483949 2147483950 2147483951 2147483955 2147483978 2147483990 2147483994 2147483995 
2147483914 2147483735 2147483912 2147483735 2147483912 2147483995 2147483995 
2147483917 2147483711 2147483735 2147483912 2147483711 2147483735 2147483912 2147483995 2147483995 
2147483921 2147483706 2147483735 2147483912 2147483706 2147483735 2147483912 2147483995 2147483995 
2147483924 2147483735 2147483912 2147483735 2147483912 2147483925 2147483995 2147483925 2147483995 
2147483925 2147483735 2147483912 2147483924 2147483735 2147483912 2147483924 2147483927 2147483995 53 2147483927 2147483995 
2147483926 2147483735 2147483912 2147483735 2147483912 2147483995 2147483995 
2147483927 2147483718 2147483735 2147483912 2147483925 2147483718 2147483735 2147483912 2147483925 2147483928 2147483995 2147483928 2147483995 
2147483928 2147483735 2147483912 2147483927 2147483735 2147483912 2147483927 2147483995 2147483995 
2147483930 2147483718 2147483735 2147483912 2147483718 2147483735 2147483912 2147483978 2147483995 53 2147483978 2147483995 
2147483932 2147483735 2147483912 2147483735 2147483912 2147483933 2147483995 2147483933 2147483995 
2147483933 2147483735 2147483912 2147483932 2147483735 2147483912 2147483932 2147483940 2147483995 2147483940 2147483995 
2147483935 2147483719 2147483735 2147483912 2147483719 2147483735 2147483912 2147483978 2147483995 2147483978 2147483995 
2147483937 2147483719 2147483735 2147483912 2147483719 2147483735 2147483912 2147483978 2147483995 2147483978 2147483995 
2147483940 2147483735 2147483912 2147483933 2147483735 2147483912 2147483933 2147483941 2147483995 2147483941 2147483995 
2147483941 2147483735 2147483912 2147483940 2147483735 2147483912 2147483940 2147483995 2147483995 
2147483942 2147483735 2147483912 2147483735 2147483912 2147483943 2147483995 2147483943 2147483995 
2147483943 2147483735 2147483912 2147483942 2147483735 2147483912 2147483942 2147483995 26 2147483995 
2147483947 2147483724 2147483725 2147483727 2147483735 2147483912 2147483724 2147483725 2147483727 2147483735 2147483912 2147483994 2147483995 2147483994 2147483995 
2147483949 2147483724 2147483725 2147483735 2147483912 2147483724 2147483725 2147483735 2147483912 2147483995 2147483995 
2147483950 2147483724 2147483725 2147483735 2147483912 2147483724 2147483725 2147483735 2147483912 2147483995 2147483995 
2147483951 2147483724 2147483725 2147483735 2147483912 2147483724 2147483725 2147483735 2147483912 2147483995 2147483995 
2147483955 2147483725 2147483735 2147483912 2147483725 2147483735 2147483912 2147483995 26 2147483995 
2147483959 2147483677 2147483735 2147483677 2147483735 54 53 
2147483961 2147483735 2147483735 
2147483968 2147483735 2147483735 2147483969 2147483984 2147483969 2147483984 
2147483969 2147483735 2147483968 2147483735 2147483968 53 
2147483972 2147483683 2147483683 53 
2147483978 2147483718 2147483719 2147483735 2147483912 2147483930 2147483935 2147483937 2147483718 2147483719 2147483735 2147483912 2147483930 2147483935 2147483937 2147483995 57 53 2147483995 
2147483979 2147483650 2147483735 2147483736 2147483650 2147483735 2147483736 
2147483981 2147483735 2147483787 2147483735 2147483787 
2147483984 2147483679 2147483735 2147483968 2147483679 2147483735 2147483968 
2147483988 2147483735 2147483736 2147483735 2147483736 2147483989 2147483989 
2147483989 2147483662 2147483687 2147483689 2147483691 2147483735 2147483736 2147483764 2147483765 2147483766 2147483770 2147483810 2147483813 2147483814 2147483820 2147483826 2147483828 2147483829 2147483833 2147483834 2147483841 2147483842 2147483848 2147483849 2147483853 2147483854 2147483857 2147483864 2147483865 2147483869 2147483874 2147483875 2147483876 2147483877 2147483880 2147483881 2147483882 2147483883 2147483888 2147483889 2147483897 2147483900 2147483988 2147483662 2147483687 2147483689 2147483691 2147483735 2147483736 2147483764 2147483765 2147483766 2147483770 2147483810 2147483813 2147483814 2147483820 2147483826 2147483828 2147483829 2147483833 2147483834 2147483841 2147483842 2147483848 2147483849 2147483853 2147483854 2147483857 2147483864 2147483865 2147483869 2147483874 2147483875 2147483876 2147483877 2147483880 2147483881 2147483882 2147483883 2147483888 2147483889 2147483897 2147483900 2147483988 2147483995 22 25 27 32 26 263 264 265 266 2147483995 
2147483990 2147483735 2147483912 2147483735 2147483912 2147483995 2147483995 
2147483994 2147483724 2147483725 2147483727 2147483728 2147483729 2147483735 2147483912 2147483947 2147483724 2147483725 2147483727 2147483728 2147483729 2147483735 2147483912 2147483947 2147483995 2147483995 
2147483995 2147483662 2147483700 2147483702 2147483705 2147483706 2147483709 2147483710 2147483711 2147483718 2147483719 2147483724 2147483725 2147483727 2147483728 2147483729 2147483732 2147483735 2147483736 2147483765 2147483766 2147483770 2147483908 2147483912 2147483914 2147483917 2147483921 2147483924 2147483925 2147483926 2147483927 2147483928 2147483930 2147483932 2147483933 2147483935 2147483937 2147483940 2147483941 2147483942 2147483943 2147483947 2147483949 2147483950 2147483951 2147483955 2147483978 2147483989 2147483990 2147483994 2147483662 2147483700 2147483702 2147483705 2147483706 2147483709 2147483710 2147483711 2147483718 2147483719 2147483724 2147483725 2147483727 2147483728 2147483729 2147483732 2147483735 2147483736 2147483765 2147483766 2147483770 2147483908 2147483912 2147483914 2147483917 2147483921 2147483924 2147483925 2147483926 2147483927 2147483928 2147483930 2147483932 2147483933 2147483935 2147483937 2147483940 2147483941 2147483942 2147483943 2147483947 2147483949 2147483950 2147483951 2147483955 2147483978 2147483989 2147483990 2147483994 49 53 52 54 57 127 128 129 130 
