2 
5 
8 
11 
18 
19 
22 
23 
24 
25 
26 
27 
32 
49 2147483658 2147483679 2147483686 2147483736 2147483740 2147483752 2147483756 2147483759 2147483760 2147483761 
50 
51 
52 2147483658 2147483679 2147483686 2147483736 2147483740 2147483752 2147483756 2147483759 2147483760 2147483761 
53 2147483658 2147483679 2147483686 2147483697 2147483724 2147483736 2147483737 2147483740 2147483752 2147483756 2147483759 2147483760 2147483761 
54 2147483658 2147483679 2147483686 2147483736 2147483740 2147483752 2147483756 2147483759 2147483760 2147483761 
57 2147483658 2147483679 2147483686 2147483724 2147483736 2147483737 2147483740 2147483752 2147483756 2147483759 2147483760 2147483761 
61 
127 2147483658 2147483679 2147483686 2147483736 2147483740 2147483752 2147483756 2147483759 2147483760 2147483761 
128 2147483658 2147483679 2147483686 2147483736 2147483740 2147483752 2147483756 2147483759 2147483760 2147483761 
129 2147483658 2147483679 2147483686 2147483736 2147483740 2147483752 2147483756 2147483759 2147483760 2147483761 
130 2147483658 2147483679 2147483686 2147483736 2147483740 2147483752 2147483756 2147483759 2147483760 2147483761 
131 
132 
133 
134 
247 
248 
249 
250 
251 
252 
253 
254 
263 
264 
265 
266 
267 
268 
269 
270 
2147483658 2147483663 2147483665 2147483666 2147483679 2147483680 2147483681 2147483686 2147483702 2147483707 2147483713 2147483724 2147483736 2147483737 2147483740 2147483752 2147483756 2147483759 2147483760 2147483761 53 49 52 54 57 127 128 129 130 2147483663 2147483665 2147483666 2147483679 2147483680 2147483681 2147483686 2147483702 2147483707 2147483713 2147483724 2147483736 2147483737 2147483740 2147483752 2147483756 2147483759 2147483760 2147483761 
2147483663 2147483658 2147483658 2147483665 2147483666 2147483713 2147483752 2147483756 2147483761 2147483665 2147483666 2147483713 2147483752 2147483756 2147483761 
2147483665 2147483658 2147483663 2147483658 2147483663 2147483666 2147483752 2147483756 2147483761 2147483666 2147483752 2147483756 2147483761 
2147483666 2147483658 2147483663 2147483665 2147483658 2147483663 2147483665 2147483713 2147483752 2147483756 2147483761 2147483713 2147483752 2147483756 2147483761 
2147483679 2147483658 2147483658 2147483680 2147483681 2147483736 2147483737 2147483740 2147483759 2147483760 2147483761 53 57 49 52 54 127 128 129 130 2147483680 2147483681 2147483736 2147483737 2147483740 2147483759 2147483760 2147483761 
2147483680 2147483658 2147483679 2147483658 2147483679 2147483681 2147483759 2147483760 2147483761 2147483681 2147483759 2147483760 2147483761 
2147483681 2147483658 2147483679 2147483680 2147483658 2147483679 2147483680 2147483759 2147483760 2147483761 2147483759 2147483760 2147483761 
2147483686 2147483658 2147483658 2147483689 2147483690 2147483692 2147483697 2147483700 2147483749 2147483752 2147483761 53 49 52 54 57 127 128 129 130 2147483689 2147483690 2147483692 2147483697 2147483700 2147483749 2147483752 2147483761 
2147483689 2147483686 2147483686 2147483749 2147483749 
2147483690 2147483686 2147483686 2147483749 2147483761 2147483749 2147483761 
2147483692 2147483686 2147483686 2147483749 2147483749 
2147483697 2147483686 2147483686 53 
2147483700 2147483686 2147483686 
2147483702 2147483658 2147483658 2147483752 2147483756 2147483761 2147483752 2147483756 2147483761 
2147483707 2147483658 2147483658 2147483752 2147483756 2147483761 2147483752 2147483756 2147483761 
2147483713 2147483658 2147483663 2147483666 2147483658 2147483663 2147483666 2147483752 2147483756 2147483761 2147483752 2147483756 2147483761 
2147483724 2147483658 2147483658 2147483752 2147483756 2147483761 57 53 2147483752 2147483756 2147483761 
2147483736 2147483658 2147483679 2147483658 2147483679 2147483737 2147483740 2147483759 2147483760 2147483761 53 49 52 54 57 127 128 129 130 2147483737 2147483740 2147483759 2147483760 2147483761 
2147483737 2147483658 2147483679 2147483736 2147483658 2147483679 2147483736 2147483760 2147483761 57 53 2147483760 2147483761 
2147483740 2147483658 2147483679 2147483736 2147483658 2147483679 2147483736 2147483759 2147483760 2147483761 54 49 52 57 53 127 128 129 130 2147483759 2147483760 2147483761 
2147483744 2147483760 2147483761 2147483760 2147483761 
2147483749 2147483686 2147483689 2147483690 2147483692 2147483686 2147483689 2147483690 2147483692 2147483761 2147483761 
2147483752 2147483658 2147483663 2147483665 2147483666 2147483686 2147483702 2147483707 2147483713 2147483724 2147483658 2147483663 2147483665 2147483666 2147483686 2147483702 2147483707 2147483713 2147483724 2147483756 2147483759 2147483760 2147483761 49 53 57 52 54 127 128 129 130 2147483756 2147483759 2147483760 2147483761 
2147483756 2147483658 2147483663 2147483665 2147483666 2147483702 2147483707 2147483713 2147483724 2147483752 2147483658 2147483663 2147483665 2147483666 2147483702 2147483707 2147483713 2147483724 2147483752 2147483759 2147483760 2147483761 53 49 52 54 57 127 128 129 130 2147483759 2147483760 2147483761 
2147483759 2147483658 2147483679 2147483680 2147483681 2147483736 2147483740 2147483752 2147483756 2147483658 2147483679 2147483680 2147483681 2147483736 2147483740 2147483752 2147483756 2147483760 2147483761 49 52 54 57 53 127 128 129 130 2147483760 2147483761 
2147483760 2147483658 2147483679 2147483680 2147483681 2147483736 2147483737 2147483740 2147483744 2147483752 2147483756 2147483759 2147483658 2147483679 2147483680 2147483681 2147483736 2147483737 2147483740 2147483744 2147483752 2147483756 2147483759 2147483761 54 49 52 57 53 127 128 129 130 2147483761 
2147483761 2147483658 2147483663 2147483665 2147483666 2147483679 2147483680 2147483681 2147483686 2147483690 2147483702 2147483707 2147483713 2147483724 2147483736 2147483737 2147483740 2147483744 2147483749 2147483752 2147483756 2147483759 2147483760 2147483658 2147483663 2147483665 2147483666 2147483679 2147483680 2147483681 2147483686 2147483690 2147483702 2147483707 2147483713 2147483724 2147483736 2147483737 2147483740 2147483744 2147483749 2147483752 2147483756 2147483759 2147483760 49 52 54 57 53 127 128 129 130 
