2 2147483704 2147483931 
3 
5 
6 
8 
9 
11 2147483704 2147483931 
13 
16 
18 2147483704 2147483931 
19 2147483704 2147483931 
21 
22 2147483649 2147483686 2147483848 2147483868 2147483891 2147484030 2147484032 
23 
24 
25 2147483649 2147483686 2147483848 2147483868 2147483891 2147484030 2147484032 
26 2147483649 2147483686 2147483848 2147483868 2147483891 2147484003 2147484030 2147484032 
27 2147483649 2147483686 2147483848 2147483868 2147483891 2147484030 2147484032 
32 2147483649 2147483686 2147483848 2147483868 2147483891 2147484030 2147484032 
49 2147483651 2147483660 2147483714 2147483715 2147483722 2147483724 2147483728 2147483739 2147483748 2147483749 2147483937 2147483941 2147484015 2147484017 2147484024 2147484035 
50 
51 
52 2147483651 2147483660 2147483714 2147483715 2147483722 2147483724 2147483728 2147483739 2147483748 2147483749 2147483937 2147483941 2147484015 2147484017 2147484024 2147484035 
53 2147483651 2147483660 2147483712 2147483713 2147483714 2147483715 2147483722 2147483724 2147483728 2147483739 2147483748 2147483749 2147483762 2147483767 2147483768 2147483791 2147483796 2147483804 2147483937 2147483941 2147483942 2147483977 2147484015 2147484017 2147484024 2147484035 
54 2147483651 2147483660 2147483678 2147483714 2147483715 2147483722 2147483724 2147483728 2147483739 2147483748 2147483749 2147483796 2147483804 2147483937 2147483941 2147484015 2147484017 2147484024 2147484035 
57 2147483651 2147483660 2147483713 2147483714 2147483715 2147483722 2147483724 2147483728 2147483739 2147483748 2147483749 2147483768 2147483937 2147483941 2147484015 2147484017 2147484024 2147484035 
59 
61 2147483704 2147483931 
127 2147483651 2147483660 2147483714 2147483715 2147483722 2147483724 2147483728 2147483739 2147483748 2147483749 2147483937 2147483941 2147484015 2147484017 2147484024 2147484035 
128 2147483651 2147483660 2147483714 2147483715 2147483722 2147483724 2147483728 2147483739 2147483748 2147483749 2147483937 2147483941 2147484015 2147484017 2147484024 2147484035 
129 2147483651 2147483660 2147483714 2147483715 2147483722 2147483724 2147483728 2147483739 2147483748 2147483749 2147483937 2147483941 2147484015 2147484017 2147484024 2147484035 
130 2147483651 2147483660 2147483714 2147483715 2147483722 2147483724 2147483728 2147483739 2147483748 2147483749 2147483937 2147483941 2147484015 2147484017 2147484024 2147484035 
131 
132 
133 
134 
151 
152 
153 
154 
155 
156 
157 
158 
159 
160 
161 
162 
163 
164 
165 
166 
247 2147483704 2147483931 
248 2147483704 2147483931 
249 2147483704 2147483931 
250 2147483704 2147483931 
251 
252 
253 
254 
263 2147483649 2147483686 2147483848 2147483868 2147483891 2147484030 2147484032 
264 2147483649 2147483686 2147483848 2147483868 2147483891 2147484030 2147484032 
265 2147483649 2147483686 2147483848 2147483868 2147483891 2147484030 2147484032 
266 2147483649 2147483686 2147483848 2147483868 2147483891 2147484030 2147484032 
267 
268 
269 
270 
271 
272 
273 
274 
275 
276 
277 
278 
2147483649 2147483650 2147483651 2147483660 2147483678 2147483679 2147483680 2147483686 2147483687 2147483688 2147483693 2147483695 2147483697 2147483704 2147483705 2147483706 2147483710 2147483711 2147483712 2147483713 2147483714 2147483715 2147483739 2147483742 2147483743 2147483748 2147483749 2147483757 2147483759 2147483760 2147483762 2147483765 2147483767 2147483768 2147483776 2147483781 2147483782 2147483783 2147483784 2147483785 2147483791 2147483794 2147483796 2147483798 2147483802 2147483804 2147483806 2147483809 2147483810 2147483812 2147483816 2147483823 2147483825 2147483829 2147483831 2147483837 2147483843 2147483844 2147483847 2147483848 2147483854 2147483860 2147483862 2147483867 2147483868 2147483875 2147483876 2147483882 2147483883 2147483887 2147483888 2147483891 2147483898 2147483899 2147483903 2147483908 2147483909 2147483910 2147483911 2147483914 2147483915 2147483916 2147483917 2147483927 2147483931 2147483935 2147483937 2147483939 2147483941 2147483942 2147483943 2147483946 2147483950 2147483975 2147483977 2147483983 2147483986 2147483993 2147483994 2147483995 2147484015 2147484016 2147484017 2147484018 2147484021 2147484022 2147484023 2147484024 2147484025 2147484029 2147484030 2147484032 2147484033 27 22 25 32 26 263 264 265 266 2147483650 2147483651 2147483660 2147483678 2147483679 2147483680 2147483686 2147483687 2147483688 2147483693 2147483695 2147483697 2147483704 2147483705 2147483706 2147483710 2147483711 2147483712 2147483713 2147483714 2147483715 2147483739 2147483742 2147483743 2147483748 2147483749 2147483757 2147483759 2147483760 2147483762 2147483765 2147483767 2147483768 2147483776 2147483781 2147483782 2147483783 2147483784 2147483785 2147483791 2147483794 2147483796 2147483798 2147483802 2147483804 2147483806 2147483809 2147483810 2147483812 2147483816 2147483823 2147483825 2147483829 2147483831 2147483837 2147483843 2147483844 2147483847 2147483848 2147483854 2147483860 2147483862 2147483867 2147483868 2147483875 2147483876 2147483882 2147483883 2147483887 2147483888 2147483891 2147483898 2147483899 2147483903 2147483908 2147483909 2147483910 2147483911 2147483914 2147483915 2147483916 2147483917 2147483927 2147483931 2147483935 2147483937 2147483939 2147483941 2147483942 2147483943 2147483946 2147483950 2147483975 2147483977 2147483983 2147483986 2147483993 2147483994 2147483995 2147484015 2147484016 2147484017 2147484018 2147484021 2147484022 2147484023 2147484024 2147484025 2147484029 2147484030 2147484032 2147484033 
2147483650 2147483649 2147483649 2147483739 2147484015 2147484024 2147483739 2147484015 2147484024 
2147483651 2147483649 2147483649 2147483739 2147483749 2147483757 2147484015 2147484024 53 49 52 54 57 127 128 129 130 2147483739 2147483749 2147483757 2147484015 2147484024 
2147483660 2147483649 2147483649 2147483739 2147483776 2147484015 2147484017 2147484018 2147484024 49 52 54 57 53 127 128 129 130 2147483739 2147483776 2147484015 2147484017 2147484018 2147484024 
2147483678 2147483649 2147483649 2147483739 2147483804 2147484015 2147484024 54 2147483739 2147483804 2147484015 2147484024 
2147483679 2147483649 2147483649 2147483680 2147483739 2147483809 2147484015 2147484024 2147483680 2147483739 2147483809 2147484015 2147484024 
2147483680 2147483649 2147483679 2147483649 2147483679 2147483739 2147483809 2147483810 2147484015 2147484024 2147483739 2147483809 2147483810 2147484015 2147484024 
2147483686 2147483649 2147483649 2147483687 2147483688 2147483693 2147483695 2147483697 2147483704 2147483739 2147483802 2147483825 2147483829 2147483831 2147483837 2147483843 2147483844 2147483847 2147483848 2147483854 2147483860 2147483862 2147483867 2147483868 2147483875 2147483876 2147483882 2147483883 2147483887 2147483888 2147483891 2147483898 2147483899 2147483903 2147483908 2147483909 2147483910 2147483911 2147483914 2147483915 2147483916 2147483917 2147483927 2147483931 2147483937 2147484015 2147484024 2147484029 2147484030 32 22 25 27 26 263 264 265 266 2147483687 2147483688 2147483693 2147483695 2147483697 2147483704 2147483739 2147483802 2147483825 2147483829 2147483831 2147483837 2147483843 2147483844 2147483847 2147483848 2147483854 2147483860 2147483862 2147483867 2147483868 2147483875 2147483876 2147483882 2147483883 2147483887 2147483888 2147483891 2147483898 2147483899 2147483903 2147483908 2147483909 2147483910 2147483911 2147483914 2147483915 2147483916 2147483917 2147483927 2147483931 2147483937 2147484015 2147484024 2147484029 2147484030 
2147483687 2147483649 2147483686 2147483649 2147483686 2147483739 2147483937 2147484015 2147484024 2147483739 2147483937 2147484015 2147484024 
2147483688 2147483649 2147483686 2147483649 2147483686 2147483739 2147483837 2147483937 2147484015 2147484024 2147483739 2147483837 2147483937 2147484015 2147484024 
2147483693 2147483649 2147483686 2147483649 2147483686 2147483739 2147483848 2147483937 2147484015 2147484024 2147484030 2147483739 2147483848 2147483937 2147484015 2147484024 2147484030 
2147483695 2147483649 2147483686 2147483649 2147483686 2147483739 2147483868 2147483937 2147484015 2147484024 2147484030 2147483739 2147483868 2147483937 2147484015 2147484024 2147484030 
2147483697 2147483649 2147483686 2147483649 2147483686 2147483739 2147483891 2147483937 2147484015 2147484024 2147484030 2147483739 2147483891 2147483937 2147484015 2147484024 2147484030 
2147483704 2147483649 2147483686 2147483649 2147483686 2147483705 2147483706 2147483710 2147483711 2147483712 2147483713 2147483714 2147483715 2147483739 2147483931 2147483935 2147483937 2147483939 2147483941 2147483942 2147483943 2147483946 2147483950 2147484015 2147484024 2147484030 2 11 19 61 18 247 248 249 250 2147483705 2147483706 2147483710 2147483711 2147483712 2147483713 2147483714 2147483715 2147483739 2147483931 2147483935 2147483937 2147483939 2147483941 2147483942 2147483943 2147483946 2147483950 2147484015 2147484024 2147484030 
2147483705 2147483649 2147483704 2147483649 2147483704 2147483739 2147483931 2147484015 2147484024 2147483739 2147483931 2147484015 2147484024 
2147483706 2147483649 2147483704 2147483649 2147483704 2147483739 2147483931 2147483935 2147484015 2147484024 2147483739 2147483931 2147483935 2147484015 2147484024 
2147483710 2147483649 2147483704 2147483649 2147483704 2147483711 2147483712 2147483739 2147483937 2147484015 2147484024 2147483711 2147483712 2147483739 2147483937 2147484015 2147484024 
2147483711 2147483649 2147483704 2147483710 2147483649 2147483704 2147483710 2147483739 2147483937 2147483941 2147483942 2147484015 2147484024 2147483739 2147483937 2147483941 2147483942 2147484015 2147484024 
2147483712 2147483649 2147483704 2147483710 2147483649 2147483704 2147483710 2147483713 2147483714 2147483739 2147483937 2147483946 2147484015 2147484024 53 2147483713 2147483714 2147483739 2147483937 2147483946 2147484015 2147484024 
2147483713 2147483649 2147483704 2147483712 2147483649 2147483704 2147483712 2147483714 2147483739 2147483937 2147483946 2147484015 2147484024 57 53 2147483714 2147483739 2147483937 2147483946 2147484015 2147484024 
2147483714 2147483649 2147483704 2147483712 2147483713 2147483649 2147483704 2147483712 2147483713 2147483739 2147483937 2147483946 2147484015 2147484024 49 52 54 57 53 127 128 129 130 2147483739 2147483937 2147483946 2147484015 2147484024 
2147483715 2147483649 2147483704 2147483649 2147483704 2147483739 2147483937 2147483950 2147484015 2147484024 49 52 54 57 53 127 128 129 130 2147483739 2147483937 2147483950 2147484015 2147484024 
2147483722 2147483723 2147483724 2147483725 2147484001 2147484003 2147484015 2147484035 49 52 54 57 53 127 128 129 130 2147483723 2147483724 2147483725 2147484001 2147484003 2147484015 2147484035 
2147483723 2147483722 2147483722 2147484015 2147484035 2147484015 2147484035 
2147483724 2147483722 2147483722 2147483725 2147484003 2147484015 2147484035 49 52 54 57 53 127 128 129 130 2147483725 2147484003 2147484015 2147484035 
2147483725 2147483722 2147483724 2147483722 2147483724 2147484003 2147484035 2147484003 2147484035 
2147483727 2147484035 2147484035 
2147483728 2147483731 2147483732 2147483733 2147484008 2147484010 2147484034 2147484035 53 49 52 54 57 127 128 129 130 2147483731 2147483732 2147483733 2147484008 2147484010 2147484034 2147484035 
2147483731 2147483728 2147483728 2147483732 2147483733 2147484008 2147484034 2147484035 2147483732 2147483733 2147484008 2147484034 2147484035 
2147483732 2147483728 2147483731 2147483728 2147483731 2147483733 2147484034 2147484035 2147483733 2147484034 2147484035 
2147483733 2147483728 2147483731 2147483732 2147483728 2147483731 2147483732 2147484034 2147484035 2147484034 2147484035 
2147483736 2147484035 2147484035 
2147483739 2147483649 2147483650 2147483651 2147483660 2147483678 2147483679 2147483680 2147483686 2147483687 2147483688 2147483693 2147483695 2147483697 2147483704 2147483705 2147483706 2147483710 2147483711 2147483712 2147483713 2147483714 2147483715 2147483649 2147483650 2147483651 2147483660 2147483678 2147483679 2147483680 2147483686 2147483687 2147483688 2147483693 2147483695 2147483697 2147483704 2147483705 2147483706 2147483710 2147483711 2147483712 2147483713 2147483714 2147483715 2147483742 2147483743 2147483748 2147483749 2147483757 2147483759 2147483760 2147483762 2147483765 2147483767 2147483768 2147483776 2147483781 2147483782 2147483783 2147483784 2147483785 2147483791 2147483794 2147483796 2147483798 2147483802 2147483804 2147483806 2147483809 2147483810 2147483812 2147483816 2147483823 2147483825 2147483829 2147483831 2147483837 2147483843 2147483844 2147483847 2147483848 2147483854 2147483860 2147483862 2147483867 2147483868 2147483875 2147483876 2147483882 2147483883 2147483887 2147483888 2147483891 2147483898 2147483899 2147483903 2147483908 2147483909 2147483910 2147483911 2147483914 2147483915 2147483916 2147483917 2147483927 2147483931 2147483935 2147483937 2147483939 2147483941 2147483942 2147483943 2147483946 2147483950 2147483975 2147483977 2147483983 2147483986 2147483993 2147483994 2147483995 2147484015 2147484016 2147484017 2147484018 2147484021 2147484022 2147484023 2147484024 2147484025 2147484029 2147484030 2147484032 2147484033 2147484035 53 49 52 54 57 127 128 129 130 2147483742 2147483743 2147483748 2147483749 2147483757 2147483759 2147483760 2147483762 2147483765 2147483767 2147483768 2147483776 2147483781 2147483782 2147483783 2147483784 2147483785 2147483791 2147483794 2147483796 2147483798 2147483802 2147483804 2147483806 2147483809 2147483810 2147483812 2147483816 2147483823 2147483825 2147483829 2147483831 2147483837 2147483843 2147483844 2147483847 2147483848 2147483854 2147483860 2147483862 2147483867 2147483868 2147483875 2147483876 2147483882 2147483883 2147483887 2147483888 2147483891 2147483898 2147483899 2147483903 2147483908 2147483909 2147483910 2147483911 2147483914 2147483915 2147483916 2147483917 2147483927 2147483931 2147483935 2147483937 2147483939 2147483941 2147483942 2147483943 2147483946 2147483950 2147483975 2147483977 2147483983 2147483986 2147483993 2147483994 2147483995 2147484015 2147484016 2147484017 2147484018 2147484021 2147484022 2147484023 2147484024 2147484025 2147484029 2147484030 2147484032 2147484033 2147484035 
2147483742 2147483649 2147483739 2147483649 2147483739 2147483743 2147484015 2147484024 2147483743 2147484015 2147484024 
2147483743 2147483649 2147483739 2147483742 2147483649 2147483739 2147483742 2147484015 2147484024 2147484015 2147484024 
2147483748 2147483649 2147483739 2147483649 2147483739 2147483749 2147484015 2147484024 53 49 52 54 57 127 128 129 130 2147483749 2147484015 2147484024 
2147483749 2147483649 2147483651 2147483739 2147483748 2147483649 2147483651 2147483739 2147483748 2147484015 2147484024 49 52 54 57 53 127 128 129 130 2147484015 2147484024 
2147483757 2147483649 2147483651 2147483739 2147483649 2147483651 2147483739 2147484024 2147484024 
2147483759 2147483649 2147483739 2147483649 2147483739 2147484015 2147484024 2147484015 2147484024 
2147483760 2147483649 2147483739 2147483649 2147483739 2147484015 2147484024 2147484015 2147484024 
2147483762 2147483649 2147483739 2147483649 2147483739 2147484015 2147484024 53 2147484015 2147484024 
2147483765 2147483649 2147483739 2147483649 2147483739 2147484015 2147484024 2147484015 2147484024 
2147483767 2147483649 2147483739 2147483649 2147483739 2147483768 2147484015 2147484017 2147484024 53 2147483768 2147484015 2147484017 2147484024 
2147483768 2147483649 2147483739 2147483767 2147483649 2147483739 2147483767 2147484015 2147484017 2147484024 57 53 2147484015 2147484017 2147484024 
2147483776 2147483649 2147483660 2147483739 2147483649 2147483660 2147483739 2147484015 2147484018 2147484024 2147484015 2147484018 2147484024 
2147483781 2147483649 2147483739 2147483649 2147483739 2147483782 2147484015 2147484024 2147483782 2147484015 2147484024 
2147483782 2147483649 2147483739 2147483781 2147483649 2147483739 2147483781 2147483783 2147484015 2147484024 2147483783 2147484015 2147484024 
2147483783 2147483649 2147483739 2147483782 2147483649 2147483739 2147483782 2147484015 2147484024 2147484015 2147484024 
2147483784 2147483649 2147483739 2147483649 2147483739 2147483785 2147484015 2147484024 2147483785 2147484015 2147484024 
2147483785 2147483649 2147483739 2147483784 2147483649 2147483739 2147483784 2147484015 2147484024 2147484015 2147484024 
2147483791 2147483649 2147483739 2147483649 2147483739 2147484015 2147484024 53 2147484015 2147484024 
2147483794 2147483649 2147483739 2147483649 2147483739 2147484015 2147484024 2147484015 2147484024 
2147483796 2147483649 2147483739 2147483649 2147483739 2147484015 2147484024 54 53 2147484015 2147484024 
2147483798 2147483649 2147483739 2147483649 2147483739 2147484015 2147484024 2147484015 2147484024 
2147483802 2147483649 2147483686 2147483739 2147483649 2147483686 2147483739 2147483825 2147483937 2147484015 2147484024 2147484025 2147483825 2147483937 2147484015 2147484024 2147484025 
2147483804 2147483649 2147483678 2147483739 2147483649 2147483678 2147483739 2147484015 2147484024 54 53 2147484015 2147484024 
2147483806 2147483649 2147483739 2147483649 2147483739 2147484015 2147484024 2147484015 2147484024 
2147483809 2147483649 2147483679 2147483680 2147483739 2147483649 2147483679 2147483680 2147483739 2147484015 2147484024 2147484015 2147484024 
2147483810 2147483649 2147483680 2147483739 2147483649 2147483680 2147483739 2147484015 2147484024 2147484015 2147484024 
2147483812 2147483649 2147483739 2147483649 2147483739 2147483816 2147484015 2147484024 2147483816 2147484015 2147484024 
2147483816 2147483649 2147483739 2147483812 2147483649 2147483739 2147483812 2147484015 2147484024 2147484015 2147484024 
2147483823 2147483649 2147483739 2147483649 2147483739 2147484015 2147484024 2147484025 2147484015 2147484024 2147484025 
2147483825 2147483649 2147483686 2147483739 2147483802 2147483649 2147483686 2147483739 2147483802 2147483937 2147484015 2147484024 2147483937 2147484015 2147484024 
2147483829 2147483649 2147483686 2147483739 2147483649 2147483686 2147483739 2147483831 2147483937 2147484015 2147484024 2147483831 2147483937 2147484015 2147484024 
2147483831 2147483649 2147483686 2147483739 2147483829 2147483649 2147483686 2147483739 2147483829 2147483937 2147484015 2147484024 2147483937 2147484015 2147484024 
2147483837 2147483649 2147483686 2147483688 2147483739 2147483649 2147483686 2147483688 2147483739 2147483937 2147484015 2147484024 2147483937 2147484015 2147484024 
2147483843 2147483649 2147483686 2147483739 2147483649 2147483686 2147483739 2147483937 2147484015 2147484024 2147484030 2147483937 2147484015 2147484024 2147484030 
2147483844 2147483649 2147483686 2147483739 2147483649 2147483686 2147483739 2147483876 2147483899 2147483911 2147483917 2147483937 2147484015 2147484024 2147484030 2147483876 2147483899 2147483911 2147483917 2147483937 2147484015 2147484024 2147484030 
2147483847 2147483649 2147483686 2147483739 2147483649 2147483686 2147483739 2147483937 2147484015 2147484024 2147484030 2147483937 2147484015 2147484024 2147484030 
2147483848 2147483649 2147483686 2147483693 2147483739 2147483649 2147483686 2147483693 2147483739 2147483937 2147484015 2147484024 2147484030 22 25 27 32 26 263 264 265 266 2147483937 2147484015 2147484024 2147484030 
2147483854 2147483649 2147483686 2147483739 2147483649 2147483686 2147483739 2147483937 2147484015 2147484024 2147484030 2147483937 2147484015 2147484024 2147484030 
2147483860 2147483649 2147483686 2147483739 2147483649 2147483686 2147483739 2147483862 2147483937 2147484015 2147484024 2147484030 2147483862 2147483937 2147484015 2147484024 2147484030 
2147483862 2147483649 2147483686 2147483739 2147483860 2147483649 2147483686 2147483739 2147483860 2147483937 2147484015 2147484024 2147484030 2147483937 2147484015 2147484024 2147484030 
2147483867 2147483649 2147483686 2147483739 2147483649 2147483686 2147483739 2147483937 2147484015 2147484024 2147484030 2147483937 2147484015 2147484024 2147484030 
2147483868 2147483649 2147483686 2147483695 2147483739 2147483649 2147483686 2147483695 2147483739 2147483937 2147484015 2147484024 2147484030 22 25 27 32 26 263 264 265 266 2147483937 2147484015 2147484024 2147484030 
2147483875 2147483649 2147483686 2147483739 2147483649 2147483686 2147483739 2147483937 2147484015 2147484024 2147484030 2147483937 2147484015 2147484024 2147484030 
2147483876 2147483649 2147483686 2147483739 2147483844 2147483649 2147483686 2147483739 2147483844 2147483937 2147484015 2147484024 2147484030 2147483937 2147484015 2147484024 2147484030 
2147483882 2147483649 2147483686 2147483739 2147483649 2147483686 2147483739 2147483937 2147484015 2147484024 2147484030 2147483937 2147484015 2147484024 2147484030 
2147483883 2147483649 2147483686 2147483739 2147483649 2147483686 2147483739 2147483937 2147484015 2147484024 2147484030 2147483937 2147484015 2147484024 2147484030 
2147483887 2147483649 2147483686 2147483739 2147483649 2147483686 2147483739 2147483937 2147484015 2147484024 2147484030 2147483937 2147484015 2147484024 2147484030 
2147483888 2147483649 2147483686 2147483739 2147483649 2147483686 2147483739 2147483937 2147484015 2147484024 2147484030 2147483937 2147484015 2147484024 2147484030 
2147483891 2147483649 2147483686 2147483697 2147483739 2147483649 2147483686 2147483697 2147483739 2147483937 2147484015 2147484024 2147484030 22 25 27 32 26 263 264 265 266 2147483937 2147484015 2147484024 2147484030 
2147483898 2147483649 2147483686 2147483739 2147483649 2147483686 2147483739 2147483937 2147484015 2147484024 2147484030 2147483937 2147484015 2147484024 2147484030 
2147483899 2147483649 2147483686 2147483739 2147483844 2147483649 2147483686 2147483739 2147483844 2147483937 2147484015 2147484024 2147484030 2147483937 2147484015 2147484024 2147484030 
2147483903 2147483649 2147483686 2147483739 2147483649 2147483686 2147483739 2147483937 2147484015 2147484024 2147484030 2147483937 2147484015 2147484024 2147484030 
2147483908 2147483649 2147483686 2147483739 2147483649 2147483686 2147483739 2147483937 2147484015 2147484024 2147484030 2147483937 2147484015 2147484024 2147484030 
2147483909 2147483649 2147483686 2147483739 2147483649 2147483686 2147483739 2147483937 2147484015 2147484024 2147484030 2147483937 2147484015 2147484024 2147484030 
2147483910 2147483649 2147483686 2147483739 2147483649 2147483686 2147483739 2147483937 2147484015 2147484024 2147484030 2147483937 2147484015 2147484024 2147484030 
2147483911 2147483649 2147483686 2147483739 2147483844 2147483649 2147483686 2147483739 2147483844 2147483937 2147484015 2147484024 2147484030 2147483937 2147484015 2147484024 2147484030 
2147483914 2147483649 2147483686 2147483739 2147483649 2147483686 2147483739 2147483937 2147484015 2147484024 2147484030 2147483937 2147484015 2147484024 2147484030 
2147483915 2147483649 2147483686 2147483739 2147483649 2147483686 2147483739 2147483916 2147483937 2147484015 2147484024 2147484030 2147483916 2147483937 2147484015 2147484024 2147484030 
2147483916 2147483649 2147483686 2147483739 2147483915 2147483649 2147483686 2147483739 2147483915 2147483937 2147484015 2147484024 2147484030 2147483937 2147484015 2147484024 2147484030 
2147483917 2147483649 2147483686 2147483739 2147483844 2147483649 2147483686 2147483739 2147483844 2147483937 2147484015 2147484024 2147484030 2147483937 2147484015 2147484024 2147484030 
2147483927 2147483649 2147483686 2147483739 2147483649 2147483686 2147483739 2147483937 2147484015 2147484024 2147484030 2147483937 2147484015 2147484024 2147484030 
2147483931 2147483649 2147483686 2147483704 2147483705 2147483706 2147483739 2147483649 2147483686 2147483704 2147483705 2147483706 2147483739 2147483935 2147483937 2147484015 2147484024 2 11 19 61 18 247 248 249 250 2147483935 2147483937 2147484015 2147484024 
2147483935 2147483649 2147483704 2147483706 2147483739 2147483931 2147483649 2147483704 2147483706 2147483739 2147483931 2147484015 2147484024 2147484015 2147484024 
2147483937 2147483649 2147483686 2147483687 2147483688 2147483693 2147483695 2147483697 2147483704 2147483710 2147483711 2147483712 2147483713 2147483714 2147483715 2147483739 2147483802 2147483825 2147483829 2147483831 2147483837 2147483843 2147483844 2147483847 2147483848 2147483854 2147483860 2147483862 2147483867 2147483868 2147483875 2147483876 2147483882 2147483883 2147483887 2147483888 2147483891 2147483898 2147483899 2147483903 2147483908 2147483909 2147483910 2147483911 2147483914 2147483915 2147483916 2147483917 2147483927 2147483931 2147483649 2147483686 2147483687 2147483688 2147483693 2147483695 2147483697 2147483704 2147483710 2147483711 2147483712 2147483713 2147483714 2147483715 2147483739 2147483802 2147483825 2147483829 2147483831 2147483837 2147483843 2147483844 2147483847 2147483848 2147483854 2147483860 2147483862 2147483867 2147483868 2147483875 2147483876 2147483882 2147483883 2147483887 2147483888 2147483891 2147483898 2147483899 2147483903 2147483908 2147483909 2147483910 2147483911 2147483914 2147483915 2147483916 2147483917 2147483927 2147483931 2147483939 2147483941 2147483942 2147483943 2147483946 2147484015 2147484024 2147484029 2147484030 49 52 54 57 53 127 128 129 130 2147483939 2147483941 2147483942 2147483943 2147483946 2147484015 2147484024 2147484029 2147484030 
2147483939 2147483649 2147483704 2147483739 2147483937 2147483649 2147483704 2147483739 2147483937 2147484015 2147484024 2147484015 2147484024 
2147483941 2147483649 2147483704 2147483711 2147483739 2147483937 2147483649 2147483704 2147483711 2147483739 2147483937 2147483942 2147483943 2147484015 2147484024 54 49 52 57 53 127 128 129 130 2147483942 2147483943 2147484015 2147484024 
2147483942 2147483649 2147483704 2147483711 2147483739 2147483937 2147483941 2147483649 2147483704 2147483711 2147483739 2147483937 2147483941 2147484015 2147484024 53 2147484015 2147484024 
2147483943 2147483649 2147483704 2147483739 2147483937 2147483941 2147483649 2147483704 2147483739 2147483937 2147483941 2147484015 2147484024 2147484015 2147484024 
2147483946 2147483649 2147483704 2147483712 2147483713 2147483714 2147483739 2147483937 2147483649 2147483704 2147483712 2147483713 2147483714 2147483739 2147483937 2147484015 2147484024 2147484015 2147484024 
2147483950 2147483649 2147483704 2147483715 2147483739 2147483649 2147483704 2147483715 2147483739 2147484015 2147484024 2147484015 2147484024 
2147483975 2147483649 2147483739 2147483649 2147483739 2147483977 2147484015 2147484024 2147483977 2147484015 2147484024 
2147483977 2147483649 2147483739 2147483975 2147483649 2147483739 2147483975 2147484015 2147484024 53 2147484015 2147484024 
2147483983 2147483649 2147483739 2147483649 2147483739 2147484015 2147484024 2147484015 2147484024 
2147483986 2147483649 2147483739 2147483649 2147483739 2147484015 2147484024 2147484032 2147484015 2147484024 2147484032 
2147483993 2147483649 2147483739 2147483649 2147483739 2147484015 2147484024 2147484032 2147484015 2147484024 2147484032 
2147483994 2147483649 2147483739 2147483649 2147483739 2147484015 2147484024 2147484032 2147484015 2147484024 2147484032 
2147483995 2147483649 2147483739 2147483649 2147483739 2147484015 2147484024 2147484032 2147484015 2147484024 2147484032 
2147483999 2147484000 2147484015 2147484035 2147484000 2147484015 2147484035 
2147484000 2147483999 2147483999 2147484015 2147484035 2147484015 2147484035 
2147484001 2147483722 2147483722 2147484015 2147484035 2147484015 2147484035 
2147484003 2147483722 2147483724 2147483725 2147483722 2147483724 2147483725 2147484035 26 2147484035 
2147484005 2147484035 2147484035 
2147484006 2147484035 2147484035 
2147484008 2147483728 2147483731 2147483728 2147483731 2147484034 2147484035 2147484034 2147484035 
2147484010 2147483728 2147483728 2147484035 2147484035 
2147484011 2147484035 2147484035 
2147484012 2147484035 2147484035 
2147484015 2147483649 2147483650 2147483651 2147483660 2147483678 2147483679 2147483680 2147483686 2147483687 2147483688 2147483693 2147483695 2147483697 2147483704 2147483705 2147483706 2147483710 2147483711 2147483712 2147483713 2147483714 2147483715 2147483722 2147483723 2147483724 2147483739 2147483742 2147483743 2147483748 2147483749 2147483759 2147483760 2147483762 2147483765 2147483767 2147483768 2147483776 2147483781 2147483782 2147483783 2147483784 2147483785 2147483791 2147483794 2147483796 2147483798 2147483802 2147483804 2147483806 2147483809 2147483810 2147483812 2147483816 2147483823 2147483825 2147483829 2147483831 2147483837 2147483843 2147483844 2147483847 2147483848 2147483854 2147483860 2147483862 2147483867 2147483868 2147483875 2147483876 2147483882 2147483883 2147483887 2147483888 2147483891 2147483898 2147483899 2147483903 2147483908 2147483909 2147483910 2147483911 2147483914 2147483915 2147483916 2147483917 2147483927 2147483931 2147483935 2147483937 2147483939 2147483941 2147483942 2147483943 2147483946 2147483950 2147483975 2147483977 2147483983 2147483986 2147483993 2147483994 2147483995 2147483999 2147484000 2147484001 2147483649 2147483650 2147483651 2147483660 2147483678 2147483679 2147483680 2147483686 2147483687 2147483688 2147483693 2147483695 2147483697 2147483704 2147483705 2147483706 2147483710 2147483711 2147483712 2147483713 2147483714 2147483715 2147483722 2147483723 2147483724 2147483739 2147483742 2147483743 2147483748 2147483749 2147483759 2147483760 2147483762 2147483765 2147483767 2147483768 2147483776 2147483781 2147483782 2147483783 2147483784 2147483785 2147483791 2147483794 2147483796 2147483798 2147483802 2147483804 2147483806 2147483809 2147483810 2147483812 2147483816 2147483823 2147483825 2147483829 2147483831 2147483837 2147483843 2147483844 2147483847 2147483848 2147483854 2147483860 2147483862 2147483867 2147483868 2147483875 2147483876 2147483882 2147483883 2147483887 2147483888 2147483891 2147483898 2147483899 2147483903 2147483908 2147483909 2147483910 2147483911 2147483914 2147483915 2147483916 2147483917 2147483927 2147483931 2147483935 2147483937 2147483939 2147483941 2147483942 2147483943 2147483946 2147483950 2147483975 2147483977 2147483983 2147483986 2147483993 2147483994 2147483995 2147483999 2147484000 2147484001 2147484016 2147484017 2147484018 2147484021 2147484022 2147484023 2147484024 2147484025 2147484029 2147484030 2147484032 2147484033 2147484035 53 49 52 54 57 127 128 129 130 2147484016 2147484017 2147484018 2147484021 2147484022 2147484023 2147484024 2147484025 2147484029 2147484030 2147484032 2147484033 2147484035 
2147484016 2147483649 2147483739 2147484015 2147483649 2147483739 2147484015 2147484017 2147484024 2147484017 2147484024 
2147484017 2147483649 2147483660 2147483739 2147483767 2147483768 2147484015 2147484016 2147483649 2147483660 2147483739 2147483767 2147483768 2147484015 2147484016 2147484024 53 49 52 54 57 127 128 129 130 2147484024 
2147484018 2147483649 2147483660 2147483739 2147483776 2147484015 2147483649 2147483660 2147483739 2147483776 2147484015 2147484024 2147484024 
2147484021 2147483649 2147483739 2147484015 2147483649 2147483739 2147484015 2147484024 2147484024 
2147484022 2147483649 2147483739 2147484015 2147483649 2147483739 2147484015 2147484023 2147484024 2147484023 2147484024 
2147484023 2147483649 2147483739 2147484015 2147484022 2147483649 2147483739 2147484015 2147484022 2147484024 2147484024 
2147484024 2147483649 2147483650 2147483651 2147483660 2147483678 2147483679 2147483680 2147483686 2147483687 2147483688 2147483693 2147483695 2147483697 2147483704 2147483705 2147483706 2147483710 2147483711 2147483712 2147483713 2147483714 2147483715 2147483739 2147483742 2147483743 2147483748 2147483749 2147483757 2147483759 2147483760 2147483762 2147483765 2147483767 2147483768 2147483776 2147483781 2147483782 2147483783 2147483784 2147483785 2147483791 2147483794 2147483796 2147483798 2147483802 2147483804 2147483806 2147483809 2147483810 2147483812 2147483816 2147483823 2147483825 2147483829 2147483831 2147483837 2147483843 2147483844 2147483847 2147483848 2147483854 2147483860 2147483862 2147483867 2147483868 2147483875 2147483876 2147483882 2147483883 2147483887 2147483888 2147483891 2147483898 2147483899 2147483903 2147483908 2147483909 2147483910 2147483911 2147483914 2147483915 2147483916 2147483917 2147483927 2147483931 2147483935 2147483937 2147483939 2147483941 2147483942 2147483943 2147483946 2147483950 2147483975 2147483977 2147483983 2147483986 2147483993 2147483994 2147483995 2147484015 2147484016 2147484017 2147484018 2147484021 2147484022 2147484023 2147483649 2147483650 2147483651 2147483660 2147483678 2147483679 2147483680 2147483686 2147483687 2147483688 2147483693 2147483695 2147483697 2147483704 2147483705 2147483706 2147483710 2147483711 2147483712 2147483713 2147483714 2147483715 2147483739 2147483742 2147483743 2147483748 2147483749 2147483757 2147483759 2147483760 2147483762 2147483765 2147483767 2147483768 2147483776 2147483781 2147483782 2147483783 2147483784 2147483785 2147483791 2147483794 2147483796 2147483798 2147483802 2147483804 2147483806 2147483809 2147483810 2147483812 2147483816 2147483823 2147483825 2147483829 2147483831 2147483837 2147483843 2147483844 2147483847 2147483848 2147483854 2147483860 2147483862 2147483867 2147483868 2147483875 2147483876 2147483882 2147483883 2147483887 2147483888 2147483891 2147483898 2147483899 2147483903 2147483908 2147483909 2147483910 2147483911 2147483914 2147483915 2147483916 2147483917 2147483927 2147483931 2147483935 2147483937 2147483939 2147483941 2147483942 2147483943 2147483946 2147483950 2147483975 2147483977 2147483983 2147483986 2147483993 2147483994 2147483995 2147484015 2147484016 2147484017 2147484018 2147484021 2147484022 2147484023 2147484025 2147484029 2147484030 2147484032 2147484033 2147484035 57 53 49 52 54 127 128 129 130 2147484025 2147484029 2147484030 2147484032 2147484033 2147484035 
2147484025 2147483649 2147483739 2147483802 2147483823 2147484015 2147484024 2147483649 2147483739 2147483802 2147483823 2147484015 2147484024 
2147484029 2147483649 2147483686 2147483739 2147483937 2147484015 2147484024 2147483649 2147483686 2147483739 2147483937 2147484015 2147484024 2147484030 2147484030 
2147484030 2147483649 2147483686 2147483693 2147483695 2147483697 2147483704 2147483739 2147483843 2147483844 2147483847 2147483848 2147483854 2147483860 2147483862 2147483867 2147483868 2147483875 2147483876 2147483882 2147483883 2147483887 2147483888 2147483891 2147483898 2147483899 2147483903 2147483908 2147483909 2147483910 2147483911 2147483914 2147483915 2147483916 2147483917 2147483927 2147483937 2147484015 2147484024 2147484029 2147483649 2147483686 2147483693 2147483695 2147483697 2147483704 2147483739 2147483843 2147483844 2147483847 2147483848 2147483854 2147483860 2147483862 2147483867 2147483868 2147483875 2147483876 2147483882 2147483883 2147483887 2147483888 2147483891 2147483898 2147483899 2147483903 2147483908 2147483909 2147483910 2147483911 2147483914 2147483915 2147483916 2147483917 2147483927 2147483937 2147484015 2147484024 2147484029 22 27 25 32 26 263 264 265 266 
2147484032 2147483649 2147483739 2147483986 2147483993 2147483994 2147483995 2147484015 2147484024 2147483649 2147483739 2147483986 2147483993 2147483994 2147483995 2147484015 2147484024 2147484033 22 25 27 32 26 263 264 265 266 2147484033 
2147484033 2147483649 2147483739 2147484015 2147484024 2147484032 2147483649 2147483739 2147484015 2147484024 2147484032 
2147484034 2147483728 2147483731 2147483732 2147483733 2147484008 2147483728 2147483731 2147483732 2147483733 2147484008 2147484035 2147484035 
2147484035 2147483722 2147483723 2147483724 2147483725 2147483727 2147483728 2147483731 2147483732 2147483733 2147483736 2147483739 2147483999 2147484000 2147484001 2147484003 2147484005 2147484006 2147484008 2147484010 2147484011 2147484012 2147484015 2147484024 2147484034 2147483722 2147483723 2147483724 2147483725 2147483727 2147483728 2147483731 2147483732 2147483733 2147483736 2147483739 2147483999 2147484000 2147484001 2147484003 2147484005 2147484006 2147484008 2147484010 2147484011 2147484012 2147484015 2147484024 2147484034 49 53 52 54 57 127 128 129 130 
