2 
5 
8 
11 
18 
19 
22 2147483679 
23 
24 
25 2147483679 
26 2147483667 2147483679 
27 2147483679 
32 2147483679 
49 2147483648 2147483656 2147483657 2147483662 2147483663 2147483664 2147483665 2147483666 2147483693 
50 
51 
52 2147483648 2147483656 2147483657 2147483662 2147483663 2147483664 2147483665 2147483666 2147483693 
53 2147483648 2147483656 2147483657 2147483662 2147483663 2147483664 2147483665 2147483666 2147483677 2147483693 
54 2147483648 2147483656 2147483657 2147483662 2147483663 2147483664 2147483665 2147483666 2147483693 
57 2147483648 2147483656 2147483657 2147483662 2147483663 2147483664 2147483665 2147483666 2147483677 2147483693 
61 
127 2147483648 2147483656 2147483657 2147483662 2147483663 2147483664 2147483665 2147483666 2147483693 
128 2147483648 2147483656 2147483657 2147483662 2147483663 2147483664 2147483665 2147483666 2147483693 
129 2147483648 2147483656 2147483657 2147483662 2147483663 2147483664 2147483665 2147483666 2147483693 
130 2147483648 2147483656 2147483657 2147483662 2147483663 2147483664 2147483665 2147483666 2147483693 
131 
132 
133 
134 
247 
248 
249 
250 
251 
252 
253 
254 
263 2147483679 
264 2147483679 
265 2147483679 
266 2147483679 
267 
268 
269 
270 
2147483648 2147483671 2147483677 2147483679 2147483684 2147483693 53 49 52 54 57 127 128 129 130 2147483671 2147483677 2147483679 2147483684 2147483693 
2147483656 2147483657 2147483662 2147483663 2147483664 2147483665 2147483693 57 49 52 54 53 127 128 129 130 2147483657 2147483662 2147483663 2147483664 2147483665 2147483693 
2147483657 2147483656 2147483656 2147483662 2147483663 2147483664 2147483665 2147483693 49 53 52 54 57 127 128 129 130 2147483662 2147483663 2147483664 2147483665 2147483693 
2147483662 2147483656 2147483657 2147483656 2147483657 2147483663 2147483664 2147483665 2147483666 2147483667 2147483668 53 57 49 52 54 127 128 129 130 2147483663 2147483664 2147483665 2147483666 2147483667 2147483668 
2147483663 2147483656 2147483657 2147483662 2147483656 2147483657 2147483662 2147483664 2147483665 2147483666 2147483667 2147483668 53 54 57 49 52 127 128 129 130 2147483664 2147483665 2147483666 2147483667 2147483668 
2147483664 2147483656 2147483657 2147483662 2147483663 2147483656 2147483657 2147483662 2147483663 2147483665 2147483666 2147483667 2147483668 52 54 49 57 53 127 128 129 130 2147483665 2147483666 2147483667 2147483668 
2147483665 2147483656 2147483657 2147483662 2147483663 2147483664 2147483656 2147483657 2147483662 2147483663 2147483664 2147483666 2147483667 2147483668 52 127 49 54 57 53 128 129 130 2147483666 2147483667 2147483668 
2147483666 2147483662 2147483663 2147483664 2147483665 2147483662 2147483663 2147483664 2147483665 2147483667 49 53 52 54 57 127 128 129 130 2147483667 
2147483667 2147483662 2147483663 2147483664 2147483665 2147483666 2147483662 2147483663 2147483664 2147483665 2147483666 26 
2147483668 2147483662 2147483663 2147483664 2147483665 2147483662 2147483663 2147483664 2147483665 
2147483671 2147483648 2147483648 
2147483677 2147483648 2147483648 2147483679 57 53 2147483679 
2147483679 2147483648 2147483677 2147483648 2147483677 2147483684 2147483693 22 25 27 32 26 263 264 265 266 2147483684 2147483693 
2147483684 2147483648 2147483679 2147483648 2147483679 2147483693 2147483693 
2147483689 
2147483693 2147483648 2147483656 2147483657 2147483679 2147483684 2147483648 2147483656 2147483657 2147483679 2147483684 49 53 52 54 57 127 128 129 130 
