22 2147483657 
23 
24 
25 2147483657 
26 2147483657 
27 2147483657 
32 2147483657 
49 2147483648 2147483649 2147483656 2147483671 
50 
51 
52 2147483648 2147483649 2147483656 2147483671 
53 2147483648 2147483649 2147483656 2147483659 2147483671 
54 2147483648 2147483649 2147483656 2147483671 
57 2147483648 2147483649 2147483656 2147483671 
127 2147483648 2147483649 2147483656 2147483671 
128 2147483648 2147483649 2147483656 2147483671 
129 2147483648 2147483649 2147483656 2147483671 
130 2147483648 2147483649 2147483656 2147483671 
131 
132 
133 
134 
263 2147483657 
264 2147483657 
265 2147483657 
266 2147483657 
267 
268 
269 
270 
2147483648 2147483649 2147483656 2147483657 2147483671 57 49 52 54 53 127 128 129 130 2147483649 2147483656 2147483657 2147483671 
2147483649 2147483648 2147483648 2147483656 2147483657 2147483671 49 53 52 54 57 127 128 129 130 2147483656 2147483657 2147483671 
2147483656 2147483648 2147483649 2147483648 2147483649 2147483657 2147483659 2147483660 53 57 49 52 54 127 128 129 130 2147483657 2147483659 2147483660 
2147483657 2147483648 2147483649 2147483656 2147483648 2147483649 2147483656 2147483659 2147483660 32 22 25 27 26 263 264 265 266 2147483659 2147483660 
2147483659 2147483656 2147483657 2147483656 2147483657 53 
2147483660 2147483656 2147483657 2147483656 2147483657 
2147483667 
2147483669 
2147483671 2147483648 2147483649 2147483648 2147483649 49 53 52 54 57 127 128 129 130 
