3 
6 
9 
13 
16 
21 
49 2147483651 2147483654 2147483696 
50 
51 
52 2147483651 2147483654 2147483696 
53 2147483651 2147483654 2147483661 2147483664 2147483669 2147483672 2147483673 2147483674 2147483677 2147483684 2147483685 2147483690 2147483691 2147483693 2147483696 
54 2147483651 2147483654 2147483696 
57 2147483651 2147483654 2147483666 2147483669 2147483673 2147483685 2147483691 2147483696 
59 
127 2147483651 2147483654 2147483696 
128 2147483651 2147483654 2147483696 
129 2147483651 2147483654 2147483696 
130 2147483651 2147483654 2147483696 
131 
132 
133 
134 
151 
152 
153 
154 
155 
156 
157 
158 
159 
160 
161 
162 
163 
164 
165 
166 
271 
272 
273 
274 
275 
276 
277 
278 
2147483648 2147483654 2147483656 2147483660 2147483661 2147483654 2147483656 2147483660 2147483661 
2147483649 2147483677 2147483679 2147483677 2147483679 
2147483651 2147483683 2147483684 2147483685 49 53 52 54 57 127 128 129 130 2147483683 2147483684 2147483685 
2147483654 2147483648 2147483648 2147483656 2147483660 2147483661 2147483662 2147483664 2147483665 2147483666 2147483667 2147483668 2147483669 2147483671 2147483672 2147483673 2147483674 53 49 52 54 57 127 128 129 130 2147483656 2147483660 2147483661 2147483662 2147483664 2147483665 2147483666 2147483667 2147483668 2147483669 2147483671 2147483672 2147483673 2147483674 
2147483656 2147483648 2147483654 2147483648 2147483654 2147483660 2147483660 
2147483660 2147483648 2147483654 2147483656 2147483648 2147483654 2147483656 
2147483661 2147483648 2147483654 2147483648 2147483654 53 
2147483662 2147483654 2147483654 
2147483664 2147483654 2147483654 53 
2147483665 2147483654 2147483654 
2147483666 2147483654 2147483654 2147483667 2147483668 2147483669 57 2147483667 2147483668 2147483669 
2147483667 2147483654 2147483666 2147483654 2147483666 
2147483668 2147483654 2147483666 2147483654 2147483666 
2147483669 2147483654 2147483666 2147483654 2147483666 57 53 
2147483671 2147483654 2147483654 
2147483672 2147483654 2147483654 2147483673 53 2147483673 
2147483673 2147483654 2147483672 2147483654 2147483672 57 53 
2147483674 2147483654 2147483654 53 
2147483677 2147483649 2147483649 2147483679 53 2147483679 
2147483679 2147483649 2147483677 2147483649 2147483677 
2147483683 2147483651 2147483651 2147483684 2147483685 2147483684 2147483685 
2147483684 2147483651 2147483683 2147483651 2147483683 2147483685 53 2147483685 
2147483685 2147483651 2147483683 2147483684 2147483651 2147483683 2147483684 57 53 
2147483687 
2147483689 2147483690 2147483691 2147483696 2147483690 2147483691 2147483696 
2147483690 2147483689 2147483689 2147483691 2147483696 53 2147483691 2147483696 
2147483691 2147483689 2147483690 2147483689 2147483690 2147483696 57 53 2147483696 
2147483692 2147483693 2147483693 
2147483693 2147483692 2147483692 53 
2147483696 2147483689 2147483690 2147483691 2147483689 2147483690 2147483691 49 52 54 57 53 127 128 129 130 
