2,1,2,-1,0,1,0,0,255,
3,1,3,-1,0,1,0,0,0,
5,1,5,-1,0,1,0,0,255,
6,1,6,-1,0,1,0,0,255,
8,1,8,-1,0,1,0,0,255,
9,1,9,-1,0,1,0,0,255,
11,1,11,-1,0,1,0,0,255,
13,1,13,-1,0,1,0,0,255,
16,1,16,-1,0,1,0,0,255,
18,1,18,-1,0,1,0,0,255,
19,1,19,-1,0,1,0,0,255,
21,1,21,-1,0,1,0,0,255,
49,1,49,-1,0,1,0,0,0,
50,1,50,-1,0,1,0,0,0,
51,1,51,-1,0,1,0,0,255,
52,1,52,-1,0,1,0,0,0,
53,1,53,-1,0,1,0,0,0,
54,1,54,-1,0,1,0,0,0,
57,1,57,-1,0,1,0,0,0,
59,1,59,-1,0,1,0,0,255,
61,1,61,-1,0,1,0,0,255,
127,1,127,-1,0,1,0,0,0,
128,1,128,-1,0,1,0,0,255,
129,1,129,-1,0,1,0,0,255,
130,1,130,-1,0,1,0,0,255,
131,1,131,-1,0,1,0,0,0,
132,1,132,-1,0,1,0,0,255,
133,1,133,-1,0,1,0,0,255,
134,1,134,-1,0,1,0,0,0,
247,1,247,-1,0,1,0,0,255,
248,1,248,-1,0,1,0,0,255,
249,1,249,-1,0,1,0,0,255,
250,1,250,-1,0,1,0,0,255,
251,1,251,-1,0,1,0,0,255,
252,1,252,-1,0,1,0,0,255,
253,1,253,-1,0,1,0,0,255,
254,1,254,-1,0,1,0,0,255,
271,1,271,-1,0,1,0,0,255,
272,1,272,-1,0,1,0,0,255,
273,1,273,-1,0,1,0,0,255,
274,1,274,-1,0,1,0,0,255,
275,1,275,-1,0,1,0,0,255,
276,1,276,-1,0,1,0,0,255,
277,1,277,-1,0,1,0,0,255,
278,1,278,-1,0,1,0,0,0,
2147483648,0,0,0.00467593,1,0,1,0,0,53 49 52 54 57 127 128 129 130 51 133 134 131 132 50
2147483649,0,0,inf,1,0,1,0,255,3 13 21 59 16 271 272 273 274 9 6 277 278 275 276
2147483650,0,0,inf,1,0,1,0,255,2 11 19 61 18 247 248 249 250 5 8 253 254 251 252
