49 2147483664 2147483665 2147483675 2147483698 
50 
51 
52 2147483664 2147483665 2147483674 2147483675 2147483698 
53 2147483663 2147483664 2147483665 2147483670 2147483672 2147483673 2147483674 2147483675 2147483677 2147483698 
54 2147483664 2147483665 2147483673 2147483674 2147483675 2147483698 
57 2147483664 2147483665 2147483672 2147483673 2147483674 2147483675 2147483677 2147483698 
127 2147483664 2147483665 2147483675 2147483698 
128 2147483664 2147483665 2147483675 2147483698 
129 2147483664 2147483665 2147483675 2147483698 
130 2147483664 2147483665 2147483675 2147483698 
131 
132 
133 
134 
2147483663 2147483664 2147483665 2147483667 2147483675 53 2147483664 2147483665 2147483667 2147483675 
2147483664 2147483663 2147483663 2147483665 2147483667 2147483668 2147483675 54 57 49 52 53 127 128 129 130 2147483665 2147483667 2147483668 2147483675 
2147483665 2147483663 2147483664 2147483663 2147483664 2147483667 2147483668 2147483669 2147483675 52 57 49 54 53 127 128 129 130 2147483667 2147483668 2147483669 2147483675 
2147483667 2147483663 2147483664 2147483665 2147483663 2147483664 2147483665 2147483675 2147483675 
2147483668 2147483664 2147483665 2147483664 2147483665 2147483675 2147483675 
2147483669 2147483665 2147483665 2147483675 2147483675 
2147483670 2147483671 2147483672 2147483673 2147483674 2147483675 53 2147483671 2147483672 2147483673 2147483674 2147483675 
2147483671 2147483670 2147483670 2147483672 2147483673 2147483674 2147483675 2147483672 2147483673 2147483674 2147483675 
2147483672 2147483670 2147483671 2147483670 2147483671 2147483673 2147483674 2147483675 57 53 2147483673 2147483674 2147483675 
2147483673 2147483670 2147483671 2147483672 2147483670 2147483671 2147483672 2147483674 2147483675 54 57 53 2147483674 2147483675 
2147483674 2147483670 2147483671 2147483672 2147483673 2147483670 2147483671 2147483672 2147483673 2147483675 52 54 57 53 2147483675 
2147483675 2147483663 2147483664 2147483665 2147483667 2147483668 2147483669 2147483670 2147483671 2147483672 2147483673 2147483674 2147483663 2147483664 2147483665 2147483667 2147483668 2147483669 2147483670 2147483671 2147483672 2147483673 2147483674 2147483676 2147483677 53 57 49 52 54 127 128 129 130 2147483676 2147483677 
2147483676 2147483675 2147483675 2147483677 2147483677 
2147483677 2147483675 2147483676 2147483675 2147483676 57 53 
2147483678 
2147483681 2147483698 2147483698 
2147483682 
2147483685 2147483698 2147483698 
2147483686 
2147483689 2147483698 2147483698 
2147483690 
2147483693 2147483698 2147483698 
2147483694 
2147483696 
2147483698 2147483681 2147483685 2147483689 2147483693 2147483681 2147483685 2147483689 2147483693 49 53 52 54 57 127 128 129 130 
