22 
23 
24 
25 
26 
27 
32 
49 2147483648 2147483649 2147483653 2147483655 2147483659 2147483661 2147483685 
50 
51 
52 2147483648 2147483649 2147483653 2147483655 2147483659 2147483661 2147483685 
53 2147483648 2147483649 2147483653 2147483655 2147483659 2147483660 2147483661 2147483679 2147483685 
54 2147483648 2147483649 2147483653 2147483655 2147483659 2147483661 2147483685 
57 2147483648 2147483649 2147483653 2147483655 2147483659 2147483661 2147483679 2147483685 
127 2147483648 2147483649 2147483653 2147483655 2147483659 2147483661 2147483685 
128 2147483648 2147483649 2147483653 2147483655 2147483659 2147483661 2147483685 
129 2147483648 2147483649 2147483653 2147483655 2147483659 2147483661 2147483685 
130 2147483648 2147483649 2147483653 2147483655 2147483659 2147483661 2147483685 
131 
132 
133 
134 
263 
264 
265 
266 
267 
268 
269 
270 
2147483648 2147483649 2147483659 2147483661 2147483665 49 52 54 57 53 127 128 129 130 2147483649 2147483659 2147483661 2147483665 
2147483649 2147483648 2147483648 2147483659 2147483661 2147483665 2147483667 49 52 54 57 53 127 128 129 130 2147483659 2147483661 2147483665 2147483667 
2147483653 2147483655 2147483659 2147483673 2147483674 2147483675 2147483676 2147483677 2147483678 2147483679 2147483685 53 49 52 54 57 127 128 129 130 2147483655 2147483659 2147483673 2147483674 2147483675 2147483676 2147483677 2147483678 2147483679 2147483685 
2147483655 2147483653 2147483653 2147483659 2147483675 2147483676 2147483677 2147483678 2147483679 2147483685 57 49 52 54 53 127 128 129 130 2147483659 2147483675 2147483676 2147483677 2147483678 2147483679 2147483685 
2147483659 2147483648 2147483649 2147483653 2147483655 2147483648 2147483649 2147483653 2147483655 2147483660 2147483661 2147483665 2147483667 2147483673 2147483674 2147483675 2147483676 2147483677 2147483678 2147483679 2147483685 53 49 52 54 57 127 128 129 130 2147483660 2147483661 2147483665 2147483667 2147483673 2147483674 2147483675 2147483676 2147483677 2147483678 2147483679 2147483685 
2147483660 2147483659 2147483659 2147483661 53 2147483661 
2147483661 2147483648 2147483649 2147483659 2147483660 2147483648 2147483649 2147483659 2147483660 2147483665 2147483667 54 57 49 52 53 127 128 129 130 2147483665 2147483667 
2147483665 2147483648 2147483649 2147483659 2147483661 2147483648 2147483649 2147483659 2147483661 
2147483667 2147483649 2147483659 2147483661 2147483649 2147483659 2147483661 
2147483673 2147483653 2147483659 2147483653 2147483659 2147483685 2147483685 
2147483674 2147483653 2147483659 2147483653 2147483659 2147483685 2147483685 
2147483675 2147483653 2147483655 2147483659 2147483653 2147483655 2147483659 2147483685 2147483685 
2147483676 2147483653 2147483655 2147483659 2147483653 2147483655 2147483659 2147483685 2147483685 
2147483677 2147483653 2147483655 2147483659 2147483653 2147483655 2147483659 2147483685 2147483685 
2147483678 2147483653 2147483655 2147483659 2147483653 2147483655 2147483659 2147483679 2147483685 2147483679 2147483685 
2147483679 2147483653 2147483655 2147483659 2147483678 2147483653 2147483655 2147483659 2147483678 2147483685 57 53 2147483685 
2147483683 
2147483685 2147483653 2147483655 2147483659 2147483673 2147483674 2147483675 2147483676 2147483677 2147483678 2147483679 2147483653 2147483655 2147483659 2147483673 2147483674 2147483675 2147483676 2147483677 2147483678 2147483679 49 53 52 54 57 127 128 129 130 
