2 
5 
8 
11 
18 
19 
22 
23 
24 
25 
26 
27 
32 
49 2147483651 2147483668 2147483672 2147483725 
50 
51 
52 2147483651 2147483668 2147483672 2147483725 
53 2147483651 2147483668 2147483670 2147483672 2147483725 
54 2147483651 2147483668 2147483672 2147483725 
57 2147483651 2147483668 2147483672 2147483725 
61 
127 2147483651 2147483668 2147483672 2147483725 
128 2147483651 2147483668 2147483672 2147483725 
129 2147483651 2147483668 2147483672 2147483725 
130 2147483651 2147483668 2147483672 2147483725 
131 
132 
133 
134 
151 2147483704 
152 2147483704 
153 2147483704 
154 2147483704 
155 2147483704 
156 2147483704 
157 2147483704 
158 2147483704 
159 2147483704 
160 2147483704 
161 2147483704 
162 2147483704 
163 2147483704 
164 2147483704 
165 2147483704 
166 2147483704 
247 
248 
249 
250 
251 
252 
253 
254 
263 
264 
265 
266 
267 
268 
269 
270 
2147483651 2147483704 2147483706 2147483709 2147483710 2147483711 2147483712 2147483713 2147483718 2147483720 2147483722 2147483726 2147483727 49 52 54 57 53 127 128 129 130 2147483704 2147483706 2147483709 2147483710 2147483711 2147483712 2147483713 2147483718 2147483720 2147483722 2147483726 2147483727 
2147483668 2147483669 2147483670 2147483672 2147483673 2147483676 2147483678 2147483679 2147483682 2147483683 2147483684 2147483685 2147483686 2147483689 2147483725 2147483728 53 57 49 52 54 127 128 129 130 2147483669 2147483670 2147483672 2147483673 2147483676 2147483678 2147483679 2147483682 2147483683 2147483684 2147483685 2147483686 2147483689 2147483725 2147483728 
2147483669 2147483668 2147483668 2147483670 2147483670 
2147483670 2147483668 2147483669 2147483668 2147483669 53 
2147483672 2147483668 2147483668 2147483673 2147483725 49 52 54 57 53 127 128 129 130 2147483673 2147483725 
2147483673 2147483668 2147483672 2147483668 2147483672 
2147483676 2147483668 2147483668 2147483725 2147483728 2147483725 2147483728 
2147483678 2147483668 2147483668 2147483725 2147483725 
2147483679 2147483668 2147483668 2147483725 2147483725 
2147483682 2147483668 2147483668 2147483725 2147483725 
2147483683 2147483668 2147483668 2147483725 2147483725 
2147483684 2147483668 2147483668 2147483725 2147483725 
2147483685 2147483668 2147483668 2147483725 2147483725 
2147483686 2147483668 2147483668 2147483725 2147483725 
2147483689 2147483668 2147483668 2147483693 2147483725 2147483693 2147483725 
2147483693 2147483689 2147483689 2147483725 2147483725 
2147483694 2147483725 2147483725 
2147483699 2147483724 2147483725 2147483729 2147483724 2147483725 2147483729 
2147483701 2147483724 2147483725 2147483724 2147483725 
2147483702 
2147483704 2147483651 2147483651 2147483706 2147483709 2147483710 2147483711 2147483712 2147483713 2147483726 151 152 153 154 155 156 157 158 159 160 161 162 163 164 165 166 2147483706 2147483709 2147483710 2147483711 2147483712 2147483713 2147483726 
2147483706 2147483651 2147483704 2147483651 2147483704 2147483726 2147483726 
2147483709 2147483651 2147483704 2147483651 2147483704 
2147483710 2147483651 2147483704 2147483651 2147483704 
2147483711 2147483651 2147483704 2147483651 2147483704 
2147483712 2147483651 2147483704 2147483651 2147483704 
2147483713 2147483651 2147483704 2147483651 2147483704 
2147483718 2147483651 2147483651 2147483722 2147483727 2147483722 2147483727 
2147483720 2147483651 2147483651 2147483722 2147483722 
2147483722 2147483651 2147483718 2147483720 2147483651 2147483718 2147483720 2147483727 2147483727 
2147483724 2147483699 2147483701 2147483699 2147483701 2147483725 2147483729 2147483725 2147483729 
2147483725 2147483668 2147483672 2147483676 2147483678 2147483679 2147483682 2147483683 2147483684 2147483685 2147483686 2147483689 2147483693 2147483694 2147483699 2147483701 2147483724 2147483668 2147483672 2147483676 2147483678 2147483679 2147483682 2147483683 2147483684 2147483685 2147483686 2147483689 2147483693 2147483694 2147483699 2147483701 2147483724 2147483728 2147483729 49 52 54 57 53 127 128 129 130 2147483728 2147483729 
2147483726 2147483651 2147483704 2147483706 2147483651 2147483704 2147483706 
2147483727 2147483651 2147483718 2147483722 2147483651 2147483718 2147483722 
2147483728 2147483668 2147483676 2147483725 2147483668 2147483676 2147483725 
2147483729 2147483699 2147483724 2147483725 2147483699 2147483724 2147483725 
