22 
23 
24 
25 
26 
27 
32 
49 2147483648 2147483655 2147483662 2147483700 2147483701 2147483705 
50 
51 
52 2147483648 2147483655 2147483662 2147483700 2147483701 2147483705 
53 2147483648 2147483655 2147483662 2147483674 2147483675 2147483679 2147483682 2147483690 2147483691 2147483700 2147483701 2147483705 
54 2147483648 2147483655 2147483662 2147483700 2147483701 2147483705 
57 2147483648 2147483655 2147483662 2147483675 2147483682 2147483691 2147483700 2147483701 2147483705 
127 2147483648 2147483655 2147483662 2147483700 2147483701 2147483705 
128 2147483648 2147483655 2147483662 2147483700 2147483701 2147483705 
129 2147483648 2147483655 2147483662 2147483700 2147483701 2147483705 
130 2147483648 2147483655 2147483662 2147483700 2147483701 2147483705 
131 
132 
133 
134 
263 
264 
265 
266 
267 
268 
269 
270 
2147483648 2147483655 2147483656 2147483673 2147483674 2147483675 2147483679 2147483681 2147483682 2147483687 2147483689 2147483690 2147483691 2147483700 2147483701 2147483702 2147483703 2147483705 53 49 52 54 57 127 128 129 130 2147483655 2147483656 2147483673 2147483674 2147483675 2147483679 2147483681 2147483682 2147483687 2147483689 2147483690 2147483691 2147483700 2147483701 2147483702 2147483703 2147483705 
2147483655 2147483648 2147483648 2147483656 2147483679 2147483681 2147483682 2147483700 2147483701 49 52 54 57 53 127 128 129 130 2147483656 2147483679 2147483681 2147483682 2147483700 2147483701 
2147483656 2147483648 2147483655 2147483648 2147483655 2147483679 2147483700 2147483701 2147483679 2147483700 2147483701 
2147483662 2147483705 53 49 52 54 57 127 128 129 130 2147483705 
2147483673 2147483648 2147483648 2147483674 2147483675 2147483674 2147483675 
2147483674 2147483648 2147483673 2147483648 2147483673 2147483675 53 2147483675 
2147483675 2147483648 2147483673 2147483674 2147483648 2147483673 2147483674 57 53 
2147483679 2147483648 2147483655 2147483656 2147483648 2147483655 2147483656 2147483700 2147483701 53 2147483700 2147483701 
2147483681 2147483648 2147483655 2147483648 2147483655 2147483682 2147483700 2147483701 2147483682 2147483700 2147483701 
2147483682 2147483648 2147483655 2147483681 2147483648 2147483655 2147483681 2147483700 2147483701 57 53 2147483700 2147483701 
2147483687 2147483648 2147483648 2147483700 2147483702 2147483700 2147483702 
2147483689 2147483648 2147483648 2147483690 2147483691 2147483690 2147483691 
2147483690 2147483648 2147483689 2147483648 2147483689 2147483691 53 2147483691 
2147483691 2147483648 2147483689 2147483690 2147483648 2147483689 2147483690 57 53 
2147483697 
2147483700 2147483648 2147483655 2147483656 2147483679 2147483681 2147483682 2147483687 2147483648 2147483655 2147483656 2147483679 2147483681 2147483682 2147483687 2147483701 2147483702 2147483703 49 52 54 57 53 127 128 129 130 2147483701 2147483702 2147483703 
2147483701 2147483648 2147483655 2147483656 2147483679 2147483681 2147483682 2147483700 2147483648 2147483655 2147483656 2147483679 2147483681 2147483682 2147483700 2147483702 2147483703 57 49 52 54 53 127 128 129 130 2147483702 2147483703 
2147483702 2147483648 2147483687 2147483700 2147483701 2147483648 2147483687 2147483700 2147483701 2147483703 2147483703 
2147483703 2147483648 2147483700 2147483701 2147483702 2147483648 2147483700 2147483701 2147483702 
2147483705 2147483648 2147483662 2147483648 2147483662 49 53 52 54 57 127 128 129 130 
