22 2147483656 2147483657 
23 
24 
25 2147483656 2147483657 
26 2147483656 2147483657 
27 2147483656 2147483657 
32 2147483656 2147483657 
49 2147483648 2147483649 2147483651 2147483652 2147483653 2147483654 2147483655 
50 
51 
52 2147483648 2147483649 2147483651 2147483652 2147483653 2147483654 2147483655 
53 2147483648 2147483649 2147483651 2147483652 2147483653 2147483654 2147483655 2147483658 2147483664 
54 2147483648 2147483649 2147483651 2147483652 2147483653 2147483654 2147483655 
57 2147483648 2147483649 2147483651 2147483652 2147483653 2147483654 2147483655 2147483658 2147483664 
127 2147483648 2147483649 2147483651 2147483652 2147483653 2147483654 2147483655 
128 2147483648 2147483649 2147483651 2147483652 2147483653 2147483654 2147483655 
129 2147483648 2147483649 2147483651 2147483652 2147483653 2147483654 2147483655 
130 2147483648 2147483649 2147483651 2147483652 2147483653 2147483654 2147483655 
131 
132 
133 
134 
263 2147483656 2147483657 
264 2147483656 2147483657 
265 2147483656 2147483657 
266 2147483656 2147483657 
267 
268 
269 
270 
2147483648 2147483649 2147483651 2147483652 2147483653 2147483654 2147483655 2147483656 2147483657 2147483664 49 53 57 52 54 127 128 129 130 2147483649 2147483651 2147483652 2147483653 2147483654 2147483655 2147483656 2147483657 2147483664 
2147483649 2147483648 2147483648 2147483651 2147483664 49 53 52 54 57 127 128 129 130 2147483651 2147483664 
2147483651 2147483648 2147483649 2147483648 2147483649 2147483652 2147483653 2147483654 2147483655 2147483656 2147483657 2147483658 2147483664 53 49 52 54 57 127 128 129 130 2147483652 2147483653 2147483654 2147483655 2147483656 2147483657 2147483658 2147483664 
2147483652 2147483648 2147483651 2147483648 2147483651 2147483653 2147483654 2147483655 2147483656 2147483657 2147483658 57 49 52 54 53 127 128 129 130 2147483653 2147483654 2147483655 2147483656 2147483657 2147483658 
2147483653 2147483648 2147483651 2147483652 2147483648 2147483651 2147483652 2147483654 2147483655 2147483656 2147483657 2147483658 54 49 52 57 53 127 128 129 130 2147483654 2147483655 2147483656 2147483657 2147483658 
2147483654 2147483648 2147483651 2147483652 2147483653 2147483648 2147483651 2147483652 2147483653 2147483655 2147483656 2147483657 2147483658 52 49 54 57 53 127 128 129 130 2147483655 2147483656 2147483657 2147483658 
2147483655 2147483648 2147483651 2147483652 2147483653 2147483654 2147483648 2147483651 2147483652 2147483653 2147483654 2147483656 2147483657 2147483658 127 49 52 54 57 53 128 129 130 2147483656 2147483657 2147483658 
2147483656 2147483648 2147483651 2147483652 2147483653 2147483654 2147483655 2147483648 2147483651 2147483652 2147483653 2147483654 2147483655 2147483657 2147483658 264 22 25 27 32 26 263 265 266 2147483657 2147483658 
2147483657 2147483648 2147483651 2147483652 2147483653 2147483654 2147483655 2147483656 2147483648 2147483651 2147483652 2147483653 2147483654 2147483655 2147483656 2147483658 22 25 27 32 26 263 264 265 266 2147483658 
2147483658 2147483651 2147483652 2147483653 2147483654 2147483655 2147483656 2147483657 2147483651 2147483652 2147483653 2147483654 2147483655 2147483656 2147483657 57 53 
2147483664 2147483648 2147483649 2147483651 2147483648 2147483649 2147483651 57 53 
2147483666 
