49 2147483648 2147483649 
50 
51 
52 2147483648 2147483649 2147483657 2147483659 
53 2147483648 2147483649 2147483650 2147483654 2147483655 2147483656 2147483657 2147483659 
54 2147483648 2147483649 2147483657 2147483659 
57 2147483648 2147483649 2147483654 2147483657 2147483659 
127 2147483648 2147483649 2147483659 
128 2147483648 2147483649 
129 2147483648 2147483649 
130 2147483648 2147483649 
131 
132 
133 
134 
2147483648 2147483649 2147483650 2147483651 2147483654 2147483655 2147483656 2147483657 2147483658 2147483659 53 54 57 49 52 127 128 129 130 2147483649 2147483650 2147483651 2147483654 2147483655 2147483656 2147483657 2147483658 2147483659 
2147483649 2147483648 2147483648 2147483650 2147483651 2147483654 2147483655 2147483656 2147483657 2147483658 2147483659 53 57 49 52 54 127 128 129 130 2147483650 2147483651 2147483654 2147483655 2147483656 2147483657 2147483658 2147483659 
2147483650 2147483648 2147483649 2147483648 2147483649 53 
2147483651 2147483648 2147483649 2147483648 2147483649 
2147483654 2147483648 2147483649 2147483648 2147483649 57 53 
2147483655 2147483648 2147483649 2147483648 2147483649 53 
2147483656 2147483648 2147483649 2147483648 2147483649 53 
2147483657 2147483648 2147483649 2147483648 2147483649 2147483658 2147483659 52 54 57 53 2147483658 2147483659 
2147483658 2147483648 2147483649 2147483657 2147483648 2147483649 2147483657 
2147483659 2147483648 2147483649 2147483657 2147483648 2147483649 2147483657 52 54 57 53 127 
