2 
3 
5 
6 
8 
9 
11 
13 
16 
18 
19 
21 
22 2147483740 2147483763 2147483783 2147483809 2147483851 
23 
24 
25 2147483740 2147483763 2147483783 2147483809 2147483851 
26 2147483740 2147483763 2147483783 2147483809 2147483851 
27 2147483740 2147483763 2147483783 2147483809 2147483851 
32 2147483740 2147483763 2147483783 2147483809 2147483851 
49 2147483648 2147483663 2147483672 2147483684 2147483702 2147483724 2147483725 2147483878 2147483884 
50 
51 
52 2147483648 2147483663 2147483672 2147483684 2147483702 2147483724 2147483725 2147483878 2147483884 
53 2147483648 2147483663 2147483672 2147483684 2147483702 2147483724 2147483725 2147483738 2147483749 2147483761 2147483781 2147483794 2147483797 2147483807 2147483823 2147483825 2147483827 2147483849 2147483857 2147483878 2147483884 
54 2147483648 2147483663 2147483672 2147483684 2147483702 2147483724 2147483725 2147483878 2147483884 
57 2147483648 2147483663 2147483672 2147483684 2147483702 2147483724 2147483725 2147483738 2147483761 2147483781 2147483807 2147483823 2147483849 2147483878 2147483884 
59 
61 
127 2147483648 2147483663 2147483672 2147483684 2147483702 2147483724 2147483725 2147483878 2147483884 
128 2147483648 2147483663 2147483672 2147483684 2147483702 2147483724 2147483725 2147483878 2147483884 
129 2147483648 2147483663 2147483672 2147483684 2147483702 2147483724 2147483725 2147483878 2147483884 
130 2147483648 2147483663 2147483672 2147483684 2147483702 2147483724 2147483725 2147483878 2147483884 
131 
132 
133 
134 
247 
248 
249 
250 
251 
252 
253 
254 
263 2147483740 2147483763 2147483783 2147483809 2147483851 
264 2147483740 2147483763 2147483783 2147483809 2147483851 
265 2147483740 2147483763 2147483783 2147483809 2147483851 
266 2147483740 2147483763 2147483783 2147483809 2147483851 
267 
268 
269 
270 
271 
272 
273 
274 
275 
276 
277 
278 
2147483648 2147483732 2147483738 2147483740 2147483745 2147483884 53 49 52 54 57 127 128 129 130 2147483732 2147483738 2147483740 2147483745 2147483884 
2147483661 2147483724 2147483725 2147483724 2147483725 
2147483663 2147483755 2147483761 2147483763 2147483768 2147483884 53 49 52 54 57 127 128 129 130 2147483755 2147483761 2147483763 2147483768 2147483884 
2147483672 2147483775 2147483781 2147483783 2147483788 2147483884 53 49 52 54 57 127 128 129 130 2147483775 2147483781 2147483783 2147483788 2147483884 
2147483684 2147483801 2147483807 2147483809 2147483814 2147483884 53 49 52 54 57 127 128 129 130 2147483801 2147483807 2147483809 2147483814 2147483884 
2147483701 2147483724 2147483725 2147483879 2147483724 2147483725 2147483879 
2147483702 2147483843 2147483849 2147483851 2147483856 2147483884 53 49 52 54 57 127 128 129 130 2147483843 2147483849 2147483851 2147483856 2147483884 
2147483724 2147483661 2147483701 2147483661 2147483701 2147483725 2147483726 2147483727 2147483728 2147483729 2147483748 2147483749 2147483752 2147483769 2147483772 2147483791 2147483792 2147483793 2147483794 2147483795 2147483796 2147483797 2147483798 2147483821 2147483823 2147483824 2147483825 2147483827 2147483857 2147483878 2147483879 53 49 52 54 57 127 128 129 130 2147483725 2147483726 2147483727 2147483728 2147483729 2147483748 2147483749 2147483752 2147483769 2147483772 2147483791 2147483792 2147483793 2147483794 2147483795 2147483796 2147483797 2147483798 2147483821 2147483823 2147483824 2147483825 2147483827 2147483857 2147483878 2147483879 
2147483725 2147483661 2147483701 2147483724 2147483661 2147483701 2147483724 2147483726 2147483727 2147483728 2147483729 2147483748 2147483749 2147483752 2147483769 2147483772 2147483791 2147483792 2147483793 2147483794 2147483795 2147483796 2147483797 2147483798 2147483821 2147483878 2147483879 53 57 49 52 54 127 128 129 130 2147483726 2147483727 2147483728 2147483729 2147483748 2147483749 2147483752 2147483769 2147483772 2147483791 2147483792 2147483793 2147483794 2147483795 2147483796 2147483797 2147483798 2147483821 2147483878 2147483879 
2147483726 2147483724 2147483725 2147483724 2147483725 
2147483727 2147483724 2147483725 2147483724 2147483725 
2147483728 2147483724 2147483725 2147483724 2147483725 
2147483729 2147483724 2147483725 2147483724 2147483725 
2147483732 2147483648 2147483648 
2147483738 2147483648 2147483648 2147483740 57 53 2147483740 
2147483740 2147483648 2147483738 2147483648 2147483738 2147483745 2147483884 22 25 27 32 26 263 264 265 266 2147483745 2147483884 
2147483745 2147483648 2147483740 2147483648 2147483740 2147483884 2147483884 
2147483748 2147483724 2147483725 2147483724 2147483725 
2147483749 2147483724 2147483725 2147483724 2147483725 53 
2147483752 2147483724 2147483725 2147483724 2147483725 
2147483755 2147483663 2147483663 
2147483761 2147483663 2147483663 2147483763 57 53 2147483763 
2147483763 2147483663 2147483761 2147483663 2147483761 2147483768 2147483884 22 25 27 32 26 263 264 265 266 2147483768 2147483884 
2147483768 2147483663 2147483763 2147483663 2147483763 2147483884 2147483884 
2147483769 2147483724 2147483725 2147483724 2147483725 
2147483772 2147483724 2147483725 2147483724 2147483725 
2147483775 2147483672 2147483672 
2147483781 2147483672 2147483672 2147483783 57 53 2147483783 
2147483783 2147483672 2147483781 2147483672 2147483781 2147483788 2147483884 22 25 27 32 26 263 264 265 266 2147483788 2147483884 
2147483788 2147483672 2147483783 2147483672 2147483783 2147483884 2147483884 
2147483791 2147483724 2147483725 2147483724 2147483725 
2147483792 2147483724 2147483725 2147483724 2147483725 
2147483793 2147483724 2147483725 2147483724 2147483725 
2147483794 2147483724 2147483725 2147483724 2147483725 53 
2147483795 2147483724 2147483725 2147483724 2147483725 
2147483796 2147483724 2147483725 2147483724 2147483725 2147483797 2147483797 
2147483797 2147483724 2147483725 2147483796 2147483724 2147483725 2147483796 53 
2147483798 2147483724 2147483725 2147483724 2147483725 
2147483801 2147483684 2147483684 
2147483807 2147483684 2147483684 2147483809 57 53 2147483809 
2147483809 2147483684 2147483807 2147483684 2147483807 2147483814 2147483884 22 25 27 32 26 263 264 265 266 2147483814 2147483884 
2147483814 2147483684 2147483809 2147483684 2147483809 2147483884 2147483884 
2147483821 2147483724 2147483725 2147483724 2147483725 
2147483823 2147483724 2147483724 2147483824 2147483825 57 53 2147483824 2147483825 
2147483824 2147483724 2147483823 2147483724 2147483823 2147483825 2147483825 
2147483825 2147483724 2147483823 2147483824 2147483724 2147483823 2147483824 53 
2147483827 2147483724 2147483724 53 
2147483831 2147483884 2147483884 
2147483832 
2147483835 2147483884 2147483884 
2147483836 
2147483843 2147483702 2147483702 
2147483849 2147483702 2147483702 2147483851 57 53 2147483851 
2147483851 2147483702 2147483849 2147483702 2147483849 2147483856 2147483884 22 25 27 32 26 263 264 265 266 2147483856 2147483884 
2147483856 2147483702 2147483851 2147483702 2147483851 2147483884 2147483884 
2147483857 2147483724 2147483724 53 
2147483862 2147483884 2147483884 
2147483863 
2147483866 2147483884 2147483884 
2147483867 
2147483869 
2147483878 2147483724 2147483725 2147483724 2147483725 2147483879 49 52 54 57 53 127 128 129 130 2147483879 
2147483879 2147483701 2147483724 2147483725 2147483878 2147483701 2147483724 2147483725 2147483878 
2147483884 2147483648 2147483663 2147483672 2147483684 2147483702 2147483740 2147483745 2147483763 2147483768 2147483783 2147483788 2147483809 2147483814 2147483831 2147483835 2147483851 2147483856 2147483862 2147483866 2147483648 2147483663 2147483672 2147483684 2147483702 2147483740 2147483745 2147483763 2147483768 2147483783 2147483788 2147483809 2147483814 2147483831 2147483835 2147483851 2147483856 2147483862 2147483866 49 53 52 54 57 127 128 129 130 
