2 
3 
5 
6 
8 
9 
11 
13 
16 
18 
19 
21 
22 2147483659 
23 
24 
25 2147483659 
26 2147483659 2147483669 2147483696 2147483698 
27 2147483659 
32 2147483659 2147483669 2147483696 2147483698 
49 2147483653 2147483687 2147483702 2147483703 2147483705 
50 
51 
52 2147483653 2147483687 2147483702 2147483703 2147483705 
53 2147483653 2147483687 2147483702 2147483703 2147483705 
54 2147483653 2147483687 2147483702 2147483703 2147483705 
57 2147483653 2147483687 2147483702 2147483703 2147483705 
59 
61 
127 2147483653 2147483687 2147483702 2147483703 2147483705 
128 2147483653 2147483687 2147483702 2147483703 2147483705 
129 2147483653 2147483687 2147483702 2147483703 2147483705 
130 2147483653 2147483687 2147483702 2147483703 2147483705 
131 
132 
133 
134 
247 
248 
249 
250 
251 
252 
253 
254 
263 2147483659 
264 2147483659 
265 2147483659 
266 2147483659 
267 
268 
269 
270 
271 
272 
273 
274 
275 
276 
277 
278 
2147483653 2147483654 2147483659 2147483687 2147483703 2147483705 53 49 52 54 57 127 128 129 130 2147483654 2147483659 2147483687 2147483703 2147483705 
2147483654 2147483653 2147483653 2147483659 2147483703 2147483705 2147483659 2147483703 2147483705 
2147483659 2147483653 2147483654 2147483653 2147483654 2147483661 2147483667 2147483669 2147483671 2147483672 2147483674 2147483679 2147483687 2147483694 2147483698 2147483702 2147483703 2147483705 32 26 22 25 27 263 264 265 266 2147483661 2147483667 2147483669 2147483671 2147483672 2147483674 2147483679 2147483687 2147483694 2147483698 2147483702 2147483703 2147483705 
2147483661 2147483659 2147483659 2147483702 2147483705 2147483702 2147483705 
2147483667 2147483659 2147483659 2147483669 2147483702 2147483705 2147483669 2147483702 2147483705 
2147483669 2147483659 2147483667 2147483659 2147483667 2147483702 2147483705 32 26 2147483702 2147483705 
2147483671 2147483659 2147483659 2147483705 2147483705 
2147483672 2147483659 2147483659 2147483705 2147483705 
2147483674 2147483659 2147483659 2147483679 2147483687 2147483703 2147483705 2147483679 2147483687 2147483703 2147483705 
2147483679 2147483659 2147483674 2147483659 2147483674 2147483687 2147483703 2147483705 2147483687 2147483703 2147483705 
2147483687 2147483653 2147483659 2147483674 2147483679 2147483653 2147483659 2147483674 2147483679 2147483694 2147483703 2147483705 49 52 54 57 53 127 128 129 130 2147483694 2147483703 2147483705 
2147483694 2147483659 2147483687 2147483659 2147483687 2147483703 2147483705 2147483703 2147483705 
2147483696 2147483703 2147483705 32 26 2147483703 2147483705 
2147483698 2147483659 2147483659 2147483703 32 26 2147483703 
2147483702 2147483659 2147483661 2147483667 2147483669 2147483659 2147483661 2147483667 2147483669 2147483703 2147483705 53 57 49 52 54 127 128 129 130 2147483703 2147483705 
2147483703 2147483653 2147483654 2147483659 2147483674 2147483679 2147483687 2147483694 2147483696 2147483698 2147483702 2147483653 2147483654 2147483659 2147483674 2147483679 2147483687 2147483694 2147483696 2147483698 2147483702 2147483705 53 49 57 52 54 127 128 129 130 2147483705 
2147483705 2147483653 2147483654 2147483659 2147483661 2147483667 2147483669 2147483671 2147483672 2147483674 2147483679 2147483687 2147483694 2147483696 2147483702 2147483703 2147483653 2147483654 2147483659 2147483661 2147483667 2147483669 2147483671 2147483672 2147483674 2147483679 2147483687 2147483694 2147483696 2147483702 2147483703 54 57 49 52 53 127 128 129 130 
