2 
5 
8 
11 
18 
19 
22 2147483741 
23 
24 
25 2147483741 
26 2147483741 
27 2147483741 
32 2147483741 
49 2147483648 2147483653 2147483670 2147483671 2147483742 
50 
51 
52 2147483648 2147483653 2147483670 2147483671 2147483742 
53 2147483648 2147483653 2147483670 2147483671 2147483726 2147483727 2147483728 2147483742 
54 2147483648 2147483653 2147483670 2147483671 2147483728 2147483742 
57 2147483648 2147483653 2147483670 2147483671 2147483727 2147483728 2147483742 
61 
127 2147483648 2147483653 2147483670 2147483671 2147483742 
128 2147483648 2147483653 2147483670 2147483671 2147483742 
129 2147483648 2147483653 2147483670 2147483671 2147483742 
130 2147483648 2147483653 2147483670 2147483671 2147483742 
131 
132 
133 
134 
247 
248 
249 
250 
251 
252 
253 
254 
263 2147483741 
264 2147483741 
265 2147483741 
266 2147483741 
267 
268 
269 
270 
2147483648 2147483650 2147483653 2147483655 2147483660 2147483661 2147483670 2147483671 2147483696 2147483697 2147483702 2147483706 2147483712 2147483717 2147483724 2147483739 2147483741 2147483742 49 52 54 57 53 127 128 129 130 2147483650 2147483653 2147483655 2147483660 2147483661 2147483670 2147483671 2147483696 2147483697 2147483702 2147483706 2147483712 2147483717 2147483724 2147483739 2147483741 2147483742 
2147483650 2147483648 2147483648 2147483670 2147483671 2147483697 2147483702 2147483742 2147483670 2147483671 2147483697 2147483702 2147483742 
2147483653 2147483648 2147483648 2147483655 2147483671 2147483723 2147483724 2147483726 2147483727 2147483728 2147483729 2147483739 2147483741 49 52 54 57 53 127 128 129 130 2147483655 2147483671 2147483723 2147483724 2147483726 2147483727 2147483728 2147483729 2147483739 2147483741 
2147483655 2147483648 2147483653 2147483648 2147483653 2147483660 2147483671 2147483717 2147483724 2147483739 2147483741 2147483660 2147483671 2147483717 2147483724 2147483739 2147483741 
2147483660 2147483648 2147483655 2147483648 2147483655 2147483661 2147483671 2147483717 2147483742 2147483661 2147483671 2147483717 2147483742 
2147483661 2147483648 2147483660 2147483648 2147483660 2147483671 2147483671 
2147483670 2147483648 2147483650 2147483648 2147483650 2147483671 2147483673 2147483696 2147483697 2147483702 2147483742 53 49 52 54 57 127 128 129 130 2147483671 2147483673 2147483696 2147483697 2147483702 2147483742 
2147483671 2147483648 2147483650 2147483653 2147483655 2147483660 2147483661 2147483670 2147483648 2147483650 2147483653 2147483655 2147483660 2147483661 2147483670 2147483673 2147483696 2147483697 2147483702 2147483717 2147483732 2147483741 2147483742 57 53 49 52 54 127 128 129 130 2147483673 2147483696 2147483697 2147483702 2147483717 2147483732 2147483741 2147483742 
2147483673 2147483670 2147483671 2147483670 2147483671 2147483742 2147483742 
2147483696 2147483648 2147483670 2147483671 2147483648 2147483670 2147483671 2147483697 2147483702 2147483742 2147483697 2147483702 2147483742 
2147483697 2147483648 2147483650 2147483670 2147483671 2147483696 2147483648 2147483650 2147483670 2147483671 2147483696 2147483702 2147483742 2147483702 2147483742 
2147483702 2147483648 2147483650 2147483670 2147483671 2147483696 2147483697 2147483648 2147483650 2147483670 2147483671 2147483696 2147483697 2147483742 2147483742 
2147483706 2147483648 2147483648 
2147483712 2147483648 2147483648 
2147483717 2147483648 2147483655 2147483660 2147483671 2147483648 2147483655 2147483660 2147483671 
2147483723 2147483653 2147483653 2147483724 2147483724 
2147483724 2147483648 2147483653 2147483655 2147483723 2147483648 2147483653 2147483655 2147483723 2147483726 2147483727 2147483728 2147483726 2147483727 2147483728 
2147483726 2147483653 2147483724 2147483653 2147483724 2147483727 2147483728 53 2147483727 2147483728 
2147483727 2147483653 2147483724 2147483726 2147483653 2147483724 2147483726 2147483728 57 53 2147483728 
2147483728 2147483653 2147483724 2147483726 2147483727 2147483653 2147483724 2147483726 2147483727 54 57 53 
2147483729 2147483653 2147483653 
2147483732 2147483671 2147483671 2147483741 2147483741 
2147483739 2147483648 2147483653 2147483655 2147483648 2147483653 2147483655 2147483741 2147483741 
2147483741 2147483648 2147483653 2147483655 2147483671 2147483732 2147483739 2147483648 2147483653 2147483655 2147483671 2147483732 2147483739 22 25 27 32 26 263 264 265 266 
2147483742 2147483648 2147483650 2147483660 2147483670 2147483671 2147483673 2147483696 2147483697 2147483702 2147483648 2147483650 2147483660 2147483670 2147483671 2147483673 2147483696 2147483697 2147483702 54 49 52 57 53 127 128 129 130 
