22,1,22,-1,0,1,0,0,0,
23,1,23,-1,0,1,0,0,0,
24,1,24,-1,0,1,0,0,0,
25,1,25,-1,0,1,0,0,0,
26,1,26,-1,0,1,0,0,0,
27,1,27,-1,0,1,0,0,0,
32,1,32,-1,0,1,0,0,0,
49,1,49,-1,0,1,0,0,0,
50,1,50,-1,0,1,0,0,0,
51,1,51,-1,0,1,0,0,0,
52,1,52,-1,0,1,0,0,0,
53,1,53,-1,0,1,0,0,0,
54,1,54,-1,0,1,0,0,0,
57,1,57,-1,0,1,0,0,0,
127,1,127,-1,0,1,0,0,0,
128,1,128,-1,0,1,0,0,0,
129,1,129,-1,0,1,0,0,0,
130,1,130,-1,0,1,0,0,0,
131,1,131,-1,0,1,0,0,0,
132,1,132,-1,0,1,0,0,0,
133,1,133,-1,0,1,0,0,0,
134,1,134,-1,0,1,0,0,0,
263,1,263,-1,0,1,0,0,0,
264,1,264,-1,0,1,0,0,0,
265,1,265,-1,0,1,0,0,0,
266,1,266,-1,0,1,0,0,0,
267,1,267,-1,0,1,0,0,0,
268,1,268,-1,0,1,0,0,0,
269,1,269,-1,0,1,0,0,0,
270,1,270,-1,0,1,0,0,0,
2147483648,0,0,0.00338295,1,0,1,0,0,51 133 134 131 132 50
2147483649,0,0,0.000921829,1,0,1,0,0,51 133 134 131 132 50
2147483655,0,0,0.00162984,1,0,1,0,0,51 133 134 131 132 50
2147483658,0,0,0.00423083,2,0,1,0,0,51 133 134 131 132 50
2147483663,0,0,0.00455876,2,0,1,0,0,51 133 134 131 132 50
2147483666,0,0,0.00533187,1,0,1,0,0,49 52 54 57 53 127 128 129 130 51 133 134 131 132 50
2147483670,0,0,0.00682597,3,0,1,0,0,51 133 134 131 132 50
2147483671,0,0,0.00506386,2,0,1,0,0,51 133 134 131 132 50
2147483673,0,0,0.03125,1,0,1,0,0,49 52 54 57 53 127 128 129 130 51 133 134 131 132 50
2147483674,0,0,0.0129119,1,0,1,0,0,51 133 134 131 132 50
2147483677,0,0,0.0520833,1,0,1,0,0,49 52 54 57 53 127 128 129 130 51 133 134 131 132 50
2147483678,0,0,0.0155225,1,0,1,0,0,51 133 134 131 132 50
2147483683,0,0,0.00185767,1,0,1,0,0,53 49 52 54 127 128 129 130 51 133 134 131 132 50
2147483684,0,0,0.00669643,1,0,1,0,0,49 52 54 57 53 127 128 129 130 51 133 134 131 132 50
2147483685,0,0,inf,1,0,1,0,0,49 52 54 57 53 127 128 129 130 51 133 134 131 132 50
2147483686,0,0,0.00462963,1,0,1,0,255,49 52 54 57 53 127 128 129 130 51 133 134 131 132 50
2147483688,0,0,0.00233819,4,0,1,0,0,51 133 134 131 132 50
2147483690,0,0,0.00233796,1,0,1,0,0,53 49 52 54 57 127 128 129 130 51 133 134 131 132 50
2147483697,0,0,inf,1,0,1,0,0,22 25 27 32 26 263 264 265 266 24 23 269 270 267 268
2147483699,0,0,inf,1,0,1,0,0,49 52 54 57 53 127 128 129 130 51 133 134 131 132 50
2147483702,0,0,inf,1,0,1,0,0,22 25 27 32 26 263 264 265 266 24 23 269 270 267 268
2147483708,0,0,inf,1,0,1,0,0,49 52 54 57 53 127 128 129 130 51 133 134 131 132 50
2147483710,0,0,0.00397265,3,0,1,0,0,32 22 25 27 263 264 265 266 24 23 269 270 267 268
2147483711,0,0,0.00435345,1,0,1,0,0,53 49 52 54 57 127 128 129 130 51 133 134 131 132 50
2147483726,0,0,0.0137878,2,0,1,0,0,49 52 54 57 53 127 128 129 130 51 133 134 131 132 50
2147483730,0,0,inf,1,0,1,0,0,49 52 54 57 53 127 128 129 130 51 133 134 131 132 50
2147483731,0,0,0.00956439,1,0,1,0,0,51 133 134 131 132 50
2147483732,0,0,0.00986328,1,0,1,0,0,49 127 128 129 130 51 133 134 131 132 50
2147483733,0,0,0.000973404,2,0,1,0,0,51 133 134 131 132 50
2147483749,0,0,inf,1,0,1,0,0,49 52 54 57 53 127 128 129 130 51 133 134 131 132 50
2147483750,0,0,0.00573864,1,0,1,0,0,51 133 134 131 132 50
2147483751,0,0,0.00591797,1,0,1,0,0,49 127 128 129 130 51 133 134 131 132 50
2147483752,0,0,0.000729439,1,0,1,0,0,51 133 134 131 132 50
2147483759,0,0,0.00467593,1,0,1,0,0,49 52 54 57 53 127 128 129 130 51 133 134 131 132 50
2147483760,0,0,inf,1,0,1,0,0,49 52 54 57 53 127 128 129 130 51 133 134 131 132 50
2147483762,0,0,0.00210674,3,0,1,0,0,51 133 134 131 132 50
2147483763,0,0,0.00527966,3,0,1,0,0,49 52 54 57 53 127 128 129 130 51 133 134 131 132 50
2147483764,0,0,0.000423836,3,0,1,0,0,51 133 134 131 132 50
2147483765,0,0,0.0750411,4,0,1,0,0,49 52 54 57 53 127 128 129 130 51 133 134 131 132 50
2147483766,0,0,0.00250351,5,0,1,0,0,51 133 134 131 132 50
2147483767,0,0,0.00257396,4,0,1,0,0,51 133 134 131 132 50
2147483768,0,0,0.0391742,3,0,1,0,0,51 133 134 131 132 50
2147483769,0,0,0.0523485,3,0,1,0,0,51 133 134 131 132 50
2147483770,0,0,0.00943204,3,0,1,0,0,53 49 52 54 127 128 129 130 51 133 134 131 132 50
