2 2147483695 
5 
8 
11 2147483695 
18 2147483695 
19 2147483695 
22 2147483754 
23 
24 
25 2147483754 
26 2147483754 2147483905 2147483953 
27 2147483754 2147483905 
32 2147483754 2147483905 
49 2147483648 2147483661 2147483666 2147483667 2147483688 2147483696 2147483697 2147483698 2147483719 2147483725 2147483727 2147483728 2147483729 2147483768 2147483959 2147483961 2147483966 2147483973 
50 
51 
52 2147483648 2147483661 2147483666 2147483667 2147483688 2147483696 2147483697 2147483698 2147483719 2147483725 2147483727 2147483728 2147483729 2147483768 2147483959 2147483961 2147483966 2147483973 
53 2147483648 2147483661 2147483666 2147483667 2147483688 2147483696 2147483697 2147483698 2147483719 2147483722 2147483725 2147483727 2147483728 2147483729 2147483768 2147483857 2147483959 2147483961 2147483966 2147483973 2147483976 
54 2147483648 2147483661 2147483666 2147483667 2147483688 2147483696 2147483697 2147483698 2147483719 2147483725 2147483727 2147483728 2147483729 2147483768 2147483959 2147483961 2147483966 2147483973 
57 2147483648 2147483661 2147483666 2147483667 2147483688 2147483696 2147483697 2147483698 2147483719 2147483725 2147483727 2147483728 2147483729 2147483768 2147483959 2147483961 2147483966 2147483973 2147483976 
61 2147483695 
127 2147483648 2147483661 2147483666 2147483667 2147483688 2147483696 2147483697 2147483698 2147483719 2147483725 2147483727 2147483728 2147483729 2147483768 2147483959 2147483961 2147483966 2147483973 
128 2147483648 2147483661 2147483666 2147483667 2147483688 2147483696 2147483697 2147483698 2147483719 2147483725 2147483727 2147483728 2147483729 2147483768 2147483959 2147483961 2147483966 2147483973 
129 2147483648 2147483661 2147483666 2147483667 2147483688 2147483696 2147483697 2147483698 2147483719 2147483725 2147483727 2147483728 2147483729 2147483768 2147483959 2147483961 2147483966 2147483973 
130 2147483648 2147483661 2147483666 2147483667 2147483688 2147483696 2147483697 2147483698 2147483719 2147483725 2147483727 2147483728 2147483729 2147483768 2147483959 2147483961 2147483966 2147483973 
131 
132 
133 
134 
247 2147483695 
248 2147483695 
249 2147483695 
250 2147483695 
251 
252 
253 
254 
263 2147483754 
264 2147483754 
265 2147483754 
266 2147483754 
267 
268 
269 
270 
2147483648 2147483661 2147483666 2147483667 2147483688 2147483689 2147483690 2147483691 2147483695 2147483696 2147483697 2147483698 2147483719 2147483720 2147483721 2147483722 2147483727 2147483728 2147483729 2147483747 2147483748 2147483750 2147483751 2147483754 2147483755 2147483758 2147483760 2147483762 2147483766 2147483768 2147483770 2147483793 2147483802 2147483830 2147483835 2147483837 2147483850 2147483852 2147483856 2147483857 2147483859 2147483867 2147483895 2147483900 2147483902 2147483905 2147483959 2147483961 2147483963 2147483966 2147483967 2147483969 2147483973 2147483974 2147483976 52 49 54 57 53 127 128 129 130 2147483661 2147483666 2147483667 2147483688 2147483689 2147483690 2147483691 2147483695 2147483696 2147483697 2147483698 2147483719 2147483720 2147483721 2147483722 2147483727 2147483728 2147483729 2147483747 2147483748 2147483750 2147483751 2147483754 2147483755 2147483758 2147483760 2147483762 2147483766 2147483768 2147483770 2147483793 2147483802 2147483830 2147483835 2147483837 2147483850 2147483852 2147483856 2147483857 2147483859 2147483867 2147483895 2147483900 2147483902 2147483905 2147483959 2147483961 2147483963 2147483966 2147483967 2147483969 2147483973 2147483974 2147483976 
2147483661 2147483648 2147483648 2147483727 2147483768 2147483793 2147483961 2147483963 49 52 54 57 53 127 128 129 130 2147483727 2147483768 2147483793 2147483961 2147483963 
2147483664 2147483953 2147483953 
2147483666 2147483648 2147483648 2147483727 2147483768 49 52 54 57 53 127 128 129 130 2147483727 2147483768 
2147483667 2147483648 2147483648 2147483688 2147483727 2147483768 2147483830 2147483966 2147483967 53 49 52 54 57 127 128 129 130 2147483688 2147483727 2147483768 2147483830 2147483966 2147483967 
2147483688 2147483648 2147483667 2147483648 2147483667 2147483689 2147483690 2147483691 2147483727 2147483768 2147483830 2147483835 2147483966 2147483967 2147483969 49 52 54 57 53 127 128 129 130 2147483689 2147483690 2147483691 2147483727 2147483768 2147483830 2147483835 2147483966 2147483967 2147483969 
2147483689 2147483648 2147483688 2147483648 2147483688 2147483690 2147483691 2147483727 2147483768 2147483835 2147483837 2147483966 2147483969 2147483690 2147483691 2147483727 2147483768 2147483835 2147483837 2147483966 2147483969 
2147483690 2147483648 2147483688 2147483689 2147483648 2147483688 2147483689 2147483691 2147483727 2147483768 2147483835 2147483837 2147483966 2147483969 2147483691 2147483727 2147483768 2147483835 2147483837 2147483966 2147483969 
2147483691 2147483648 2147483688 2147483689 2147483690 2147483648 2147483688 2147483689 2147483690 2147483695 2147483727 2147483768 2147483835 2147483837 2147483966 2147483969 2147483695 2147483727 2147483768 2147483835 2147483837 2147483966 2147483969 
2147483695 2147483648 2147483691 2147483648 2147483691 2147483696 2147483697 2147483698 2147483719 2147483720 2147483721 2147483722 2147483727 2147483768 2147483850 2147483852 2147483856 2147483857 2147483859 2147483867 2147483895 2147483900 2147483902 2147483905 2147483969 2147483973 2147483974 2147483976 2 11 19 61 18 247 248 249 250 2147483696 2147483697 2147483698 2147483719 2147483720 2147483721 2147483722 2147483727 2147483768 2147483850 2147483852 2147483856 2147483857 2147483859 2147483867 2147483895 2147483900 2147483902 2147483905 2147483969 2147483973 2147483974 2147483976 
2147483696 2147483648 2147483695 2147483648 2147483695 2147483727 2147483768 49 52 54 57 53 127 128 129 130 2147483727 2147483768 
2147483697 2147483648 2147483695 2147483648 2147483695 2147483727 49 52 54 57 53 127 128 129 130 2147483727 
2147483698 2147483648 2147483695 2147483648 2147483695 2147483719 2147483727 2147483895 2147483973 2147483974 53 49 52 54 57 127 128 129 130 2147483719 2147483727 2147483895 2147483973 2147483974 
2147483719 2147483648 2147483695 2147483698 2147483648 2147483695 2147483698 2147483720 2147483721 2147483722 2147483727 2147483895 2147483900 2147483973 2147483974 2147483976 49 52 54 57 53 127 128 129 130 2147483720 2147483721 2147483722 2147483727 2147483895 2147483900 2147483973 2147483974 2147483976 
2147483720 2147483648 2147483695 2147483719 2147483648 2147483695 2147483719 2147483721 2147483722 2147483727 2147483900 2147483902 2147483973 2147483976 2147483721 2147483722 2147483727 2147483900 2147483902 2147483973 2147483976 
2147483721 2147483648 2147483695 2147483719 2147483720 2147483648 2147483695 2147483719 2147483720 2147483722 2147483727 2147483900 2147483902 2147483973 2147483976 2147483722 2147483727 2147483900 2147483902 2147483973 2147483976 
2147483722 2147483648 2147483695 2147483719 2147483720 2147483721 2147483648 2147483695 2147483719 2147483720 2147483721 2147483727 2147483900 2147483902 2147483905 2147483973 2147483976 53 2147483727 2147483900 2147483902 2147483905 2147483973 2147483976 
2147483725 49 52 54 57 53 127 128 129 130 
2147483727 2147483648 2147483661 2147483666 2147483667 2147483688 2147483689 2147483690 2147483691 2147483695 2147483696 2147483697 2147483698 2147483719 2147483720 2147483721 2147483722 2147483648 2147483661 2147483666 2147483667 2147483688 2147483689 2147483690 2147483691 2147483695 2147483696 2147483697 2147483698 2147483719 2147483720 2147483721 2147483722 2147483728 2147483729 2147483747 2147483748 2147483750 2147483751 2147483754 2147483755 2147483758 2147483760 2147483762 2147483766 2147483768 2147483770 2147483793 2147483802 2147483830 2147483835 2147483837 2147483850 2147483852 2147483856 2147483857 2147483859 2147483867 2147483895 2147483900 2147483902 2147483905 2147483959 2147483961 2147483963 2147483966 2147483967 2147483969 2147483973 2147483974 2147483976 53 49 52 54 57 127 128 129 130 2147483728 2147483729 2147483747 2147483748 2147483750 2147483751 2147483754 2147483755 2147483758 2147483760 2147483762 2147483766 2147483768 2147483770 2147483793 2147483802 2147483830 2147483835 2147483837 2147483850 2147483852 2147483856 2147483857 2147483859 2147483867 2147483895 2147483900 2147483902 2147483905 2147483959 2147483961 2147483963 2147483966 2147483967 2147483969 2147483973 2147483974 2147483976 
2147483728 2147483648 2147483727 2147483648 2147483727 2147483729 2147483747 2147483748 2147483750 2147483751 2147483754 2147483755 2147483758 2147483760 2147483762 2147483766 2147483768 2147483770 2147483959 2147483961 57 49 52 54 53 127 128 129 130 2147483729 2147483747 2147483748 2147483750 2147483751 2147483754 2147483755 2147483758 2147483760 2147483762 2147483766 2147483768 2147483770 2147483959 2147483961 
2147483729 2147483648 2147483727 2147483728 2147483648 2147483727 2147483728 54 49 52 57 53 127 128 129 130 
2147483747 2147483648 2147483727 2147483728 2147483648 2147483727 2147483728 2147483754 2147483768 2147483959 2147483961 2147483754 2147483768 2147483959 2147483961 
2147483748 2147483648 2147483727 2147483728 2147483648 2147483727 2147483728 2147483750 2147483751 2147483754 2147483768 2147483959 2147483961 2147483750 2147483751 2147483754 2147483768 2147483959 2147483961 
2147483750 2147483648 2147483727 2147483728 2147483748 2147483648 2147483727 2147483728 2147483748 2147483754 2147483768 2147483959 2147483961 2147483754 2147483768 2147483959 2147483961 
2147483751 2147483648 2147483727 2147483728 2147483748 2147483648 2147483727 2147483728 2147483748 2147483754 2147483768 2147483959 2147483961 2147483754 2147483768 2147483959 2147483961 
2147483754 2147483648 2147483727 2147483728 2147483747 2147483748 2147483750 2147483751 2147483648 2147483727 2147483728 2147483747 2147483748 2147483750 2147483751 2147483755 2147483758 2147483760 2147483762 2147483766 2147483768 2147483770 2147483959 2147483961 22 25 27 32 26 263 264 265 266 2147483755 2147483758 2147483760 2147483762 2147483766 2147483768 2147483770 2147483959 2147483961 
2147483755 2147483648 2147483727 2147483728 2147483754 2147483648 2147483727 2147483728 2147483754 2147483768 2147483959 2147483961 2147483768 2147483959 2147483961 
2147483758 2147483648 2147483727 2147483728 2147483754 2147483648 2147483727 2147483728 2147483754 2147483760 2147483762 2147483766 2147483768 2147483959 2147483961 2147483760 2147483762 2147483766 2147483768 2147483959 2147483961 
2147483760 2147483648 2147483727 2147483728 2147483754 2147483758 2147483648 2147483727 2147483728 2147483754 2147483758 2147483768 2147483959 2147483961 2147483768 2147483959 2147483961 
2147483762 2147483648 2147483727 2147483728 2147483754 2147483758 2147483648 2147483727 2147483728 2147483754 2147483758 2147483766 2147483768 2147483959 2147483961 2147483766 2147483768 2147483959 2147483961 
2147483766 2147483648 2147483727 2147483728 2147483754 2147483758 2147483762 2147483648 2147483727 2147483728 2147483754 2147483758 2147483762 2147483768 2147483959 2147483961 2147483768 2147483959 2147483961 
2147483768 2147483648 2147483661 2147483666 2147483667 2147483688 2147483689 2147483690 2147483691 2147483695 2147483696 2147483727 2147483728 2147483747 2147483748 2147483750 2147483751 2147483754 2147483755 2147483758 2147483760 2147483762 2147483766 2147483648 2147483661 2147483666 2147483667 2147483688 2147483689 2147483690 2147483691 2147483695 2147483696 2147483727 2147483728 2147483747 2147483748 2147483750 2147483751 2147483754 2147483755 2147483758 2147483760 2147483762 2147483766 2147483770 2147483793 2147483802 2147483830 2147483835 2147483837 2147483850 2147483959 2147483961 2147483963 2147483966 2147483967 2147483969 49 52 54 57 53 127 128 129 130 2147483770 2147483793 2147483802 2147483830 2147483835 2147483837 2147483850 2147483959 2147483961 2147483963 2147483966 2147483967 2147483969 
2147483770 2147483648 2147483727 2147483728 2147483754 2147483768 2147483648 2147483727 2147483728 2147483754 2147483768 2147483959 2147483961 2147483959 2147483961 
2147483793 2147483648 2147483661 2147483727 2147483768 2147483648 2147483661 2147483727 2147483768 
2147483802 2147483648 2147483727 2147483768 2147483648 2147483727 2147483768 
2147483830 2147483648 2147483667 2147483688 2147483727 2147483768 2147483648 2147483667 2147483688 2147483727 2147483768 2147483966 2147483966 
2147483835 2147483648 2147483688 2147483689 2147483690 2147483691 2147483727 2147483768 2147483648 2147483688 2147483689 2147483690 2147483691 2147483727 2147483768 2147483966 2147483969 2147483966 2147483969 
2147483837 2147483648 2147483689 2147483690 2147483691 2147483727 2147483768 2147483648 2147483689 2147483690 2147483691 2147483727 2147483768 2147483966 2147483966 
2147483850 2147483648 2147483695 2147483727 2147483768 2147483648 2147483695 2147483727 2147483768 
2147483852 2147483648 2147483695 2147483727 2147483648 2147483695 2147483727 
2147483856 2147483648 2147483695 2147483727 2147483648 2147483695 2147483727 2147483857 2147483857 
2147483857 2147483648 2147483695 2147483727 2147483856 2147483648 2147483695 2147483727 2147483856 53 
2147483859 2147483648 2147483695 2147483727 2147483648 2147483695 2147483727 
2147483867 2147483648 2147483695 2147483727 2147483648 2147483695 2147483727 
2147483895 2147483648 2147483695 2147483698 2147483719 2147483727 2147483648 2147483695 2147483698 2147483719 2147483727 2147483973 2147483973 
2147483900 2147483648 2147483695 2147483719 2147483720 2147483721 2147483722 2147483727 2147483648 2147483695 2147483719 2147483720 2147483721 2147483722 2147483727 2147483973 2147483976 2147483973 2147483976 
2147483902 2147483648 2147483695 2147483720 2147483721 2147483722 2147483727 2147483648 2147483695 2147483720 2147483721 2147483722 2147483727 2147483973 2147483973 
2147483905 2147483648 2147483695 2147483722 2147483727 2147483648 2147483695 2147483722 2147483727 2147483976 27 32 26 2147483976 
2147483914 
2147483948 
2147483953 2147483664 2147483664 26 
2147483959 2147483648 2147483727 2147483728 2147483747 2147483748 2147483750 2147483751 2147483754 2147483755 2147483758 2147483760 2147483762 2147483766 2147483768 2147483770 2147483648 2147483727 2147483728 2147483747 2147483748 2147483750 2147483751 2147483754 2147483755 2147483758 2147483760 2147483762 2147483766 2147483768 2147483770 2147483961 54 57 49 52 53 127 128 129 130 2147483961 
2147483961 2147483648 2147483661 2147483727 2147483728 2147483747 2147483748 2147483750 2147483751 2147483754 2147483755 2147483758 2147483760 2147483762 2147483766 2147483768 2147483770 2147483959 2147483648 2147483661 2147483727 2147483728 2147483747 2147483748 2147483750 2147483751 2147483754 2147483755 2147483758 2147483760 2147483762 2147483766 2147483768 2147483770 2147483959 2147483963 49 53 52 54 57 127 128 129 130 2147483963 
2147483963 2147483648 2147483661 2147483727 2147483768 2147483961 2147483648 2147483661 2147483727 2147483768 2147483961 
2147483966 2147483648 2147483667 2147483688 2147483689 2147483690 2147483691 2147483727 2147483768 2147483830 2147483835 2147483837 2147483648 2147483667 2147483688 2147483689 2147483690 2147483691 2147483727 2147483768 2147483830 2147483835 2147483837 2147483967 2147483969 49 52 54 57 53 127 128 129 130 2147483967 2147483969 
2147483967 2147483648 2147483667 2147483688 2147483727 2147483768 2147483966 2147483648 2147483667 2147483688 2147483727 2147483768 2147483966 
2147483969 2147483648 2147483688 2147483689 2147483690 2147483691 2147483695 2147483727 2147483768 2147483835 2147483966 2147483648 2147483688 2147483689 2147483690 2147483691 2147483695 2147483727 2147483768 2147483835 2147483966 
2147483973 2147483648 2147483695 2147483698 2147483719 2147483720 2147483721 2147483722 2147483727 2147483895 2147483900 2147483902 2147483648 2147483695 2147483698 2147483719 2147483720 2147483721 2147483722 2147483727 2147483895 2147483900 2147483902 2147483974 2147483976 49 52 54 57 53 127 128 129 130 2147483974 2147483976 
2147483974 2147483648 2147483695 2147483698 2147483719 2147483727 2147483973 2147483648 2147483695 2147483698 2147483719 2147483727 2147483973 
2147483976 2147483648 2147483695 2147483719 2147483720 2147483721 2147483722 2147483727 2147483900 2147483905 2147483973 2147483648 2147483695 2147483719 2147483720 2147483721 2147483722 2147483727 2147483900 2147483905 2147483973 57 53 
