2,1,2,-1,0,1,0,0,0,
5,1,5,-1,0,1,0,0,0,
8,1,8,-1,0,1,0,0,0,
11,1,11,-1,0,1,0,0,0,
18,1,18,-1,0,1,0,0,0,
19,1,19,-1,0,1,0,0,0,
22,1,22,-1,0,1,0,0,0,
23,1,23,-1,0,1,0,0,0,
24,1,24,-1,0,1,0,0,0,
25,1,25,-1,0,1,0,0,0,
26,1,26,-1,0,1,0,0,0,
27,1,27,-1,0,1,0,0,0,
32,1,32,-1,0,1,0,0,0,
49,1,49,-1,0,1,0,0,0,
50,1,50,-1,0,1,0,0,0,
51,1,51,-1,0,1,0,0,0,
52,1,52,-1,0,1,0,0,0,
53,1,53,-1,0,1,0,0,0,
54,1,54,-1,0,1,0,0,0,
57,1,57,-1,0,1,0,0,0,
61,1,61,-1,0,1,0,0,0,
127,1,127,-1,0,1,0,0,0,
128,1,128,-1,0,1,0,0,0,
129,1,129,-1,0,1,0,0,0,
130,1,130,-1,0,1,0,0,0,
131,1,131,-1,0,1,0,0,0,
132,1,132,-1,0,1,0,0,0,
133,1,133,-1,0,1,0,0,0,
134,1,134,-1,0,1,0,0,0,
247,1,247,-1,0,1,0,0,0,
248,1,248,-1,0,1,0,0,0,
249,1,249,-1,0,1,0,0,0,
250,1,250,-1,0,1,0,0,0,
251,1,251,-1,0,1,0,0,0,
252,1,252,-1,0,1,0,0,0,
253,1,253,-1,0,1,0,0,0,
254,1,254,-1,0,1,0,0,0,
263,1,263,-1,0,1,0,0,0,
264,1,264,-1,0,1,0,0,0,
265,1,265,-1,0,1,0,0,0,
266,1,266,-1,0,1,0,0,0,
267,1,267,-1,0,1,0,0,0,
268,1,268,-1,0,1,0,0,0,
269,1,269,-1,0,1,0,0,0,
270,1,270,-1,0,1,0,0,0,
2147483648,0,0,0.000615857,4,0,1,0,0,51 133 134 131 132 50
2147483651,0,0,0.000987857,6,0,1,0,0,24 23 269 270 267 268
2147483657,0,0,0.000802218,3,0,1,0,0,51 133 134 131 132 50
2147483661,0,0,0.00105952,1,0,1,0,0,53 49 52 54 57 127 128 129 130 51 133 134 131 132 50
2147483677,0,0,0.0018541,2,0,1,0,0,49 53 52 54 57 127 128 129 130 51 133 134 131 132 50
2147483703,0,0,0.000271937,2,0,1,0,0,51 133 134 131 132 50
2147483704,0,0,inf,1,0,1,0,0,49 52 54 57 53 127 128 129 130 51 133 134 131 132 50
2147483715,0,0,inf,1,0,1,0,255,49 52 54 57 53 127 128 129 130 51 133 134 131 132 50
2147483719,0,0,inf,2,0,1,0,0,22 25 27 32 26 263 264 265 266 24 23 269 270 267 268
2147483720,0,0,inf,1,0,1,0,0,22 25 27 32 26 263 264 265 266 24 23 269 270 267 268
2147483722,0,0,inf,2,0,1,0,0,22 25 27 32 26 263 264 265 266 24 23 269 270 267 268
2147483725,0,0,inf,1,0,1,0,0,49 52 54 57 53 127 128 129 130 51 133 134 131 132 50
2147483727,0,0,inf,1,0,1,0,0,49 52 54 57 53 127 128 129 130 51 133 134 131 132 50
2147483728,0,0,inf,1,0,1,0,0,49 52 54 57 53 127 128 129 130 51 133 134 131 132 50
2147483730,0,0,inf,2,0,1,0,0,22 25 27 32 26 263 264 265 266 24 23 269 270 267 268
2147483731,0,0,inf,1,0,1,0,0,22 25 27 32 26 263 264 265 266 24 23 269 270 267 268
2147483733,0,0,inf,2,0,1,0,0,22 25 27 32 26 263 264 265 266 24 23 269 270 267 268
2147483740,0,0,inf,2,0,1,0,0,22 25 27 32 26 263 264 265 266 24 23 269 270 267 268
2147483742,0,0,0.000416667,1,0,1,0,0,57 49 52 54 127 128 129 130 51 133 134 131 132 50
2147483745,0,0,inf,1,0,1,0,0,49 52 54 57 53 127 128 129 130 51 133 134 131 132 50
2147483746,0,0,inf,1,0,1,0,0,49 52 54 57 53 127 128 129 130 51 133 134 131 132 50
2147483747,0,0,0.00124783,5,0,1,0,0,24 23 269 270 267 268
2147483750,0,0,0.00150862,1,0,1,0,0,57 49 52 54 127 128 129 130 51 133 134 131 132 50
2147483754,0,0,inf,2,0,1,0,0,22 25 27 32 26 263 264 265 266 24 23 269 270 267 268
2147483756,0,0,0.000386905,1,0,1,0,0,57 49 52 54 127 128 129 130 51 133 134 131 132 50
2147483759,0,0,inf,1,0,1,0,0,49 52 54 57 53 127 128 129 130 51 133 134 131 132 50
2147483761,0,0,0.000777778,1,0,1,0,0,54 49 52 127 128 129 130 51 133 134 131 132 50
2147483764,0,0,inf,1,0,1,0,0,49 52 54 57 53 127 128 129 130 51 133 134 131 132 50
2147483765,0,0,0.00094184,3,0,1,0,0,51 133 134 131 132 50
2147483773,0,0,0.00166667,1,0,1,0,0,25 22 263 264 265 266 24 23 269 270 267 268
2147483774,0,0,0.00120833,2,0,1,0,0,2 11 19 61 18 247 248 249 250 5 8 253 254 251 252
2147483777,0,0,inf,1,0,1,0,0,49 52 54 57 53 127 128 129 130 51 133 134 131 132 50
2147483780,0,0,0.00128086,1,0,1,0,0,49 53 52 54 57 127 128 129 130 51 133 134 131 132 50
2147483781,0,0,inf,1,0,1,0,0,49 52 54 57 53 127 128 129 130 51 133 134 131 132 50
2147483782,0,0,0.000621891,1,0,1,0,0,53 49 52 54 127 128 129 130 51 133 134 131 132 50
2147483791,0,0,0.00402228,3,0,1,0,255,49 52 54 57 53 127 128 129 130 51 133 134 131 132 50
2147483792,0,0,inf,1,0,1,0,255,49 52 54 57 53 127 128 129 130 51 133 134 131 132 50
2147483796,0,0,inf,1,0,1,0,0,49 52 54 57 53 127 128 129 130 51 133 134 131 132 50
2147483797,0,0,0.00149425,1,0,1,0,255,53 49 52 54 57 127 128 129 130 51 133 134 131 132 50
2147483798,0,0,0.00149425,1,0,1,0,255,57 49 52 54 127 128 129 130 51 133 134 131 132 50
2147483799,0,0,0.00149425,1,0,1,0,255,54 49 52 127 128 129 130 51 133 134 131 132 50
2147483801,0,0,inf,1,0,1,0,255,49 52 54 57 53 127 128 129 130 51 133 134 131 132 50
2147483802,0,0,inf,1,0,1,0,0,49 52 54 57 53 127 128 129 130 51 133 134 131 132 50
2147483803,0,0,0.00165423,1,0,1,0,0,53 49 52 54 127 128 129 130 51 133 134 131 132 50
2147483811,0,0,0.00532864,3,0,1,0,0,53 49 52 54 127 128 129 130 51 133 134 131 132 50
2147483815,0,0,0.00269661,9,0,1,0,0,22 25 27 32 26 263 264 265 266 24 23 269 270 267 268
2147483816,0,0,0.00133664,5,0,1,0,0,51 133 134 131 132 50
2147483819,0,0,0.00126521,6,0,1,0,0,51 133 134 131 132 50
2147483820,0,0,0.00101518,8,0,1,0,0,51 133 134 131 132 50
2147483821,0,0,0.000884205,17,0,1,0,0,51 133 134 131 132 50
2147483826,0,0,0.00235507,4,0,1,0,0,54 49 52 127 128 129 130 51 133 134 131 132 50
