2 
5 
8 
11 
18 
19 
22 
23 
24 
25 
26 2147483820 2147483823 
27 
32 
49 2147483649 2147483675 
50 
51 
52 2147483649 2147483675 2147483805 
53 2147483649 2147483675 2147483805 
54 2147483649 2147483675 2147483805 
57 2147483649 2147483675 2147483805 
61 
127 2147483649 2147483675 2147483805 
128 2147483649 2147483675 
129 2147483649 2147483675 
130 2147483649 2147483675 
131 
132 
133 
134 
247 
248 
249 
250 
251 
252 
253 
254 
263 
264 
265 
266 
267 
268 
269 
270 
2147483648 2147483674 2147483675 2147483677 2147483681 2147483682 2147483819 2147483822 2147483845 2147483846 2147483847 2147483674 2147483675 2147483677 2147483681 2147483682 2147483819 2147483822 2147483845 2147483846 2147483847 
2147483649 2147483675 2147483805 2147483807 2147483844 49 52 54 57 53 127 128 129 130 2147483675 2147483805 2147483807 2147483844 
2147483668 2147483707 2147483847 2147483707 2147483847 
2147483674 2147483648 2147483648 2147483675 2147483677 2147483682 2147483819 2147483820 2147483675 2147483677 2147483682 2147483819 2147483820 
2147483675 2147483648 2147483649 2147483674 2147483648 2147483649 2147483674 2147483677 2147483681 2147483682 2147483699 2147483730 2147483733 2147483740 2147483758 2147483771 2147483774 2147483781 2147483802 2147483805 2147483807 2147483844 2147483845 2147483846 2147483847 57 49 52 54 53 127 128 129 130 2147483677 2147483681 2147483682 2147483699 2147483730 2147483733 2147483740 2147483758 2147483771 2147483774 2147483781 2147483802 2147483805 2147483807 2147483844 2147483845 2147483846 2147483847 
2147483677 2147483648 2147483674 2147483675 2147483648 2147483674 2147483675 
2147483681 2147483648 2147483675 2147483648 2147483675 2147483682 2147483682 
2147483682 2147483648 2147483674 2147483675 2147483681 2147483648 2147483674 2147483675 2147483681 
2147483694 
2147483699 2147483675 2147483675 2147483847 2147483847 
2147483707 2147483668 2147483668 
2147483717 2147483849 2147483849 
2147483730 2147483675 2147483675 
2147483733 2147483675 2147483675 2147483846 2147483846 
2147483740 2147483675 2147483675 
2147483742 2147483747 2147483747 
2147483747 2147483742 2147483742 
2147483749 2147483846 2147483846 
2147483758 2147483675 2147483675 
2147483771 2147483675 2147483675 
2147483774 2147483675 2147483675 2147483845 2147483845 
2147483781 2147483675 2147483675 
2147483783 2147483784 2147483789 2147483792 2147483845 2147483784 2147483789 2147483792 2147483845 
2147483784 2147483783 2147483783 2147483789 2147483789 
2147483789 2147483783 2147483784 2147483783 2147483784 
2147483792 2147483783 2147483783 2147483845 2147483845 
2147483802 2147483675 2147483675 
2147483805 2147483649 2147483675 2147483649 2147483675 2147483807 52 54 57 53 127 2147483807 
2147483807 2147483649 2147483675 2147483805 2147483649 2147483675 2147483805 
2147483815 
2147483819 2147483648 2147483674 2147483648 2147483674 
2147483820 2147483674 2147483674 2147483821 26 2147483821 
2147483821 2147483820 2147483820 
2147483822 2147483648 2147483648 2147483823 2147483823 
2147483823 2147483822 2147483822 26 
2147483844 2147483649 2147483675 2147483649 2147483675 
2147483845 2147483648 2147483675 2147483774 2147483783 2147483792 2147483648 2147483675 2147483774 2147483783 2147483792 
2147483846 2147483648 2147483675 2147483733 2147483749 2147483648 2147483675 2147483733 2147483749 
2147483847 2147483648 2147483668 2147483675 2147483699 2147483648 2147483668 2147483675 2147483699 2147483849 2147483850 2147483849 2147483850 
2147483849 2147483717 2147483847 2147483717 2147483847 2147483850 2147483850 
2147483850 2147483847 2147483849 2147483847 2147483849 
