22 
23 
24 
25 
26 
27 
32 
49 2147483649 2147483650 2147483669 2147483670 2147483685 2147483690 2147483739 
50 
51 
52 2147483649 2147483650 2147483669 2147483670 2147483685 2147483690 2147483739 
53 2147483649 2147483650 2147483669 2147483670 2147483685 2147483690 2147483706 2147483739 
54 2147483649 2147483650 2147483669 2147483670 2147483685 2147483690 2147483739 
57 2147483649 2147483650 2147483669 2147483670 2147483685 2147483690 2147483706 2147483739 
127 2147483649 2147483650 2147483669 2147483670 2147483685 2147483690 2147483739 
128 2147483649 2147483650 2147483669 2147483670 2147483685 2147483690 2147483739 
129 2147483649 2147483650 2147483669 2147483670 2147483685 2147483690 2147483739 
130 2147483649 2147483650 2147483669 2147483670 2147483685 2147483690 2147483739 
131 
132 
133 
134 
263 
264 
265 
266 
267 
268 
269 
270 
2147483649 2147483650 2147483669 2147483670 2147483671 2147483672 2147483673 2147483674 2147483675 2147483678 2147483682 2147483685 2147483688 2147483690 2147483698 2147483701 2147483739 2147483747 2147483751 49 52 54 57 53 127 128 129 130 2147483650 2147483669 2147483670 2147483671 2147483672 2147483673 2147483674 2147483675 2147483678 2147483682 2147483685 2147483688 2147483690 2147483698 2147483701 2147483739 2147483747 2147483751 
2147483650 2147483649 2147483649 2147483669 2147483670 2147483671 2147483672 2147483673 2147483674 2147483675 2147483678 2147483682 2147483685 2147483688 2147483690 2147483698 2147483701 2147483739 2147483747 2147483751 49 52 54 57 53 127 128 129 130 2147483669 2147483670 2147483671 2147483672 2147483673 2147483674 2147483675 2147483678 2147483682 2147483685 2147483688 2147483690 2147483698 2147483701 2147483739 2147483747 2147483751 
2147483654 2147483656 2147483690 2147483708 2147483656 2147483690 2147483708 
2147483656 2147483654 2147483654 2147483657 2147483658 2147483659 2147483663 2147483667 2147483690 2147483708 2147483710 2147483716 2147483719 2147483721 2147483725 2147483727 2147483729 2147483730 2147483732 2147483739 2147483741 2147483744 2147483746 2147483657 2147483658 2147483659 2147483663 2147483667 2147483690 2147483708 2147483710 2147483716 2147483719 2147483721 2147483725 2147483727 2147483729 2147483730 2147483732 2147483739 2147483741 2147483744 2147483746 
2147483657 2147483656 2147483656 2147483658 2147483659 2147483663 2147483667 2147483690 2147483710 2147483716 2147483719 2147483721 2147483725 2147483727 2147483729 2147483730 2147483732 2147483739 2147483741 2147483744 2147483746 2147483658 2147483659 2147483663 2147483667 2147483690 2147483710 2147483716 2147483719 2147483721 2147483725 2147483727 2147483729 2147483730 2147483732 2147483739 2147483741 2147483744 2147483746 
2147483658 2147483656 2147483657 2147483656 2147483657 2147483659 2147483690 2147483710 2147483716 2147483719 2147483721 2147483725 2147483739 2147483741 2147483744 2147483659 2147483690 2147483710 2147483716 2147483719 2147483721 2147483725 2147483739 2147483741 2147483744 
2147483659 2147483656 2147483657 2147483658 2147483656 2147483657 2147483658 2147483690 2147483716 2147483719 2147483721 2147483739 2147483741 2147483744 2147483690 2147483716 2147483719 2147483721 2147483739 2147483741 2147483744 
2147483663 2147483656 2147483657 2147483656 2147483657 2147483690 2147483739 2147483690 2147483739 
2147483667 2147483656 2147483657 2147483656 2147483657 2147483690 2147483739 2147483744 2147483746 2147483690 2147483739 2147483744 2147483746 
2147483669 2147483649 2147483650 2147483649 2147483650 2147483670 2147483671 2147483672 2147483673 2147483675 2147483678 2147483682 2147483685 2147483688 2147483690 2147483701 2147483739 2147483747 2147483751 49 52 54 57 53 127 128 129 130 2147483670 2147483671 2147483672 2147483673 2147483675 2147483678 2147483682 2147483685 2147483688 2147483690 2147483701 2147483739 2147483747 2147483751 
2147483670 2147483649 2147483650 2147483669 2147483649 2147483650 2147483669 2147483671 2147483672 2147483673 2147483674 2147483675 2147483678 2147483682 2147483685 2147483688 2147483690 2147483698 2147483701 2147483739 2147483747 2147483751 54 49 52 57 53 127 128 129 130 2147483671 2147483672 2147483673 2147483674 2147483675 2147483678 2147483682 2147483685 2147483688 2147483690 2147483698 2147483701 2147483739 2147483747 2147483751 
2147483671 2147483649 2147483650 2147483669 2147483670 2147483649 2147483650 2147483669 2147483670 2147483672 2147483673 2147483674 2147483690 2147483698 2147483739 2147483672 2147483673 2147483674 2147483690 2147483698 2147483739 
2147483672 2147483649 2147483650 2147483669 2147483670 2147483671 2147483649 2147483650 2147483669 2147483670 2147483671 2147483673 2147483675 2147483690 2147483701 2147483739 2147483673 2147483675 2147483690 2147483701 2147483739 
2147483673 2147483649 2147483650 2147483669 2147483670 2147483671 2147483672 2147483649 2147483650 2147483669 2147483670 2147483671 2147483672 2147483674 2147483675 2147483690 2147483739 2147483674 2147483675 2147483690 2147483739 
2147483674 2147483649 2147483650 2147483670 2147483671 2147483673 2147483649 2147483650 2147483670 2147483671 2147483673 2147483690 2147483739 2147483690 2147483739 
2147483675 2147483649 2147483650 2147483669 2147483670 2147483672 2147483673 2147483649 2147483650 2147483669 2147483670 2147483672 2147483673 2147483690 2147483739 2147483690 2147483739 
2147483678 2147483649 2147483650 2147483669 2147483670 2147483649 2147483650 2147483669 2147483670 2147483682 2147483685 2147483688 2147483690 2147483739 2147483747 2147483751 2147483682 2147483685 2147483688 2147483690 2147483739 2147483747 2147483751 
2147483682 2147483649 2147483650 2147483669 2147483670 2147483678 2147483649 2147483650 2147483669 2147483670 2147483678 2147483685 2147483688 2147483690 2147483739 2147483747 2147483751 2147483685 2147483688 2147483690 2147483739 2147483747 2147483751 
2147483685 2147483649 2147483650 2147483669 2147483670 2147483678 2147483682 2147483649 2147483650 2147483669 2147483670 2147483678 2147483682 2147483688 2147483690 2147483739 2147483747 2147483751 53 49 52 54 57 127 128 129 130 2147483688 2147483690 2147483739 2147483747 2147483751 
2147483688 2147483649 2147483650 2147483669 2147483670 2147483678 2147483682 2147483685 2147483649 2147483650 2147483669 2147483670 2147483678 2147483682 2147483685 2147483690 2147483739 2147483747 2147483751 2147483690 2147483739 2147483747 2147483751 
2147483690 2147483649 2147483650 2147483654 2147483656 2147483657 2147483658 2147483659 2147483663 2147483667 2147483669 2147483670 2147483671 2147483672 2147483673 2147483674 2147483675 2147483678 2147483682 2147483685 2147483688 2147483649 2147483650 2147483654 2147483656 2147483657 2147483658 2147483659 2147483663 2147483667 2147483669 2147483670 2147483671 2147483672 2147483673 2147483674 2147483675 2147483678 2147483682 2147483685 2147483688 2147483698 2147483701 2147483706 2147483708 2147483710 2147483716 2147483719 2147483721 2147483725 2147483727 2147483729 2147483730 2147483732 2147483739 2147483741 2147483744 2147483746 2147483747 2147483751 53 49 52 54 57 127 128 129 130 2147483698 2147483701 2147483706 2147483708 2147483710 2147483716 2147483719 2147483721 2147483725 2147483727 2147483729 2147483730 2147483732 2147483739 2147483741 2147483744 2147483746 2147483747 2147483751 
2147483698 2147483649 2147483650 2147483670 2147483671 2147483690 2147483649 2147483650 2147483670 2147483671 2147483690 2147483739 2147483739 
2147483701 2147483649 2147483650 2147483669 2147483670 2147483672 2147483690 2147483649 2147483650 2147483669 2147483670 2147483672 2147483690 2147483739 2147483739 
2147483706 2147483690 2147483690 2147483739 57 53 2147483739 
2147483708 2147483654 2147483656 2147483690 2147483654 2147483656 2147483690 
2147483710 2147483656 2147483657 2147483658 2147483690 2147483656 2147483657 2147483658 2147483690 2147483739 2147483739 
2147483716 2147483656 2147483657 2147483658 2147483659 2147483690 2147483656 2147483657 2147483658 2147483659 2147483690 2147483719 2147483739 2147483741 2147483719 2147483739 2147483741 
2147483719 2147483656 2147483657 2147483658 2147483659 2147483690 2147483716 2147483656 2147483657 2147483658 2147483659 2147483690 2147483716 2147483739 2147483741 2147483739 2147483741 
2147483721 2147483656 2147483657 2147483658 2147483659 2147483690 2147483656 2147483657 2147483658 2147483659 2147483690 2147483739 2147483741 2147483744 2147483739 2147483741 2147483744 
2147483725 2147483656 2147483657 2147483658 2147483690 2147483656 2147483657 2147483658 2147483690 2147483739 2147483744 2147483739 2147483744 
2147483727 2147483656 2147483657 2147483690 2147483656 2147483657 2147483690 2147483739 2147483744 2147483739 2147483744 
2147483729 2147483656 2147483657 2147483690 2147483656 2147483657 2147483690 2147483739 2147483744 2147483739 2147483744 
2147483730 2147483656 2147483657 2147483690 2147483656 2147483657 2147483690 2147483739 2147483744 2147483739 2147483744 
2147483732 2147483656 2147483657 2147483690 2147483656 2147483657 2147483690 2147483739 2147483744 2147483739 2147483744 
2147483739 2147483649 2147483650 2147483656 2147483657 2147483658 2147483659 2147483663 2147483667 2147483669 2147483670 2147483671 2147483672 2147483673 2147483674 2147483675 2147483678 2147483682 2147483685 2147483688 2147483690 2147483698 2147483701 2147483706 2147483710 2147483716 2147483719 2147483721 2147483725 2147483727 2147483729 2147483730 2147483732 2147483649 2147483650 2147483656 2147483657 2147483658 2147483659 2147483663 2147483667 2147483669 2147483670 2147483671 2147483672 2147483673 2147483674 2147483675 2147483678 2147483682 2147483685 2147483688 2147483690 2147483698 2147483701 2147483706 2147483710 2147483716 2147483719 2147483721 2147483725 2147483727 2147483729 2147483730 2147483732 2147483741 2147483744 2147483746 2147483747 2147483751 57 49 52 54 53 127 128 129 130 2147483741 2147483744 2147483746 2147483747 2147483751 
2147483741 2147483656 2147483657 2147483658 2147483659 2147483690 2147483716 2147483719 2147483721 2147483739 2147483656 2147483657 2147483658 2147483659 2147483690 2147483716 2147483719 2147483721 2147483739 2147483744 2147483744 
2147483744 2147483656 2147483657 2147483658 2147483659 2147483667 2147483690 2147483721 2147483725 2147483727 2147483729 2147483730 2147483732 2147483739 2147483741 2147483656 2147483657 2147483658 2147483659 2147483667 2147483690 2147483721 2147483725 2147483727 2147483729 2147483730 2147483732 2147483739 2147483741 2147483746 2147483746 
2147483746 2147483656 2147483657 2147483667 2147483690 2147483739 2147483744 2147483656 2147483657 2147483667 2147483690 2147483739 2147483744 
2147483747 2147483649 2147483650 2147483669 2147483670 2147483678 2147483682 2147483685 2147483688 2147483690 2147483739 2147483649 2147483650 2147483669 2147483670 2147483678 2147483682 2147483685 2147483688 2147483690 2147483739 2147483751 2147483751 
2147483751 2147483649 2147483650 2147483669 2147483670 2147483678 2147483682 2147483685 2147483688 2147483690 2147483739 2147483747 2147483649 2147483650 2147483669 2147483670 2147483678 2147483682 2147483685 2147483688 2147483690 2147483739 2147483747 
