2 
5 
8 
11 
18 
19 
22 2147483799 
23 
24 
25 2147483799 
26 2147483661 2147483718 2147483783 2147483799 
27 2147483661 2147483718 2147483799 
32 2147483661 2147483718 2147483799 
49 2147483698 2147483727 2147483728 2147483804 2147483806 2147483811 
50 
51 
52 2147483698 2147483727 2147483728 2147483797 2147483804 2147483806 2147483810 2147483811 
53 2147483660 2147483698 2147483717 2147483727 2147483728 2147483750 2147483796 2147483797 2147483800 2147483801 2147483802 2147483803 2147483804 2147483805 2147483806 2147483807 2147483808 2147483809 2147483810 2147483811 
54 2147483698 2147483727 2147483728 2147483797 2147483804 2147483806 2147483810 2147483811 
57 2147483698 2147483727 2147483728 2147483796 2147483797 2147483800 2147483801 2147483802 2147483803 2147483804 2147483805 2147483806 2147483807 2147483808 2147483809 2147483810 2147483811 
61 
127 2147483698 2147483727 2147483728 2147483804 2147483806 2147483811 
128 2147483698 2147483727 2147483728 2147483804 2147483806 2147483811 
129 2147483698 2147483727 2147483728 2147483804 2147483806 2147483811 
130 2147483698 2147483727 2147483728 2147483804 2147483806 2147483811 
131 
132 
133 
134 
247 
248 
249 
250 
251 
252 
253 
254 
263 2147483799 
264 2147483799 
265 2147483799 
266 2147483799 
267 
268 
269 
270 
2147483648 2147483727 2147483728 2147483811 2147483727 2147483728 2147483811 
2147483650 2147483727 2147483728 2147483811 2147483727 2147483728 2147483811 
2147483653 2147483727 2147483728 2147483743 2147483811 2147483727 2147483728 2147483743 2147483811 
2147483655 2147483727 2147483728 2147483745 2147483796 2147483811 2147483727 2147483728 2147483745 2147483796 2147483811 
2147483660 2147483661 2147483663 2147483727 2147483728 2147483753 2147483797 2147483799 2147483811 53 2147483661 2147483663 2147483727 2147483728 2147483753 2147483797 2147483799 2147483811 
2147483661 2147483660 2147483660 2147483663 2147483727 2147483728 2147483753 2147483797 2147483799 2147483811 27 32 26 2147483663 2147483727 2147483728 2147483753 2147483797 2147483799 2147483811 
2147483663 2147483660 2147483661 2147483660 2147483661 2147483727 2147483728 2147483753 2147483797 2147483799 2147483811 2147483727 2147483728 2147483753 2147483797 2147483799 2147483811 
2147483671 2147483727 2147483728 2147483756 2147483799 2147483800 2147483811 2147483727 2147483728 2147483756 2147483799 2147483800 2147483811 
2147483677 2147483727 2147483728 2147483759 2147483801 2147483811 2147483727 2147483728 2147483759 2147483801 2147483811 
2147483682 2147483727 2147483728 2147483762 2147483802 2147483811 2147483727 2147483728 2147483762 2147483802 2147483811 
2147483687 2147483727 2147483728 2147483765 2147483803 2147483811 2147483727 2147483728 2147483765 2147483803 2147483811 
2147483691 2147483728 2147483811 2147483728 2147483811 
2147483694 2147483728 2147483774 2147483804 2147483805 2147483811 2147483728 2147483774 2147483804 2147483805 2147483811 
2147483698 2147483702 2147483728 2147483782 2147483783 2147483806 2147483807 2147483811 49 52 54 57 53 127 128 129 130 2147483702 2147483728 2147483782 2147483783 2147483806 2147483807 2147483811 
2147483702 2147483698 2147483698 2147483728 2147483782 2147483783 2147483806 2147483807 2147483811 2147483728 2147483782 2147483783 2147483806 2147483807 2147483811 
2147483708 2147483786 2147483808 2147483811 2147483786 2147483808 2147483811 
2147483713 2147483789 2147483809 2147483811 2147483789 2147483809 2147483811 
2147483717 2147483718 2147483720 2147483792 2147483810 2147483811 53 2147483718 2147483720 2147483792 2147483810 2147483811 
2147483718 2147483717 2147483717 2147483720 2147483792 2147483810 2147483811 27 32 26 2147483720 2147483792 2147483810 2147483811 
2147483720 2147483717 2147483718 2147483717 2147483718 2147483792 2147483810 2147483811 2147483792 2147483810 2147483811 
2147483727 2147483648 2147483650 2147483653 2147483655 2147483660 2147483661 2147483663 2147483671 2147483677 2147483682 2147483687 2147483648 2147483650 2147483653 2147483655 2147483660 2147483661 2147483663 2147483671 2147483677 2147483682 2147483687 2147483728 2147483735 2147483742 2147483743 2147483745 2147483747 2147483748 2147483749 2147483750 2147483753 2147483756 2147483759 2147483762 2147483765 2147483794 2147483795 2147483796 2147483797 2147483798 2147483799 2147483800 2147483801 2147483802 2147483803 2147483811 57 53 49 52 54 127 128 129 130 2147483728 2147483735 2147483742 2147483743 2147483745 2147483747 2147483748 2147483749 2147483750 2147483753 2147483756 2147483759 2147483762 2147483765 2147483794 2147483795 2147483796 2147483797 2147483798 2147483799 2147483800 2147483801 2147483802 2147483803 2147483811 
2147483728 2147483648 2147483650 2147483653 2147483655 2147483660 2147483661 2147483663 2147483671 2147483677 2147483682 2147483687 2147483691 2147483694 2147483698 2147483702 2147483727 2147483648 2147483650 2147483653 2147483655 2147483660 2147483661 2147483663 2147483671 2147483677 2147483682 2147483687 2147483691 2147483694 2147483698 2147483702 2147483727 2147483735 2147483742 2147483743 2147483745 2147483747 2147483748 2147483749 2147483750 2147483753 2147483756 2147483759 2147483762 2147483765 2147483770 2147483774 2147483782 2147483783 2147483794 2147483795 2147483796 2147483797 2147483798 2147483799 2147483800 2147483801 2147483802 2147483803 2147483804 2147483805 2147483806 2147483807 2147483811 54 53 49 52 57 127 128 129 130 2147483735 2147483742 2147483743 2147483745 2147483747 2147483748 2147483749 2147483750 2147483753 2147483756 2147483759 2147483762 2147483765 2147483770 2147483774 2147483782 2147483783 2147483794 2147483795 2147483796 2147483797 2147483798 2147483799 2147483800 2147483801 2147483802 2147483803 2147483804 2147483805 2147483806 2147483807 2147483811 
2147483735 2147483727 2147483728 2147483727 2147483728 2147483811 2147483811 
2147483742 2147483727 2147483728 2147483727 2147483728 2147483811 2147483811 
2147483743 2147483653 2147483727 2147483728 2147483653 2147483727 2147483728 2147483811 2147483811 
2147483745 2147483655 2147483727 2147483728 2147483655 2147483727 2147483728 2147483796 2147483811 2147483796 2147483811 
2147483747 2147483727 2147483728 2147483727 2147483728 2147483748 2147483811 2147483748 2147483811 
2147483748 2147483727 2147483728 2147483747 2147483727 2147483728 2147483747 2147483811 2147483811 
2147483749 2147483727 2147483728 2147483727 2147483728 2147483750 2147483811 2147483750 2147483811 
2147483750 2147483727 2147483728 2147483749 2147483727 2147483728 2147483749 2147483811 53 2147483811 
2147483753 2147483660 2147483661 2147483663 2147483727 2147483728 2147483660 2147483661 2147483663 2147483727 2147483728 2147483797 2147483799 2147483811 2147483797 2147483799 2147483811 
2147483756 2147483671 2147483727 2147483728 2147483671 2147483727 2147483728 2147483799 2147483800 2147483811 2147483799 2147483800 2147483811 
2147483759 2147483677 2147483727 2147483728 2147483677 2147483727 2147483728 2147483801 2147483811 2147483801 2147483811 
2147483762 2147483682 2147483727 2147483728 2147483682 2147483727 2147483728 2147483802 2147483811 2147483802 2147483811 
2147483765 2147483687 2147483727 2147483728 2147483687 2147483727 2147483728 2147483803 2147483811 2147483803 2147483811 
2147483770 2147483728 2147483728 2147483804 2147483811 2147483804 2147483811 
2147483774 2147483694 2147483728 2147483694 2147483728 2147483804 2147483805 2147483811 2147483804 2147483805 2147483811 
2147483782 2147483698 2147483702 2147483728 2147483698 2147483702 2147483728 2147483806 2147483807 2147483811 2147483806 2147483807 2147483811 
2147483783 2147483698 2147483702 2147483728 2147483698 2147483702 2147483728 2147483806 2147483807 2147483811 26 2147483806 2147483807 2147483811 
2147483786 2147483708 2147483708 2147483808 2147483811 2147483808 2147483811 
2147483789 2147483713 2147483713 2147483809 2147483811 2147483809 2147483811 
2147483792 2147483717 2147483718 2147483720 2147483717 2147483718 2147483720 2147483810 2147483811 2147483810 2147483811 
2147483794 2147483727 2147483728 2147483727 2147483728 2147483811 2147483811 
2147483795 2147483727 2147483728 2147483727 2147483728 2147483811 2147483811 
2147483796 2147483655 2147483727 2147483728 2147483745 2147483655 2147483727 2147483728 2147483745 2147483811 57 53 2147483811 
2147483797 2147483660 2147483661 2147483663 2147483727 2147483728 2147483753 2147483660 2147483661 2147483663 2147483727 2147483728 2147483753 2147483799 2147483811 52 54 57 53 2147483799 2147483811 
2147483798 2147483727 2147483728 2147483727 2147483728 2147483799 2147483811 2147483799 2147483811 
2147483799 2147483660 2147483661 2147483663 2147483671 2147483727 2147483728 2147483753 2147483756 2147483797 2147483798 2147483660 2147483661 2147483663 2147483671 2147483727 2147483728 2147483753 2147483756 2147483797 2147483798 2147483800 2147483811 22 25 27 32 26 263 264 265 266 2147483800 2147483811 
2147483800 2147483671 2147483727 2147483728 2147483756 2147483799 2147483671 2147483727 2147483728 2147483756 2147483799 2147483811 57 53 2147483811 
2147483801 2147483677 2147483727 2147483728 2147483759 2147483677 2147483727 2147483728 2147483759 2147483811 57 53 2147483811 
2147483802 2147483682 2147483727 2147483728 2147483762 2147483682 2147483727 2147483728 2147483762 2147483811 57 53 2147483811 
2147483803 2147483687 2147483727 2147483728 2147483765 2147483687 2147483727 2147483728 2147483765 2147483811 57 53 2147483811 
2147483804 2147483694 2147483728 2147483770 2147483774 2147483694 2147483728 2147483770 2147483774 2147483805 2147483811 49 52 54 57 53 127 128 129 130 2147483805 2147483811 
2147483805 2147483694 2147483728 2147483774 2147483804 2147483694 2147483728 2147483774 2147483804 2147483811 57 53 2147483811 
2147483806 2147483698 2147483702 2147483728 2147483782 2147483783 2147483698 2147483702 2147483728 2147483782 2147483783 2147483807 2147483811 49 52 54 57 53 127 128 129 130 2147483807 2147483811 
2147483807 2147483698 2147483702 2147483728 2147483782 2147483783 2147483806 2147483698 2147483702 2147483728 2147483782 2147483783 2147483806 2147483811 57 53 2147483811 
2147483808 2147483708 2147483786 2147483708 2147483786 2147483811 57 53 2147483811 
2147483809 2147483713 2147483789 2147483713 2147483789 2147483811 57 53 2147483811 
2147483810 2147483717 2147483718 2147483720 2147483792 2147483717 2147483718 2147483720 2147483792 2147483811 52 54 57 53 2147483811 
2147483811 2147483648 2147483650 2147483653 2147483655 2147483660 2147483661 2147483663 2147483671 2147483677 2147483682 2147483687 2147483691 2147483694 2147483698 2147483702 2147483708 2147483713 2147483717 2147483718 2147483720 2147483727 2147483728 2147483735 2147483742 2147483743 2147483745 2147483747 2147483748 2147483749 2147483750 2147483753 2147483756 2147483759 2147483762 2147483765 2147483770 2147483774 2147483782 2147483783 2147483786 2147483789 2147483792 2147483794 2147483795 2147483796 2147483797 2147483798 2147483799 2147483800 2147483801 2147483802 2147483803 2147483804 2147483805 2147483806 2147483807 2147483808 2147483809 2147483810 2147483648 2147483650 2147483653 2147483655 2147483660 2147483661 2147483663 2147483671 2147483677 2147483682 2147483687 2147483691 2147483694 2147483698 2147483702 2147483708 2147483713 2147483717 2147483718 2147483720 2147483727 2147483728 2147483735 2147483742 2147483743 2147483745 2147483747 2147483748 2147483749 2147483750 2147483753 2147483756 2147483759 2147483762 2147483765 2147483770 2147483774 2147483782 2147483783 2147483786 2147483789 2147483792 2147483794 2147483795 2147483796 2147483797 2147483798 2147483799 2147483800 2147483801 2147483802 2147483803 2147483804 2147483805 2147483806 2147483807 2147483808 2147483809 2147483810 53 49 52 54 57 127 128 129 130 
