22 2147483756 2147483759 
23 
24 
25 2147483756 2147483759 
26 2147483691 2147483695 2147483756 2147483757 2147483759 
27 2147483756 2147483759 
32 2147483695 2147483756 2147483759 
49 2147483690 2147483764 2147483767 
50 
51 
52 2147483690 2147483764 2147483767 
53 2147483690 2147483694 2147483697 2147483740 2147483764 2147483767 
54 2147483690 2147483764 2147483767 
57 2147483690 2147483694 2147483740 2147483764 2147483767 
127 2147483690 2147483764 2147483767 
128 2147483690 2147483764 2147483767 
129 2147483690 2147483764 2147483767 
130 2147483690 2147483764 2147483767 
131 
132 
133 
134 
263 2147483756 2147483759 
264 2147483756 2147483759 
265 2147483756 2147483759 
266 2147483756 2147483759 
267 
268 
269 
270 
2147483648 2147483690 2147483690 
2147483651 2147483690 2147483752 2147483690 2147483752 
2147483655 2147483690 2147483752 2147483690 2147483752 
2147483660 2147483662 2147483690 2147483662 2147483690 
2147483662 2147483660 2147483660 2147483684 2147483688 2147483690 2147483730 2147483744 2147483745 2147483747 2147483756 2147483757 2147483758 2147483759 2147483763 2147483764 2147483767 2147483684 2147483688 2147483690 2147483730 2147483744 2147483745 2147483747 2147483756 2147483757 2147483758 2147483759 2147483763 2147483764 2147483767 
2147483684 2147483662 2147483662 2147483690 2147483747 2147483763 2147483764 2147483767 2147483690 2147483747 2147483763 2147483764 2147483767 
2147483688 2147483662 2147483662 2147483690 2147483764 2147483767 2147483690 2147483764 2147483767 
2147483690 2147483648 2147483651 2147483655 2147483660 2147483662 2147483684 2147483688 2147483648 2147483651 2147483655 2147483660 2147483662 2147483684 2147483688 2147483691 2147483694 2147483695 2147483696 2147483697 2147483713 2147483717 2147483730 2147483735 2147483737 2147483738 2147483740 2147483744 2147483745 2147483747 2147483752 2147483756 2147483757 2147483758 2147483759 2147483763 2147483764 2147483767 53 49 52 54 57 127 128 129 130 2147483691 2147483694 2147483695 2147483696 2147483697 2147483713 2147483717 2147483730 2147483735 2147483737 2147483738 2147483740 2147483744 2147483745 2147483747 2147483752 2147483756 2147483757 2147483758 2147483759 2147483763 2147483764 2147483767 
2147483691 2147483690 2147483690 2147483694 26 2147483694 
2147483694 2147483690 2147483691 2147483690 2147483691 57 53 
2147483695 2147483690 2147483690 2147483696 2147483697 32 26 2147483696 2147483697 
2147483696 2147483690 2147483695 2147483690 2147483695 2147483697 2147483697 
2147483697 2147483690 2147483695 2147483696 2147483690 2147483695 2147483696 53 
2147483713 2147483690 2147483690 
2147483717 2147483690 2147483690 
2147483730 2147483662 2147483690 2147483662 2147483690 2147483756 2147483757 2147483758 2147483759 2147483764 2147483767 2147483756 2147483757 2147483758 2147483759 2147483764 2147483767 
2147483735 2147483690 2147483690 2147483737 2147483757 2147483758 2147483764 2147483767 2147483737 2147483757 2147483758 2147483764 2147483767 
2147483737 2147483690 2147483735 2147483690 2147483735 2147483757 2147483758 2147483764 2147483767 2147483757 2147483758 2147483764 2147483767 
2147483738 2147483690 2147483690 2147483740 2147483757 2147483764 2147483767 2147483740 2147483757 2147483764 2147483767 
2147483740 2147483690 2147483738 2147483690 2147483738 2147483764 2147483767 57 53 2147483764 2147483767 
2147483744 2147483662 2147483690 2147483662 2147483690 2147483764 2147483767 2147483764 2147483767 
2147483745 2147483662 2147483690 2147483662 2147483690 2147483763 2147483764 2147483767 2147483763 2147483764 2147483767 
2147483747 2147483662 2147483684 2147483690 2147483662 2147483684 2147483690 2147483763 2147483764 2147483767 2147483763 2147483764 2147483767 
2147483752 2147483651 2147483655 2147483690 2147483651 2147483655 2147483690 
2147483756 2147483662 2147483690 2147483730 2147483662 2147483690 2147483730 2147483757 2147483758 2147483759 2147483764 2147483767 22 25 27 32 26 263 264 265 266 2147483757 2147483758 2147483759 2147483764 2147483767 
2147483757 2147483662 2147483690 2147483730 2147483735 2147483737 2147483738 2147483756 2147483662 2147483690 2147483730 2147483735 2147483737 2147483738 2147483756 2147483758 2147483759 2147483764 2147483767 26 2147483758 2147483759 2147483764 2147483767 
2147483758 2147483662 2147483690 2147483730 2147483735 2147483737 2147483756 2147483757 2147483662 2147483690 2147483730 2147483735 2147483737 2147483756 2147483757 2147483759 2147483764 2147483767 2147483759 2147483764 2147483767 
2147483759 2147483662 2147483690 2147483730 2147483756 2147483757 2147483758 2147483662 2147483690 2147483730 2147483756 2147483757 2147483758 2147483764 2147483767 22 25 27 32 26 263 264 265 266 2147483764 2147483767 
2147483763 2147483662 2147483684 2147483690 2147483745 2147483747 2147483662 2147483684 2147483690 2147483745 2147483747 2147483764 2147483767 2147483764 2147483767 
2147483764 2147483662 2147483684 2147483688 2147483690 2147483730 2147483735 2147483737 2147483738 2147483740 2147483744 2147483745 2147483747 2147483756 2147483757 2147483758 2147483759 2147483763 2147483662 2147483684 2147483688 2147483690 2147483730 2147483735 2147483737 2147483738 2147483740 2147483744 2147483745 2147483747 2147483756 2147483757 2147483758 2147483759 2147483763 2147483767 49 52 54 57 53 127 128 129 130 2147483767 
2147483767 2147483662 2147483684 2147483688 2147483690 2147483730 2147483735 2147483737 2147483738 2147483740 2147483744 2147483745 2147483747 2147483756 2147483757 2147483758 2147483759 2147483763 2147483764 2147483662 2147483684 2147483688 2147483690 2147483730 2147483735 2147483737 2147483738 2147483740 2147483744 2147483745 2147483747 2147483756 2147483757 2147483758 2147483759 2147483763 2147483764 49 52 54 57 53 127 128 129 130 
