2 
3 
5 
6 
8 
9 
11 
13 
16 
18 
19 
21 
22 
23 
24 
25 
26 
27 
32 
49 2147483648 2147483655 2147483657 2147483662 2147483674 2147483684 2147483689 2147483690 2147483691 2147483705 2147483706 2147483707 2147483709 2147483710 2147483895 2147483897 
50 
51 
52 2147483648 2147483655 2147483657 2147483662 2147483674 2147483684 2147483689 2147483690 2147483691 2147483705 2147483706 2147483707 2147483708 2147483709 2147483710 2147483729 2147483793 2147483823 2147483870 2147483895 2147483897 
53 2147483648 2147483655 2147483657 2147483658 2147483662 2147483663 2147483674 2147483675 2147483681 2147483684 2147483685 2147483689 2147483690 2147483691 2147483705 2147483706 2147483707 2147483708 2147483709 2147483710 2147483713 2147483722 2147483729 2147483733 2147483738 2147483744 2147483752 2147483759 2147483760 2147483764 2147483767 2147483773 2147483774 2147483777 2147483778 2147483780 2147483781 2147483785 2147483793 2147483797 2147483802 2147483807 2147483810 2147483815 2147483823 2147483827 2147483832 2147483835 2147483837 2147483839 2147483841 2147483844 2147483847 2147483849 2147483851 2147483853 2147483855 2147483857 2147483858 2147483863 2147483865 2147483870 2147483874 2147483877 2147483882 2147483887 2147483889 2147483890 2147483895 2147483897 
54 2147483648 2147483655 2147483657 2147483662 2147483674 2147483681 2147483684 2147483689 2147483690 2147483691 2147483705 2147483706 2147483707 2147483708 2147483709 2147483710 2147483729 2147483760 2147483793 2147483823 2147483841 2147483847 2147483853 2147483870 2147483889 2147483890 2147483895 2147483897 
57 2147483648 2147483655 2147483657 2147483662 2147483674 2147483684 2147483689 2147483690 2147483691 2147483705 2147483706 2147483707 2147483708 2147483709 2147483710 2147483729 2147483733 2147483738 2147483760 2147483764 2147483767 2147483774 2147483778 2147483780 2147483793 2147483797 2147483802 2147483807 2147483823 2147483827 2147483832 2147483841 2147483844 2147483847 2147483849 2147483853 2147483855 2147483858 2147483863 2147483870 2147483874 2147483877 2147483882 2147483887 2147483890 2147483895 2147483897 
59 
61 
127 2147483648 2147483655 2147483657 2147483662 2147483674 2147483684 2147483689 2147483690 2147483691 2147483705 2147483706 2147483707 2147483709 2147483710 2147483895 2147483897 
128 2147483648 2147483655 2147483657 2147483662 2147483674 2147483684 2147483689 2147483690 2147483691 2147483705 2147483706 2147483707 2147483709 2147483710 2147483895 2147483897 
129 2147483648 2147483655 2147483657 2147483662 2147483674 2147483684 2147483689 2147483690 2147483691 2147483705 2147483706 2147483707 2147483709 2147483710 2147483895 2147483897 
130 2147483648 2147483655 2147483657 2147483662 2147483674 2147483684 2147483689 2147483690 2147483691 2147483705 2147483706 2147483707 2147483709 2147483710 2147483895 2147483897 
131 
132 
133 
134 
151 
152 
153 
154 
155 
156 
157 
158 
159 
160 
161 
162 
163 
164 
165 
166 
247 
248 
249 
250 
251 
252 
253 
254 
263 
264 
265 
266 
267 
268 
269 
270 
271 
272 
273 
274 
275 
276 
277 
278 
2147483648 2147483649 2147483655 2147483657 2147483658 2147483684 2147483685 2147483705 2147483706 2147483707 2147483709 2147483710 2147483717 2147483721 2147483722 2147483729 2147483738 2147483740 2147483741 2147483781 2147483784 2147483785 2147483793 2147483802 2147483807 2147483809 2147483810 2147483811 2147483894 2147483895 2147483898 53 49 52 54 57 127 128 129 130 2147483649 2147483655 2147483657 2147483658 2147483684 2147483685 2147483705 2147483706 2147483707 2147483709 2147483710 2147483717 2147483721 2147483722 2147483729 2147483738 2147483740 2147483741 2147483781 2147483784 2147483785 2147483793 2147483802 2147483807 2147483809 2147483810 2147483811 2147483894 2147483895 2147483898 
2147483649 2147483648 2147483648 2147483705 2147483706 2147483707 2147483709 2147483710 2147483717 2147483894 2147483895 2147483705 2147483706 2147483707 2147483709 2147483710 2147483717 2147483894 2147483895 
2147483655 2147483648 2147483648 2147483657 2147483658 2147483662 2147483663 2147483674 2147483675 2147483681 2147483705 2147483706 2147483707 2147483709 2147483710 2147483784 2147483785 2147483793 2147483797 2147483802 2147483807 2147483809 2147483810 2147483811 2147483814 2147483815 2147483823 2147483827 2147483832 2147483835 2147483836 2147483837 2147483838 2147483839 2147483840 2147483841 2147483844 2147483847 2147483849 2147483851 2147483853 2147483855 2147483857 2147483858 2147483860 2147483863 2147483865 2147483870 2147483874 2147483877 2147483882 2147483887 2147483895 2147483897 57 53 49 54 52 127 128 129 130 2147483657 2147483658 2147483662 2147483663 2147483674 2147483675 2147483681 2147483705 2147483706 2147483707 2147483709 2147483710 2147483784 2147483785 2147483793 2147483797 2147483802 2147483807 2147483809 2147483810 2147483811 2147483814 2147483815 2147483823 2147483827 2147483832 2147483835 2147483836 2147483837 2147483838 2147483839 2147483840 2147483841 2147483844 2147483847 2147483849 2147483851 2147483853 2147483855 2147483857 2147483858 2147483860 2147483863 2147483865 2147483870 2147483874 2147483877 2147483882 2147483887 2147483895 2147483897 
2147483657 2147483648 2147483655 2147483648 2147483655 2147483658 2147483705 2147483706 2147483707 2147483709 2147483710 2147483793 2147483797 2147483802 2147483895 2147483897 49 57 53 52 54 127 128 129 130 2147483658 2147483705 2147483706 2147483707 2147483709 2147483710 2147483793 2147483797 2147483802 2147483895 2147483897 
2147483658 2147483648 2147483655 2147483657 2147483648 2147483655 2147483657 2147483705 2147483706 2147483707 2147483709 2147483710 2147483793 2147483895 53 2147483705 2147483706 2147483707 2147483709 2147483710 2147483793 2147483895 
2147483662 2147483655 2147483655 2147483663 2147483706 2147483707 2147483709 2147483710 2147483870 2147483874 2147483877 2147483897 49 53 57 52 54 127 128 129 130 2147483663 2147483706 2147483707 2147483709 2147483710 2147483870 2147483874 2147483877 2147483897 
2147483663 2147483655 2147483662 2147483655 2147483662 2147483706 2147483707 2147483709 2147483710 2147483870 53 2147483706 2147483707 2147483709 2147483710 2147483870 
2147483674 2147483655 2147483655 2147483675 2147483705 2147483706 2147483707 2147483709 2147483710 2147483823 2147483827 2147483832 2147483897 49 53 57 52 54 127 128 129 130 2147483675 2147483705 2147483706 2147483707 2147483709 2147483710 2147483823 2147483827 2147483832 2147483897 
2147483675 2147483655 2147483674 2147483655 2147483674 2147483705 2147483706 2147483707 2147483709 2147483710 2147483823 53 2147483705 2147483706 2147483707 2147483709 2147483710 2147483823 
2147483681 2147483655 2147483655 2147483705 2147483706 2147483710 2147483840 2147483841 2147483847 54 53 2147483705 2147483706 2147483710 2147483840 2147483841 2147483847 
2147483684 2147483648 2147483648 2147483685 2147483706 2147483707 2147483709 2147483710 2147483729 2147483733 2147483738 2147483897 49 53 57 52 54 127 128 129 130 2147483685 2147483706 2147483707 2147483709 2147483710 2147483729 2147483733 2147483738 2147483897 
2147483685 2147483648 2147483684 2147483648 2147483684 2147483706 2147483707 2147483709 2147483710 2147483729 53 2147483706 2147483707 2147483709 2147483710 2147483729 
2147483689 2147483690 2147483706 2147483710 2147483750 2147483779 2147483780 57 49 52 54 53 127 128 129 130 2147483690 2147483706 2147483710 2147483750 2147483779 2147483780 
2147483690 2147483689 2147483689 2147483691 2147483706 2147483710 2147483752 49 57 52 54 53 127 128 129 130 2147483691 2147483706 2147483710 2147483752 
2147483691 2147483690 2147483690 2147483706 2147483710 2147483759 2147483760 2147483764 2147483767 2147483897 53 49 57 54 52 127 128 129 130 2147483706 2147483710 2147483759 2147483760 2147483764 2147483767 2147483897 
2147483705 2147483648 2147483649 2147483655 2147483657 2147483658 2147483674 2147483675 2147483681 2147483648 2147483649 2147483655 2147483657 2147483658 2147483674 2147483675 2147483681 2147483706 2147483707 2147483708 2147483709 2147483710 2147483712 2147483713 2147483717 2147483781 2147483784 2147483785 2147483793 2147483802 2147483807 2147483809 2147483810 2147483811 2147483814 2147483815 2147483823 2147483832 2147483835 2147483836 2147483837 2147483838 2147483839 2147483840 2147483847 2147483851 2147483853 2147483894 2147483895 57 54 49 52 53 127 128 129 130 2147483706 2147483707 2147483708 2147483709 2147483710 2147483712 2147483713 2147483717 2147483781 2147483784 2147483785 2147483793 2147483802 2147483807 2147483809 2147483810 2147483811 2147483814 2147483815 2147483823 2147483832 2147483835 2147483836 2147483837 2147483838 2147483839 2147483840 2147483847 2147483851 2147483853 2147483894 2147483895 
2147483706 2147483648 2147483649 2147483655 2147483657 2147483658 2147483662 2147483663 2147483674 2147483675 2147483681 2147483684 2147483685 2147483689 2147483690 2147483691 2147483705 2147483648 2147483649 2147483655 2147483657 2147483658 2147483662 2147483663 2147483674 2147483675 2147483681 2147483684 2147483685 2147483689 2147483690 2147483691 2147483705 2147483707 2147483708 2147483709 2147483710 2147483712 2147483713 2147483717 2147483721 2147483722 2147483729 2147483733 2147483738 2147483740 2147483741 2147483744 2147483750 2147483752 2147483759 2147483760 2147483764 2147483767 2147483779 2147483780 2147483781 2147483784 2147483785 2147483793 2147483797 2147483802 2147483807 2147483809 2147483810 2147483811 2147483814 2147483815 2147483823 2147483827 2147483832 2147483835 2147483836 2147483837 2147483838 2147483839 2147483840 2147483841 2147483844 2147483847 2147483849 2147483851 2147483853 2147483855 2147483857 2147483858 2147483860 2147483863 2147483865 2147483870 2147483874 2147483877 2147483882 2147483887 2147483894 2147483895 2147483897 2147483898 53 54 49 52 57 127 128 129 130 2147483707 2147483708 2147483709 2147483710 2147483712 2147483713 2147483717 2147483721 2147483722 2147483729 2147483733 2147483738 2147483740 2147483741 2147483744 2147483750 2147483752 2147483759 2147483760 2147483764 2147483767 2147483779 2147483780 2147483781 2147483784 2147483785 2147483793 2147483797 2147483802 2147483807 2147483809 2147483810 2147483811 2147483814 2147483815 2147483823 2147483827 2147483832 2147483835 2147483836 2147483837 2147483838 2147483839 2147483840 2147483841 2147483844 2147483847 2147483849 2147483851 2147483853 2147483855 2147483857 2147483858 2147483860 2147483863 2147483865 2147483870 2147483874 2147483877 2147483882 2147483887 2147483894 2147483895 2147483897 2147483898 
2147483707 2147483648 2147483649 2147483655 2147483657 2147483658 2147483662 2147483663 2147483674 2147483675 2147483684 2147483685 2147483705 2147483706 2147483648 2147483649 2147483655 2147483657 2147483658 2147483662 2147483663 2147483674 2147483675 2147483684 2147483685 2147483705 2147483706 2147483708 2147483709 2147483710 2147483712 2147483713 2147483717 2147483721 2147483722 2147483729 2147483781 2147483784 2147483785 2147483793 2147483802 2147483807 2147483809 2147483810 2147483811 2147483814 2147483815 2147483823 2147483865 2147483870 2147483894 2147483895 52 54 49 57 53 127 128 129 130 2147483708 2147483709 2147483710 2147483712 2147483713 2147483717 2147483721 2147483722 2147483729 2147483781 2147483784 2147483785 2147483793 2147483802 2147483807 2147483809 2147483810 2147483811 2147483814 2147483815 2147483823 2147483865 2147483870 2147483894 2147483895 
2147483708 2147483705 2147483706 2147483707 2147483705 2147483706 2147483707 2147483709 2147483710 52 54 57 53 2147483709 2147483710 
2147483709 2147483648 2147483649 2147483655 2147483657 2147483658 2147483662 2147483663 2147483674 2147483675 2147483684 2147483685 2147483705 2147483706 2147483707 2147483708 2147483648 2147483649 2147483655 2147483657 2147483658 2147483662 2147483663 2147483674 2147483675 2147483684 2147483685 2147483705 2147483706 2147483707 2147483708 2147483710 2147483712 2147483713 2147483717 2147483721 2147483722 2147483729 2147483781 2147483784 2147483785 2147483793 2147483802 2147483807 2147483809 2147483810 2147483811 2147483814 2147483815 2147483823 2147483865 2147483870 2147483894 2147483895 128 52 49 54 57 53 127 129 130 2147483710 2147483712 2147483713 2147483717 2147483721 2147483722 2147483729 2147483781 2147483784 2147483785 2147483793 2147483802 2147483807 2147483809 2147483810 2147483811 2147483814 2147483815 2147483823 2147483865 2147483870 2147483894 2147483895 
2147483710 2147483648 2147483649 2147483655 2147483657 2147483658 2147483662 2147483663 2147483674 2147483675 2147483681 2147483684 2147483685 2147483689 2147483690 2147483691 2147483705 2147483706 2147483707 2147483708 2147483709 2147483648 2147483649 2147483655 2147483657 2147483658 2147483662 2147483663 2147483674 2147483675 2147483681 2147483684 2147483685 2147483689 2147483690 2147483691 2147483705 2147483706 2147483707 2147483708 2147483709 2147483712 2147483713 2147483717 2147483721 2147483722 2147483729 2147483738 2147483740 2147483741 2147483744 2147483750 2147483752 2147483759 2147483760 2147483767 2147483776 2147483777 2147483778 2147483779 2147483780 2147483781 2147483784 2147483785 2147483793 2147483802 2147483807 2147483809 2147483810 2147483811 2147483814 2147483815 2147483823 2147483832 2147483835 2147483836 2147483837 2147483838 2147483839 2147483840 2147483841 2147483844 2147483847 2147483849 2147483851 2147483853 2147483855 2147483857 2147483858 2147483860 2147483863 2147483865 2147483870 2147483877 2147483887 2147483889 2147483890 2147483894 2147483895 2147483898 53 49 52 54 57 127 128 129 130 2147483712 2147483713 2147483717 2147483721 2147483722 2147483729 2147483738 2147483740 2147483741 2147483744 2147483750 2147483752 2147483759 2147483760 2147483767 2147483776 2147483777 2147483778 2147483779 2147483780 2147483781 2147483784 2147483785 2147483793 2147483802 2147483807 2147483809 2147483810 2147483811 2147483814 2147483815 2147483823 2147483832 2147483835 2147483836 2147483837 2147483838 2147483839 2147483840 2147483841 2147483844 2147483847 2147483849 2147483851 2147483853 2147483855 2147483857 2147483858 2147483860 2147483863 2147483865 2147483870 2147483877 2147483887 2147483889 2147483890 2147483894 2147483895 2147483898 
2147483712 2147483705 2147483706 2147483707 2147483709 2147483710 2147483705 2147483706 2147483707 2147483709 2147483710 2147483713 2147483713 
2147483713 2147483705 2147483706 2147483707 2147483709 2147483710 2147483712 2147483705 2147483706 2147483707 2147483709 2147483710 2147483712 53 
2147483717 2147483648 2147483649 2147483705 2147483706 2147483707 2147483709 2147483710 2147483648 2147483649 2147483705 2147483706 2147483707 2147483709 2147483710 2147483894 2147483895 2147483894 2147483895 
2147483721 2147483648 2147483706 2147483707 2147483709 2147483710 2147483648 2147483706 2147483707 2147483709 2147483710 
2147483722 2147483648 2147483706 2147483707 2147483709 2147483710 2147483648 2147483706 2147483707 2147483709 2147483710 53 
2147483729 2147483648 2147483684 2147483685 2147483706 2147483707 2147483709 2147483710 2147483648 2147483684 2147483685 2147483706 2147483707 2147483709 2147483710 52 54 57 53 
2147483733 2147483684 2147483706 2147483684 2147483706 2147483897 57 53 2147483897 
2147483736 
2147483738 2147483648 2147483684 2147483706 2147483710 2147483648 2147483684 2147483706 2147483710 57 53 
2147483740 2147483648 2147483706 2147483710 2147483648 2147483706 2147483710 
2147483741 2147483648 2147483706 2147483710 2147483648 2147483706 2147483710 
2147483744 2147483706 2147483710 2147483706 2147483710 2147483898 53 2147483898 
2147483750 2147483689 2147483706 2147483710 2147483689 2147483706 2147483710 
2147483752 2147483690 2147483706 2147483710 2147483690 2147483706 2147483710 53 
2147483759 2147483691 2147483706 2147483710 2147483691 2147483706 2147483710 2147483760 53 2147483760 
2147483760 2147483691 2147483706 2147483710 2147483759 2147483691 2147483706 2147483710 2147483759 54 57 53 
2147483764 2147483691 2147483706 2147483691 2147483706 2147483897 57 53 2147483897 
2147483767 2147483691 2147483706 2147483710 2147483691 2147483706 2147483710 57 53 
2147483772 2147483773 2147483774 2147483897 2147483773 2147483774 2147483897 
2147483773 2147483772 2147483772 2147483774 2147483897 53 2147483774 2147483897 
2147483774 2147483772 2147483773 2147483772 2147483773 2147483897 57 53 2147483897 
2147483776 2147483710 2147483710 2147483777 2147483778 2147483777 2147483778 
2147483777 2147483710 2147483776 2147483710 2147483776 2147483778 53 2147483778 
2147483778 2147483710 2147483776 2147483777 2147483710 2147483776 2147483777 57 53 
2147483779 2147483689 2147483706 2147483710 2147483689 2147483706 2147483710 2147483780 2147483780 
2147483780 2147483689 2147483706 2147483710 2147483779 2147483689 2147483706 2147483710 2147483779 57 53 
2147483781 2147483648 2147483705 2147483706 2147483707 2147483709 2147483710 2147483648 2147483705 2147483706 2147483707 2147483709 2147483710 2147483895 53 2147483895 
2147483784 2147483648 2147483655 2147483705 2147483706 2147483707 2147483709 2147483710 2147483648 2147483655 2147483705 2147483706 2147483707 2147483709 2147483710 2147483895 2147483895 
2147483785 2147483648 2147483655 2147483705 2147483706 2147483707 2147483709 2147483710 2147483648 2147483655 2147483705 2147483706 2147483707 2147483709 2147483710 2147483895 53 2147483895 
2147483793 2147483648 2147483655 2147483657 2147483658 2147483705 2147483706 2147483707 2147483709 2147483710 2147483648 2147483655 2147483657 2147483658 2147483705 2147483706 2147483707 2147483709 2147483710 2147483895 52 54 57 53 2147483895 
2147483797 2147483655 2147483657 2147483706 2147483655 2147483657 2147483706 2147483897 57 53 2147483897 
2147483800 
2147483802 2147483648 2147483655 2147483657 2147483705 2147483706 2147483707 2147483709 2147483710 2147483648 2147483655 2147483657 2147483705 2147483706 2147483707 2147483709 2147483710 2147483895 57 53 2147483895 
2147483807 2147483648 2147483655 2147483705 2147483706 2147483707 2147483709 2147483710 2147483648 2147483655 2147483705 2147483706 2147483707 2147483709 2147483710 2147483895 57 53 2147483895 
2147483809 2147483648 2147483655 2147483705 2147483706 2147483707 2147483709 2147483710 2147483648 2147483655 2147483705 2147483706 2147483707 2147483709 2147483710 2147483810 2147483895 2147483810 2147483895 
2147483810 2147483648 2147483655 2147483705 2147483706 2147483707 2147483709 2147483710 2147483809 2147483648 2147483655 2147483705 2147483706 2147483707 2147483709 2147483710 2147483809 2147483895 53 2147483895 
2147483811 2147483648 2147483655 2147483705 2147483706 2147483707 2147483709 2147483710 2147483648 2147483655 2147483705 2147483706 2147483707 2147483709 2147483710 2147483895 2147483895 
2147483814 2147483655 2147483705 2147483706 2147483707 2147483709 2147483710 2147483655 2147483705 2147483706 2147483707 2147483709 2147483710 
2147483815 2147483655 2147483705 2147483706 2147483707 2147483709 2147483710 2147483655 2147483705 2147483706 2147483707 2147483709 2147483710 53 
2147483823 2147483655 2147483674 2147483675 2147483705 2147483706 2147483707 2147483709 2147483710 2147483655 2147483674 2147483675 2147483705 2147483706 2147483707 2147483709 2147483710 52 54 57 53 
2147483827 2147483655 2147483674 2147483706 2147483655 2147483674 2147483706 2147483897 57 53 2147483897 
2147483830 
2147483832 2147483655 2147483674 2147483705 2147483706 2147483710 2147483655 2147483674 2147483705 2147483706 2147483710 57 53 
2147483835 2147483655 2147483705 2147483706 2147483710 2147483655 2147483705 2147483706 2147483710 53 
2147483836 2147483655 2147483705 2147483706 2147483710 2147483655 2147483705 2147483706 2147483710 
2147483837 2147483655 2147483705 2147483706 2147483710 2147483655 2147483705 2147483706 2147483710 53 
2147483838 2147483655 2147483705 2147483706 2147483710 2147483655 2147483705 2147483706 2147483710 
2147483839 2147483655 2147483705 2147483706 2147483710 2147483655 2147483705 2147483706 2147483710 53 
2147483840 2147483655 2147483681 2147483705 2147483706 2147483710 2147483655 2147483681 2147483705 2147483706 2147483710 
2147483841 2147483655 2147483681 2147483706 2147483710 2147483655 2147483681 2147483706 2147483710 54 57 53 
2147483844 2147483655 2147483706 2147483710 2147483655 2147483706 2147483710 57 53 
2147483847 2147483655 2147483681 2147483705 2147483706 2147483710 2147483655 2147483681 2147483705 2147483706 2147483710 54 57 53 
2147483849 2147483655 2147483706 2147483710 2147483655 2147483706 2147483710 57 53 
2147483851 2147483655 2147483705 2147483706 2147483710 2147483655 2147483705 2147483706 2147483710 2147483853 53 2147483853 
2147483853 2147483655 2147483705 2147483706 2147483710 2147483851 2147483655 2147483705 2147483706 2147483710 2147483851 54 57 53 
2147483855 2147483655 2147483706 2147483710 2147483655 2147483706 2147483710 57 53 
2147483857 2147483655 2147483706 2147483710 2147483655 2147483706 2147483710 2147483858 2147483860 53 2147483858 2147483860 
2147483858 2147483655 2147483706 2147483710 2147483857 2147483655 2147483706 2147483710 2147483857 2147483860 57 53 2147483860 
2147483860 2147483655 2147483706 2147483710 2147483857 2147483858 2147483655 2147483706 2147483710 2147483857 2147483858 
2147483863 2147483655 2147483706 2147483710 2147483655 2147483706 2147483710 57 53 
2147483865 2147483655 2147483706 2147483707 2147483709 2147483710 2147483655 2147483706 2147483707 2147483709 2147483710 53 
2147483870 2147483655 2147483662 2147483663 2147483706 2147483707 2147483709 2147483710 2147483655 2147483662 2147483663 2147483706 2147483707 2147483709 2147483710 52 54 57 53 
2147483874 2147483655 2147483662 2147483706 2147483655 2147483662 2147483706 2147483897 57 53 2147483897 
2147483877 2147483655 2147483662 2147483706 2147483710 2147483655 2147483662 2147483706 2147483710 57 53 
2147483882 2147483655 2147483706 2147483655 2147483706 2147483897 57 53 2147483897 
2147483885 
2147483887 2147483655 2147483706 2147483710 2147483655 2147483706 2147483710 57 53 
2147483889 2147483710 2147483710 2147483890 54 53 2147483890 
2147483890 2147483710 2147483889 2147483710 2147483889 54 57 53 
2147483894 2147483648 2147483649 2147483705 2147483706 2147483707 2147483709 2147483710 2147483717 2147483648 2147483649 2147483705 2147483706 2147483707 2147483709 2147483710 2147483717 2147483895 2147483895 
2147483895 2147483648 2147483649 2147483655 2147483657 2147483658 2147483705 2147483706 2147483707 2147483709 2147483710 2147483717 2147483781 2147483784 2147483785 2147483793 2147483802 2147483807 2147483809 2147483810 2147483811 2147483894 2147483648 2147483649 2147483655 2147483657 2147483658 2147483705 2147483706 2147483707 2147483709 2147483710 2147483717 2147483781 2147483784 2147483785 2147483793 2147483802 2147483807 2147483809 2147483810 2147483811 2147483894 52 54 49 57 53 127 128 129 130 
2147483897 2147483655 2147483657 2147483662 2147483674 2147483684 2147483691 2147483706 2147483733 2147483764 2147483772 2147483773 2147483774 2147483797 2147483827 2147483874 2147483882 2147483655 2147483657 2147483662 2147483674 2147483684 2147483691 2147483706 2147483733 2147483764 2147483772 2147483773 2147483774 2147483797 2147483827 2147483874 2147483882 49 53 52 54 57 127 128 129 130 
2147483898 2147483648 2147483706 2147483710 2147483744 2147483648 2147483706 2147483710 2147483744 
