49 2147483649 2147483652 2147483653 2147483657 
50 
51 
52 2147483649 2147483652 2147483653 2147483657 
53 2147483649 2147483652 2147483653 2147483657 
54 2147483649 2147483652 2147483653 2147483657 
57 2147483649 2147483652 2147483653 2147483657 
127 2147483649 2147483652 2147483653 2147483657 
128 2147483649 2147483652 2147483653 2147483657 
129 2147483649 2147483652 2147483653 2147483657 
130 2147483649 2147483652 2147483653 2147483657 
131 
132 
133 
134 
2147483649 2147483653 2147483657 49 53 52 54 57 127 128 129 130 2147483653 2147483657 
2147483652 2147483653 2147483657 57 53 49 52 54 127 128 129 130 2147483653 2147483657 
2147483653 2147483649 2147483652 2147483649 2147483652 2147483657 49 54 52 57 53 127 128 129 130 2147483657 
2147483657 2147483649 2147483652 2147483653 2147483649 2147483652 2147483653 53 49 57 52 54 127 128 129 130 
