22 2147483679 
23 
24 
25 2147483679 
26 2147483679 
27 2147483679 
32 2147483679 
49 2147483648 2147483652 2147483665 2147483677 2147483686 2147483700 2147483701 2147483737 2147483738 
50 
51 
52 2147483648 2147483652 2147483665 2147483677 2147483678 2147483683 2147483686 2147483700 2147483701 2147483725 2147483737 2147483738 
53 2147483648 2147483652 2147483665 2147483677 2147483678 2147483686 2147483687 2147483696 2147483700 2147483701 2147483702 2147483713 2147483737 2147483738 
54 2147483648 2147483652 2147483665 2147483677 2147483686 2147483700 2147483701 2147483713 2147483737 2147483738 
57 2147483648 2147483652 2147483665 2147483677 2147483678 2147483686 2147483700 2147483701 2147483711 2147483713 2147483737 2147483738 
127 2147483648 2147483652 2147483665 2147483677 2147483686 2147483700 2147483701 2147483737 2147483738 
128 2147483648 2147483652 2147483665 2147483677 2147483686 2147483700 2147483701 2147483737 2147483738 
129 2147483648 2147483652 2147483665 2147483677 2147483686 2147483700 2147483701 2147483737 2147483738 
130 2147483648 2147483652 2147483665 2147483677 2147483686 2147483700 2147483701 2147483737 2147483738 
131 
132 
133 
134 
263 2147483679 
264 2147483679 
265 2147483679 
266 2147483679 
267 
268 
269 
270 
2147483648 2147483652 2147483653 2147483677 2147483679 2147483686 2147483689 2147483695 2147483696 2147483700 2147483701 2147483735 53 49 52 54 57 127 128 129 130 2147483652 2147483653 2147483677 2147483679 2147483686 2147483689 2147483695 2147483696 2147483700 2147483701 2147483735 
2147483652 2147483648 2147483648 2147483653 2147483677 2147483700 2147483701 2147483702 2147483738 49 52 54 57 53 127 128 129 130 2147483653 2147483677 2147483700 2147483701 2147483702 2147483738 
2147483653 2147483648 2147483652 2147483648 2147483652 2147483677 2147483677 
2147483665 2147483666 2147483677 2147483717 2147483719 2147483721 2147483725 2147483738 2147483739 49 53 52 54 57 127 128 129 130 2147483666 2147483677 2147483717 2147483719 2147483721 2147483725 2147483738 2147483739 
2147483666 2147483665 2147483665 2147483677 2147483717 2147483719 2147483738 2147483677 2147483717 2147483719 2147483738 
2147483670 
2147483671 
2147483676 2147483677 2147483678 2147483679 2147483677 2147483678 2147483679 
2147483677 2147483648 2147483652 2147483653 2147483665 2147483666 2147483676 2147483648 2147483652 2147483653 2147483665 2147483666 2147483676 2147483678 2147483679 2147483683 2147483686 2147483687 2147483689 2147483695 2147483696 2147483700 2147483701 2147483702 2147483705 2147483707 2147483711 2147483713 2147483717 2147483719 2147483721 2147483725 2147483727 2147483735 2147483737 2147483738 2147483739 57 49 52 54 53 127 128 129 130 2147483678 2147483679 2147483683 2147483686 2147483687 2147483689 2147483695 2147483696 2147483700 2147483701 2147483702 2147483705 2147483707 2147483711 2147483713 2147483717 2147483719 2147483721 2147483725 2147483727 2147483735 2147483737 2147483738 2147483739 
2147483678 2147483676 2147483677 2147483676 2147483677 2147483679 2147483683 52 57 53 2147483679 2147483683 
2147483679 2147483648 2147483676 2147483677 2147483678 2147483648 2147483676 2147483677 2147483678 2147483683 2147483686 2147483687 2147483738 25 22 27 32 26 263 264 265 266 2147483683 2147483686 2147483687 2147483738 
2147483683 2147483677 2147483678 2147483679 2147483677 2147483678 2147483679 52 
2147483686 2147483648 2147483677 2147483679 2147483648 2147483677 2147483679 2147483687 53 49 52 54 57 127 128 129 130 2147483687 
2147483687 2147483677 2147483679 2147483686 2147483677 2147483679 2147483686 53 
2147483689 2147483648 2147483677 2147483648 2147483677 
2147483695 2147483648 2147483677 2147483648 2147483677 2147483735 2147483735 
2147483696 2147483648 2147483677 2147483648 2147483677 2147483735 53 2147483735 
2147483700 2147483648 2147483652 2147483677 2147483648 2147483652 2147483677 2147483701 2147483702 2147483738 49 52 54 57 53 127 128 129 130 2147483701 2147483702 2147483738 
2147483701 2147483648 2147483652 2147483677 2147483700 2147483648 2147483652 2147483677 2147483700 2147483702 53 49 52 54 57 127 128 129 130 2147483702 
2147483702 2147483652 2147483677 2147483700 2147483701 2147483652 2147483677 2147483700 2147483701 53 
2147483705 2147483677 2147483677 2147483737 2147483738 2147483737 2147483738 
2147483707 2147483677 2147483677 2147483737 2147483738 2147483737 2147483738 
2147483711 2147483677 2147483677 2147483737 2147483738 57 2147483737 2147483738 
2147483713 2147483677 2147483677 2147483737 2147483738 54 57 53 2147483737 2147483738 
2147483717 2147483665 2147483666 2147483677 2147483665 2147483666 2147483677 2147483738 2147483738 
2147483719 2147483665 2147483666 2147483677 2147483665 2147483666 2147483677 2147483738 2147483738 
2147483721 2147483665 2147483677 2147483665 2147483677 2147483738 2147483738 
2147483725 2147483665 2147483677 2147483665 2147483677 2147483738 52 2147483738 
2147483727 2147483677 2147483677 2147483738 2147483738 
2147483735 2147483648 2147483677 2147483695 2147483696 2147483648 2147483677 2147483695 2147483696 
2147483737 2147483677 2147483705 2147483707 2147483711 2147483713 2147483677 2147483705 2147483707 2147483711 2147483713 2147483738 57 49 52 54 53 127 128 129 130 2147483738 
2147483738 2147483652 2147483665 2147483666 2147483677 2147483679 2147483700 2147483705 2147483707 2147483711 2147483713 2147483717 2147483719 2147483721 2147483725 2147483727 2147483737 2147483652 2147483665 2147483666 2147483677 2147483679 2147483700 2147483705 2147483707 2147483711 2147483713 2147483717 2147483719 2147483721 2147483725 2147483727 2147483737 2147483739 49 54 52 57 53 127 128 129 130 2147483739 
2147483739 2147483665 2147483677 2147483738 2147483665 2147483677 2147483738 
2147483740 
