22 
23 
24 
25 
26 
27 
32 
49 2147483649 2147483657 2147483821 2147483826 2147483827 2147483835 2147483838 2147483839 2147483856 2147483857 2147483862 2147483863 2147483867 2147483868 2147483872 2147483873 2147483877 2147483878 2147483882 2147483883 2147483887 2147483888 2147483892 2147483893 2147483934 2147483935 2147484062 2147484064 2147484065 2147484066 2147484067 2147484068 2147484069 2147484070 2147484071 2147484072 2147484073 2147484074 
50 
51 
52 2147483649 2147483657 2147483821 2147483826 2147483827 2147483835 2147483838 2147483839 2147483856 2147483857 2147483862 2147483863 2147483867 2147483868 2147483872 2147483873 2147483877 2147483878 2147483882 2147483883 2147483887 2147483888 2147483892 2147483893 2147483934 2147483935 2147484062 2147484064 2147484065 2147484066 2147484067 2147484068 2147484069 2147484070 2147484071 2147484072 2147484073 2147484074 
53 2147483649 2147483657 2147483821 2147483826 2147483827 2147483835 2147483838 2147483839 2147483856 2147483857 2147483862 2147483863 2147483867 2147483868 2147483872 2147483873 2147483877 2147483878 2147483882 2147483883 2147483887 2147483888 2147483892 2147483893 2147483934 2147483935 2147484062 2147484064 2147484065 2147484066 2147484067 2147484068 2147484069 2147484070 2147484071 2147484072 2147484073 2147484074 
54 2147483649 2147483657 2147483821 2147483826 2147483827 2147483835 2147483838 2147483839 2147483856 2147483857 2147483862 2147483863 2147483867 2147483868 2147483872 2147483873 2147483877 2147483878 2147483882 2147483883 2147483887 2147483888 2147483892 2147483893 2147483934 2147483935 2147484062 2147484064 2147484065 2147484066 2147484067 2147484068 2147484069 2147484070 2147484071 2147484072 2147484073 2147484074 
57 2147483649 2147483657 2147483821 2147483826 2147483827 2147483835 2147483838 2147483839 2147483856 2147483857 2147483862 2147483863 2147483867 2147483868 2147483872 2147483873 2147483877 2147483878 2147483882 2147483883 2147483887 2147483888 2147483892 2147483893 2147483934 2147483935 2147484062 2147484064 2147484065 2147484066 2147484067 2147484068 2147484069 2147484070 2147484071 2147484072 2147484073 2147484074 
127 2147483649 2147483657 2147483821 2147483826 2147483827 2147483835 2147483838 2147483839 2147483856 2147483857 2147483862 2147483863 2147483867 2147483868 2147483872 2147483873 2147483877 2147483878 2147483882 2147483883 2147483887 2147483888 2147483892 2147483893 2147483934 2147483935 2147484062 2147484064 2147484065 2147484066 2147484067 2147484068 2147484069 2147484070 2147484071 2147484072 2147484073 2147484074 
128 2147483649 2147483657 2147483821 2147483826 2147483827 2147483835 2147483838 2147483839 2147483856 2147483857 2147483862 2147483863 2147483867 2147483868 2147483872 2147483873 2147483877 2147483878 2147483882 2147483883 2147483887 2147483888 2147483892 2147483893 2147483934 2147483935 2147484062 2147484064 2147484065 2147484066 2147484067 2147484068 2147484069 2147484070 2147484071 2147484072 2147484073 2147484074 
129 2147483649 2147483657 2147483821 2147483826 2147483827 2147483835 2147483838 2147483839 2147483856 2147483857 2147483862 2147483863 2147483867 2147483868 2147483872 2147483873 2147483877 2147483878 2147483882 2147483883 2147483887 2147483888 2147483892 2147483893 2147483934 2147483935 2147484062 2147484064 2147484065 2147484066 2147484067 2147484068 2147484069 2147484070 2147484071 2147484072 2147484073 2147484074 
130 2147483649 2147483657 2147483821 2147483826 2147483827 2147483835 2147483838 2147483839 2147483856 2147483857 2147483862 2147483863 2147483867 2147483868 2147483872 2147483873 2147483877 2147483878 2147483882 2147483883 2147483887 2147483888 2147483892 2147483893 2147483934 2147483935 2147484062 2147484064 2147484065 2147484066 2147484067 2147484068 2147484069 2147484070 2147484071 2147484072 2147484073 2147484074 
131 
132 
133 
134 
263 
264 
265 
266 
267 
268 
269 
270 
2147483649 2147483650 2147483657 2147483661 2147483662 2147483663 2147483664 2147483665 2147483666 2147483667 2147483668 2147483669 2147483670 2147483671 2147483672 2147483673 2147483674 2147483675 2147483676 2147483677 2147483678 2147483679 2147483680 2147483681 2147483682 2147483683 2147483684 2147483685 2147483686 2147483687 2147483688 2147483689 2147483690 2147483691 2147483692 2147483693 2147483694 2147483695 2147483696 2147483697 2147483698 2147483699 2147483700 2147483701 2147483702 2147483703 2147483704 2147483705 2147483706 2147483707 2147483708 2147483709 2147483710 2147483711 2147483712 2147483713 2147483714 2147483715 2147483716 2147483717 2147483718 2147483719 2147483720 2147483721 2147483722 2147483723 2147483724 2147483725 2147483726 2147483727 2147483728 2147483729 2147483730 2147483731 2147483732 2147483733 2147483734 2147483735 2147483736 2147483737 2147483738 2147483739 2147483740 2147483741 2147483742 2147483743 2147483744 2147483745 2147483746 2147483747 2147483748 2147483749 2147483750 2147483751 2147483752 2147483753 2147483754 2147483755 2147483756 2147483757 2147483758 2147483759 2147483760 2147483761 2147483762 2147483763 2147483764 2147483765 2147483766 2147483767 2147483768 2147483769 2147483770 2147483771 2147483772 2147483773 2147483774 2147483775 2147483776 2147483777 2147483778 2147483779 2147483780 2147483781 2147483782 2147483783 2147483784 2147483785 2147483786 2147483787 2147483788 2147483789 2147483790 2147483791 2147483792 2147483793 2147483794 2147483795 2147483796 2147483797 2147483798 2147483799 2147483800 2147483801 2147483802 2147483803 2147483804 2147483805 2147483806 2147483807 2147483808 2147483809 2147483810 2147483811 2147483812 2147483813 2147483814 2147483815 2147483818 2147483819 2147483820 2147483821 2147483822 2147483823 2147483824 2147483825 2147483826 2147483827 2147483829 2147483831 2147483832 2147483833 2147483834 2147483835 2147483836 2147483837 2147483838 2147483839 2147483841 2147483843 2147483844 2147483845 2147483846 2147483847 2147483848 2147483849 2147483850 2147483851 2147483852 2147483853 2147483854 2147483855 2147483856 2147483857 2147483859 2147483861 2147483862 2147483863 2147483865 2147483867 2147483868 2147483870 2147483872 2147483873 2147483875 2147483877 2147483878 2147483880 2147483882 2147483883 2147483885 2147483887 2147483888 2147483890 2147483892 2147483893 2147483895 2147483897 2147483898 2147483899 2147483900 2147483901 2147483902 2147483903 2147483904 2147483905 2147483906 2147483907 2147483908 2147483909 2147483910 2147483911 2147483912 2147483913 2147483914 2147483915 2147483916 2147483917 2147483918 2147483919 2147483920 2147483921 2147483922 2147483923 2147483924 2147483925 2147483926 2147483927 2147483928 2147483929 2147483930 2147483931 2147483932 2147483933 2147483934 2147483935 2147483937 2147483939 2147483940 2147483941 2147483942 2147483943 2147483944 2147483950 2147483953 2147483960 2147483967 2147483970 2147483972 2147483977 2147483979 2147483980 2147483983 2147483984 2147483986 2147483990 2147483992 2147483997 2147484002 2147484006 2147484007 2147484009 2147484014 2147484019 2147484024 2147484029 2147484034 2147484038 2147484040 2147484042 2147484047 2147484048 2147484051 2147484062 2147484064 2147484065 2147484066 2147484067 2147484068 2147484069 2147484070 2147484071 2147484072 2147484073 2147484074 2147484076 53 49 52 54 57 127 128 129 130 2147483650 2147483657 2147483661 2147483662 2147483663 2147483664 2147483665 2147483666 2147483667 2147483668 2147483669 2147483670 2147483671 2147483672 2147483673 2147483674 2147483675 2147483676 2147483677 2147483678 2147483679 2147483680 2147483681 2147483682 2147483683 2147483684 2147483685 2147483686 2147483687 2147483688 2147483689 2147483690 2147483691 2147483692 2147483693 2147483694 2147483695 2147483696 2147483697 2147483698 2147483699 2147483700 2147483701 2147483702 2147483703 2147483704 2147483705 2147483706 2147483707 2147483708 2147483709 2147483710 2147483711 2147483712 2147483713 2147483714 2147483715 2147483716 2147483717 2147483718 2147483719 2147483720 2147483721 2147483722 2147483723 2147483724 2147483725 2147483726 2147483727 2147483728 2147483729 2147483730 2147483731 2147483732 2147483733 2147483734 2147483735 2147483736 2147483737 2147483738 2147483739 2147483740 2147483741 2147483742 2147483743 2147483744 2147483745 2147483746 2147483747 2147483748 2147483749 2147483750 2147483751 2147483752 2147483753 2147483754 2147483755 2147483756 2147483757 2147483758 2147483759 2147483760 2147483761 2147483762 2147483763 2147483764 2147483765 2147483766 2147483767 2147483768 2147483769 2147483770 2147483771 2147483772 2147483773 2147483774 2147483775 2147483776 2147483777 2147483778 2147483779 2147483780 2147483781 2147483782 2147483783 2147483784 2147483785 2147483786 2147483787 2147483788 2147483789 2147483790 2147483791 2147483792 2147483793 2147483794 2147483795 2147483796 2147483797 2147483798 2147483799 2147483800 2147483801 2147483802 2147483803 2147483804 2147483805 2147483806 2147483807 2147483808 2147483809 2147483810 2147483811 2147483812 2147483813 2147483814 2147483815 2147483818 2147483819 2147483820 2147483821 2147483822 2147483823 2147483824 2147483825 2147483826 2147483827 2147483829 2147483831 2147483832 2147483833 2147483834 2147483835 2147483836 2147483837 2147483838 2147483839 2147483841 2147483843 2147483844 2147483845 2147483846 2147483847 2147483848 2147483849 2147483850 2147483851 2147483852 2147483853 2147483854 2147483855 2147483856 2147483857 2147483859 2147483861 2147483862 2147483863 2147483865 2147483867 2147483868 2147483870 2147483872 2147483873 2147483875 2147483877 2147483878 2147483880 2147483882 2147483883 2147483885 2147483887 2147483888 2147483890 2147483892 2147483893 2147483895 2147483897 2147483898 2147483899 2147483900 2147483901 2147483902 2147483903 2147483904 2147483905 2147483906 2147483907 2147483908 2147483909 2147483910 2147483911 2147483912 2147483913 2147483914 2147483915 2147483916 2147483917 2147483918 2147483919 2147483920 2147483921 2147483922 2147483923 2147483924 2147483925 2147483926 2147483927 2147483928 2147483929 2147483930 2147483931 2147483932 2147483933 2147483934 2147483935 2147483937 2147483939 2147483940 2147483941 2147483942 2147483943 2147483944 2147483950 2147483953 2147483960 2147483967 2147483970 2147483972 2147483977 2147483979 2147483980 2147483983 2147483984 2147483986 2147483990 2147483992 2147483997 2147484002 2147484006 2147484007 2147484009 2147484014 2147484019 2147484024 2147484029 2147484034 2147484038 2147484040 2147484042 2147484047 2147484048 2147484051 2147484062 2147484064 2147484065 2147484066 2147484067 2147484068 2147484069 2147484070 2147484071 2147484072 2147484073 2147484074 2147484076 
2147483650 2147483649 2147483649 2147484062 2147484062 
2147483657 2147483649 2147483649 2147483967 2147484062 53 49 52 54 57 127 128 129 130 2147483967 2147484062 
2147483661 2147483649 2147483649 2147484062 2147484062 
2147483662 2147483649 2147483649 2147484062 2147484062 
2147483663 2147483649 2147483649 2147484062 2147484062 
2147483664 2147483649 2147483649 2147484062 2147484062 
2147483665 2147483649 2147483649 2147484062 2147484062 
2147483666 2147483649 2147483649 2147484062 2147484062 
2147483667 2147483649 2147483649 2147484062 2147484062 
2147483668 2147483649 2147483649 2147484062 2147484062 
2147483669 2147483649 2147483649 2147484062 2147484062 
2147483670 2147483649 2147483649 2147484062 2147484062 
2147483671 2147483649 2147483649 2147484062 2147484062 
2147483672 2147483649 2147483649 2147484062 2147484062 
2147483673 2147483649 2147483649 2147484062 2147484062 
2147483674 2147483649 2147483649 2147484062 2147484062 
2147483675 2147483649 2147483649 2147484062 2147484062 
2147483676 2147483649 2147483649 2147484062 2147484062 
2147483677 2147483649 2147483649 2147484062 2147484062 
2147483678 2147483649 2147483649 2147484062 2147484062 
2147483679 2147483649 2147483649 2147484062 2147484062 
2147483680 2147483649 2147483649 2147484062 2147484062 
2147483681 2147483649 2147483649 2147484062 2147484062 
2147483682 2147483649 2147483649 2147484062 2147484062 
2147483683 2147483649 2147483649 2147484062 2147484062 
2147483684 2147483649 2147483649 2147484062 2147484062 
2147483685 2147483649 2147483649 2147484062 2147484062 
2147483686 2147483649 2147483649 2147484062 2147484062 
2147483687 2147483649 2147483649 2147484062 2147484062 
2147483688 2147483649 2147483649 2147484062 2147484062 
2147483689 2147483649 2147483649 2147484062 2147484062 
2147483690 2147483649 2147483649 2147484062 2147484062 
2147483691 2147483649 2147483649 2147484062 2147484062 
2147483692 2147483649 2147483649 2147484062 2147484062 
2147483693 2147483649 2147483649 2147484062 2147484062 
2147483694 2147483649 2147483649 2147484062 2147484062 
2147483695 2147483649 2147483649 2147484062 2147484062 
2147483696 2147483649 2147483649 2147484062 2147484062 
2147483697 2147483649 2147483649 2147484062 2147484062 
2147483698 2147483649 2147483649 2147484062 2147484062 
2147483699 2147483649 2147483649 2147484062 2147484062 
2147483700 2147483649 2147483649 2147484062 2147484062 
2147483701 2147483649 2147483649 2147484062 2147484062 
2147483702 2147483649 2147483649 2147484062 2147484062 
2147483703 2147483649 2147483649 2147484062 2147484062 
2147483704 2147483649 2147483649 2147484062 2147484062 
2147483705 2147483649 2147483649 2147484062 2147484062 
2147483706 2147483649 2147483649 2147484062 2147484062 
2147483707 2147483649 2147483649 2147484062 2147484062 
2147483708 2147483649 2147483649 2147484062 2147484062 
2147483709 2147483649 2147483649 2147484062 2147484062 
2147483710 2147483649 2147483649 2147484062 2147484062 
2147483711 2147483649 2147483649 2147484062 2147484062 
2147483712 2147483649 2147483649 2147484062 2147484062 
2147483713 2147483649 2147483649 2147484062 2147484062 
2147483714 2147483649 2147483649 2147484062 2147484062 
2147483715 2147483649 2147483649 2147484062 2147484062 
2147483716 2147483649 2147483649 2147484062 2147484062 
2147483717 2147483649 2147483649 2147484062 2147484062 
2147483718 2147483649 2147483649 2147484062 2147484062 
2147483719 2147483649 2147483649 2147484062 2147484062 
2147483720 2147483649 2147483649 2147484062 2147484062 
2147483721 2147483649 2147483649 2147484062 2147484062 
2147483722 2147483649 2147483649 2147484062 2147484062 
2147483723 2147483649 2147483649 2147484062 2147484062 
2147483724 2147483649 2147483649 2147484062 2147484062 
2147483725 2147483649 2147483649 2147484062 2147484062 
2147483726 2147483649 2147483649 2147484062 2147484062 
2147483727 2147483649 2147483649 2147484062 2147484062 
2147483728 2147483649 2147483649 2147484062 2147484062 
2147483729 2147483649 2147483649 2147484062 2147484062 
2147483730 2147483649 2147483649 2147484062 2147484062 
2147483731 2147483649 2147483649 2147484062 2147484062 
2147483732 2147483649 2147483649 2147484062 2147484062 
2147483733 2147483649 2147483649 2147484062 2147484062 
2147483734 2147483649 2147483649 2147484062 2147484062 
2147483735 2147483649 2147483649 2147484062 2147484062 
2147483736 2147483649 2147483649 2147484062 2147484062 
2147483737 2147483649 2147483649 2147484062 2147484062 
2147483738 2147483649 2147483649 2147484062 2147484062 
2147483739 2147483649 2147483649 2147484062 2147484062 
2147483740 2147483649 2147483649 2147484062 2147484062 
2147483741 2147483649 2147483649 2147484062 2147484062 
2147483742 2147483649 2147483649 2147484062 2147484062 
2147483743 2147483649 2147483649 2147484062 2147484062 
2147483744 2147483649 2147483649 2147484062 2147484062 
2147483745 2147483649 2147483649 2147484062 2147484062 
2147483746 2147483649 2147483649 2147484062 2147484062 
2147483747 2147483649 2147483649 2147484062 2147484062 
2147483748 2147483649 2147483649 2147484062 2147484062 
2147483749 2147483649 2147483649 2147484062 2147484062 
2147483750 2147483649 2147483649 2147484062 2147484062 
2147483751 2147483649 2147483649 2147484062 2147484062 
2147483752 2147483649 2147483649 2147484062 2147484062 
2147483753 2147483649 2147483649 2147484062 2147484062 
2147483754 2147483649 2147483649 2147484062 2147484062 
2147483755 2147483649 2147483649 2147484062 2147484062 
2147483756 2147483649 2147483649 2147484062 2147484062 
2147483757 2147483649 2147483649 2147484062 2147484062 
2147483758 2147483649 2147483649 2147484062 2147484062 
2147483759 2147483649 2147483649 2147484062 2147484062 
2147483760 2147483649 2147483649 2147484062 2147484062 
2147483761 2147483649 2147483649 2147484062 2147484062 
2147483762 2147483649 2147483649 2147484062 2147484062 
2147483763 2147483649 2147483649 2147484062 2147484062 
2147483764 2147483649 2147483649 2147484062 2147484062 
2147483765 2147483649 2147483649 2147484062 2147484062 
2147483766 2147483649 2147483649 2147484062 2147484062 
2147483767 2147483649 2147483649 2147484062 2147484062 
2147483768 2147483649 2147483649 2147484062 2147484062 
2147483769 2147483649 2147483649 2147484062 2147484062 
2147483770 2147483649 2147483649 2147484062 2147484062 
2147483771 2147483649 2147483649 2147484062 2147484062 
2147483772 2147483649 2147483649 2147484062 2147484062 
2147483773 2147483649 2147483649 2147484062 2147484062 
2147483774 2147483649 2147483649 2147484062 2147484062 
2147483775 2147483649 2147483649 2147484062 2147484062 
2147483776 2147483649 2147483649 2147484062 2147484062 
2147483777 2147483649 2147483649 2147484062 2147484062 
2147483778 2147483649 2147483649 2147484062 2147484062 
2147483779 2147483649 2147483649 2147484062 2147484062 
2147483780 2147483649 2147483649 2147484062 2147484062 
2147483781 2147483649 2147483649 2147484062 2147484062 
2147483782 2147483649 2147483649 2147484062 2147484062 
2147483783 2147483649 2147483649 2147484062 2147484062 
2147483784 2147483649 2147483649 2147484062 2147484062 
2147483785 2147483649 2147483649 2147484062 2147484062 
2147483786 2147483649 2147483649 2147484062 2147484062 
2147483787 2147483649 2147483649 2147484062 2147484062 
2147483788 2147483649 2147483649 2147484062 2147484062 
2147483789 2147483649 2147483649 2147484062 2147484062 
2147483790 2147483649 2147483649 2147484062 2147484062 
2147483791 2147483649 2147483649 2147484062 2147484062 
2147483792 2147483649 2147483649 2147484062 2147484062 
2147483793 2147483649 2147483649 2147484062 2147484062 
2147483794 2147483649 2147483649 2147484062 2147484062 
2147483795 2147483649 2147483649 2147484062 2147484062 
2147483796 2147483649 2147483649 2147484062 2147484062 
2147483797 2147483649 2147483649 2147484062 2147484062 
2147483798 2147483649 2147483649 2147484062 2147484062 
2147483799 2147483649 2147483649 2147484062 2147484062 
2147483800 2147483649 2147483649 2147484062 2147484062 
2147483801 2147483649 2147483649 2147484062 2147484062 
2147483802 2147483649 2147483649 2147484062 2147484062 
2147483803 2147483649 2147483649 2147484062 2147484062 
2147483804 2147483649 2147483649 2147484062 2147484062 
2147483805 2147483649 2147483649 2147484062 2147484062 
2147483806 2147483649 2147483649 2147484062 2147484062 
2147483807 2147483649 2147483649 2147484062 2147484062 
2147483808 2147483649 2147483649 2147484062 2147484062 
2147483809 2147483649 2147483649 2147484062 2147484062 
2147483810 2147483649 2147483649 2147484062 2147484062 
2147483811 2147483649 2147483649 2147484062 2147484062 
2147483812 2147483649 2147483649 2147484062 2147484062 
2147483813 2147483649 2147483649 2147484062 2147484062 
2147483814 2147483649 2147483649 2147484062 2147484062 
2147483815 2147483649 2147483649 2147484062 2147484076 2147484062 2147484076 
2147483818 2147483649 2147483649 2147484062 2147484062 
2147483819 2147483649 2147483649 2147484062 2147484062 
2147483820 2147483649 2147483649 2147484062 2147484062 
2147483821 2147483649 2147483649 2147483822 2147483823 2147484047 2147484062 53 49 52 54 57 127 128 129 130 2147483822 2147483823 2147484047 2147484062 
2147483822 2147483649 2147483821 2147483649 2147483821 2147484062 2147484062 
2147483823 2147483649 2147483821 2147483649 2147483821 2147484062 2147484062 
2147483824 2147483649 2147483649 2147484062 2147484062 
2147483825 2147483649 2147483649 2147484062 2147484062 
2147483826 2147483649 2147483649 2147483827 2147483829 2147484042 2147484062 2147484064 53 49 52 54 57 127 128 129 130 2147483827 2147483829 2147484042 2147484062 2147484064 
2147483827 2147483649 2147483826 2147483649 2147483826 2147483829 2147484062 2147484064 49 52 54 57 53 127 128 129 130 2147483829 2147484062 2147484064 
2147483829 2147483649 2147483826 2147483827 2147483649 2147483826 2147483827 2147484062 2147484064 2147484062 2147484064 
2147483831 2147483649 2147483649 2147484062 2147484062 
2147483832 2147483649 2147483649 2147484062 2147484062 
2147483833 2147483649 2147483649 2147484062 2147484062 
2147483834 2147483649 2147483649 2147484062 2147484062 
2147483835 2147483649 2147483649 2147484040 2147484062 53 49 52 54 57 127 128 129 130 2147484040 2147484062 
2147483836 2147483649 2147483649 2147484062 2147484062 
2147483837 2147483649 2147483649 2147484062 2147484062 
2147483838 2147483649 2147483649 2147483839 2147483841 2147484034 2147484062 2147484065 53 49 52 54 57 127 128 129 130 2147483839 2147483841 2147484034 2147484062 2147484065 
2147483839 2147483649 2147483838 2147483649 2147483838 2147483841 2147484062 2147484065 49 52 54 57 53 127 128 129 130 2147483841 2147484062 2147484065 
2147483841 2147483649 2147483838 2147483839 2147483649 2147483838 2147483839 2147484062 2147484065 2147484062 2147484065 
2147483843 2147483649 2147483649 2147484062 2147484062 
2147483844 2147483649 2147483649 2147484062 2147484062 
2147483845 2147483649 2147483649 2147484062 2147484062 
2147483846 2147483649 2147483649 2147484062 2147484062 
2147483847 2147483649 2147483649 2147484062 2147484062 
2147483848 2147483649 2147483649 2147484062 2147484062 
2147483849 2147483649 2147483649 2147484062 2147484062 
2147483850 2147483649 2147483649 2147484062 2147484062 
2147483851 2147483649 2147483649 2147484062 2147484062 
2147483852 2147483649 2147483649 2147484062 2147484062 
2147483853 2147483649 2147483649 2147484062 2147484062 
2147483854 2147483649 2147483649 2147484062 2147484062 
2147483855 2147483649 2147483649 2147484062 2147484062 
2147483856 2147483649 2147483649 2147483857 2147483859 2147484024 2147484062 2147484066 53 49 52 54 57 127 128 129 130 2147483857 2147483859 2147484024 2147484062 2147484066 
2147483857 2147483649 2147483856 2147483649 2147483856 2147483859 2147484062 2147484066 49 52 54 57 53 127 128 129 130 2147483859 2147484062 2147484066 
2147483859 2147483649 2147483856 2147483857 2147483649 2147483856 2147483857 2147484062 2147484066 2147484062 2147484066 
2147483861 2147483649 2147483649 2147484062 2147484062 
2147483862 2147483649 2147483649 2147483863 2147483865 2147484019 2147484062 2147484067 53 49 52 54 57 127 128 129 130 2147483863 2147483865 2147484019 2147484062 2147484067 
2147483863 2147483649 2147483862 2147483649 2147483862 2147483865 2147484062 2147484067 49 52 54 57 53 127 128 129 130 2147483865 2147484062 2147484067 
2147483865 2147483649 2147483862 2147483863 2147483649 2147483862 2147483863 2147484062 2147484067 2147484062 2147484067 
2147483867 2147483649 2147483649 2147483868 2147483870 2147484014 2147484062 2147484068 53 49 52 54 57 127 128 129 130 2147483868 2147483870 2147484014 2147484062 2147484068 
2147483868 2147483649 2147483867 2147483649 2147483867 2147483870 2147484062 2147484068 49 52 54 57 53 127 128 129 130 2147483870 2147484062 2147484068 
2147483870 2147483649 2147483867 2147483868 2147483649 2147483867 2147483868 2147484062 2147484068 2147484062 2147484068 
2147483872 2147483649 2147483649 2147483873 2147483875 2147484009 2147484062 2147484069 53 49 52 54 57 127 128 129 130 2147483873 2147483875 2147484009 2147484062 2147484069 
2147483873 2147483649 2147483872 2147483649 2147483872 2147483875 2147484062 2147484069 49 52 54 57 53 127 128 129 130 2147483875 2147484062 2147484069 
2147483875 2147483649 2147483872 2147483873 2147483649 2147483872 2147483873 2147484062 2147484069 2147484062 2147484069 
2147483877 2147483649 2147483649 2147483878 2147483880 2147483992 2147484062 2147484070 53 49 52 54 57 127 128 129 130 2147483878 2147483880 2147483992 2147484062 2147484070 
2147483878 2147483649 2147483877 2147483649 2147483877 2147483880 2147484062 2147484070 49 52 54 57 53 127 128 129 130 2147483880 2147484062 2147484070 
2147483880 2147483649 2147483877 2147483878 2147483649 2147483877 2147483878 2147484062 2147484070 2147484062 2147484070 
2147483882 2147483649 2147483649 2147483883 2147483885 2147483997 2147484062 2147484071 53 49 52 54 57 127 128 129 130 2147483883 2147483885 2147483997 2147484062 2147484071 
2147483883 2147483649 2147483882 2147483649 2147483882 2147483885 2147484062 2147484071 49 52 54 57 53 127 128 129 130 2147483885 2147484062 2147484071 
2147483885 2147483649 2147483882 2147483883 2147483649 2147483882 2147483883 2147484062 2147484071 2147484062 2147484071 
2147483887 2147483649 2147483649 2147483888 2147483890 2147484002 2147484062 2147484072 53 49 52 54 57 127 128 129 130 2147483888 2147483890 2147484002 2147484062 2147484072 
2147483888 2147483649 2147483887 2147483649 2147483887 2147483890 2147484062 2147484072 49 52 54 57 53 127 128 129 130 2147483890 2147484062 2147484072 
2147483890 2147483649 2147483887 2147483888 2147483649 2147483887 2147483888 2147484062 2147484072 2147484062 2147484072 
2147483892 2147483649 2147483649 2147483893 2147483895 2147483986 2147484062 2147484073 53 49 52 54 57 127 128 129 130 2147483893 2147483895 2147483986 2147484062 2147484073 
2147483893 2147483649 2147483892 2147483649 2147483892 2147483895 2147484062 2147484073 49 52 54 57 53 127 128 129 130 2147483895 2147484062 2147484073 
2147483895 2147483649 2147483892 2147483893 2147483649 2147483892 2147483893 2147484062 2147484073 2147484062 2147484073 
2147483897 2147483649 2147483649 2147484062 2147484062 
2147483898 2147483649 2147483649 2147484062 2147484062 
2147483899 2147483649 2147483649 2147484062 2147484062 
2147483900 2147483649 2147483649 2147484062 2147484062 
2147483901 2147483649 2147483649 2147484062 2147484062 
2147483902 2147483649 2147483649 2147484062 2147484062 
2147483903 2147483649 2147483649 2147484062 2147484062 
2147483904 2147483649 2147483649 2147484062 2147484062 
2147483905 2147483649 2147483649 2147484062 2147484062 
2147483906 2147483649 2147483649 2147484062 2147484062 
2147483907 2147483649 2147483649 2147484062 2147484062 
2147483908 2147483649 2147483649 2147484062 2147484062 
2147483909 2147483649 2147483649 2147484062 2147484062 
2147483910 2147483649 2147483649 2147484062 2147484062 
2147483911 2147483649 2147483649 2147484062 2147484062 
2147483912 2147483649 2147483649 2147484062 2147484062 
2147483913 2147483649 2147483649 2147484062 2147484062 
2147483914 2147483649 2147483649 2147484062 2147484062 
2147483915 2147483649 2147483649 2147484062 2147484062 
2147483916 2147483649 2147483649 2147484062 2147484062 
2147483917 2147483649 2147483649 2147484062 2147484062 
2147483918 2147483649 2147483649 2147484062 2147484062 
2147483919 2147483649 2147483649 2147484062 2147484062 
2147483920 2147483649 2147483649 2147484062 2147484062 
2147483921 2147483649 2147483649 2147484062 2147484062 
2147483922 2147483649 2147483649 2147484062 2147484062 
2147483923 2147483649 2147483649 2147484062 2147484062 
2147483924 2147483649 2147483649 2147484062 2147484062 
2147483925 2147483649 2147483649 2147484062 2147484062 
2147483926 2147483649 2147483649 2147484062 2147484062 
2147483927 2147483649 2147483649 2147484062 2147484062 
2147483928 2147483649 2147483649 2147484062 2147484062 
2147483929 2147483649 2147483649 2147484062 2147484062 
2147483930 2147483649 2147483649 2147484062 2147484062 
2147483931 2147483649 2147483649 2147484062 2147484062 
2147483932 2147483649 2147483649 2147484062 2147484062 
2147483933 2147483649 2147483649 2147484062 2147484062 
2147483934 2147483649 2147483649 2147483935 2147483937 2147484029 2147484062 2147484074 53 49 52 54 57 127 128 129 130 2147483935 2147483937 2147484029 2147484062 2147484074 
2147483935 2147483649 2147483934 2147483649 2147483934 2147483937 2147484062 2147484074 49 52 54 57 53 127 128 129 130 2147483937 2147484062 2147484074 
2147483937 2147483649 2147483934 2147483935 2147483649 2147483934 2147483935 2147484062 2147484074 2147484062 2147484074 
2147483939 2147483649 2147483649 2147484062 2147484062 
2147483940 2147483649 2147483649 2147484062 2147484062 
2147483941 2147483649 2147483649 2147484062 2147484062 
2147483942 2147483649 2147483649 2147484062 2147484062 
2147483943 2147483649 2147483649 2147484062 2147484062 
2147483944 2147483649 2147483649 2147484062 2147484062 
2147483950 2147483649 2147483649 2147484062 2147484062 
2147483953 2147483649 2147483649 2147484062 2147484062 
2147483960 2147483649 2147483649 2147484062 2147484062 
2147483967 2147483649 2147483657 2147483649 2147483657 2147484062 2147484062 
2147483970 2147483649 2147483649 2147484062 2147484076 2147484062 2147484076 
2147483972 2147483649 2147483649 2147483977 2147484062 2147484076 2147483977 2147484062 2147484076 
2147483977 2147483649 2147483972 2147483649 2147483972 2147484062 2147484076 2147484062 2147484076 
2147483979 2147483649 2147483649 2147484062 2147484062 
2147483980 2147483649 2147483649 2147484062 2147484062 
2147483983 2147483649 2147483649 2147484062 2147484062 
2147483984 2147483649 2147483649 2147484062 2147484062 
2147483986 2147483649 2147483892 2147483649 2147483892 2147484062 2147484062 
2147483990 2147483649 2147483649 2147484062 2147484062 
2147483992 2147483649 2147483877 2147483649 2147483877 2147484062 2147484062 
2147483997 2147483649 2147483882 2147483649 2147483882 2147484062 2147484062 
2147484002 2147483649 2147483887 2147483649 2147483887 2147484062 2147484062 
2147484006 2147483649 2147483649 2147484062 2147484062 
2147484007 2147483649 2147483649 2147484062 2147484062 
2147484009 2147483649 2147483872 2147483649 2147483872 2147484062 2147484062 
2147484014 2147483649 2147483867 2147483649 2147483867 2147484062 2147484062 
2147484019 2147483649 2147483862 2147483649 2147483862 2147484062 2147484062 
2147484024 2147483649 2147483856 2147483649 2147483856 2147484062 2147484062 
2147484029 2147483649 2147483934 2147483649 2147483934 2147484062 2147484062 
2147484034 2147483649 2147483838 2147483649 2147483838 2147484062 2147484062 
2147484038 2147483649 2147483649 2147484062 2147484062 
2147484040 2147483649 2147483835 2147483649 2147483835 2147484062 2147484062 
2147484042 2147483649 2147483826 2147483649 2147483826 2147484062 2147484062 
2147484047 2147483649 2147483821 2147483649 2147483821 2147484062 2147484062 
2147484048 2147483649 2147483649 2147484062 2147484062 
2147484051 2147483649 2147483649 2147484062 2147484062 
2147484062 2147483649 2147483650 2147483657 2147483661 2147483662 2147483663 2147483664 2147483665 2147483666 2147483667 2147483668 2147483669 2147483670 2147483671 2147483672 2147483673 2147483674 2147483675 2147483676 2147483677 2147483678 2147483679 2147483680 2147483681 2147483682 2147483683 2147483684 2147483685 2147483686 2147483687 2147483688 2147483689 2147483690 2147483691 2147483692 2147483693 2147483694 2147483695 2147483696 2147483697 2147483698 2147483699 2147483700 2147483701 2147483702 2147483703 2147483704 2147483705 2147483706 2147483707 2147483708 2147483709 2147483710 2147483711 2147483712 2147483713 2147483714 2147483715 2147483716 2147483717 2147483718 2147483719 2147483720 2147483721 2147483722 2147483723 2147483724 2147483725 2147483726 2147483727 2147483728 2147483729 2147483730 2147483731 2147483732 2147483733 2147483734 2147483735 2147483736 2147483737 2147483738 2147483739 2147483740 2147483741 2147483742 2147483743 2147483744 2147483745 2147483746 2147483747 2147483748 2147483749 2147483750 2147483751 2147483752 2147483753 2147483754 2147483755 2147483756 2147483757 2147483758 2147483759 2147483760 2147483761 2147483762 2147483763 2147483764 2147483765 2147483766 2147483767 2147483768 2147483769 2147483770 2147483771 2147483772 2147483773 2147483774 2147483775 2147483776 2147483777 2147483778 2147483779 2147483780 2147483781 2147483782 2147483783 2147483784 2147483785 2147483786 2147483787 2147483788 2147483789 2147483790 2147483791 2147483792 2147483793 2147483794 2147483795 2147483796 2147483797 2147483798 2147483799 2147483800 2147483801 2147483802 2147483803 2147483804 2147483805 2147483806 2147483807 2147483808 2147483809 2147483810 2147483811 2147483812 2147483813 2147483814 2147483815 2147483818 2147483819 2147483820 2147483821 2147483822 2147483823 2147483824 2147483825 2147483826 2147483827 2147483829 2147483831 2147483832 2147483833 2147483834 2147483835 2147483836 2147483837 2147483838 2147483839 2147483841 2147483843 2147483844 2147483845 2147483846 2147483847 2147483848 2147483849 2147483850 2147483851 2147483852 2147483853 2147483854 2147483855 2147483856 2147483857 2147483859 2147483861 2147483862 2147483863 2147483865 2147483867 2147483868 2147483870 2147483872 2147483873 2147483875 2147483877 2147483878 2147483880 2147483882 2147483883 2147483885 2147483887 2147483888 2147483890 2147483892 2147483893 2147483895 2147483897 2147483898 2147483899 2147483900 2147483901 2147483902 2147483903 2147483904 2147483905 2147483906 2147483907 2147483908 2147483909 2147483910 2147483911 2147483912 2147483913 2147483914 2147483915 2147483916 2147483917 2147483918 2147483919 2147483920 2147483921 2147483922 2147483923 2147483924 2147483925 2147483926 2147483927 2147483928 2147483929 2147483930 2147483931 2147483932 2147483933 2147483934 2147483935 2147483937 2147483939 2147483940 2147483941 2147483942 2147483943 2147483944 2147483950 2147483953 2147483960 2147483967 2147483970 2147483972 2147483977 2147483979 2147483980 2147483983 2147483984 2147483986 2147483990 2147483992 2147483997 2147484002 2147484006 2147484007 2147484009 2147484014 2147484019 2147484024 2147484029 2147484034 2147484038 2147484040 2147484042 2147484047 2147484048 2147484051 2147483649 2147483650 2147483657 2147483661 2147483662 2147483663 2147483664 2147483665 2147483666 2147483667 2147483668 2147483669 2147483670 2147483671 2147483672 2147483673 2147483674 2147483675 2147483676 2147483677 2147483678 2147483679 2147483680 2147483681 2147483682 2147483683 2147483684 2147483685 2147483686 2147483687 2147483688 2147483689 2147483690 2147483691 2147483692 2147483693 2147483694 2147483695 2147483696 2147483697 2147483698 2147483699 2147483700 2147483701 2147483702 2147483703 2147483704 2147483705 2147483706 2147483707 2147483708 2147483709 2147483710 2147483711 2147483712 2147483713 2147483714 2147483715 2147483716 2147483717 2147483718 2147483719 2147483720 2147483721 2147483722 2147483723 2147483724 2147483725 2147483726 2147483727 2147483728 2147483729 2147483730 2147483731 2147483732 2147483733 2147483734 2147483735 2147483736 2147483737 2147483738 2147483739 2147483740 2147483741 2147483742 2147483743 2147483744 2147483745 2147483746 2147483747 2147483748 2147483749 2147483750 2147483751 2147483752 2147483753 2147483754 2147483755 2147483756 2147483757 2147483758 2147483759 2147483760 2147483761 2147483762 2147483763 2147483764 2147483765 2147483766 2147483767 2147483768 2147483769 2147483770 2147483771 2147483772 2147483773 2147483774 2147483775 2147483776 2147483777 2147483778 2147483779 2147483780 2147483781 2147483782 2147483783 2147483784 2147483785 2147483786 2147483787 2147483788 2147483789 2147483790 2147483791 2147483792 2147483793 2147483794 2147483795 2147483796 2147483797 2147483798 2147483799 2147483800 2147483801 2147483802 2147483803 2147483804 2147483805 2147483806 2147483807 2147483808 2147483809 2147483810 2147483811 2147483812 2147483813 2147483814 2147483815 2147483818 2147483819 2147483820 2147483821 2147483822 2147483823 2147483824 2147483825 2147483826 2147483827 2147483829 2147483831 2147483832 2147483833 2147483834 2147483835 2147483836 2147483837 2147483838 2147483839 2147483841 2147483843 2147483844 2147483845 2147483846 2147483847 2147483848 2147483849 2147483850 2147483851 2147483852 2147483853 2147483854 2147483855 2147483856 2147483857 2147483859 2147483861 2147483862 2147483863 2147483865 2147483867 2147483868 2147483870 2147483872 2147483873 2147483875 2147483877 2147483878 2147483880 2147483882 2147483883 2147483885 2147483887 2147483888 2147483890 2147483892 2147483893 2147483895 2147483897 2147483898 2147483899 2147483900 2147483901 2147483902 2147483903 2147483904 2147483905 2147483906 2147483907 2147483908 2147483909 2147483910 2147483911 2147483912 2147483913 2147483914 2147483915 2147483916 2147483917 2147483918 2147483919 2147483920 2147483921 2147483922 2147483923 2147483924 2147483925 2147483926 2147483927 2147483928 2147483929 2147483930 2147483931 2147483932 2147483933 2147483934 2147483935 2147483937 2147483939 2147483940 2147483941 2147483942 2147483943 2147483944 2147483950 2147483953 2147483960 2147483967 2147483970 2147483972 2147483977 2147483979 2147483980 2147483983 2147483984 2147483986 2147483990 2147483992 2147483997 2147484002 2147484006 2147484007 2147484009 2147484014 2147484019 2147484024 2147484029 2147484034 2147484038 2147484040 2147484042 2147484047 2147484048 2147484051 2147484064 2147484065 2147484066 2147484067 2147484068 2147484069 2147484070 2147484071 2147484072 2147484073 2147484074 2147484076 53 49 52 54 57 127 128 129 130 2147484064 2147484065 2147484066 2147484067 2147484068 2147484069 2147484070 2147484071 2147484072 2147484073 2147484074 2147484076 
2147484064 2147483649 2147483826 2147483827 2147483829 2147484062 2147483649 2147483826 2147483827 2147483829 2147484062 49 52 54 57 53 127 128 129 130 
2147484065 2147483649 2147483838 2147483839 2147483841 2147484062 2147483649 2147483838 2147483839 2147483841 2147484062 49 52 54 57 53 127 128 129 130 
2147484066 2147483649 2147483856 2147483857 2147483859 2147484062 2147483649 2147483856 2147483857 2147483859 2147484062 49 52 54 57 53 127 128 129 130 
2147484067 2147483649 2147483862 2147483863 2147483865 2147484062 2147483649 2147483862 2147483863 2147483865 2147484062 49 52 54 57 53 127 128 129 130 
2147484068 2147483649 2147483867 2147483868 2147483870 2147484062 2147483649 2147483867 2147483868 2147483870 2147484062 49 52 54 57 53 127 128 129 130 
2147484069 2147483649 2147483872 2147483873 2147483875 2147484062 2147483649 2147483872 2147483873 2147483875 2147484062 49 52 54 57 53 127 128 129 130 
2147484070 2147483649 2147483877 2147483878 2147483880 2147484062 2147483649 2147483877 2147483878 2147483880 2147484062 49 52 54 57 53 127 128 129 130 
2147484071 2147483649 2147483882 2147483883 2147483885 2147484062 2147483649 2147483882 2147483883 2147483885 2147484062 49 52 54 57 53 127 128 129 130 
2147484072 2147483649 2147483887 2147483888 2147483890 2147484062 2147483649 2147483887 2147483888 2147483890 2147484062 49 52 54 57 53 127 128 129 130 
2147484073 2147483649 2147483892 2147483893 2147483895 2147484062 2147483649 2147483892 2147483893 2147483895 2147484062 49 52 54 57 53 127 128 129 130 
2147484074 2147483649 2147483934 2147483935 2147483937 2147484062 2147483649 2147483934 2147483935 2147483937 2147484062 49 52 54 57 53 127 128 129 130 
2147484076 2147483649 2147483815 2147483970 2147483972 2147483977 2147484062 2147483649 2147483815 2147483970 2147483972 2147483977 2147484062 
