22,1,22,-1,0,1,0,0,0,
23,1,23,-1,0,1,0,0,0,
24,1,24,-1,0,1,0,0,0,
25,1,25,-1,0,1,0,0,0,
26,1,26,-1,0,1,0,0,0,
27,1,27,-1,0,1,0,0,0,
32,1,32,-1,0,1,0,0,0,
49,1,49,-1,0,1,0,0,0,
50,1,50,-1,0,1,0,0,0,
51,1,51,-1,0,1,0,0,0,
52,1,52,-1,0,1,0,0,0,
53,1,53,-1,0,1,0,0,0,
54,1,54,-1,0,1,0,0,0,
57,1,57,-1,0,1,0,0,0,
127,1,127,-1,0,1,0,0,0,
128,1,128,-1,0,1,0,0,0,
129,1,129,-1,0,1,0,0,255,
130,1,130,-1,0,1,0,0,0,
131,1,131,-1,0,1,0,0,0,
132,1,132,-1,0,1,0,0,0,
133,1,133,-1,0,1,0,0,0,
134,1,134,-1,0,1,0,0,0,
263,1,263,-1,0,1,0,0,0,
264,1,264,-1,0,1,0,0,0,
265,1,265,-1,0,1,0,0,0,
266,1,266,-1,0,1,0,0,0,
267,1,267,-1,0,1,0,0,0,
268,1,268,-1,0,1,0,0,0,
269,1,269,-1,0,1,0,0,0,
270,1,270,-1,0,1,0,0,0,
2147483648,0,0,0.0053449,1,0,1,0,0,49 52 54 57 53 127 128 129 130 51 133 134 131 132 50
2147483674,0,0,0.000311934,1,0,1,0,0,51 133 134 131 132 50
2147483675,0,0,0.000558949,1,0,1,0,0,22 25 27 32 26 263 264 265 266 24 23 269 270 267 268
2147483677,0,0,3.63242e-05,1,0,1,0,0,49 52 54 57 53 127 128 129 130 51 133 134 131 132 50
2147483678,0,0,3.7496e-05,1,0,1,0,0,49 52 54 57 53 127 128 129 130 51 133 134 131 132 50
2147483679,0,0,3.15577e-05,1,0,1,0,0,49 52 54 57 53 127 128 129 130 51 133 134 131 132 50
2147483681,0,0,0.00162314,6,0,1,0,0,51 133 134 131 132 50
2147483685,0,0,0.00371324,1,0,1,0,0,53 49 52 54 57 127 128 129 130 51 133 134 131 132 50
2147483687,0,0,0.00350694,1,0,1,0,0,52 49 127 128 129 130 51 133 134 131 132 50
2147483689,0,0,0.0108214,3,0,1,0,0,263 22 264 265 266 24 23 269 270 267 268
2147483693,0,0,inf,1,0,1,0,0,49 52 54 57 53 127 128 129 130 51 133 134 131 132 50
2147483694,0,0,inf,1,0,1,0,0,49 52 54 57 53 127 128 129 130 51 133 134 131 132 50
2147483697,0,0,inf,2,0,1,0,0,22 25 27 32 26 263 264 265 266 24 23 269 270 267 268
2147483698,0,0,inf,1,0,1,0,0,22 25 27 32 26 263 264 265 266 24 23 269 270 267 268
2147483700,0,0,inf,2,0,1,0,0,22 25 27 32 26 263 264 265 266 24 23 269 270 267 268
2147483706,0,0,inf,2,0,1,0,0,22 25 27 32 26 263 264 265 266 24 23 269 270 267 268
2147483717,0,0,0.00107548,1,0,1,0,0,51 133 134 131 132 50
2147483720,0,0,inf,1,0,1,0,0,49 52 54 57 53 127 128 129 130 51 133 134 131 132 50
2147483724,0,0,inf,2,0,1,0,255,22 25 27 32 26 263 264 265 266 24 23 269 270 267 268
2147483728,0,0,inf,2,0,1,0,0,22 25 27 32 26 263 264 265 266 24 23 269 270 267 268
2147483730,0,0,inf,1,0,1,0,0,49 52 54 57 53 127 128 129 130 51 133 134 131 132 50
2147483731,0,0,3.31161e-05,1,0,1,0,0,49 52 54 57 53 127 128 129 130 51 133 134 131 132 50
2147483732,0,0,9.03076e-05,2,0,1,0,0,25 22 263 264 265 266 24 23 269 270 267 268
2147483733,0,0,inf,1,0,1,0,0,49 52 54 57 53 127 128 129 130 51 133 134 131 132 50
2147483734,0,0,7.69949e-05,1,0,1,0,0,49 52 54 57 53 127 128 129 130 51 133 134 131 132 50
2147483735,0,0,5.13299e-05,1,0,1,0,0,49 52 54 57 53 127 128 129 130 51 133 134 131 132 50
2147483736,0,0,5.13299e-05,1,0,1,0,0,49 52 54 57 53 127 128 129 130 51 133 134 131 132 50
2147483737,0,0,inf,1,0,1,0,0,49 52 54 57 53 127 128 129 130 51 133 134 131 132 50
2147483741,0,0,2.89447e-05,1,0,1,0,0,49 127 128 129 130 51 133 134 131 132 50
2147483742,0,0,3.32013e-05,1,0,1,0,0,53 49 52 54 57 127 128 129 130 51 133 134 131 132 50
2147483744,0,0,9.67581e-05,3,0,1,0,0,27 22 25 263 264 265 266 24 23 269 270 267 268
2147483750,0,0,0.000601832,5,0,1,0,0,22 25 27 32 26 263 264 265 266 24 23 269 270 267 268
2147483751,0,0,0.000257116,4,0,1,0,0,51 133 134 131 132 50
2147483756,0,0,0.000443024,3,0,1,0,0,51 133 134 131 132 50
2147483757,0,0,0.000341572,3,0,1,0,0,51 133 134 131 132 50
2147483758,0,0,0.000556404,11,0,1,0,0,51 133 134 131 132 50
2147483760,0,0,0.000579778,8,0,1,0,0,24 23 269 270 267 268
2147483761,0,0,0.0011073,4,0,1,0,0,51 133 134 131 132 50
2147483762,0,0,0.0010508,6,0,1,0,0,51 133 134 131 132 50
2147483763,0,0,0.000689765,9,0,1,0,0,51 133 134 131 132 50
