22 2147483727 
23 
24 
25 2147483727 
26 2147483727 
27 2147483727 
32 2147483727 
49 2147483667 2147483726 
50 
51 
52 2147483667 2147483726 
53 2147483667 2147483726 2147483761 2147483899 
54 2147483667 2147483726 
57 2147483667 2147483726 
127 2147483667 2147483726 
128 2147483667 2147483726 
129 2147483667 2147483726 
130 2147483667 2147483726 
131 
132 
133 
134 
263 2147483727 
264 2147483727 
265 2147483727 
266 2147483727 
267 
268 
269 
270 
2147483649 2147483650 2147483654 2147483726 2147483727 2147483732 2147483742 2147483743 2147483745 2147483746 2147483748 2147483749 2147483751 2147483752 2147483757 2147483758 2147483901 2147483902 2147483650 2147483654 2147483726 2147483727 2147483732 2147483742 2147483743 2147483745 2147483746 2147483748 2147483749 2147483751 2147483752 2147483757 2147483758 2147483901 2147483902 
2147483650 2147483649 2147483649 2147483726 2147483727 2147483732 2147483742 2147483743 2147483745 2147483746 2147483748 2147483749 2147483751 2147483752 2147483901 2147483726 2147483727 2147483732 2147483742 2147483743 2147483745 2147483746 2147483748 2147483749 2147483751 2147483752 2147483901 
2147483654 2147483649 2147483649 2147483726 2147483727 2147483757 2147483758 2147483902 2147483726 2147483727 2147483757 2147483758 2147483902 
2147483659 2147483660 2147483662 2147483702 2147483726 2147483727 2147483763 2147483773 2147483774 2147483776 2147483777 2147483779 2147483780 2147483782 2147483783 2147483788 2147483789 2147483903 2147483904 2147483660 2147483662 2147483702 2147483726 2147483727 2147483763 2147483773 2147483774 2147483776 2147483777 2147483779 2147483780 2147483782 2147483783 2147483788 2147483789 2147483903 2147483904 
2147483660 2147483659 2147483659 2147483702 2147483726 2147483727 2147483773 2147483774 2147483776 2147483777 2147483779 2147483780 2147483782 2147483783 2147483903 2147483702 2147483726 2147483727 2147483773 2147483774 2147483776 2147483777 2147483779 2147483780 2147483782 2147483783 2147483903 
2147483662 2147483659 2147483659 2147483702 2147483726 2147483727 2147483788 2147483789 2147483904 2147483702 2147483726 2147483727 2147483788 2147483789 2147483904 
2147483667 2147483671 2147483672 2147483673 2147483674 2147483677 2147483678 2147483683 2147483684 2147483687 2147483695 2147483696 2147483702 2147483703 2147483705 2147483706 2147483707 2147483708 2147483710 2147483711 2147483726 2147483727 2147483791 2147483793 2147483801 2147483802 2147483804 2147483806 2147483810 2147483811 2147483831 2147483833 2147483840 2147483841 2147483843 2147483845 2147483848 2147483907 2147483909 2147483917 2147483921 53 49 52 54 57 127 128 129 130 2147483671 2147483672 2147483673 2147483674 2147483677 2147483678 2147483683 2147483684 2147483687 2147483695 2147483696 2147483702 2147483703 2147483705 2147483706 2147483707 2147483708 2147483710 2147483711 2147483726 2147483727 2147483791 2147483793 2147483801 2147483802 2147483804 2147483806 2147483810 2147483811 2147483831 2147483833 2147483840 2147483841 2147483843 2147483845 2147483848 2147483907 2147483909 2147483917 2147483921 
2147483671 2147483667 2147483667 2147483672 2147483687 2147483702 2147483726 2147483907 2147483672 2147483687 2147483702 2147483726 2147483907 
2147483672 2147483667 2147483671 2147483667 2147483671 2147483687 2147483702 2147483726 2147483907 2147483687 2147483702 2147483726 2147483907 
2147483673 2147483667 2147483667 2147483674 2147483687 2147483702 2147483726 2147483907 2147483674 2147483687 2147483702 2147483726 2147483907 
2147483674 2147483667 2147483673 2147483667 2147483673 2147483687 2147483702 2147483726 2147483907 2147483687 2147483702 2147483726 2147483907 
2147483677 2147483667 2147483667 2147483678 2147483702 2147483726 2147483841 2147483843 2147483845 2147483909 2147483678 2147483702 2147483726 2147483841 2147483843 2147483845 2147483909 
2147483678 2147483667 2147483677 2147483667 2147483677 2147483702 2147483726 2147483909 2147483702 2147483726 2147483909 
2147483683 2147483667 2147483667 2147483684 2147483702 2147483726 2147483684 2147483702 2147483726 
2147483684 2147483667 2147483683 2147483667 2147483683 2147483702 2147483726 2147483702 2147483726 
2147483687 2147483667 2147483671 2147483672 2147483673 2147483674 2147483667 2147483671 2147483672 2147483673 2147483674 2147483702 2147483726 2147483907 2147483702 2147483726 2147483907 
2147483695 2147483667 2147483667 2147483696 2147483702 2147483726 2147483802 2147483804 2147483806 2147483810 2147483917 2147483696 2147483702 2147483726 2147483802 2147483804 2147483806 2147483810 2147483917 
2147483696 2147483667 2147483695 2147483667 2147483695 2147483702 2147483726 2147483810 2147483917 2147483702 2147483726 2147483810 2147483917 
2147483702 2147483659 2147483660 2147483662 2147483667 2147483671 2147483672 2147483673 2147483674 2147483677 2147483678 2147483683 2147483684 2147483687 2147483695 2147483696 2147483659 2147483660 2147483662 2147483667 2147483671 2147483672 2147483673 2147483674 2147483677 2147483678 2147483683 2147483684 2147483687 2147483695 2147483696 2147483703 2147483705 2147483706 2147483707 2147483708 2147483710 2147483711 2147483726 2147483727 2147483763 2147483773 2147483774 2147483776 2147483777 2147483779 2147483780 2147483782 2147483783 2147483788 2147483789 2147483791 2147483793 2147483801 2147483802 2147483804 2147483806 2147483810 2147483811 2147483831 2147483833 2147483840 2147483841 2147483843 2147483845 2147483848 2147483903 2147483904 2147483907 2147483909 2147483917 2147483921 2147483703 2147483705 2147483706 2147483707 2147483708 2147483710 2147483711 2147483726 2147483727 2147483763 2147483773 2147483774 2147483776 2147483777 2147483779 2147483780 2147483782 2147483783 2147483788 2147483789 2147483791 2147483793 2147483801 2147483802 2147483804 2147483806 2147483810 2147483811 2147483831 2147483833 2147483840 2147483841 2147483843 2147483845 2147483848 2147483903 2147483904 2147483907 2147483909 2147483917 2147483921 
2147483703 2147483667 2147483702 2147483667 2147483702 2147483705 2147483706 2147483707 2147483708 2147483726 2147483921 2147483705 2147483706 2147483707 2147483708 2147483726 2147483921 
2147483705 2147483667 2147483702 2147483703 2147483667 2147483702 2147483703 2147483706 2147483726 2147483921 2147483706 2147483726 2147483921 
2147483706 2147483667 2147483702 2147483703 2147483705 2147483667 2147483702 2147483703 2147483705 2147483726 2147483921 2147483726 2147483921 
2147483707 2147483667 2147483702 2147483703 2147483667 2147483702 2147483703 2147483708 2147483726 2147483921 2147483708 2147483726 2147483921 
2147483708 2147483667 2147483702 2147483703 2147483707 2147483667 2147483702 2147483703 2147483707 2147483726 2147483921 2147483726 2147483921 
2147483710 2147483667 2147483702 2147483667 2147483702 2147483711 2147483726 2147483711 2147483726 
2147483711 2147483667 2147483702 2147483710 2147483667 2147483702 2147483710 2147483726 2147483726 
2147483716 2147483717 2147483721 2147483870 2147483880 2147483881 2147483883 2147483884 2147483886 2147483887 2147483889 2147483890 2147483895 2147483896 2147483926 2147483927 2147483717 2147483721 2147483870 2147483880 2147483881 2147483883 2147483884 2147483886 2147483887 2147483889 2147483890 2147483895 2147483896 2147483926 2147483927 
2147483717 2147483716 2147483716 2147483870 2147483880 2147483881 2147483883 2147483884 2147483886 2147483887 2147483889 2147483890 2147483926 2147483870 2147483880 2147483881 2147483883 2147483884 2147483886 2147483887 2147483889 2147483890 2147483926 
2147483721 2147483716 2147483716 2147483895 2147483896 2147483927 2147483895 2147483896 2147483927 
2147483726 2147483649 2147483650 2147483654 2147483659 2147483660 2147483662 2147483667 2147483671 2147483672 2147483673 2147483674 2147483677 2147483678 2147483683 2147483684 2147483687 2147483695 2147483696 2147483702 2147483703 2147483705 2147483706 2147483707 2147483708 2147483710 2147483711 2147483649 2147483650 2147483654 2147483659 2147483660 2147483662 2147483667 2147483671 2147483672 2147483673 2147483674 2147483677 2147483678 2147483683 2147483684 2147483687 2147483695 2147483696 2147483702 2147483703 2147483705 2147483706 2147483707 2147483708 2147483710 2147483711 2147483727 2147483732 2147483742 2147483743 2147483745 2147483746 2147483748 2147483749 2147483751 2147483752 2147483757 2147483758 2147483760 2147483761 2147483763 2147483773 2147483774 2147483776 2147483777 2147483779 2147483780 2147483782 2147483783 2147483788 2147483789 2147483791 2147483793 2147483801 2147483802 2147483804 2147483806 2147483810 2147483811 2147483831 2147483833 2147483840 2147483841 2147483843 2147483845 2147483848 2147483901 2147483902 2147483903 2147483904 2147483907 2147483909 2147483917 2147483921 53 49 52 54 57 127 128 129 130 2147483727 2147483732 2147483742 2147483743 2147483745 2147483746 2147483748 2147483749 2147483751 2147483752 2147483757 2147483758 2147483760 2147483761 2147483763 2147483773 2147483774 2147483776 2147483777 2147483779 2147483780 2147483782 2147483783 2147483788 2147483789 2147483791 2147483793 2147483801 2147483802 2147483804 2147483806 2147483810 2147483811 2147483831 2147483833 2147483840 2147483841 2147483843 2147483845 2147483848 2147483901 2147483902 2147483903 2147483904 2147483907 2147483909 2147483917 2147483921 
2147483727 2147483649 2147483650 2147483654 2147483659 2147483660 2147483662 2147483667 2147483702 2147483726 2147483649 2147483650 2147483654 2147483659 2147483660 2147483662 2147483667 2147483702 2147483726 2147483732 2147483742 2147483743 2147483745 2147483746 2147483748 2147483749 2147483751 2147483752 2147483757 2147483758 2147483760 2147483761 2147483763 2147483773 2147483774 2147483776 2147483777 2147483779 2147483780 2147483782 2147483783 2147483788 2147483789 2147483901 2147483902 2147483903 2147483904 32 22 25 27 26 263 264 265 266 2147483732 2147483742 2147483743 2147483745 2147483746 2147483748 2147483749 2147483751 2147483752 2147483757 2147483758 2147483760 2147483761 2147483763 2147483773 2147483774 2147483776 2147483777 2147483779 2147483780 2147483782 2147483783 2147483788 2147483789 2147483901 2147483902 2147483903 2147483904 
2147483732 2147483649 2147483650 2147483726 2147483727 2147483649 2147483650 2147483726 2147483727 
2147483742 2147483649 2147483650 2147483726 2147483727 2147483649 2147483650 2147483726 2147483727 2147483743 2147483901 2147483743 2147483901 
2147483743 2147483649 2147483650 2147483726 2147483727 2147483742 2147483649 2147483650 2147483726 2147483727 2147483742 2147483901 2147483901 
2147483745 2147483649 2147483650 2147483726 2147483727 2147483649 2147483650 2147483726 2147483727 2147483746 2147483901 2147483746 2147483901 
2147483746 2147483649 2147483650 2147483726 2147483727 2147483745 2147483649 2147483650 2147483726 2147483727 2147483745 2147483901 2147483901 
2147483748 2147483649 2147483650 2147483726 2147483727 2147483649 2147483650 2147483726 2147483727 2147483749 2147483901 2147483749 2147483901 
2147483749 2147483649 2147483650 2147483726 2147483727 2147483748 2147483649 2147483650 2147483726 2147483727 2147483748 2147483901 2147483901 
2147483751 2147483649 2147483650 2147483726 2147483727 2147483649 2147483650 2147483726 2147483727 2147483752 2147483901 2147483752 2147483901 
2147483752 2147483649 2147483650 2147483726 2147483727 2147483751 2147483649 2147483650 2147483726 2147483727 2147483751 2147483901 2147483901 
2147483757 2147483649 2147483654 2147483726 2147483727 2147483649 2147483654 2147483726 2147483727 2147483758 2147483902 2147483758 2147483902 
2147483758 2147483649 2147483654 2147483726 2147483727 2147483757 2147483649 2147483654 2147483726 2147483727 2147483757 2147483902 2147483902 
2147483760 2147483726 2147483727 2147483726 2147483727 2147483761 2147483761 
2147483761 2147483726 2147483727 2147483760 2147483726 2147483727 2147483760 53 
2147483763 2147483659 2147483702 2147483726 2147483727 2147483659 2147483702 2147483726 2147483727 
2147483773 2147483659 2147483660 2147483702 2147483726 2147483727 2147483659 2147483660 2147483702 2147483726 2147483727 2147483774 2147483903 2147483774 2147483903 
2147483774 2147483659 2147483660 2147483702 2147483726 2147483727 2147483773 2147483659 2147483660 2147483702 2147483726 2147483727 2147483773 2147483903 2147483903 
2147483776 2147483659 2147483660 2147483702 2147483726 2147483727 2147483659 2147483660 2147483702 2147483726 2147483727 2147483777 2147483903 2147483777 2147483903 
2147483777 2147483659 2147483660 2147483702 2147483726 2147483727 2147483776 2147483659 2147483660 2147483702 2147483726 2147483727 2147483776 2147483903 2147483903 
2147483779 2147483659 2147483660 2147483702 2147483726 2147483727 2147483659 2147483660 2147483702 2147483726 2147483727 2147483780 2147483903 2147483780 2147483903 
2147483780 2147483659 2147483660 2147483702 2147483726 2147483727 2147483779 2147483659 2147483660 2147483702 2147483726 2147483727 2147483779 2147483903 2147483903 
2147483782 2147483659 2147483660 2147483702 2147483726 2147483727 2147483659 2147483660 2147483702 2147483726 2147483727 2147483783 2147483903 2147483783 2147483903 
2147483783 2147483659 2147483660 2147483702 2147483726 2147483727 2147483782 2147483659 2147483660 2147483702 2147483726 2147483727 2147483782 2147483903 2147483903 
2147483788 2147483659 2147483662 2147483702 2147483726 2147483727 2147483659 2147483662 2147483702 2147483726 2147483727 2147483789 2147483904 2147483789 2147483904 
2147483789 2147483659 2147483662 2147483702 2147483726 2147483727 2147483788 2147483659 2147483662 2147483702 2147483726 2147483727 2147483788 2147483904 2147483904 
2147483791 2147483667 2147483702 2147483726 2147483667 2147483702 2147483726 
2147483793 2147483667 2147483702 2147483726 2147483667 2147483702 2147483726 
2147483801 2147483667 2147483702 2147483726 2147483667 2147483702 2147483726 2147483810 2147483917 2147483810 2147483917 
2147483802 2147483667 2147483695 2147483702 2147483726 2147483667 2147483695 2147483702 2147483726 2147483804 2147483806 2147483810 2147483917 2147483804 2147483806 2147483810 2147483917 
2147483804 2147483667 2147483695 2147483702 2147483726 2147483802 2147483667 2147483695 2147483702 2147483726 2147483802 2147483810 2147483917 2147483810 2147483917 
2147483806 2147483667 2147483695 2147483702 2147483726 2147483802 2147483667 2147483695 2147483702 2147483726 2147483802 2147483810 2147483917 2147483810 2147483917 
2147483810 2147483667 2147483695 2147483696 2147483702 2147483726 2147483801 2147483802 2147483804 2147483806 2147483667 2147483695 2147483696 2147483702 2147483726 2147483801 2147483802 2147483804 2147483806 2147483811 2147483917 2147483811 2147483917 
2147483811 2147483667 2147483702 2147483726 2147483810 2147483667 2147483702 2147483726 2147483810 2147483917 2147483917 
2147483831 2147483667 2147483702 2147483726 2147483667 2147483702 2147483726 
2147483833 2147483667 2147483702 2147483726 2147483667 2147483702 2147483726 
2147483840 2147483667 2147483702 2147483726 2147483667 2147483702 2147483726 2147483909 2147483909 
2147483841 2147483667 2147483677 2147483702 2147483726 2147483667 2147483677 2147483702 2147483726 2147483843 2147483845 2147483909 2147483843 2147483845 2147483909 
2147483843 2147483667 2147483677 2147483702 2147483726 2147483841 2147483667 2147483677 2147483702 2147483726 2147483841 2147483909 2147483909 
2147483845 2147483667 2147483677 2147483702 2147483726 2147483841 2147483667 2147483677 2147483702 2147483726 2147483841 2147483909 2147483909 
2147483848 2147483667 2147483702 2147483726 2147483667 2147483702 2147483726 2147483909 2147483909 
2147483870 2147483716 2147483717 2147483716 2147483717 
2147483880 2147483716 2147483717 2147483716 2147483717 2147483881 2147483926 2147483881 2147483926 
2147483881 2147483716 2147483717 2147483880 2147483716 2147483717 2147483880 2147483926 2147483926 
2147483883 2147483716 2147483717 2147483716 2147483717 2147483884 2147483926 2147483884 2147483926 
2147483884 2147483716 2147483717 2147483883 2147483716 2147483717 2147483883 2147483926 2147483926 
2147483886 2147483716 2147483717 2147483716 2147483717 2147483887 2147483926 2147483887 2147483926 
2147483887 2147483716 2147483717 2147483886 2147483716 2147483717 2147483886 2147483926 2147483926 
2147483889 2147483716 2147483717 2147483716 2147483717 2147483890 2147483926 2147483890 2147483926 
2147483890 2147483716 2147483717 2147483889 2147483716 2147483717 2147483889 2147483926 2147483926 
2147483895 2147483716 2147483721 2147483716 2147483721 2147483896 2147483927 2147483896 2147483927 
2147483896 2147483716 2147483721 2147483895 2147483716 2147483721 2147483895 2147483927 2147483927 
2147483898 2147483899 2147483899 
2147483899 2147483898 2147483898 53 
2147483901 2147483649 2147483650 2147483726 2147483727 2147483742 2147483743 2147483745 2147483746 2147483748 2147483749 2147483751 2147483752 2147483649 2147483650 2147483726 2147483727 2147483742 2147483743 2147483745 2147483746 2147483748 2147483749 2147483751 2147483752 
2147483902 2147483649 2147483654 2147483726 2147483727 2147483757 2147483758 2147483649 2147483654 2147483726 2147483727 2147483757 2147483758 
2147483903 2147483659 2147483660 2147483702 2147483726 2147483727 2147483773 2147483774 2147483776 2147483777 2147483779 2147483780 2147483782 2147483783 2147483659 2147483660 2147483702 2147483726 2147483727 2147483773 2147483774 2147483776 2147483777 2147483779 2147483780 2147483782 2147483783 
2147483904 2147483659 2147483662 2147483702 2147483726 2147483727 2147483788 2147483789 2147483659 2147483662 2147483702 2147483726 2147483727 2147483788 2147483789 
2147483907 2147483667 2147483671 2147483672 2147483673 2147483674 2147483687 2147483702 2147483726 2147483667 2147483671 2147483672 2147483673 2147483674 2147483687 2147483702 2147483726 
2147483909 2147483667 2147483677 2147483678 2147483702 2147483726 2147483840 2147483841 2147483843 2147483845 2147483848 2147483667 2147483677 2147483678 2147483702 2147483726 2147483840 2147483841 2147483843 2147483845 2147483848 
2147483917 2147483667 2147483695 2147483696 2147483702 2147483726 2147483801 2147483802 2147483804 2147483806 2147483810 2147483811 2147483667 2147483695 2147483696 2147483702 2147483726 2147483801 2147483802 2147483804 2147483806 2147483810 2147483811 
2147483921 2147483667 2147483702 2147483703 2147483705 2147483706 2147483707 2147483708 2147483726 2147483667 2147483702 2147483703 2147483705 2147483706 2147483707 2147483708 2147483726 
2147483926 2147483716 2147483717 2147483880 2147483881 2147483883 2147483884 2147483886 2147483887 2147483889 2147483890 2147483716 2147483717 2147483880 2147483881 2147483883 2147483884 2147483886 2147483887 2147483889 2147483890 
2147483927 2147483716 2147483721 2147483895 2147483896 2147483716 2147483721 2147483895 2147483896 
