22,1,22,-1,0,1,0,0,0,
23,1,23,-1,0,1,0,0,0,
24,1,24,-1,0,1,0,0,0,
25,1,25,-1,0,1,0,0,0,
26,1,26,-1,0,1,0,0,0,
27,1,27,-1,0,1,0,0,0,
32,1,32,-1,0,1,0,0,0,
49,1,49,-1,0,1,0,0,0,
50,1,50,-1,0,1,0,0,0,
51,1,51,-1,0,1,0,0,0,
52,1,52,-1,0,1,0,0,0,
53,1,53,-1,0,1,0,0,0,
54,1,54,-1,0,1,0,0,0,
57,1,57,-1,0,1,0,0,0,
127,1,127,-1,0,1,0,0,0,
128,1,128,-1,0,1,0,0,0,
129,1,129,-1,0,1,0,0,0,
130,1,130,-1,0,1,0,0,0,
131,1,131,-1,0,1,0,0,0,
132,1,132,-1,0,1,0,0,0,
133,1,133,-1,0,1,0,0,0,
134,1,134,-1,0,1,0,0,0,
263,1,263,-1,0,1,0,0,0,
264,1,264,-1,0,1,0,0,0,
265,1,265,-1,0,1,0,0,0,
266,1,266,-1,0,1,0,0,0,
267,1,267,-1,0,1,0,0,0,
268,1,268,-1,0,1,0,0,0,
269,1,269,-1,0,1,0,0,0,
270,1,270,-1,0,1,0,0,0,
2147483648,0,0,0.00262503,1,0,1,0,0,51 133 134 131 132 50
2147483655,0,0,0.00694893,3,0,1,0,255,51 133 134 131 132 50
2147483662,0,0,0.0010203,1,0,1,0,0,57 49 52 54 127 128 129 130 51 133 134 131 132 50
2147483670,0,0,0.0171393,2,0,1,0,0,25 22 263 264 265 266 24 23 269 270 267 268
2147483671,0,0,0.0332399,3,0,1,0,0,54 49 52 127 128 129 130 51 133 134 131 132 50
2147483674,0,0,0.0320702,2,0,1,0,0,51 133 134 131 132 50
2147483675,0,0,0.0516086,2,0,1,0,0,53 49 52 54 57 127 128 129 130 51 133 134 131 132 50
2147483680,0,0,0.0756879,2,0,1,0,0,49 52 54 57 53 127 128 129 130 51 133 134 131 132 50
2147483681,0,0,0.0357761,2,0,1,0,0,54 49 52 127 128 129 130 51 133 134 131 132 50
2147483682,0,0,0.0547241,2,0,1,0,0,52 49 127 128 129 130 51 133 134 131 132 50
2147483696,0,0,0.00710139,2,0,1,0,0,51 133 134 131 132 50
2147483701,0,0,0.00257353,1,0,1,0,0,49 52 54 57 53 127 128 129 130 51 133 134 131 132 50
2147483703,0,0,0.00211057,1,0,1,0,0,49 52 54 57 53 127 128 129 130 51 133 134 131 132 50
2147483707,0,0,inf,1,0,1,0,0,49 52 54 57 53 127 128 129 130 51 133 134 131 132 50
2147483710,0,0,inf,1,0,1,0,0,49 52 54 57 53 127 128 129 130 51 133 134 131 132 50
2147483711,0,0,0.00140704,1,0,1,0,0,49 52 54 57 53 127 128 129 130 51 133 134 131 132 50
2147483712,0,0,0.00173611,2,0,1,0,0,49 52 54 57 53 127 128 129 130 51 133 134 131 132 50
2147483713,0,0,0.00269075,3,0,1,0,0,22 25 27 32 26 263 264 265 266 24 23 269 270 267 268
2147483714,0,0,0.000680828,1,0,1,0,0,49 52 54 57 53 127 128 129 130 51 133 134 131 132 50
2147483716,0,0,inf,1,0,1,0,0,22 25 27 32 26 263 264 265 266 24 23 269 270 267 268
2147483721,0,0,inf,1,0,1,0,0,49 52 54 57 53 127 128 129 130 51 133 134 131 132 50
2147483726,0,0,0.00849349,1,0,1,0,0,54 49 52 127 128 129 130 51 133 134 131 132 50
2147483743,0,0,0.0309049,1,0,1,0,0,263 22 264 265 266 24 23 269 270 267 268
2147483749,0,0,0.0562756,3,0,1,0,0,32 22 25 27 263 264 265 266 24 23 269 270 267 268
2147483757,0,0,0.00140704,1,0,1,0,0,49 52 54 57 53 127 128 129 130 51 133 134 131 132 50
2147483758,0,0,0.00140704,1,0,1,0,0,49 52 54 57 53 127 128 129 130 51 133 134 131 132 50
2147483759,0,0,inf,1,0,1,0,0,49 52 54 57 53 127 128 129 130 51 133 134 131 132 50
2147483762,0,0,0.00140704,1,0,1,0,0,49 52 54 57 53 127 128 129 130 51 133 134 131 132 50
2147483763,0,0,0.00140704,1,0,1,0,0,49 52 54 57 53 127 128 129 130 51 133 134 131 132 50
2147483764,0,0,inf,1,0,1,0,0,49 52 54 57 53 127 128 129 130 51 133 134 131 132 50
2147483770,0,0,0.028799,1,0,1,0,0,49 129 130 51 133 134 131 132 50
2147483771,0,0,0.000246553,3,0,1,0,0,24 23 269 270 267 268
2147483772,0,0,0.000229257,3,0,1,0,0,51 133 134 131 132 50
2147483773,0,0,0.0263754,4,0,1,0,0,51 133 134 131 132 50
2147483774,0,0,0.0766661,5,0,1,0,0,49 52 54 57 53 127 128 129 130 51 133 134 131 132 50
2147483775,0,0,0.00245712,4,0,1,0,0,49 52 54 57 53 127 128 129 130 51 133 134 131 132 50
2147483776,0,0,0.00223659,3,0,1,0,0,49 52 54 57 53 127 128 129 130 51 133 134 131 132 50
2147483777,0,0,0.0374854,3,0,1,0,0,51 133 134 131 132 50
2147483778,0,0,0.0305431,3,0,1,0,0,51 133 134 131 132 50
2147483780,0,0,0.0448625,7,0,1,0,0,51 133 134 131 132 50
2147483781,0,0,0.0507462,3,0,1,0,0,49 52 54 57 53 127 128 129 130 51 133 134 131 132 50
2147483782,0,0,0.00190133,3,0,1,0,0,49 52 54 57 53 127 128 129 130 51 133 134 131 132 50
2147483783,0,0,0.00388274,4,0,1,0,0,22 25 27 32 26 263 264 265 266 24 23 269 270 267 268
2147483784,0,0,0.00190133,3,0,1,0,0,49 52 54 57 53 127 128 129 130 51 133 134 131 132 50
