22 2147483682 
23 
24 
25 2147483682 
26 2147483682 
27 2147483682 
32 2147483682 
49 2147483650 2147483674 2147483676 2147483679 2147483683 
50 
51 
52 2147483650 2147483674 2147483676 2147483679 2147483683 
53 2147483650 2147483669 2147483674 2147483676 2147483678 2147483679 2147483683 
54 2147483650 2147483674 2147483676 2147483679 2147483683 
57 2147483650 2147483674 2147483676 2147483679 2147483683 
127 2147483650 2147483674 2147483676 2147483679 2147483683 
128 2147483650 2147483674 2147483676 2147483679 2147483683 
129 2147483650 2147483674 2147483676 2147483679 2147483683 
130 2147483650 2147483674 2147483676 2147483679 2147483683 
131 
132 
133 
134 
263 2147483682 
264 2147483682 
265 2147483682 
266 2147483682 
267 
268 
269 
270 
2147483650 2147483664 2147483665 2147483682 57 49 52 54 53 127 128 129 130 2147483664 2147483665 2147483682 
2147483658 2147483683 2147483683 
2147483663 
2147483664 2147483650 2147483650 2147483682 2147483682 
2147483665 2147483650 2147483650 2147483682 2147483682 
2147483668 2147483682 2147483682 
2147483669 2147483682 53 2147483682 
2147483671 2147483682 2147483682 
2147483674 49 53 52 54 57 127 128 129 130 
2147483676 2147483677 2147483678 2147483683 49 53 52 54 57 127 128 129 130 2147483677 2147483678 2147483683 
2147483677 2147483676 2147483676 2147483683 2147483683 
2147483678 2147483676 2147483676 2147483683 53 2147483683 
2147483679 2147483683 49 53 52 54 57 127 128 129 130 2147483683 
2147483682 2147483650 2147483664 2147483665 2147483668 2147483669 2147483671 2147483650 2147483664 2147483665 2147483668 2147483669 2147483671 32 22 25 27 26 263 264 265 266 
2147483683 2147483658 2147483676 2147483677 2147483678 2147483679 2147483658 2147483676 2147483677 2147483678 2147483679 49 54 52 57 53 127 128 129 130 
