49,1,49,-1,0,1,0,0,0,
50,1,50,-1,0,1,0,0,0,
51,1,51,-1,0,1,0,0,255,
52,1,52,-1,0,1,0,0,0,
53,1,53,-1,0,1,0,0,0,
54,1,54,-1,0,1,0,0,0,
57,1,57,-1,0,1,0,0,0,
127,1,127,-1,0,1,0,0,0,
128,1,128,-1,0,1,0,0,0,
129,1,129,-1,0,1,0,0,0,
130,1,130,-1,0,1,0,0,0,
131,1,131,-1,0,1,0,0,0,
132,1,132,-1,0,1,0,0,0,
133,1,133,-1,0,1,0,0,0,
134,1,134,-1,0,1,0,0,0,
2147483649,0,0,0.00544872,2,0,1,0,0,49 52 54 57 53 127 128 129 130 51 133 134 131 132 50
2147483653,0,0,0.000401857,1,0,1,0,0,51 133 134 131 132 50
2147483654,0,0,0.00028424,1,0,1,0,0,51 133 134 131 132 50
2147483655,0,0,0.000360428,1,0,1,0,0,51 133 134 131 132 50
2147483660,0,0,0.000978914,4,0,1,0,0,51 133 134 131 132 50
2147483661,0,0,0.00104285,4,0,1,0,0,51 133 134 131 132 50
2147483662,0,0,0.00273892,4,0,1,0,0,52 49 127 128 129 130 51 133 134 131 132 50
2147483663,0,0,0.00259486,4,0,1,0,0,51 133 134 131 132 50
2147483664,0,0,0.00193233,4,0,1,0,0,51 133 134 131 132 50
2147483668,0,0,0.000751861,1,0,1,0,0,49 52 127 128 129 130 51 133 134 131 132 50
2147483676,0,0,0.000728365,1,0,1,0,0,49 52 127 128 129 130 51 133 134 131 132 50
2147483679,0,0,0.000863248,1,0,1,0,0,49 53 52 54 57 127 128 129 130 51 133 134 131 132 50
2147483682,0,0,0.000803714,1,0,1,0,0,49 54 52 127 128 129 130 51 133 134 131 132 50
2147483683,0,0,0.000776923,1,0,1,0,0,49 52 127 128 129 130 51 133 134 131 132 50
2147483684,0,0,0.000863248,1,0,1,0,0,49 53 52 54 57 127 128 129 130 51 133 134 131 132 50
2147483687,0,0,0.000776923,1,0,1,0,0,49 52 127 128 129 130 51 133 134 131 132 50
2147483689,0,0,0.000747041,1,0,1,0,0,51 133 134 131 132 50
2147483691,0,0,0.000971154,1,0,1,0,0,49 54 52 127 128 129 130 51 133 134 131 132 50
2147483693,0,0,0.000910457,1,0,1,0,0,49 52 127 128 129 130 51 133 134 131 132 50
2147483697,0,0,0.00150372,1,0,1,0,0,49 52 127 128 129 130 51 133 134 131 132 50
2147483699,0,0,0.00145673,1,0,1,0,0,49 52 127 128 129 130 51 133 134 131 132 50
2147483703,0,0,0.000486268,3,0,1,0,0,51 133 134 131 132 50
2147483704,0,0,0.00298637,5,0,1,0,0,53 49 52 54 57 127 128 129 130 51 133 134 131 132 50
