22 2147483648 2147483655 2147483677 2147483684 
23 
24 
25 2147483648 2147483655 2147483677 2147483684 
26 2147483648 2147483655 2147483677 2147483684 
27 2147483648 2147483655 2147483677 2147483684 
32 2147483648 2147483655 2147483677 2147483684 
49 2147483654 2147483656 2147483747 
50 
51 
52 2147483654 2147483656 2147483747 
53 2147483654 2147483656 2147483689 2147483690 2147483699 2147483704 2147483716 2147483721 2147483728 2147483733 2147483743 2147483747 
54 2147483654 2147483656 2147483690 2147483699 2147483704 2147483716 2147483721 2147483728 2147483733 2147483747 
57 2147483654 2147483656 2147483690 2147483699 2147483704 2147483716 2147483721 2147483728 2147483733 2147483747 
127 2147483654 2147483656 2147483747 
128 2147483654 2147483656 2147483747 
129 2147483654 2147483656 2147483747 
130 2147483654 2147483656 2147483747 
131 
132 
133 
134 
263 2147483648 2147483655 2147483677 2147483684 
264 2147483648 2147483655 2147483677 2147483684 
265 2147483648 2147483655 2147483677 2147483684 
266 2147483648 2147483655 2147483677 2147483684 
267 
268 
269 
270 
2147483648 2147483655 2147483656 22 25 27 32 26 263 264 265 266 2147483655 2147483656 
2147483654 2147483655 2147483728 2147483733 49 54 127 52 57 53 128 129 130 2147483655 2147483728 2147483733 
2147483655 2147483648 2147483654 2147483648 2147483654 2147483656 2147483672 2147483673 2147483677 2147483680 2147483682 2147483684 2147483689 2147483690 2147483699 2147483704 2147483712 2147483716 2147483721 2147483728 2147483733 2147483738 2147483740 2147483742 2147483743 2147483747 26 32 22 25 27 263 264 265 266 2147483656 2147483672 2147483673 2147483677 2147483680 2147483682 2147483684 2147483689 2147483690 2147483699 2147483704 2147483712 2147483716 2147483721 2147483728 2147483733 2147483738 2147483740 2147483742 2147483743 2147483747 
2147483656 2147483648 2147483655 2147483648 2147483655 2147483672 2147483673 2147483677 2147483680 2147483682 2147483684 57 54 49 52 53 127 128 129 130 2147483672 2147483673 2147483677 2147483680 2147483682 2147483684 
2147483672 2147483655 2147483656 2147483655 2147483656 2147483673 2147483677 2147483680 2147483682 2147483673 2147483677 2147483680 2147483682 
2147483673 2147483655 2147483656 2147483672 2147483655 2147483656 2147483672 2147483677 2147483680 2147483682 2147483677 2147483680 2147483682 
2147483677 2147483655 2147483656 2147483672 2147483673 2147483655 2147483656 2147483672 2147483673 2147483680 2147483682 2147483684 2147483747 22 25 27 32 26 263 264 265 266 2147483680 2147483682 2147483684 2147483747 
2147483680 2147483655 2147483656 2147483672 2147483673 2147483677 2147483655 2147483656 2147483672 2147483673 2147483677 2147483682 2147483682 
2147483682 2147483655 2147483656 2147483672 2147483673 2147483677 2147483680 2147483655 2147483656 2147483672 2147483673 2147483677 2147483680 
2147483684 2147483655 2147483656 2147483677 2147483655 2147483656 2147483677 2147483747 22 25 27 32 26 263 264 265 266 2147483747 
2147483689 2147483655 2147483655 2147483747 53 2147483747 
2147483690 2147483655 2147483655 2147483747 54 57 53 2147483747 
2147483696 
2147483699 2147483655 2147483655 2147483747 54 57 53 2147483747 
2147483704 2147483655 2147483655 2147483747 54 57 53 2147483747 
2147483712 2147483655 2147483655 2147483747 2147483747 
2147483716 2147483655 2147483655 2147483747 54 57 53 2147483747 
2147483721 2147483655 2147483655 2147483747 54 57 53 2147483747 
2147483728 2147483654 2147483655 2147483654 2147483655 54 57 53 
2147483733 2147483654 2147483655 2147483654 2147483655 54 57 53 
2147483736 
2147483738 2147483655 2147483655 2147483740 2147483740 
2147483740 2147483655 2147483738 2147483655 2147483738 2147483742 2147483742 
2147483742 2147483655 2147483740 2147483655 2147483740 
2147483743 2147483655 2147483655 53 
2147483747 2147483655 2147483677 2147483684 2147483689 2147483690 2147483699 2147483704 2147483712 2147483716 2147483721 2147483655 2147483677 2147483684 2147483689 2147483690 2147483699 2147483704 2147483712 2147483716 2147483721 54 49 127 53 57 52 128 129 130 
