22 
23 
24 
25 
26 
27 
32 
49 
50 
51 
52 
53 2147483720 
54 
57 2147483720 
127 
128 
129 
130 
131 
132 
133 
134 
263 
264 
265 
266 
267 
268 
269 
270 
2147483648 2147483677 2147483678 2147483681 2147483683 2147483684 2147483734 2147483677 2147483678 2147483681 2147483683 2147483684 2147483734 
2147483653 2147483677 2147483683 2147483692 2147483695 2147483698 2147483734 2147483677 2147483683 2147483692 2147483695 2147483698 2147483734 
2147483658 2147483702 2147483704 2147483705 2147483706 2147483734 2147483735 2147483702 2147483704 2147483705 2147483706 2147483734 2147483735 
2147483664 2147483735 2147483735 
2147483677 2147483648 2147483653 2147483648 2147483653 2147483678 2147483681 2147483683 2147483684 2147483692 2147483695 2147483698 2147483734 2147483678 2147483681 2147483683 2147483684 2147483692 2147483695 2147483698 2147483734 
2147483678 2147483648 2147483677 2147483648 2147483677 2147483683 2147483734 2147483683 2147483734 
2147483681 2147483648 2147483677 2147483648 2147483677 2147483683 2147483684 2147483734 2147483683 2147483684 2147483734 
2147483683 2147483648 2147483653 2147483677 2147483678 2147483681 2147483648 2147483653 2147483677 2147483678 2147483681 2147483684 2147483692 2147483695 2147483698 2147483734 2147483684 2147483692 2147483695 2147483698 2147483734 
2147483684 2147483648 2147483677 2147483681 2147483683 2147483648 2147483677 2147483681 2147483683 2147483734 2147483734 
2147483692 2147483653 2147483677 2147483683 2147483653 2147483677 2147483683 2147483734 2147483734 
2147483695 2147483653 2147483677 2147483683 2147483653 2147483677 2147483683 2147483698 2147483734 2147483698 2147483734 
2147483698 2147483653 2147483677 2147483683 2147483695 2147483653 2147483677 2147483683 2147483695 2147483734 2147483734 
2147483702 2147483658 2147483658 2147483734 2147483734 
2147483704 2147483658 2147483658 2147483705 2147483734 2147483735 2147483705 2147483734 2147483735 
2147483705 2147483658 2147483704 2147483658 2147483704 2147483734 2147483734 
2147483706 2147483658 2147483658 2147483734 2147483735 2147483734 2147483735 
2147483707 2147483734 2147483734 
2147483708 2147483709 2147483735 2147483709 2147483735 
2147483709 2147483708 2147483708 2147483735 2147483735 
2147483712 2147483715 2147483719 2147483735 2147483715 2147483719 2147483735 
2147483715 2147483712 2147483712 2147483717 2147483719 2147483717 2147483719 
2147483717 2147483715 2147483715 2147483719 2147483720 2147483719 2147483720 
2147483719 2147483712 2147483715 2147483717 2147483712 2147483715 2147483717 2147483735 2147483735 
2147483720 2147483717 2147483717 57 53 
2147483734 2147483648 2147483653 2147483658 2147483677 2147483678 2147483681 2147483683 2147483684 2147483692 2147483695 2147483698 2147483702 2147483704 2147483705 2147483706 2147483707 2147483648 2147483653 2147483658 2147483677 2147483678 2147483681 2147483683 2147483684 2147483692 2147483695 2147483698 2147483702 2147483704 2147483705 2147483706 2147483707 2147483735 2147483735 
2147483735 2147483658 2147483664 2147483704 2147483706 2147483708 2147483709 2147483712 2147483719 2147483734 2147483658 2147483664 2147483704 2147483706 2147483708 2147483709 2147483712 2147483719 2147483734 
