49 2147483649 2147483650 2147483652 2147483653 2147483654 2147483660 2147483662 2147483663 2147483672 
50 
51 
52 2147483649 2147483650 2147483652 2147483653 2147483654 2147483660 2147483662 2147483663 2147483665 2147483672 
53 2147483649 2147483650 2147483651 2147483652 2147483653 2147483654 2147483657 2147483660 2147483662 2147483663 2147483665 2147483668 2147483672 
54 2147483649 2147483650 2147483652 2147483653 2147483654 2147483657 2147483660 2147483662 2147483663 2147483665 2147483672 
57 2147483649 2147483650 2147483651 2147483652 2147483653 2147483654 2147483657 2147483660 2147483662 2147483663 2147483665 2147483668 2147483672 
127 2147483649 2147483650 2147483652 2147483653 2147483654 2147483660 2147483662 2147483663 2147483672 
128 2147483649 2147483650 2147483652 2147483653 2147483654 2147483660 2147483662 2147483663 2147483672 
129 2147483649 2147483650 2147483652 2147483653 2147483654 2147483660 2147483662 2147483663 2147483672 
130 2147483649 2147483650 2147483652 2147483653 2147483654 2147483660 2147483662 2147483663 2147483672 
131 
132 
133 
134 
2147483649 2147483650 2147483651 2147483652 2147483653 57 49 52 54 53 127 128 129 130 2147483650 2147483651 2147483652 2147483653 
2147483650 2147483649 2147483649 2147483651 2147483652 2147483653 2147483654 2147483657 54 49 52 57 53 127 128 129 130 2147483651 2147483652 2147483653 2147483654 2147483657 
2147483651 2147483649 2147483650 2147483649 2147483650 2147483652 2147483653 2147483654 57 53 2147483652 2147483653 2147483654 
2147483652 2147483649 2147483650 2147483651 2147483649 2147483650 2147483651 2147483653 2147483654 2147483657 2147483660 54 49 52 57 53 127 128 129 130 2147483653 2147483654 2147483657 2147483660 
2147483653 2147483649 2147483650 2147483651 2147483652 2147483649 2147483650 2147483651 2147483652 2147483654 2147483657 2147483660 2147483662 54 49 52 57 53 127 128 129 130 2147483654 2147483657 2147483660 2147483662 
2147483654 2147483650 2147483651 2147483652 2147483653 2147483650 2147483651 2147483652 2147483653 2147483657 2147483660 2147483662 2147483663 54 49 52 57 53 127 128 129 130 2147483657 2147483660 2147483662 2147483663 
2147483657 2147483650 2147483652 2147483653 2147483654 2147483650 2147483652 2147483653 2147483654 54 57 53 
2147483660 2147483652 2147483653 2147483654 2147483652 2147483653 2147483654 2147483662 2147483663 2147483665 49 57 52 54 53 127 128 129 130 2147483662 2147483663 2147483665 
2147483662 2147483653 2147483654 2147483660 2147483653 2147483654 2147483660 2147483663 2147483665 49 54 52 57 53 127 128 129 130 2147483663 2147483665 
2147483663 2147483654 2147483660 2147483662 2147483654 2147483660 2147483662 2147483665 49 52 54 57 53 127 128 129 130 2147483665 
2147483665 2147483660 2147483662 2147483663 2147483660 2147483662 2147483663 52 54 57 53 
2147483668 57 53 
2147483670 
2147483672 49 52 54 57 53 127 128 129 130 
