49 2147483648 2147483649 2147483652 2147483654 2147483665 2147483668 2147483670 
50 
51 
52 2147483648 2147483649 2147483652 2147483654 2147483665 2147483668 2147483670 
53 2147483648 2147483649 2147483652 2147483654 2147483657 2147483660 2147483665 2147483667 2147483668 2147483670 
54 2147483648 2147483649 2147483652 2147483654 2147483660 2147483665 2147483668 2147483670 
57 2147483648 2147483649 2147483652 2147483654 2147483657 2147483660 2147483665 2147483667 2147483668 2147483670 
127 2147483648 2147483649 2147483652 2147483654 2147483665 2147483668 2147483670 
128 2147483648 2147483649 2147483652 2147483654 2147483665 2147483668 2147483670 
129 2147483648 2147483649 2147483652 2147483654 2147483665 2147483668 2147483670 
130 2147483648 2147483649 2147483652 2147483654 2147483665 2147483668 2147483670 
131 
132 
133 
134 
2147483648 2147483649 2147483652 2147483654 2147483657 2147483660 2147483662 2147483665 53 49 52 54 57 127 128 129 130 2147483649 2147483652 2147483654 2147483657 2147483660 2147483662 2147483665 
2147483649 2147483648 2147483648 2147483652 2147483654 57 49 52 54 53 127 128 129 130 2147483652 2147483654 
2147483652 2147483648 2147483649 2147483648 2147483649 2147483654 2147483657 2147483660 2147483662 2147483665 49 52 54 57 53 127 128 129 130 2147483654 2147483657 2147483660 2147483662 2147483665 
2147483654 2147483648 2147483649 2147483652 2147483648 2147483649 2147483652 2147483657 2147483660 2147483662 49 54 57 52 53 127 128 129 130 2147483657 2147483660 2147483662 
2147483657 2147483648 2147483652 2147483654 2147483648 2147483652 2147483654 57 53 
2147483660 2147483648 2147483652 2147483654 2147483648 2147483652 2147483654 54 57 53 
2147483662 2147483648 2147483652 2147483654 2147483648 2147483652 2147483654 
2147483665 2147483648 2147483652 2147483648 2147483652 49 52 54 57 53 127 128 129 130 
2147483667 57 53 
2147483668 49 53 52 54 57 127 128 129 130 
2147483670 49 52 54 57 53 127 128 129 130 
