49,1,49,-1,0,1,0,0,0,
50,1,50,-1,0,1,0,0,0,
51,1,51,-1,0,1,0,0,0,
52,1,52,-1,0,1,0,0,0,
53,1,53,-1,0,1,0,0,0,
54,1,54,-1,0,1,0,0,0,
57,1,57,-1,0,1,0,0,0,
127,1,127,-1,0,1,0,0,0,
128,1,128,-1,0,1,0,0,0,
129,1,129,-1,0,1,0,0,0,
130,1,130,-1,0,1,0,0,0,
131,1,131,-1,0,1,0,0,0,
132,1,132,-1,0,1,0,0,0,
133,1,133,-1,0,1,0,0,0,
134,1,134,-1,0,1,0,0,0,
2147483649,0,0,0.0144286,1,0,1,0,0,51 133 134 131 132 50
2147483650,0,0,0.00138736,1,0,1,0,255,51 133 134 131 132 50
2147483651,0,0,0.00130155,1,0,1,0,0,51 133 134 131 132 50
2147483652,0,0,0.00122573,1,0,1,0,0,51 133 134 131 132 50
2147483653,0,0,0.00157812,1,0,1,0,255,51 133 134 131 132 50
2147483654,0,0,0.00323718,1,0,1,0,192,51 133 134 131 132 50
2147483655,0,0,0.00286932,1,0,1,0,0,51 133 134 131 132 50
2147483656,0,0,0.00180357,1,0,1,0,0,51 133 134 131 132 50
2147483659,0,0,0.00238208,1,0,1,0,255,51 133 134 131 132 50
2147483661,0,0,0.00350694,1,0,1,0,0,51 133 134 131 132 50
2147483662,0,0,0.00407258,1,0,1,0,0,49 52 127 128 129 130 51 133 134 131 132 50
2147483664,0,0,0.00394531,1,0,1,0,0,49 52 127 128 129 130 51 133 134 131 132 50
2147483667,0,0,0.00182971,1,0,1,0,0,51 133 134 131 132 50
2147483669,0,0,0.00203629,1,0,1,0,0,51 133 134 131 132 50
2147483670,0,0,0.00225446,1,0,1,0,0,51 133 134 131 132 50
2147483672,0,0,0.00257653,1,0,1,0,0,51 133 134 131 132 50
2147483673,0,0,0.00293605,1,0,1,0,0,51 133 134 131 132 50
2147483674,0,0,0.00450893,1,0,1,0,15,49 52 54 57 53 127 128 129 130 51 133 134 131 132 50
2147483678,0,0,0.00420833,1,0,1,0,0,49 54 52 127 128 129 130 51 133 134 131 132 50
2147483680,0,0,0.00467593,1,0,1,0,0,49 53 52 54 57 127 128 129 130 51 133 134 131 132 50
2147483682,0,0,0.00435345,1,0,1,0,0,51 133 134 131 132 50
