49 2147483648 2147483649 2147483650 2147483652 2147483653 2147483654 2147483664 2147483666 2147483671 2147483674 2147483675 2147483678 2147483690 
50 
51 
52 2147483648 2147483649 2147483650 2147483652 2147483653 2147483654 2147483664 2147483666 2147483671 2147483674 2147483675 2147483678 2147483690 
53 2147483648 2147483649 2147483650 2147483652 2147483653 2147483654 2147483657 2147483659 2147483664 2147483666 2147483667 2147483668 2147483671 2147483674 2147483675 2147483676 2147483678 2147483679 2147483680 2147483683 2147483685 2147483687 2147483690 
54 2147483648 2147483649 2147483650 2147483652 2147483653 2147483654 2147483659 2147483664 2147483666 2147483668 2147483671 2147483674 2147483675 2147483676 2147483678 2147483685 2147483687 2147483690 
57 2147483648 2147483649 2147483650 2147483652 2147483653 2147483654 2147483657 2147483659 2147483664 2147483666 2147483667 2147483668 2147483671 2147483674 2147483675 2147483676 2147483678 2147483680 2147483683 2147483685 2147483687 2147483690 
127 2147483648 2147483649 2147483650 2147483652 2147483653 2147483654 2147483664 2147483666 2147483671 2147483674 2147483675 2147483678 2147483690 
128 2147483648 2147483649 2147483650 2147483652 2147483653 2147483654 2147483664 2147483666 2147483671 2147483674 2147483675 2147483678 2147483690 
129 2147483648 2147483649 2147483650 2147483652 2147483653 2147483654 2147483664 2147483666 2147483671 2147483674 2147483675 2147483678 2147483690 
130 2147483648 2147483649 2147483650 2147483652 2147483653 2147483654 2147483664 2147483666 2147483671 2147483674 2147483675 2147483678 2147483690 
131 
132 
133 
134 
2147483648 2147483649 2147483650 2147483652 2147483653 2147483654 2147483657 2147483659 2147483662 2147483664 2147483666 2147483667 2147483668 2147483669 2147483671 53 57 49 52 54 127 128 129 130 2147483649 2147483650 2147483652 2147483653 2147483654 2147483657 2147483659 2147483662 2147483664 2147483666 2147483667 2147483668 2147483669 2147483671 
2147483649 2147483648 2147483648 2147483650 2147483652 2147483653 2147483654 54 57 49 52 53 127 128 129 130 2147483650 2147483652 2147483653 2147483654 
2147483650 2147483648 2147483649 2147483648 2147483649 2147483652 2147483653 2147483654 2147483657 2147483659 2147483662 2147483664 2147483666 54 49 52 57 53 127 128 129 130 2147483652 2147483653 2147483654 2147483657 2147483659 2147483662 2147483664 2147483666 
2147483652 2147483648 2147483649 2147483650 2147483648 2147483649 2147483650 2147483653 2147483654 2147483657 2147483659 2147483662 2147483664 2147483666 2147483667 2147483668 2147483669 2147483671 2147483674 49 54 57 52 53 127 128 129 130 2147483653 2147483654 2147483657 2147483659 2147483662 2147483664 2147483666 2147483667 2147483668 2147483669 2147483671 2147483674 
2147483653 2147483648 2147483649 2147483650 2147483652 2147483648 2147483649 2147483650 2147483652 2147483654 2147483657 2147483659 2147483662 2147483664 2147483666 2147483667 2147483668 2147483669 2147483671 2147483674 2147483675 49 54 57 52 53 127 128 129 130 2147483654 2147483657 2147483659 2147483662 2147483664 2147483666 2147483667 2147483668 2147483669 2147483671 2147483674 2147483675 
2147483654 2147483648 2147483649 2147483650 2147483652 2147483653 2147483648 2147483649 2147483650 2147483652 2147483653 2147483657 52 49 54 57 53 127 128 129 130 2147483657 
2147483657 2147483648 2147483650 2147483652 2147483653 2147483654 2147483648 2147483650 2147483652 2147483653 2147483654 57 53 
2147483659 2147483648 2147483650 2147483652 2147483653 2147483648 2147483650 2147483652 2147483653 54 57 53 
2147483662 2147483648 2147483650 2147483652 2147483653 2147483648 2147483650 2147483652 2147483653 
2147483664 2147483648 2147483650 2147483652 2147483653 2147483648 2147483650 2147483652 2147483653 49 53 52 54 57 127 128 129 130 
2147483666 2147483648 2147483650 2147483652 2147483653 2147483648 2147483650 2147483652 2147483653 2147483667 52 49 54 57 53 127 128 129 130 2147483667 
2147483667 2147483648 2147483652 2147483653 2147483666 2147483648 2147483652 2147483653 2147483666 57 53 
2147483668 2147483648 2147483652 2147483653 2147483648 2147483652 2147483653 54 57 53 
2147483669 2147483648 2147483652 2147483653 2147483648 2147483652 2147483653 
2147483671 2147483648 2147483652 2147483653 2147483648 2147483652 2147483653 49 53 52 54 57 127 128 129 130 
2147483674 2147483652 2147483653 2147483652 2147483653 2147483675 2147483676 2147483678 2147483679 2147483680 2147483683 2147483685 2147483687 49 54 52 57 53 127 128 129 130 2147483675 2147483676 2147483678 2147483679 2147483680 2147483683 2147483685 2147483687 
2147483675 2147483653 2147483674 2147483653 2147483674 2147483676 49 54 52 57 53 127 128 129 130 2147483676 
2147483676 2147483674 2147483675 2147483674 2147483675 54 57 53 
2147483678 2147483674 2147483674 2147483679 2147483680 2147483683 2147483685 49 54 52 57 53 127 128 129 130 2147483679 2147483680 2147483683 2147483685 
2147483679 2147483674 2147483678 2147483674 2147483678 2147483680 53 2147483680 
2147483680 2147483674 2147483678 2147483679 2147483674 2147483678 2147483679 57 53 
2147483683 2147483674 2147483678 2147483674 2147483678 57 53 
2147483685 2147483674 2147483678 2147483674 2147483678 54 57 53 
2147483687 2147483674 2147483674 54 57 53 
2147483688 
2147483690 49 52 54 57 53 127 128 129 130 
