49 2147483648 2147483650 
50 
51 
52 2147483648 2147483650 2147483659 
53 2147483648 2147483649 2147483650 2147483654 2147483658 2147483659 2147483661 
54 2147483648 2147483650 2147483659 2147483661 
57 2147483648 2147483650 2147483654 2147483658 2147483659 2147483661 
127 2147483648 2147483650 
128 2147483648 2147483650 
129 2147483648 2147483650 
130 2147483648 2147483650 
131 
132 
133 
134 
2147483648 2147483649 2147483650 2147483654 2147483658 2147483659 2147483661 53 54 49 52 57 127 128 129 130 2147483649 2147483650 2147483654 2147483658 2147483659 2147483661 
2147483649 2147483648 2147483648 2147483650 53 2147483650 
2147483650 2147483648 2147483649 2147483648 2147483649 2147483654 2147483658 2147483659 52 54 49 57 53 127 128 129 130 2147483654 2147483658 2147483659 
2147483654 2147483648 2147483650 2147483648 2147483650 57 53 
2147483658 2147483648 2147483650 2147483648 2147483650 2147483659 57 53 2147483659 
2147483659 2147483648 2147483650 2147483658 2147483648 2147483650 2147483658 52 54 57 53 
2147483661 2147483648 2147483648 54 57 53 
