2 
5 
8 
11 
18 
19 
22 2147483715 
23 
24 
25 2147483715 
26 2147483715 
27 2147483715 
32 2147483715 
49 2147483801 2147483816 2147483831 2147483842 2147483844 2147483850 2147483854 2147483859 2147483860 2147483861 
50 
51 
52 2147483801 2147483816 2147483831 2147483842 2147483844 2147483850 2147483854 2147483859 2147483860 2147483861 
53 2147483705 2147483742 2147483780 2147483801 2147483802 2147483807 2147483812 2147483816 2147483817 2147483822 2147483827 2147483831 2147483832 2147483837 2147483842 2147483844 2147483850 2147483854 2147483859 2147483860 2147483861 
54 2147483705 2147483801 2147483807 2147483812 2147483816 2147483822 2147483827 2147483831 2147483837 2147483842 2147483844 2147483850 2147483854 2147483859 2147483860 2147483861 
57 2147483705 2147483801 2147483802 2147483807 2147483812 2147483816 2147483817 2147483822 2147483827 2147483831 2147483832 2147483837 2147483842 2147483844 2147483850 2147483854 2147483859 2147483860 2147483861 
61 
127 2147483801 2147483816 2147483831 2147483842 2147483844 2147483850 2147483854 2147483859 2147483860 2147483861 
128 2147483801 2147483816 2147483831 2147483842 2147483844 2147483850 2147483854 2147483859 2147483860 2147483861 
129 2147483801 2147483816 2147483831 2147483842 2147483844 2147483850 2147483854 2147483859 2147483860 2147483861 
130 2147483801 2147483816 2147483831 2147483842 2147483844 2147483850 2147483854 2147483859 2147483860 2147483861 
131 
132 
133 
134 
247 
248 
249 
250 
251 
252 
253 
254 
263 2147483715 
264 2147483715 
265 2147483715 
266 2147483715 
267 
268 
269 
270 
2147483651 2147483715 2147483717 2147483842 2147483715 2147483717 2147483842 
2147483656 2147483715 2147483725 2147483842 2147483843 2147483844 2147483715 2147483725 2147483842 2147483843 2147483844 
2147483658 2147483715 2147483726 2147483842 2147483715 2147483726 2147483842 
2147483660 2147483661 2147483715 2147483731 2147483736 2147483740 2147483842 2147483845 2147483846 2147483661 2147483715 2147483731 2147483736 2147483740 2147483842 2147483845 2147483846 
2147483661 2147483660 2147483660 2147483715 2147483842 2147483846 2147483715 2147483842 2147483846 
2147483681 2147483682 2147483850 2147483851 2147483682 2147483850 2147483851 
2147483682 2147483681 2147483681 2147483850 2147483851 2147483850 2147483851 
2147483700 2147483850 2147483858 2147483850 2147483858 
2147483705 54 57 53 
2147483715 2147483651 2147483656 2147483658 2147483660 2147483661 2147483651 2147483656 2147483658 2147483660 2147483661 2147483717 2147483718 2147483725 2147483726 2147483731 2147483736 2147483740 2147483742 2147483744 2147483756 2147483757 2147483761 2147483763 2147483767 2147483773 2147483774 2147483777 2147483779 2147483842 2147483843 2147483844 2147483845 2147483846 2147483848 2147483850 2147483854 2147483855 2147483856 26 22 25 27 32 263 264 265 266 2147483717 2147483718 2147483725 2147483726 2147483731 2147483736 2147483740 2147483742 2147483744 2147483756 2147483757 2147483761 2147483763 2147483767 2147483773 2147483774 2147483777 2147483779 2147483842 2147483843 2147483844 2147483845 2147483846 2147483848 2147483850 2147483854 2147483855 2147483856 
2147483717 2147483651 2147483715 2147483651 2147483715 2147483842 2147483842 
2147483718 2147483715 2147483715 2147483842 2147483842 
2147483725 2147483656 2147483715 2147483656 2147483715 2147483842 2147483842 
2147483726 2147483658 2147483715 2147483658 2147483715 2147483842 2147483842 
2147483731 2147483660 2147483715 2147483660 2147483715 2147483842 2147483842 
2147483736 2147483660 2147483715 2147483660 2147483715 2147483842 2147483845 2147483842 2147483845 
2147483740 2147483660 2147483715 2147483660 2147483715 2147483842 2147483842 
2147483742 2147483715 2147483715 2147483842 53 2147483842 
2147483744 2147483715 2147483715 2147483842 2147483842 
2147483756 2147483715 2147483715 2147483763 2147483767 2147483842 2147483763 2147483767 2147483842 
2147483757 2147483715 2147483715 2147483763 2147483767 2147483842 2147483763 2147483767 2147483842 
2147483761 2147483715 2147483715 2147483767 2147483842 2147483767 2147483842 
2147483763 2147483715 2147483756 2147483757 2147483715 2147483756 2147483757 2147483767 2147483842 2147483767 2147483842 
2147483767 2147483715 2147483756 2147483757 2147483761 2147483763 2147483715 2147483756 2147483757 2147483761 2147483763 2147483842 2147483842 
2147483773 2147483715 2147483715 2147483774 2147483777 2147483854 2147483855 2147483856 2147483774 2147483777 2147483854 2147483855 2147483856 
2147483774 2147483715 2147483773 2147483715 2147483773 2147483854 2147483855 2147483856 2147483854 2147483855 2147483856 
2147483777 2147483715 2147483773 2147483715 2147483773 2147483854 2147483855 2147483856 2147483854 2147483855 2147483856 
2147483779 2147483715 2147483715 2147483854 2147483856 2147483854 2147483856 
2147483780 2147483850 53 2147483850 
2147483782 2147483850 2147483851 2147483850 2147483851 
2147483783 2147483850 2147483850 
2147483784 2147483850 2147483850 
2147483788 2147483850 2147483850 
2147483792 2147483850 2147483850 
2147483793 2147483850 2147483850 
2147483801 2147483802 2147483859 53 49 52 54 57 127 128 129 130 2147483802 2147483859 
2147483802 2147483801 2147483801 2147483859 57 53 2147483859 
2147483807 54 57 53 
2147483812 54 57 53 
2147483816 2147483817 2147483860 53 49 52 54 57 127 128 129 130 2147483817 2147483860 
2147483817 2147483816 2147483816 2147483860 57 53 2147483860 
2147483822 54 57 53 
2147483827 54 57 53 
2147483831 2147483832 2147483861 53 49 52 54 57 127 128 129 130 2147483832 2147483861 
2147483832 2147483831 2147483831 2147483861 57 53 2147483861 
2147483837 54 57 53 
2147483842 2147483651 2147483656 2147483658 2147483660 2147483661 2147483715 2147483717 2147483718 2147483725 2147483726 2147483731 2147483736 2147483740 2147483742 2147483744 2147483756 2147483757 2147483761 2147483763 2147483767 2147483651 2147483656 2147483658 2147483660 2147483661 2147483715 2147483717 2147483718 2147483725 2147483726 2147483731 2147483736 2147483740 2147483742 2147483744 2147483756 2147483757 2147483761 2147483763 2147483767 2147483843 2147483844 2147483845 2147483846 2147483848 49 52 54 57 53 127 128 129 130 2147483843 2147483844 2147483845 2147483846 2147483848 
2147483843 2147483656 2147483715 2147483842 2147483656 2147483715 2147483842 2147483844 2147483844 
2147483844 2147483656 2147483715 2147483842 2147483843 2147483656 2147483715 2147483842 2147483843 49 52 54 57 53 127 128 129 130 
2147483845 2147483660 2147483715 2147483736 2147483842 2147483660 2147483715 2147483736 2147483842 
2147483846 2147483660 2147483661 2147483715 2147483842 2147483660 2147483661 2147483715 2147483842 
2147483848 2147483715 2147483842 2147483715 2147483842 
2147483850 2147483681 2147483682 2147483700 2147483715 2147483780 2147483782 2147483783 2147483784 2147483788 2147483792 2147483793 2147483681 2147483682 2147483700 2147483715 2147483780 2147483782 2147483783 2147483784 2147483788 2147483792 2147483793 2147483851 2147483858 49 52 54 57 53 127 128 129 130 2147483851 2147483858 
2147483851 2147483681 2147483682 2147483782 2147483850 2147483681 2147483682 2147483782 2147483850 
2147483854 2147483715 2147483773 2147483774 2147483777 2147483779 2147483715 2147483773 2147483774 2147483777 2147483779 2147483855 2147483856 49 52 54 57 53 127 128 129 130 2147483855 2147483856 
2147483855 2147483715 2147483773 2147483774 2147483777 2147483854 2147483715 2147483773 2147483774 2147483777 2147483854 2147483856 2147483856 
2147483856 2147483715 2147483773 2147483774 2147483777 2147483779 2147483854 2147483855 2147483715 2147483773 2147483774 2147483777 2147483779 2147483854 2147483855 
2147483858 2147483700 2147483850 2147483700 2147483850 
2147483859 2147483801 2147483802 2147483801 2147483802 53 49 52 54 57 127 128 129 130 
2147483860 2147483816 2147483817 2147483816 2147483817 53 49 52 54 57 127 128 129 130 
2147483861 2147483831 2147483832 2147483831 2147483832 53 49 52 54 57 127 128 129 130 
