49 2147483649 2147483650 2147483653 2147483665 2147483695 
50 
51 
52 2147483649 2147483650 2147483653 2147483665 2147483695 
53 2147483649 2147483650 2147483653 2147483665 2147483666 2147483676 2147483680 2147483691 2147483693 2147483695 2147483697 
54 2147483649 2147483650 2147483653 2147483665 2147483695 
57 2147483649 2147483650 2147483653 2147483665 2147483676 2147483680 2147483693 2147483695 2147483697 
127 2147483649 2147483650 2147483653 2147483665 2147483695 
128 2147483649 2147483650 2147483653 2147483665 2147483695 
129 2147483649 2147483650 2147483653 2147483665 2147483695 
130 2147483649 2147483650 2147483653 2147483665 2147483695 
131 
132 
133 
134 
151 
152 
153 
154 
155 
156 
157 
158 
159 
160 
161 
162 
163 
164 
165 
166 
2147483648 2147483649 2147483650 2147483651 2147483653 2147483665 2147483666 2147483676 2147483695 2147483649 2147483650 2147483651 2147483653 2147483665 2147483666 2147483676 2147483695 
2147483649 2147483648 2147483648 2147483650 2147483651 2147483653 2147483665 2147483666 2147483676 2147483678 2147483680 2147483681 2147483695 57 49 52 54 53 127 128 129 130 2147483650 2147483651 2147483653 2147483665 2147483666 2147483676 2147483678 2147483680 2147483681 2147483695 
2147483650 2147483648 2147483649 2147483648 2147483649 2147483651 2147483653 2147483655 2147483665 2147483676 2147483678 2147483680 2147483681 2147483688 2147483691 2147483692 2147483693 2147483695 2147483696 2147483697 2147483706 57 49 52 54 53 127 128 129 130 2147483651 2147483653 2147483655 2147483665 2147483676 2147483678 2147483680 2147483681 2147483688 2147483691 2147483692 2147483693 2147483695 2147483696 2147483697 2147483706 
2147483651 2147483648 2147483649 2147483650 2147483648 2147483649 2147483650 2147483665 2147483665 
2147483653 2147483648 2147483649 2147483650 2147483648 2147483649 2147483650 2147483665 2147483676 2147483678 2147483680 2147483681 2147483695 54 57 49 52 53 127 128 129 130 2147483665 2147483676 2147483678 2147483680 2147483681 2147483695 
2147483655 2147483650 2147483650 2147483665 2147483665 
2147483665 2147483648 2147483649 2147483650 2147483651 2147483653 2147483655 2147483648 2147483649 2147483650 2147483651 2147483653 2147483655 2147483666 2147483668 2147483676 2147483678 2147483680 2147483681 2147483688 2147483691 2147483692 2147483693 2147483695 2147483696 2147483697 2147483706 53 49 52 54 57 127 128 129 130 2147483666 2147483668 2147483676 2147483678 2147483680 2147483681 2147483688 2147483691 2147483692 2147483693 2147483695 2147483696 2147483697 2147483706 
2147483666 2147483648 2147483649 2147483665 2147483648 2147483649 2147483665 2147483668 53 2147483668 
2147483668 2147483665 2147483666 2147483665 2147483666 
2147483676 2147483648 2147483649 2147483650 2147483653 2147483665 2147483648 2147483649 2147483650 2147483653 2147483665 2147483695 57 53 2147483695 
2147483678 2147483649 2147483650 2147483653 2147483665 2147483649 2147483650 2147483653 2147483665 2147483680 2147483695 2147483680 2147483695 
2147483680 2147483649 2147483650 2147483653 2147483665 2147483678 2147483649 2147483650 2147483653 2147483665 2147483678 2147483695 57 53 2147483695 
2147483681 2147483649 2147483650 2147483653 2147483665 2147483649 2147483650 2147483653 2147483665 2147483695 2147483695 
2147483688 2147483650 2147483665 2147483650 2147483665 2147483695 2147483695 
2147483691 2147483650 2147483665 2147483650 2147483665 2147483692 2147483693 2147483695 53 2147483692 2147483693 2147483695 
2147483692 2147483650 2147483665 2147483691 2147483650 2147483665 2147483691 2147483693 2147483695 2147483693 2147483695 
2147483693 2147483650 2147483665 2147483691 2147483692 2147483650 2147483665 2147483691 2147483692 2147483695 57 53 2147483695 
2147483695 2147483648 2147483649 2147483650 2147483653 2147483665 2147483676 2147483678 2147483680 2147483681 2147483688 2147483691 2147483692 2147483693 2147483648 2147483649 2147483650 2147483653 2147483665 2147483676 2147483678 2147483680 2147483681 2147483688 2147483691 2147483692 2147483693 2147483696 2147483697 2147483706 54 57 49 52 53 127 128 129 130 2147483696 2147483697 2147483706 
2147483696 2147483650 2147483665 2147483695 2147483650 2147483665 2147483695 2147483697 2147483697 
2147483697 2147483650 2147483665 2147483695 2147483696 2147483650 2147483665 2147483695 2147483696 57 53 
2147483706 2147483650 2147483665 2147483695 2147483650 2147483665 2147483695 
