22 2147483649 2147483650 2147483676 2147483677 2147483699 2147483701 2147483702 
23 
24 
25 2147483649 2147483650 2147483673 2147483674 2147483676 2147483677 2147483699 2147483701 2147483702 2147483742 2147483753 2147483776 2147483782 2147483794 2147483804 
26 2147483649 2147483650 2147483676 2147483677 2147483699 2147483701 2147483702 
27 2147483649 2147483650 2147483676 2147483677 2147483699 2147483701 2147483702 
32 2147483649 2147483650 2147483676 2147483677 2147483699 2147483701 2147483702 
49 2147483648 2147483652 2147483653 2147483654 2147483655 2147483656 2147483675 2147483678 2147483679 2147483680 2147483682 2147483683 2147483686 2147483697 2147483748 2147483799 2147483809 2147483810 2147483811 2147483813 2147483814 2147483815 2147483816 2147483817 2147483818 2147483819 2147483820 2147483821 2147483822 2147483828 2147483829 
50 
51 
52 2147483648 2147483652 2147483653 2147483654 2147483655 2147483656 2147483675 2147483678 2147483679 2147483680 2147483682 2147483683 2147483686 2147483697 2147483748 2147483799 2147483809 2147483810 2147483811 2147483813 2147483814 2147483815 2147483816 2147483817 2147483818 2147483819 2147483820 2147483821 2147483822 2147483825 2147483827 2147483828 2147483829 
53 2147483648 2147483652 2147483653 2147483654 2147483655 2147483656 2147483675 2147483678 2147483679 2147483680 2147483682 2147483683 2147483686 2147483697 2147483748 2147483779 2147483787 2147483799 2147483809 2147483810 2147483811 2147483813 2147483814 2147483815 2147483816 2147483817 2147483818 2147483819 2147483820 2147483821 2147483822 2147483828 2147483829 
54 2147483648 2147483652 2147483653 2147483654 2147483655 2147483656 2147483675 2147483678 2147483679 2147483680 2147483682 2147483683 2147483686 2147483697 2147483748 2147483799 2147483809 2147483810 2147483811 2147483813 2147483814 2147483815 2147483816 2147483817 2147483818 2147483819 2147483820 2147483821 2147483822 2147483828 2147483829 
57 2147483648 2147483652 2147483653 2147483654 2147483655 2147483656 2147483675 2147483678 2147483679 2147483680 2147483682 2147483683 2147483686 2147483697 2147483748 2147483799 2147483809 2147483810 2147483811 2147483813 2147483814 2147483815 2147483816 2147483817 2147483818 2147483819 2147483820 2147483821 2147483822 2147483828 2147483829 
127 2147483648 2147483652 2147483653 2147483654 2147483655 2147483656 2147483675 2147483678 2147483679 2147483680 2147483682 2147483683 2147483686 2147483697 2147483748 2147483799 2147483809 2147483810 2147483811 2147483813 2147483814 2147483815 2147483816 2147483817 2147483818 2147483819 2147483820 2147483821 2147483822 2147483828 2147483829 
128 2147483648 2147483652 2147483653 2147483654 2147483655 2147483656 2147483675 2147483678 2147483679 2147483680 2147483682 2147483683 2147483686 2147483697 2147483748 2147483799 2147483809 2147483810 2147483811 2147483813 2147483814 2147483815 2147483816 2147483817 2147483818 2147483819 2147483820 2147483821 2147483822 2147483828 2147483829 
129 2147483648 2147483652 2147483653 2147483654 2147483655 2147483656 2147483675 2147483678 2147483679 2147483680 2147483682 2147483683 2147483686 2147483697 2147483748 2147483799 2147483809 2147483810 2147483811 2147483813 2147483814 2147483815 2147483816 2147483817 2147483818 2147483819 2147483820 2147483821 2147483822 2147483828 2147483829 
130 2147483648 2147483652 2147483653 2147483654 2147483655 2147483656 2147483675 2147483678 2147483679 2147483680 2147483682 2147483683 2147483686 2147483697 2147483748 2147483799 2147483809 2147483810 2147483811 2147483813 2147483814 2147483815 2147483816 2147483817 2147483818 2147483819 2147483820 2147483821 2147483822 2147483828 2147483829 
131 
132 
133 
134 
263 2147483649 2147483650 2147483676 2147483677 2147483699 2147483701 2147483702 
264 2147483649 2147483650 2147483676 2147483677 2147483699 2147483701 2147483702 
265 2147483649 2147483650 2147483676 2147483677 2147483699 2147483701 2147483702 
266 2147483649 2147483650 2147483676 2147483677 2147483699 2147483701 2147483702 
267 
268 
269 
270 
2147483648 2147483649 2147483650 2147483652 2147483653 2147483654 2147483655 2147483656 2147483697 2147483701 2147483702 2147483776 2147483778 2147483779 2147483782 2147483784 2147483787 2147483794 2147483796 2147483799 2147483804 2147483806 2147483809 2147483810 2147483811 2147483813 2147483814 2147483815 2147483816 2147483829 54 49 52 57 53 127 128 129 130 2147483649 2147483650 2147483652 2147483653 2147483654 2147483655 2147483656 2147483697 2147483701 2147483702 2147483776 2147483778 2147483779 2147483782 2147483784 2147483787 2147483794 2147483796 2147483799 2147483804 2147483806 2147483809 2147483810 2147483811 2147483813 2147483814 2147483815 2147483816 2147483829 
2147483649 2147483648 2147483648 2147483650 2147483652 2147483653 2147483654 2147483655 2147483656 2147483697 2147483701 2147483702 2147483776 2147483778 2147483779 2147483782 2147483784 2147483787 2147483794 2147483796 2147483799 2147483804 2147483806 2147483809 2147483810 2147483811 2147483813 2147483814 2147483815 2147483816 2147483822 2147483829 25 22 27 32 26 263 264 265 266 2147483650 2147483652 2147483653 2147483654 2147483655 2147483656 2147483697 2147483701 2147483702 2147483776 2147483778 2147483779 2147483782 2147483784 2147483787 2147483794 2147483796 2147483799 2147483804 2147483806 2147483809 2147483810 2147483811 2147483813 2147483814 2147483815 2147483816 2147483822 2147483829 
2147483650 2147483648 2147483649 2147483648 2147483649 2147483652 2147483653 2147483654 2147483655 2147483656 2147483697 2147483701 2147483702 2147483776 2147483778 2147483779 2147483782 2147483784 2147483787 2147483794 2147483796 2147483799 2147483804 2147483806 2147483809 2147483810 2147483811 2147483813 2147483814 2147483815 2147483816 2147483822 2147483824 2147483829 22 25 27 32 26 263 264 265 266 2147483652 2147483653 2147483654 2147483655 2147483656 2147483697 2147483701 2147483702 2147483776 2147483778 2147483779 2147483782 2147483784 2147483787 2147483794 2147483796 2147483799 2147483804 2147483806 2147483809 2147483810 2147483811 2147483813 2147483814 2147483815 2147483816 2147483822 2147483824 2147483829 
2147483652 2147483648 2147483649 2147483650 2147483648 2147483649 2147483650 2147483653 2147483654 2147483655 2147483656 2147483697 2147483701 2147483776 2147483778 2147483779 2147483782 2147483784 2147483787 2147483794 2147483796 2147483799 2147483804 2147483806 2147483809 2147483810 2147483811 2147483813 2147483814 2147483815 2147483816 2147483829 49 52 54 57 53 127 128 129 130 2147483653 2147483654 2147483655 2147483656 2147483697 2147483701 2147483776 2147483778 2147483779 2147483782 2147483784 2147483787 2147483794 2147483796 2147483799 2147483804 2147483806 2147483809 2147483810 2147483811 2147483813 2147483814 2147483815 2147483816 2147483829 
2147483653 2147483648 2147483649 2147483650 2147483652 2147483648 2147483649 2147483650 2147483652 2147483654 2147483655 2147483656 2147483697 2147483701 2147483702 2147483776 2147483778 2147483779 2147483782 2147483784 2147483787 2147483794 2147483796 2147483799 2147483804 2147483806 2147483809 2147483810 2147483811 2147483813 2147483814 2147483815 2147483816 2147483829 49 52 54 57 53 127 128 129 130 2147483654 2147483655 2147483656 2147483697 2147483701 2147483702 2147483776 2147483778 2147483779 2147483782 2147483784 2147483787 2147483794 2147483796 2147483799 2147483804 2147483806 2147483809 2147483810 2147483811 2147483813 2147483814 2147483815 2147483816 2147483829 
2147483654 2147483648 2147483649 2147483650 2147483652 2147483653 2147483648 2147483649 2147483650 2147483652 2147483653 2147483655 2147483656 2147483697 2147483701 2147483776 2147483778 2147483779 2147483782 2147483784 2147483787 2147483794 2147483796 2147483799 2147483804 2147483806 2147483809 2147483810 2147483811 2147483813 2147483814 2147483815 2147483816 2147483829 49 52 54 57 53 127 128 129 130 2147483655 2147483656 2147483697 2147483701 2147483776 2147483778 2147483779 2147483782 2147483784 2147483787 2147483794 2147483796 2147483799 2147483804 2147483806 2147483809 2147483810 2147483811 2147483813 2147483814 2147483815 2147483816 2147483829 
2147483655 2147483648 2147483649 2147483650 2147483652 2147483653 2147483654 2147483648 2147483649 2147483650 2147483652 2147483653 2147483654 2147483656 2147483697 2147483701 2147483776 2147483778 2147483779 2147483782 2147483784 2147483787 2147483794 2147483796 2147483799 2147483804 2147483806 2147483809 2147483810 2147483811 2147483813 2147483814 2147483815 2147483816 2147483829 49 52 54 57 53 127 128 129 130 2147483656 2147483697 2147483701 2147483776 2147483778 2147483779 2147483782 2147483784 2147483787 2147483794 2147483796 2147483799 2147483804 2147483806 2147483809 2147483810 2147483811 2147483813 2147483814 2147483815 2147483816 2147483829 
2147483656 2147483648 2147483649 2147483650 2147483652 2147483653 2147483654 2147483655 2147483648 2147483649 2147483650 2147483652 2147483653 2147483654 2147483655 2147483697 2147483701 2147483776 2147483778 2147483779 2147483782 2147483784 2147483787 2147483794 2147483796 2147483799 2147483804 2147483806 2147483809 2147483810 2147483811 2147483813 2147483814 2147483815 2147483816 2147483829 49 52 54 57 53 127 128 129 130 2147483697 2147483701 2147483776 2147483778 2147483779 2147483782 2147483784 2147483787 2147483794 2147483796 2147483799 2147483804 2147483806 2147483809 2147483810 2147483811 2147483813 2147483814 2147483815 2147483816 2147483829 
2147483673 2147483674 2147483675 2147483676 2147483677 2147483683 2147483697 2147483699 2147483701 2147483702 2147483721 2147483724 2147483816 2147483822 2147483825 2147483826 2147483827 2147483828 2147483829 2147483830 25 2147483674 2147483675 2147483676 2147483677 2147483683 2147483697 2147483699 2147483701 2147483702 2147483721 2147483724 2147483816 2147483822 2147483825 2147483826 2147483827 2147483828 2147483829 2147483830 
2147483674 2147483673 2147483673 2147483675 2147483676 2147483677 2147483678 2147483679 2147483682 2147483683 2147483697 2147483699 2147483702 2147483724 2147483816 2147483822 2147483825 2147483827 2147483828 2147483829 2147483830 25 2147483675 2147483676 2147483677 2147483678 2147483679 2147483682 2147483683 2147483697 2147483699 2147483702 2147483724 2147483816 2147483822 2147483825 2147483827 2147483828 2147483829 2147483830 
2147483675 2147483673 2147483674 2147483673 2147483674 2147483676 2147483677 2147483678 2147483679 2147483680 2147483682 2147483683 2147483686 2147483697 2147483699 2147483742 2147483744 2147483748 2147483753 2147483755 2147483816 2147483817 2147483818 2147483819 2147483820 2147483821 2147483825 2147483827 2147483829 54 49 52 57 53 127 128 129 130 2147483676 2147483677 2147483678 2147483679 2147483680 2147483682 2147483683 2147483686 2147483697 2147483699 2147483742 2147483744 2147483748 2147483753 2147483755 2147483816 2147483817 2147483818 2147483819 2147483820 2147483821 2147483825 2147483827 2147483829 
2147483676 2147483673 2147483674 2147483675 2147483673 2147483674 2147483675 2147483677 2147483678 2147483679 2147483680 2147483682 2147483683 2147483686 2147483697 2147483699 2147483742 2147483744 2147483748 2147483753 2147483755 2147483816 2147483817 2147483818 2147483819 2147483820 2147483821 2147483822 2147483825 2147483827 2147483829 25 22 27 32 26 263 264 265 266 2147483677 2147483678 2147483679 2147483680 2147483682 2147483683 2147483686 2147483697 2147483699 2147483742 2147483744 2147483748 2147483753 2147483755 2147483816 2147483817 2147483818 2147483819 2147483820 2147483821 2147483822 2147483825 2147483827 2147483829 
2147483677 2147483673 2147483674 2147483675 2147483676 2147483673 2147483674 2147483675 2147483676 2147483678 2147483679 2147483680 2147483682 2147483683 2147483686 2147483697 2147483699 2147483742 2147483744 2147483748 2147483753 2147483755 2147483816 2147483817 2147483818 2147483819 2147483820 2147483821 2147483822 2147483825 2147483827 2147483829 2147483830 22 25 27 32 26 263 264 265 266 2147483678 2147483679 2147483680 2147483682 2147483683 2147483686 2147483697 2147483699 2147483742 2147483744 2147483748 2147483753 2147483755 2147483816 2147483817 2147483818 2147483819 2147483820 2147483821 2147483822 2147483825 2147483827 2147483829 2147483830 
2147483678 2147483674 2147483675 2147483676 2147483677 2147483674 2147483675 2147483676 2147483677 2147483679 2147483680 2147483682 2147483683 2147483686 2147483697 2147483699 2147483742 2147483744 2147483748 2147483753 2147483755 2147483816 2147483817 2147483818 2147483819 2147483820 2147483821 2147483827 2147483829 49 52 54 57 53 127 128 129 130 2147483679 2147483680 2147483682 2147483683 2147483686 2147483697 2147483699 2147483742 2147483744 2147483748 2147483753 2147483755 2147483816 2147483817 2147483818 2147483819 2147483820 2147483821 2147483827 2147483829 
2147483679 2147483674 2147483675 2147483676 2147483677 2147483678 2147483674 2147483675 2147483676 2147483677 2147483678 2147483680 2147483682 2147483683 2147483686 2147483697 2147483742 2147483744 2147483748 2147483753 2147483755 2147483816 2147483817 2147483818 2147483819 2147483820 2147483821 2147483829 49 52 54 57 53 127 128 129 130 2147483680 2147483682 2147483683 2147483686 2147483697 2147483742 2147483744 2147483748 2147483753 2147483755 2147483816 2147483817 2147483818 2147483819 2147483820 2147483821 2147483829 
2147483680 2147483675 2147483676 2147483677 2147483678 2147483679 2147483675 2147483676 2147483677 2147483678 2147483679 2147483682 2147483683 2147483686 2147483697 2147483742 2147483744 2147483748 2147483753 2147483755 2147483816 2147483817 2147483818 2147483819 2147483820 2147483821 2147483829 49 52 54 57 53 127 128 129 130 2147483682 2147483683 2147483686 2147483697 2147483742 2147483744 2147483748 2147483753 2147483755 2147483816 2147483817 2147483818 2147483819 2147483820 2147483821 2147483829 
2147483682 2147483674 2147483675 2147483676 2147483677 2147483678 2147483679 2147483680 2147483674 2147483675 2147483676 2147483677 2147483678 2147483679 2147483680 2147483683 2147483686 2147483697 2147483742 2147483744 2147483748 2147483753 2147483755 2147483816 2147483817 2147483818 2147483819 2147483820 2147483821 2147483827 2147483829 49 52 54 57 53 127 128 129 130 2147483683 2147483686 2147483697 2147483742 2147483744 2147483748 2147483753 2147483755 2147483816 2147483817 2147483818 2147483819 2147483820 2147483821 2147483827 2147483829 
2147483683 2147483673 2147483674 2147483675 2147483676 2147483677 2147483678 2147483679 2147483680 2147483682 2147483673 2147483674 2147483675 2147483676 2147483677 2147483678 2147483679 2147483680 2147483682 2147483686 2147483697 2147483699 2147483742 2147483744 2147483748 2147483753 2147483755 2147483816 2147483817 2147483818 2147483819 2147483820 2147483821 2147483827 2147483829 49 52 54 57 53 127 128 129 130 2147483686 2147483697 2147483699 2147483742 2147483744 2147483748 2147483753 2147483755 2147483816 2147483817 2147483818 2147483819 2147483820 2147483821 2147483827 2147483829 
2147483686 2147483675 2147483676 2147483677 2147483678 2147483679 2147483680 2147483682 2147483683 2147483675 2147483676 2147483677 2147483678 2147483679 2147483680 2147483682 2147483683 2147483697 2147483742 2147483744 2147483748 2147483753 2147483755 2147483816 2147483817 2147483818 2147483819 2147483820 2147483821 2147483829 49 52 54 57 53 127 128 129 130 2147483697 2147483742 2147483744 2147483748 2147483753 2147483755 2147483816 2147483817 2147483818 2147483819 2147483820 2147483821 2147483829 
2147483697 2147483648 2147483649 2147483650 2147483652 2147483653 2147483654 2147483655 2147483656 2147483673 2147483674 2147483675 2147483676 2147483677 2147483678 2147483679 2147483680 2147483682 2147483683 2147483686 2147483648 2147483649 2147483650 2147483652 2147483653 2147483654 2147483655 2147483656 2147483673 2147483674 2147483675 2147483676 2147483677 2147483678 2147483679 2147483680 2147483682 2147483683 2147483686 2147483699 2147483701 2147483702 2147483706 2147483714 2147483721 2147483724 2147483742 2147483744 2147483748 2147483753 2147483755 2147483776 2147483778 2147483779 2147483782 2147483784 2147483787 2147483794 2147483796 2147483799 2147483804 2147483806 2147483809 2147483810 2147483811 2147483813 2147483814 2147483815 2147483816 2147483817 2147483818 2147483819 2147483820 2147483821 2147483822 2147483824 2147483825 2147483826 2147483827 2147483828 2147483829 2147483830 53 49 52 54 57 127 128 129 130 2147483699 2147483701 2147483702 2147483706 2147483714 2147483721 2147483724 2147483742 2147483744 2147483748 2147483753 2147483755 2147483776 2147483778 2147483779 2147483782 2147483784 2147483787 2147483794 2147483796 2147483799 2147483804 2147483806 2147483809 2147483810 2147483811 2147483813 2147483814 2147483815 2147483816 2147483817 2147483818 2147483819 2147483820 2147483821 2147483822 2147483824 2147483825 2147483826 2147483827 2147483828 2147483829 2147483830 
2147483699 2147483673 2147483674 2147483675 2147483676 2147483677 2147483678 2147483683 2147483697 2147483673 2147483674 2147483675 2147483676 2147483677 2147483678 2147483683 2147483697 2147483701 2147483702 2147483706 2147483714 2147483721 2147483724 2147483816 2147483822 2147483825 2147483826 2147483827 2147483828 2147483829 2147483830 27 22 25 32 26 263 264 265 266 2147483701 2147483702 2147483706 2147483714 2147483721 2147483724 2147483816 2147483822 2147483825 2147483826 2147483827 2147483828 2147483829 2147483830 
2147483701 2147483648 2147483649 2147483650 2147483652 2147483653 2147483654 2147483655 2147483656 2147483673 2147483697 2147483699 2147483648 2147483649 2147483650 2147483652 2147483653 2147483654 2147483655 2147483656 2147483673 2147483697 2147483699 2147483702 2147483706 2147483714 2147483721 2147483776 2147483778 2147483779 2147483782 2147483784 2147483787 2147483794 2147483796 2147483799 2147483804 2147483806 2147483809 2147483810 2147483811 2147483813 2147483814 2147483815 2147483816 2147483822 2147483824 2147483825 2147483826 2147483827 2147483828 2147483829 263 22 25 27 32 26 264 265 266 2147483702 2147483706 2147483714 2147483721 2147483776 2147483778 2147483779 2147483782 2147483784 2147483787 2147483794 2147483796 2147483799 2147483804 2147483806 2147483809 2147483810 2147483811 2147483813 2147483814 2147483815 2147483816 2147483822 2147483824 2147483825 2147483826 2147483827 2147483828 2147483829 
2147483702 2147483648 2147483649 2147483650 2147483653 2147483673 2147483674 2147483697 2147483699 2147483701 2147483648 2147483649 2147483650 2147483653 2147483673 2147483674 2147483697 2147483699 2147483701 2147483706 2147483714 2147483721 2147483724 2147483816 2147483822 2147483824 2147483825 2147483826 2147483827 2147483828 2147483829 264 22 25 27 32 26 263 265 266 2147483706 2147483714 2147483721 2147483724 2147483816 2147483822 2147483824 2147483825 2147483826 2147483827 2147483828 2147483829 
2147483706 2147483697 2147483699 2147483701 2147483702 2147483697 2147483699 2147483701 2147483702 2147483816 2147483822 2147483828 2147483829 2147483816 2147483822 2147483828 2147483829 
2147483714 2147483697 2147483699 2147483701 2147483702 2147483697 2147483699 2147483701 2147483702 2147483816 2147483822 2147483825 2147483826 2147483827 2147483828 2147483829 2147483816 2147483822 2147483825 2147483826 2147483827 2147483828 2147483829 
2147483721 2147483673 2147483697 2147483699 2147483701 2147483702 2147483673 2147483697 2147483699 2147483701 2147483702 2147483816 2147483822 2147483825 2147483826 2147483827 2147483828 2147483829 2147483816 2147483822 2147483825 2147483826 2147483827 2147483828 2147483829 
2147483724 2147483673 2147483674 2147483697 2147483699 2147483702 2147483673 2147483674 2147483697 2147483699 2147483702 2147483816 2147483822 2147483825 2147483827 2147483828 2147483829 2147483816 2147483822 2147483825 2147483827 2147483828 2147483829 
2147483742 2147483675 2147483676 2147483677 2147483678 2147483679 2147483680 2147483682 2147483683 2147483686 2147483697 2147483675 2147483676 2147483677 2147483678 2147483679 2147483680 2147483682 2147483683 2147483686 2147483697 2147483744 2147483748 2147483816 2147483817 2147483818 2147483819 2147483829 25 2147483744 2147483748 2147483816 2147483817 2147483818 2147483819 2147483829 
2147483744 2147483675 2147483676 2147483677 2147483678 2147483679 2147483680 2147483682 2147483683 2147483686 2147483697 2147483742 2147483675 2147483676 2147483677 2147483678 2147483679 2147483680 2147483682 2147483683 2147483686 2147483697 2147483742 2147483748 2147483816 2147483817 2147483818 2147483819 2147483829 2147483748 2147483816 2147483817 2147483818 2147483819 2147483829 
2147483748 2147483675 2147483676 2147483677 2147483678 2147483679 2147483680 2147483682 2147483683 2147483686 2147483697 2147483742 2147483744 2147483675 2147483676 2147483677 2147483678 2147483679 2147483680 2147483682 2147483683 2147483686 2147483697 2147483742 2147483744 2147483753 2147483755 2147483816 2147483817 2147483818 2147483819 2147483820 2147483821 2147483829 53 49 52 54 57 127 128 129 130 2147483753 2147483755 2147483816 2147483817 2147483818 2147483819 2147483820 2147483821 2147483829 
2147483753 2147483675 2147483676 2147483677 2147483678 2147483679 2147483680 2147483682 2147483683 2147483686 2147483697 2147483748 2147483675 2147483676 2147483677 2147483678 2147483679 2147483680 2147483682 2147483683 2147483686 2147483697 2147483748 2147483755 2147483816 2147483817 2147483820 2147483821 2147483829 25 2147483755 2147483816 2147483817 2147483820 2147483821 2147483829 
2147483755 2147483675 2147483676 2147483677 2147483678 2147483679 2147483680 2147483682 2147483683 2147483686 2147483697 2147483748 2147483753 2147483675 2147483676 2147483677 2147483678 2147483679 2147483680 2147483682 2147483683 2147483686 2147483697 2147483748 2147483753 2147483816 2147483817 2147483820 2147483821 2147483829 2147483816 2147483817 2147483820 2147483821 2147483829 
2147483776 2147483648 2147483649 2147483650 2147483652 2147483653 2147483654 2147483655 2147483656 2147483697 2147483701 2147483648 2147483649 2147483650 2147483652 2147483653 2147483654 2147483655 2147483656 2147483697 2147483701 2147483778 2147483799 2147483809 2147483810 2147483811 2147483813 2147483816 2147483829 25 2147483778 2147483799 2147483809 2147483810 2147483811 2147483813 2147483816 2147483829 
2147483778 2147483648 2147483649 2147483650 2147483652 2147483653 2147483654 2147483655 2147483656 2147483697 2147483701 2147483776 2147483648 2147483649 2147483650 2147483652 2147483653 2147483654 2147483655 2147483656 2147483697 2147483701 2147483776 2147483799 2147483809 2147483810 2147483811 2147483813 2147483816 2147483829 2147483799 2147483809 2147483810 2147483811 2147483813 2147483816 2147483829 
2147483779 2147483648 2147483649 2147483650 2147483652 2147483653 2147483654 2147483655 2147483656 2147483697 2147483701 2147483648 2147483649 2147483650 2147483652 2147483653 2147483654 2147483655 2147483656 2147483697 2147483701 2147483799 2147483809 2147483810 2147483811 2147483813 2147483816 2147483829 53 2147483799 2147483809 2147483810 2147483811 2147483813 2147483816 2147483829 
2147483782 2147483648 2147483649 2147483650 2147483652 2147483653 2147483654 2147483655 2147483656 2147483697 2147483701 2147483648 2147483649 2147483650 2147483652 2147483653 2147483654 2147483655 2147483656 2147483697 2147483701 2147483784 2147483799 2147483809 2147483810 2147483811 2147483813 2147483816 2147483829 25 2147483784 2147483799 2147483809 2147483810 2147483811 2147483813 2147483816 2147483829 
2147483784 2147483648 2147483649 2147483650 2147483652 2147483653 2147483654 2147483655 2147483656 2147483697 2147483701 2147483782 2147483648 2147483649 2147483650 2147483652 2147483653 2147483654 2147483655 2147483656 2147483697 2147483701 2147483782 2147483799 2147483809 2147483810 2147483811 2147483813 2147483816 2147483829 2147483799 2147483809 2147483810 2147483811 2147483813 2147483816 2147483829 
2147483787 2147483648 2147483649 2147483650 2147483652 2147483653 2147483654 2147483655 2147483656 2147483697 2147483701 2147483648 2147483649 2147483650 2147483652 2147483653 2147483654 2147483655 2147483656 2147483697 2147483701 2147483799 2147483809 2147483810 2147483813 2147483816 2147483829 53 2147483799 2147483809 2147483810 2147483813 2147483816 2147483829 
2147483794 2147483648 2147483649 2147483650 2147483652 2147483653 2147483654 2147483655 2147483656 2147483697 2147483701 2147483648 2147483649 2147483650 2147483652 2147483653 2147483654 2147483655 2147483656 2147483697 2147483701 2147483796 2147483799 2147483809 2147483810 2147483813 2147483816 2147483829 25 2147483796 2147483799 2147483809 2147483810 2147483813 2147483816 2147483829 
2147483796 2147483648 2147483649 2147483650 2147483652 2147483653 2147483654 2147483655 2147483656 2147483697 2147483701 2147483794 2147483648 2147483649 2147483650 2147483652 2147483653 2147483654 2147483655 2147483656 2147483697 2147483701 2147483794 2147483799 2147483809 2147483810 2147483813 2147483816 2147483829 2147483799 2147483809 2147483810 2147483813 2147483816 2147483829 
2147483799 2147483648 2147483649 2147483650 2147483652 2147483653 2147483654 2147483655 2147483656 2147483697 2147483701 2147483776 2147483778 2147483779 2147483782 2147483784 2147483787 2147483794 2147483796 2147483648 2147483649 2147483650 2147483652 2147483653 2147483654 2147483655 2147483656 2147483697 2147483701 2147483776 2147483778 2147483779 2147483782 2147483784 2147483787 2147483794 2147483796 2147483804 2147483806 2147483809 2147483810 2147483811 2147483813 2147483814 2147483815 2147483816 2147483829 53 49 52 54 57 127 128 129 130 2147483804 2147483806 2147483809 2147483810 2147483811 2147483813 2147483814 2147483815 2147483816 2147483829 
2147483804 2147483648 2147483649 2147483650 2147483652 2147483653 2147483654 2147483655 2147483656 2147483697 2147483701 2147483799 2147483648 2147483649 2147483650 2147483652 2147483653 2147483654 2147483655 2147483656 2147483697 2147483701 2147483799 2147483806 2147483809 2147483810 2147483814 2147483815 2147483816 2147483829 25 2147483806 2147483809 2147483810 2147483814 2147483815 2147483816 2147483829 
2147483806 2147483648 2147483649 2147483650 2147483652 2147483653 2147483654 2147483655 2147483656 2147483697 2147483701 2147483799 2147483804 2147483648 2147483649 2147483650 2147483652 2147483653 2147483654 2147483655 2147483656 2147483697 2147483701 2147483799 2147483804 2147483809 2147483810 2147483814 2147483815 2147483816 2147483829 2147483809 2147483810 2147483814 2147483815 2147483816 2147483829 
2147483809 2147483648 2147483649 2147483650 2147483652 2147483653 2147483654 2147483655 2147483656 2147483697 2147483701 2147483776 2147483778 2147483779 2147483782 2147483784 2147483787 2147483794 2147483796 2147483799 2147483804 2147483806 2147483648 2147483649 2147483650 2147483652 2147483653 2147483654 2147483655 2147483656 2147483697 2147483701 2147483776 2147483778 2147483779 2147483782 2147483784 2147483787 2147483794 2147483796 2147483799 2147483804 2147483806 2147483810 2147483811 2147483813 2147483814 2147483815 2147483816 2147483829 49 52 54 57 53 127 128 129 130 2147483810 2147483811 2147483813 2147483814 2147483815 2147483816 2147483829 
2147483810 2147483648 2147483649 2147483650 2147483652 2147483653 2147483654 2147483655 2147483656 2147483697 2147483701 2147483776 2147483778 2147483779 2147483782 2147483784 2147483787 2147483794 2147483796 2147483799 2147483804 2147483806 2147483809 2147483648 2147483649 2147483650 2147483652 2147483653 2147483654 2147483655 2147483656 2147483697 2147483701 2147483776 2147483778 2147483779 2147483782 2147483784 2147483787 2147483794 2147483796 2147483799 2147483804 2147483806 2147483809 2147483811 2147483813 2147483814 2147483815 2147483816 2147483829 49 52 54 57 53 127 128 129 130 2147483811 2147483813 2147483814 2147483815 2147483816 2147483829 
2147483811 2147483648 2147483649 2147483650 2147483652 2147483653 2147483654 2147483655 2147483656 2147483697 2147483701 2147483776 2147483778 2147483779 2147483782 2147483784 2147483799 2147483809 2147483810 2147483648 2147483649 2147483650 2147483652 2147483653 2147483654 2147483655 2147483656 2147483697 2147483701 2147483776 2147483778 2147483779 2147483782 2147483784 2147483799 2147483809 2147483810 2147483813 2147483816 2147483829 57 49 52 54 53 127 128 129 130 2147483813 2147483816 2147483829 
2147483813 2147483648 2147483649 2147483650 2147483652 2147483653 2147483654 2147483655 2147483656 2147483697 2147483701 2147483776 2147483778 2147483779 2147483782 2147483784 2147483787 2147483794 2147483796 2147483799 2147483809 2147483810 2147483811 2147483648 2147483649 2147483650 2147483652 2147483653 2147483654 2147483655 2147483656 2147483697 2147483701 2147483776 2147483778 2147483779 2147483782 2147483784 2147483787 2147483794 2147483796 2147483799 2147483809 2147483810 2147483811 2147483816 2147483829 49 52 54 57 53 127 128 129 130 2147483816 2147483829 
2147483814 2147483648 2147483649 2147483650 2147483652 2147483653 2147483654 2147483655 2147483656 2147483697 2147483701 2147483799 2147483804 2147483806 2147483809 2147483810 2147483648 2147483649 2147483650 2147483652 2147483653 2147483654 2147483655 2147483656 2147483697 2147483701 2147483799 2147483804 2147483806 2147483809 2147483810 2147483815 2147483816 2147483829 57 49 52 54 53 127 128 129 130 2147483815 2147483816 2147483829 
2147483815 2147483648 2147483649 2147483650 2147483652 2147483653 2147483654 2147483655 2147483656 2147483697 2147483701 2147483799 2147483804 2147483806 2147483809 2147483810 2147483814 2147483648 2147483649 2147483650 2147483652 2147483653 2147483654 2147483655 2147483656 2147483697 2147483701 2147483799 2147483804 2147483806 2147483809 2147483810 2147483814 2147483816 2147483829 49 52 54 57 53 127 128 129 130 2147483816 2147483829 
2147483816 2147483648 2147483649 2147483650 2147483652 2147483653 2147483654 2147483655 2147483656 2147483673 2147483674 2147483675 2147483676 2147483677 2147483678 2147483679 2147483680 2147483682 2147483683 2147483686 2147483697 2147483699 2147483701 2147483702 2147483706 2147483714 2147483721 2147483724 2147483742 2147483744 2147483748 2147483753 2147483755 2147483776 2147483778 2147483779 2147483782 2147483784 2147483787 2147483794 2147483796 2147483799 2147483804 2147483806 2147483809 2147483810 2147483811 2147483813 2147483814 2147483815 2147483648 2147483649 2147483650 2147483652 2147483653 2147483654 2147483655 2147483656 2147483673 2147483674 2147483675 2147483676 2147483677 2147483678 2147483679 2147483680 2147483682 2147483683 2147483686 2147483697 2147483699 2147483701 2147483702 2147483706 2147483714 2147483721 2147483724 2147483742 2147483744 2147483748 2147483753 2147483755 2147483776 2147483778 2147483779 2147483782 2147483784 2147483787 2147483794 2147483796 2147483799 2147483804 2147483806 2147483809 2147483810 2147483811 2147483813 2147483814 2147483815 2147483817 2147483818 2147483819 2147483820 2147483821 2147483822 2147483824 2147483825 2147483826 2147483827 2147483828 2147483829 2147483830 57 49 52 54 53 127 128 129 130 2147483817 2147483818 2147483819 2147483820 2147483821 2147483822 2147483824 2147483825 2147483826 2147483827 2147483828 2147483829 2147483830 
2147483817 2147483675 2147483676 2147483677 2147483678 2147483679 2147483680 2147483682 2147483683 2147483686 2147483697 2147483742 2147483744 2147483748 2147483753 2147483755 2147483816 2147483675 2147483676 2147483677 2147483678 2147483679 2147483680 2147483682 2147483683 2147483686 2147483697 2147483742 2147483744 2147483748 2147483753 2147483755 2147483816 2147483818 2147483819 2147483820 2147483821 2147483829 49 52 54 57 53 127 128 129 130 2147483818 2147483819 2147483820 2147483821 2147483829 
2147483818 2147483675 2147483676 2147483677 2147483678 2147483679 2147483680 2147483682 2147483683 2147483686 2147483697 2147483742 2147483744 2147483748 2147483816 2147483817 2147483675 2147483676 2147483677 2147483678 2147483679 2147483680 2147483682 2147483683 2147483686 2147483697 2147483742 2147483744 2147483748 2147483816 2147483817 2147483819 2147483829 57 49 52 54 53 127 128 129 130 2147483819 2147483829 
2147483819 2147483675 2147483676 2147483677 2147483678 2147483679 2147483680 2147483682 2147483683 2147483686 2147483697 2147483742 2147483744 2147483748 2147483816 2147483817 2147483818 2147483675 2147483676 2147483677 2147483678 2147483679 2147483680 2147483682 2147483683 2147483686 2147483697 2147483742 2147483744 2147483748 2147483816 2147483817 2147483818 2147483829 49 52 54 57 53 127 128 129 130 2147483829 
2147483820 2147483675 2147483676 2147483677 2147483678 2147483679 2147483680 2147483682 2147483683 2147483686 2147483697 2147483748 2147483753 2147483755 2147483816 2147483817 2147483675 2147483676 2147483677 2147483678 2147483679 2147483680 2147483682 2147483683 2147483686 2147483697 2147483748 2147483753 2147483755 2147483816 2147483817 2147483821 2147483829 57 49 52 54 53 127 128 129 130 2147483821 2147483829 
2147483821 2147483675 2147483676 2147483677 2147483678 2147483679 2147483680 2147483682 2147483683 2147483686 2147483697 2147483748 2147483753 2147483755 2147483816 2147483817 2147483820 2147483675 2147483676 2147483677 2147483678 2147483679 2147483680 2147483682 2147483683 2147483686 2147483697 2147483748 2147483753 2147483755 2147483816 2147483817 2147483820 2147483829 49 52 54 57 53 127 128 129 130 2147483829 
2147483822 2147483649 2147483650 2147483673 2147483674 2147483676 2147483677 2147483697 2147483699 2147483701 2147483702 2147483706 2147483714 2147483721 2147483724 2147483816 2147483649 2147483650 2147483673 2147483674 2147483676 2147483677 2147483697 2147483699 2147483701 2147483702 2147483706 2147483714 2147483721 2147483724 2147483816 2147483824 2147483825 2147483826 2147483827 2147483828 2147483829 2147483830 49 52 54 57 53 127 128 129 130 2147483824 2147483825 2147483826 2147483827 2147483828 2147483829 2147483830 
2147483824 2147483650 2147483697 2147483701 2147483702 2147483816 2147483822 2147483650 2147483697 2147483701 2147483702 2147483816 2147483822 2147483829 2147483829 
2147483825 2147483673 2147483674 2147483675 2147483676 2147483677 2147483697 2147483699 2147483701 2147483702 2147483714 2147483721 2147483724 2147483816 2147483822 2147483673 2147483674 2147483675 2147483676 2147483677 2147483697 2147483699 2147483701 2147483702 2147483714 2147483721 2147483724 2147483816 2147483822 2147483826 2147483827 2147483828 2147483829 2147483830 52 2147483826 2147483827 2147483828 2147483829 2147483830 
2147483826 2147483673 2147483697 2147483699 2147483701 2147483702 2147483714 2147483721 2147483816 2147483822 2147483825 2147483673 2147483697 2147483699 2147483701 2147483702 2147483714 2147483721 2147483816 2147483822 2147483825 2147483827 2147483828 2147483829 2147483827 2147483828 2147483829 
2147483827 2147483673 2147483674 2147483675 2147483676 2147483677 2147483678 2147483682 2147483683 2147483697 2147483699 2147483701 2147483702 2147483714 2147483721 2147483724 2147483816 2147483822 2147483825 2147483826 2147483673 2147483674 2147483675 2147483676 2147483677 2147483678 2147483682 2147483683 2147483697 2147483699 2147483701 2147483702 2147483714 2147483721 2147483724 2147483816 2147483822 2147483825 2147483826 2147483828 2147483829 2147483830 52 2147483828 2147483829 2147483830 
2147483828 2147483673 2147483674 2147483697 2147483699 2147483701 2147483702 2147483706 2147483714 2147483721 2147483724 2147483816 2147483822 2147483825 2147483826 2147483827 2147483673 2147483674 2147483697 2147483699 2147483701 2147483702 2147483706 2147483714 2147483721 2147483724 2147483816 2147483822 2147483825 2147483826 2147483827 2147483829 52 49 54 57 53 127 128 129 130 2147483829 
2147483829 2147483648 2147483649 2147483650 2147483652 2147483653 2147483654 2147483655 2147483656 2147483673 2147483674 2147483675 2147483676 2147483677 2147483678 2147483679 2147483680 2147483682 2147483683 2147483686 2147483697 2147483699 2147483701 2147483702 2147483706 2147483714 2147483721 2147483724 2147483742 2147483744 2147483748 2147483753 2147483755 2147483776 2147483778 2147483779 2147483782 2147483784 2147483787 2147483794 2147483796 2147483799 2147483804 2147483806 2147483809 2147483810 2147483811 2147483813 2147483814 2147483815 2147483816 2147483817 2147483818 2147483819 2147483820 2147483821 2147483822 2147483824 2147483825 2147483826 2147483827 2147483828 2147483648 2147483649 2147483650 2147483652 2147483653 2147483654 2147483655 2147483656 2147483673 2147483674 2147483675 2147483676 2147483677 2147483678 2147483679 2147483680 2147483682 2147483683 2147483686 2147483697 2147483699 2147483701 2147483702 2147483706 2147483714 2147483721 2147483724 2147483742 2147483744 2147483748 2147483753 2147483755 2147483776 2147483778 2147483779 2147483782 2147483784 2147483787 2147483794 2147483796 2147483799 2147483804 2147483806 2147483809 2147483810 2147483811 2147483813 2147483814 2147483815 2147483816 2147483817 2147483818 2147483819 2147483820 2147483821 2147483822 2147483824 2147483825 2147483826 2147483827 2147483828 2147483830 52 49 54 57 53 127 128 129 130 2147483830 
2147483830 2147483673 2147483674 2147483677 2147483697 2147483699 2147483816 2147483822 2147483825 2147483827 2147483829 2147483673 2147483674 2147483677 2147483697 2147483699 2147483816 2147483822 2147483825 2147483827 2147483829 
