22 2147483665 2147483698 2147483701 2147483703 2147483704 
23 
24 
25 2147483665 2147483698 2147483701 2147483703 2147483704 
26 2147483665 2147483674 2147483692 2147483698 2147483701 2147483703 2147483704 
27 2147483665 2147483698 2147483701 2147483703 2147483704 
32 2147483665 2147483698 2147483701 2147483703 2147483704 
49 2147483648 2147483654 2147483666 2147483699 
50 
51 
52 2147483648 2147483654 2147483666 2147483699 
53 2147483648 2147483654 2147483666 2147483699 
54 2147483648 2147483654 2147483666 2147483699 
57 2147483648 2147483654 2147483666 2147483699 
127 2147483648 2147483654 2147483666 2147483699 
128 2147483648 2147483654 2147483666 2147483699 
129 2147483648 2147483654 2147483666 2147483699 
130 2147483648 2147483654 2147483666 2147483699 
131 
132 
133 
134 
263 2147483665 2147483698 2147483701 2147483703 2147483704 
264 2147483665 2147483698 2147483701 2147483703 2147483704 
265 2147483665 2147483698 2147483701 2147483703 2147483704 
266 2147483665 2147483698 2147483701 2147483703 2147483704 
267 
268 
269 
270 
2147483648 2147483665 2147483666 2147483669 2147483671 2147483698 2147483699 54 49 52 57 53 127 128 129 130 2147483665 2147483666 2147483669 2147483671 2147483698 2147483699 
2147483654 2147483659 2147483665 2147483666 2147483681 2147483684 2147483689 2147483699 2147483701 2147483703 2147483704 54 49 52 57 53 127 128 129 130 2147483659 2147483665 2147483666 2147483681 2147483684 2147483689 2147483699 2147483701 2147483703 2147483704 
2147483659 2147483654 2147483654 2147483665 2147483666 2147483699 2147483701 2147483703 2147483665 2147483666 2147483699 2147483701 2147483703 
2147483665 2147483648 2147483654 2147483659 2147483648 2147483654 2147483659 2147483666 2147483669 2147483671 2147483681 2147483684 2147483689 2147483698 2147483699 2147483701 2147483703 2147483704 26 22 25 27 32 263 264 265 266 2147483666 2147483669 2147483671 2147483681 2147483684 2147483689 2147483698 2147483699 2147483701 2147483703 2147483704 
2147483666 2147483648 2147483654 2147483659 2147483665 2147483648 2147483654 2147483659 2147483665 2147483669 2147483671 2147483681 2147483684 2147483689 2147483698 2147483699 2147483701 2147483703 2147483704 57 49 52 54 53 127 128 129 130 2147483669 2147483671 2147483681 2147483684 2147483689 2147483698 2147483699 2147483701 2147483703 2147483704 
2147483669 2147483648 2147483665 2147483666 2147483648 2147483665 2147483666 2147483699 2147483699 
2147483671 2147483648 2147483665 2147483666 2147483648 2147483665 2147483666 2147483698 2147483699 2147483698 2147483699 
2147483674 2147483703 26 2147483703 
2147483681 2147483654 2147483665 2147483666 2147483654 2147483665 2147483666 2147483699 2147483703 2147483699 2147483703 
2147483684 2147483654 2147483665 2147483666 2147483654 2147483665 2147483666 2147483699 2147483701 2147483703 2147483699 2147483701 2147483703 
2147483689 2147483654 2147483665 2147483666 2147483654 2147483665 2147483666 2147483699 2147483703 2147483704 2147483699 2147483703 2147483704 
2147483692 2147483703 26 2147483703 
2147483698 2147483648 2147483665 2147483666 2147483671 2147483648 2147483665 2147483666 2147483671 2147483699 22 25 27 32 26 263 264 265 266 2147483699 
2147483699 2147483648 2147483654 2147483659 2147483665 2147483666 2147483669 2147483671 2147483681 2147483684 2147483689 2147483698 2147483648 2147483654 2147483659 2147483665 2147483666 2147483669 2147483671 2147483681 2147483684 2147483689 2147483698 2147483701 2147483703 2147483704 57 54 49 52 53 127 128 129 130 2147483701 2147483703 2147483704 
2147483701 2147483654 2147483659 2147483665 2147483666 2147483684 2147483699 2147483654 2147483659 2147483665 2147483666 2147483684 2147483699 2147483703 22 25 27 32 26 263 264 265 266 2147483703 
2147483703 2147483654 2147483659 2147483665 2147483666 2147483674 2147483681 2147483684 2147483689 2147483692 2147483699 2147483701 2147483654 2147483659 2147483665 2147483666 2147483674 2147483681 2147483684 2147483689 2147483692 2147483699 2147483701 2147483704 22 25 27 32 26 263 264 265 266 2147483704 
2147483704 2147483654 2147483665 2147483666 2147483689 2147483699 2147483703 2147483654 2147483665 2147483666 2147483689 2147483699 2147483703 22 25 27 32 26 263 264 265 266 
