2 
5 
8 
11 2147483678 
18 
19 
22 2147483651 2147483652 2147483653 2147483654 2147483655 2147483693 2147483738 
23 
24 
25 2147483651 2147483652 2147483653 2147483654 2147483655 2147483693 2147483738 2147483861 
26 2147483651 2147483652 2147483653 2147483654 2147483655 2147483693 2147483738 
27 2147483651 2147483652 2147483653 2147483654 2147483655 2147483693 2147483738 
32 2147483651 2147483652 2147483653 2147483654 2147483655 2147483693 2147483738 
49 2147483650 2147483656 2147483657 2147483658 2147483659 2147483661 2147483694 2147483695 2147483696 2147483713 2147483716 2147483908 2147483922 
50 
51 
52 2147483650 2147483656 2147483657 2147483658 2147483659 2147483661 2147483662 2147483663 2147483664 2147483665 2147483694 2147483695 2147483696 2147483698 2147483713 2147483716 2147483864 2147483866 2147483873 2147483880 2147483892 2147483908 2147483922 
53 2147483650 2147483656 2147483657 2147483658 2147483659 2147483661 2147483694 2147483695 2147483696 2147483698 2147483713 2147483716 2147483908 2147483922 
54 2147483650 2147483656 2147483657 2147483658 2147483659 2147483661 2147483694 2147483695 2147483696 2147483698 2147483713 2147483716 2147483908 2147483922 
57 2147483650 2147483656 2147483657 2147483658 2147483659 2147483661 2147483694 2147483695 2147483696 2147483698 2147483713 2147483716 2147483908 2147483922 
61 
127 2147483650 2147483656 2147483657 2147483658 2147483659 2147483661 2147483694 2147483695 2147483696 2147483698 2147483713 2147483716 2147483908 2147483922 
128 2147483650 2147483656 2147483657 2147483658 2147483659 2147483661 2147483694 2147483695 2147483696 2147483713 2147483716 2147483908 2147483922 
129 2147483650 2147483656 2147483657 2147483658 2147483659 2147483661 2147483694 2147483695 2147483696 2147483713 2147483716 2147483908 2147483922 
130 2147483650 2147483656 2147483657 2147483658 2147483659 2147483661 2147483694 2147483695 2147483696 2147483713 2147483716 2147483908 2147483922 
131 
132 
133 
134 
247 
248 
249 
250 
251 
252 
253 
254 
263 2147483651 2147483652 2147483653 2147483654 2147483655 2147483693 2147483738 
264 2147483651 2147483652 2147483653 2147483654 2147483655 2147483693 2147483738 
265 2147483651 2147483652 2147483653 2147483654 2147483655 2147483693 2147483738 
266 2147483651 2147483652 2147483653 2147483654 2147483655 2147483693 2147483738 
267 
268 
269 
270 
2147483650 2147483651 2147483652 2147483653 2147483654 2147483655 2147483656 2147483657 2147483658 2147483659 2147483661 2147483662 2147483663 2147483664 2147483665 2147483666 2147483668 2147483672 2147483678 2147483688 2147483691 2147483693 2147483694 2147483695 2147483696 2147483701 2147483703 2147483705 2147483707 2147483713 2147483716 2147483717 2147483718 2147483719 2147483720 2147483721 2147483722 2147483723 2147483725 2147483728 2147483730 2147483738 2147483745 2147483749 2147483751 2147483753 2147483755 2147483760 2147483765 2147483767 2147483771 2147483775 2147483776 2147483782 2147483788 2147483789 2147483791 2147483811 2147483819 2147483821 2147483822 2147483825 2147483826 2147483828 2147483831 2147483839 2147483842 2147483845 2147483847 2147483852 2147483854 2147483856 2147483861 2147483864 2147483866 2147483869 2147483873 2147483878 2147483880 2147483883 2147483886 2147483890 2147483892 2147483895 2147483904 2147483907 2147483908 2147483914 2147483922 49 52 54 57 53 127 128 129 130 2147483651 2147483652 2147483653 2147483654 2147483655 2147483656 2147483657 2147483658 2147483659 2147483661 2147483662 2147483663 2147483664 2147483665 2147483666 2147483668 2147483672 2147483678 2147483688 2147483691 2147483693 2147483694 2147483695 2147483696 2147483701 2147483703 2147483705 2147483707 2147483713 2147483716 2147483717 2147483718 2147483719 2147483720 2147483721 2147483722 2147483723 2147483725 2147483728 2147483730 2147483738 2147483745 2147483749 2147483751 2147483753 2147483755 2147483760 2147483765 2147483767 2147483771 2147483775 2147483776 2147483782 2147483788 2147483789 2147483791 2147483811 2147483819 2147483821 2147483822 2147483825 2147483826 2147483828 2147483831 2147483839 2147483842 2147483845 2147483847 2147483852 2147483854 2147483856 2147483861 2147483864 2147483866 2147483869 2147483873 2147483878 2147483880 2147483883 2147483886 2147483890 2147483892 2147483895 2147483904 2147483907 2147483908 2147483914 2147483922 
2147483651 2147483650 2147483650 2147483652 2147483653 2147483654 2147483655 2147483656 2147483657 2147483658 2147483659 2147483661 2147483662 2147483663 2147483664 2147483665 2147483666 2147483668 2147483672 2147483678 2147483688 2147483691 2147483693 2147483694 2147483695 2147483696 2147483705 2147483707 2147483713 2147483716 2147483717 2147483718 2147483719 2147483720 2147483721 2147483722 2147483723 2147483725 2147483728 2147483730 2147483738 2147483745 2147483749 2147483751 2147483753 2147483755 2147483760 2147483765 2147483767 2147483771 2147483775 2147483776 2147483782 2147483788 2147483789 2147483791 2147483811 2147483819 2147483821 2147483822 2147483825 2147483826 2147483828 2147483831 2147483839 2147483842 2147483845 2147483847 2147483852 2147483854 2147483856 2147483861 2147483864 2147483866 2147483869 2147483873 2147483878 2147483880 2147483883 2147483886 2147483890 2147483892 2147483895 2147483904 2147483907 2147483908 2147483914 2147483922 22 25 27 32 26 263 264 265 266 2147483652 2147483653 2147483654 2147483655 2147483656 2147483657 2147483658 2147483659 2147483661 2147483662 2147483663 2147483664 2147483665 2147483666 2147483668 2147483672 2147483678 2147483688 2147483691 2147483693 2147483694 2147483695 2147483696 2147483705 2147483707 2147483713 2147483716 2147483717 2147483718 2147483719 2147483720 2147483721 2147483722 2147483723 2147483725 2147483728 2147483730 2147483738 2147483745 2147483749 2147483751 2147483753 2147483755 2147483760 2147483765 2147483767 2147483771 2147483775 2147483776 2147483782 2147483788 2147483789 2147483791 2147483811 2147483819 2147483821 2147483822 2147483825 2147483826 2147483828 2147483831 2147483839 2147483842 2147483845 2147483847 2147483852 2147483854 2147483856 2147483861 2147483864 2147483866 2147483869 2147483873 2147483878 2147483880 2147483883 2147483886 2147483890 2147483892 2147483895 2147483904 2147483907 2147483908 2147483914 2147483922 
2147483652 2147483650 2147483651 2147483650 2147483651 2147483653 2147483654 2147483655 2147483656 2147483657 2147483658 2147483659 2147483661 2147483662 2147483663 2147483664 2147483665 2147483666 2147483668 2147483672 2147483678 2147483688 2147483691 2147483693 2147483694 2147483695 2147483696 2147483707 2147483713 2147483716 2147483717 2147483718 2147483719 2147483720 2147483721 2147483722 2147483723 2147483725 2147483728 2147483730 2147483738 2147483745 2147483749 2147483751 2147483753 2147483755 2147483760 2147483765 2147483767 2147483771 2147483775 2147483776 2147483782 2147483788 2147483789 2147483791 2147483811 2147483819 2147483821 2147483822 2147483825 2147483826 2147483828 2147483831 2147483839 2147483842 2147483845 2147483847 2147483852 2147483854 2147483856 2147483861 2147483864 2147483866 2147483869 2147483873 2147483878 2147483880 2147483883 2147483886 2147483890 2147483892 2147483895 2147483904 2147483907 2147483908 2147483914 2147483922 22 25 27 32 26 263 264 265 266 2147483653 2147483654 2147483655 2147483656 2147483657 2147483658 2147483659 2147483661 2147483662 2147483663 2147483664 2147483665 2147483666 2147483668 2147483672 2147483678 2147483688 2147483691 2147483693 2147483694 2147483695 2147483696 2147483707 2147483713 2147483716 2147483717 2147483718 2147483719 2147483720 2147483721 2147483722 2147483723 2147483725 2147483728 2147483730 2147483738 2147483745 2147483749 2147483751 2147483753 2147483755 2147483760 2147483765 2147483767 2147483771 2147483775 2147483776 2147483782 2147483788 2147483789 2147483791 2147483811 2147483819 2147483821 2147483822 2147483825 2147483826 2147483828 2147483831 2147483839 2147483842 2147483845 2147483847 2147483852 2147483854 2147483856 2147483861 2147483864 2147483866 2147483869 2147483873 2147483878 2147483880 2147483883 2147483886 2147483890 2147483892 2147483895 2147483904 2147483907 2147483908 2147483914 2147483922 
2147483653 2147483650 2147483651 2147483652 2147483650 2147483651 2147483652 2147483654 2147483655 2147483656 2147483657 2147483658 2147483659 2147483661 2147483662 2147483663 2147483664 2147483665 2147483666 2147483668 2147483672 2147483678 2147483688 2147483691 2147483693 2147483694 2147483695 2147483696 2147483707 2147483713 2147483716 2147483717 2147483718 2147483719 2147483720 2147483721 2147483722 2147483723 2147483725 2147483728 2147483730 2147483738 2147483745 2147483749 2147483751 2147483753 2147483755 2147483760 2147483765 2147483767 2147483771 2147483775 2147483776 2147483782 2147483788 2147483789 2147483791 2147483811 2147483819 2147483821 2147483822 2147483825 2147483826 2147483828 2147483831 2147483839 2147483842 2147483845 2147483847 2147483852 2147483854 2147483856 2147483861 2147483864 2147483866 2147483869 2147483873 2147483878 2147483880 2147483883 2147483886 2147483890 2147483892 2147483895 2147483904 2147483907 2147483908 2147483914 2147483922 22 25 27 32 26 263 264 265 266 2147483654 2147483655 2147483656 2147483657 2147483658 2147483659 2147483661 2147483662 2147483663 2147483664 2147483665 2147483666 2147483668 2147483672 2147483678 2147483688 2147483691 2147483693 2147483694 2147483695 2147483696 2147483707 2147483713 2147483716 2147483717 2147483718 2147483719 2147483720 2147483721 2147483722 2147483723 2147483725 2147483728 2147483730 2147483738 2147483745 2147483749 2147483751 2147483753 2147483755 2147483760 2147483765 2147483767 2147483771 2147483775 2147483776 2147483782 2147483788 2147483789 2147483791 2147483811 2147483819 2147483821 2147483822 2147483825 2147483826 2147483828 2147483831 2147483839 2147483842 2147483845 2147483847 2147483852 2147483854 2147483856 2147483861 2147483864 2147483866 2147483869 2147483873 2147483878 2147483880 2147483883 2147483886 2147483890 2147483892 2147483895 2147483904 2147483907 2147483908 2147483914 2147483922 
2147483654 2147483650 2147483651 2147483652 2147483653 2147483650 2147483651 2147483652 2147483653 2147483655 2147483656 2147483657 2147483658 2147483659 2147483661 2147483662 2147483663 2147483664 2147483665 2147483666 2147483668 2147483672 2147483678 2147483688 2147483691 2147483693 2147483694 2147483695 2147483696 2147483707 2147483713 2147483716 2147483717 2147483718 2147483719 2147483720 2147483721 2147483722 2147483723 2147483725 2147483728 2147483730 2147483738 2147483745 2147483749 2147483751 2147483753 2147483755 2147483760 2147483765 2147483767 2147483771 2147483775 2147483776 2147483782 2147483788 2147483789 2147483791 2147483811 2147483819 2147483821 2147483822 2147483825 2147483826 2147483828 2147483831 2147483839 2147483842 2147483845 2147483847 2147483852 2147483854 2147483856 2147483861 2147483864 2147483866 2147483869 2147483873 2147483878 2147483880 2147483883 2147483886 2147483890 2147483892 2147483895 2147483904 2147483907 2147483908 2147483914 2147483922 22 25 27 32 26 263 264 265 266 2147483655 2147483656 2147483657 2147483658 2147483659 2147483661 2147483662 2147483663 2147483664 2147483665 2147483666 2147483668 2147483672 2147483678 2147483688 2147483691 2147483693 2147483694 2147483695 2147483696 2147483707 2147483713 2147483716 2147483717 2147483718 2147483719 2147483720 2147483721 2147483722 2147483723 2147483725 2147483728 2147483730 2147483738 2147483745 2147483749 2147483751 2147483753 2147483755 2147483760 2147483765 2147483767 2147483771 2147483775 2147483776 2147483782 2147483788 2147483789 2147483791 2147483811 2147483819 2147483821 2147483822 2147483825 2147483826 2147483828 2147483831 2147483839 2147483842 2147483845 2147483847 2147483852 2147483854 2147483856 2147483861 2147483864 2147483866 2147483869 2147483873 2147483878 2147483880 2147483883 2147483886 2147483890 2147483892 2147483895 2147483904 2147483907 2147483908 2147483914 2147483922 
2147483655 2147483650 2147483651 2147483652 2147483653 2147483654 2147483650 2147483651 2147483652 2147483653 2147483654 2147483656 2147483657 2147483658 2147483659 2147483661 2147483662 2147483663 2147483664 2147483665 2147483666 2147483668 2147483672 2147483678 2147483688 2147483691 2147483693 2147483694 2147483695 2147483696 2147483707 2147483713 2147483716 2147483717 2147483718 2147483719 2147483720 2147483721 2147483722 2147483723 2147483725 2147483728 2147483730 2147483738 2147483745 2147483749 2147483751 2147483753 2147483755 2147483760 2147483765 2147483767 2147483771 2147483775 2147483776 2147483782 2147483788 2147483789 2147483791 2147483811 2147483819 2147483821 2147483822 2147483825 2147483826 2147483828 2147483831 2147483839 2147483842 2147483845 2147483847 2147483852 2147483854 2147483856 2147483861 2147483864 2147483866 2147483869 2147483873 2147483878 2147483880 2147483883 2147483886 2147483890 2147483892 2147483895 2147483904 2147483907 2147483908 2147483914 2147483922 32 22 25 27 26 263 264 265 266 2147483656 2147483657 2147483658 2147483659 2147483661 2147483662 2147483663 2147483664 2147483665 2147483666 2147483668 2147483672 2147483678 2147483688 2147483691 2147483693 2147483694 2147483695 2147483696 2147483707 2147483713 2147483716 2147483717 2147483718 2147483719 2147483720 2147483721 2147483722 2147483723 2147483725 2147483728 2147483730 2147483738 2147483745 2147483749 2147483751 2147483753 2147483755 2147483760 2147483765 2147483767 2147483771 2147483775 2147483776 2147483782 2147483788 2147483789 2147483791 2147483811 2147483819 2147483821 2147483822 2147483825 2147483826 2147483828 2147483831 2147483839 2147483842 2147483845 2147483847 2147483852 2147483854 2147483856 2147483861 2147483864 2147483866 2147483869 2147483873 2147483878 2147483880 2147483883 2147483886 2147483890 2147483892 2147483895 2147483904 2147483907 2147483908 2147483914 2147483922 
2147483656 2147483650 2147483651 2147483652 2147483653 2147483654 2147483655 2147483650 2147483651 2147483652 2147483653 2147483654 2147483655 2147483657 2147483658 2147483659 2147483661 2147483662 2147483663 2147483664 2147483665 2147483666 2147483668 2147483672 2147483678 2147483688 2147483691 2147483693 2147483694 2147483695 2147483696 2147483707 2147483713 2147483716 2147483717 2147483718 2147483719 2147483720 2147483721 2147483722 2147483723 2147483725 2147483728 2147483730 2147483738 2147483745 2147483749 2147483751 2147483753 2147483755 2147483760 2147483765 2147483767 2147483771 2147483775 2147483776 2147483782 2147483788 2147483789 2147483791 2147483811 2147483819 2147483821 2147483822 2147483825 2147483826 2147483828 2147483831 2147483839 2147483842 2147483845 2147483847 2147483852 2147483854 2147483856 2147483861 2147483864 2147483866 2147483869 2147483873 2147483878 2147483880 2147483883 2147483886 2147483890 2147483892 2147483895 2147483904 2147483907 2147483908 2147483914 2147483922 52 49 54 57 53 127 128 129 130 2147483657 2147483658 2147483659 2147483661 2147483662 2147483663 2147483664 2147483665 2147483666 2147483668 2147483672 2147483678 2147483688 2147483691 2147483693 2147483694 2147483695 2147483696 2147483707 2147483713 2147483716 2147483717 2147483718 2147483719 2147483720 2147483721 2147483722 2147483723 2147483725 2147483728 2147483730 2147483738 2147483745 2147483749 2147483751 2147483753 2147483755 2147483760 2147483765 2147483767 2147483771 2147483775 2147483776 2147483782 2147483788 2147483789 2147483791 2147483811 2147483819 2147483821 2147483822 2147483825 2147483826 2147483828 2147483831 2147483839 2147483842 2147483845 2147483847 2147483852 2147483854 2147483856 2147483861 2147483864 2147483866 2147483869 2147483873 2147483878 2147483880 2147483883 2147483886 2147483890 2147483892 2147483895 2147483904 2147483907 2147483908 2147483914 2147483922 
2147483657 2147483650 2147483651 2147483652 2147483653 2147483654 2147483655 2147483656 2147483650 2147483651 2147483652 2147483653 2147483654 2147483655 2147483656 2147483658 2147483659 2147483661 2147483662 2147483663 2147483664 2147483665 2147483666 2147483668 2147483672 2147483678 2147483688 2147483691 2147483693 2147483694 2147483695 2147483696 2147483707 2147483713 2147483716 2147483717 2147483718 2147483719 2147483720 2147483721 2147483722 2147483723 2147483725 2147483728 2147483730 2147483738 2147483745 2147483749 2147483751 2147483753 2147483755 2147483760 2147483765 2147483767 2147483771 2147483775 2147483776 2147483782 2147483788 2147483789 2147483791 2147483811 2147483819 2147483821 2147483822 2147483825 2147483826 2147483828 2147483831 2147483839 2147483842 2147483845 2147483847 2147483852 2147483854 2147483856 2147483861 2147483864 2147483866 2147483869 2147483873 2147483878 2147483880 2147483883 2147483886 2147483890 2147483892 2147483895 2147483904 2147483907 2147483908 2147483914 2147483922 49 52 54 57 53 127 128 129 130 2147483658 2147483659 2147483661 2147483662 2147483663 2147483664 2147483665 2147483666 2147483668 2147483672 2147483678 2147483688 2147483691 2147483693 2147483694 2147483695 2147483696 2147483707 2147483713 2147483716 2147483717 2147483718 2147483719 2147483720 2147483721 2147483722 2147483723 2147483725 2147483728 2147483730 2147483738 2147483745 2147483749 2147483751 2147483753 2147483755 2147483760 2147483765 2147483767 2147483771 2147483775 2147483776 2147483782 2147483788 2147483789 2147483791 2147483811 2147483819 2147483821 2147483822 2147483825 2147483826 2147483828 2147483831 2147483839 2147483842 2147483845 2147483847 2147483852 2147483854 2147483856 2147483861 2147483864 2147483866 2147483869 2147483873 2147483878 2147483880 2147483883 2147483886 2147483890 2147483892 2147483895 2147483904 2147483907 2147483908 2147483914 2147483922 
2147483658 2147483650 2147483651 2147483652 2147483653 2147483654 2147483655 2147483656 2147483657 2147483650 2147483651 2147483652 2147483653 2147483654 2147483655 2147483656 2147483657 2147483659 2147483661 2147483662 2147483663 2147483664 2147483665 2147483666 2147483668 2147483672 2147483678 2147483688 2147483691 2147483693 2147483694 2147483695 2147483696 2147483707 2147483713 2147483716 2147483717 2147483718 2147483719 2147483720 2147483721 2147483722 2147483723 2147483725 2147483728 2147483730 2147483738 2147483745 2147483749 2147483751 2147483753 2147483755 2147483760 2147483765 2147483767 2147483771 2147483775 2147483776 2147483782 2147483788 2147483789 2147483791 2147483811 2147483819 2147483821 2147483822 2147483825 2147483826 2147483828 2147483831 2147483839 2147483842 2147483845 2147483847 2147483852 2147483854 2147483856 2147483861 2147483864 2147483866 2147483869 2147483873 2147483878 2147483880 2147483883 2147483886 2147483890 2147483892 2147483895 2147483904 2147483908 2147483914 2147483922 49 52 54 57 53 127 128 129 130 2147483659 2147483661 2147483662 2147483663 2147483664 2147483665 2147483666 2147483668 2147483672 2147483678 2147483688 2147483691 2147483693 2147483694 2147483695 2147483696 2147483707 2147483713 2147483716 2147483717 2147483718 2147483719 2147483720 2147483721 2147483722 2147483723 2147483725 2147483728 2147483730 2147483738 2147483745 2147483749 2147483751 2147483753 2147483755 2147483760 2147483765 2147483767 2147483771 2147483775 2147483776 2147483782 2147483788 2147483789 2147483791 2147483811 2147483819 2147483821 2147483822 2147483825 2147483826 2147483828 2147483831 2147483839 2147483842 2147483845 2147483847 2147483852 2147483854 2147483856 2147483861 2147483864 2147483866 2147483869 2147483873 2147483878 2147483880 2147483883 2147483886 2147483890 2147483892 2147483895 2147483904 2147483908 2147483914 2147483922 
2147483659 2147483650 2147483651 2147483652 2147483653 2147483654 2147483655 2147483656 2147483657 2147483658 2147483650 2147483651 2147483652 2147483653 2147483654 2147483655 2147483656 2147483657 2147483658 2147483661 2147483662 2147483663 2147483664 2147483665 2147483666 2147483668 2147483672 2147483678 2147483688 2147483691 2147483693 2147483694 2147483695 2147483696 2147483707 2147483713 2147483716 2147483717 2147483718 2147483719 2147483720 2147483721 2147483722 2147483723 2147483725 2147483728 2147483730 2147483738 2147483745 2147483749 2147483751 2147483753 2147483755 2147483760 2147483765 2147483767 2147483771 2147483775 2147483776 2147483782 2147483788 2147483789 2147483791 2147483811 2147483819 2147483821 2147483822 2147483825 2147483826 2147483828 2147483831 2147483839 2147483842 2147483845 2147483847 2147483852 2147483854 2147483856 2147483861 2147483864 2147483866 2147483869 2147483873 2147483878 2147483880 2147483883 2147483886 2147483890 2147483892 2147483895 2147483904 2147483907 2147483908 2147483914 2147483922 49 52 54 57 53 127 128 129 130 2147483661 2147483662 2147483663 2147483664 2147483665 2147483666 2147483668 2147483672 2147483678 2147483688 2147483691 2147483693 2147483694 2147483695 2147483696 2147483707 2147483713 2147483716 2147483717 2147483718 2147483719 2147483720 2147483721 2147483722 2147483723 2147483725 2147483728 2147483730 2147483738 2147483745 2147483749 2147483751 2147483753 2147483755 2147483760 2147483765 2147483767 2147483771 2147483775 2147483776 2147483782 2147483788 2147483789 2147483791 2147483811 2147483819 2147483821 2147483822 2147483825 2147483826 2147483828 2147483831 2147483839 2147483842 2147483845 2147483847 2147483852 2147483854 2147483856 2147483861 2147483864 2147483866 2147483869 2147483873 2147483878 2147483880 2147483883 2147483886 2147483890 2147483892 2147483895 2147483904 2147483907 2147483908 2147483914 2147483922 
2147483661 2147483650 2147483651 2147483652 2147483653 2147483654 2147483655 2147483656 2147483657 2147483658 2147483659 2147483650 2147483651 2147483652 2147483653 2147483654 2147483655 2147483656 2147483657 2147483658 2147483659 2147483662 2147483663 2147483664 2147483665 2147483666 2147483668 2147483672 2147483688 2147483691 2147483693 2147483694 2147483695 2147483696 2147483713 2147483716 2147483717 2147483718 2147483719 2147483720 2147483721 2147483722 2147483723 2147483725 2147483728 2147483730 2147483738 2147483745 2147483749 2147483751 2147483753 2147483755 2147483760 2147483765 2147483767 2147483771 2147483776 2147483822 2147483847 2147483856 2147483864 2147483866 2147483873 2147483880 2147483892 2147483904 2147483908 2147483922 49 52 54 57 53 127 128 129 130 2147483662 2147483663 2147483664 2147483665 2147483666 2147483668 2147483672 2147483688 2147483691 2147483693 2147483694 2147483695 2147483696 2147483713 2147483716 2147483717 2147483718 2147483719 2147483720 2147483721 2147483722 2147483723 2147483725 2147483728 2147483730 2147483738 2147483745 2147483749 2147483751 2147483753 2147483755 2147483760 2147483765 2147483767 2147483771 2147483776 2147483822 2147483847 2147483856 2147483864 2147483866 2147483873 2147483880 2147483892 2147483904 2147483908 2147483922 
2147483662 2147483650 2147483651 2147483652 2147483653 2147483654 2147483655 2147483656 2147483657 2147483658 2147483659 2147483661 2147483650 2147483651 2147483652 2147483653 2147483654 2147483655 2147483656 2147483657 2147483658 2147483659 2147483661 2147483663 2147483664 2147483665 2147483666 2147483668 2147483672 2147483678 2147483688 2147483691 2147483693 2147483694 2147483695 2147483696 2147483713 2147483716 2147483722 2147483738 2147483745 2147483749 2147483751 2147483753 2147483755 2147483760 2147483765 2147483767 2147483771 2147483775 2147483776 2147483782 2147483788 2147483789 2147483791 2147483811 2147483819 2147483821 2147483822 2147483825 2147483826 2147483828 2147483831 2147483839 2147483842 2147483845 2147483847 2147483852 2147483854 2147483856 2147483861 2147483864 2147483866 2147483869 2147483873 2147483878 2147483880 2147483883 2147483886 2147483890 2147483892 2147483895 2147483904 2147483908 2147483914 2147483922 52 2147483663 2147483664 2147483665 2147483666 2147483668 2147483672 2147483678 2147483688 2147483691 2147483693 2147483694 2147483695 2147483696 2147483713 2147483716 2147483722 2147483738 2147483745 2147483749 2147483751 2147483753 2147483755 2147483760 2147483765 2147483767 2147483771 2147483775 2147483776 2147483782 2147483788 2147483789 2147483791 2147483811 2147483819 2147483821 2147483822 2147483825 2147483826 2147483828 2147483831 2147483839 2147483842 2147483845 2147483847 2147483852 2147483854 2147483856 2147483861 2147483864 2147483866 2147483869 2147483873 2147483878 2147483880 2147483883 2147483886 2147483890 2147483892 2147483895 2147483904 2147483908 2147483914 2147483922 
2147483663 2147483650 2147483651 2147483652 2147483653 2147483654 2147483655 2147483656 2147483657 2147483658 2147483659 2147483661 2147483662 2147483650 2147483651 2147483652 2147483653 2147483654 2147483655 2147483656 2147483657 2147483658 2147483659 2147483661 2147483662 2147483664 2147483665 2147483666 2147483668 2147483672 2147483678 2147483688 2147483691 2147483693 2147483694 2147483695 2147483696 2147483713 2147483716 2147483722 2147483738 2147483745 2147483749 2147483751 2147483753 2147483755 2147483760 2147483765 2147483767 2147483771 2147483775 2147483776 2147483782 2147483788 2147483789 2147483791 2147483811 2147483819 2147483821 2147483822 2147483825 2147483826 2147483828 2147483831 2147483839 2147483842 2147483845 2147483847 2147483852 2147483854 2147483856 2147483861 2147483864 2147483866 2147483869 2147483873 2147483878 2147483880 2147483883 2147483886 2147483890 2147483892 2147483895 2147483904 2147483908 2147483914 2147483922 52 2147483664 2147483665 2147483666 2147483668 2147483672 2147483678 2147483688 2147483691 2147483693 2147483694 2147483695 2147483696 2147483713 2147483716 2147483722 2147483738 2147483745 2147483749 2147483751 2147483753 2147483755 2147483760 2147483765 2147483767 2147483771 2147483775 2147483776 2147483782 2147483788 2147483789 2147483791 2147483811 2147483819 2147483821 2147483822 2147483825 2147483826 2147483828 2147483831 2147483839 2147483842 2147483845 2147483847 2147483852 2147483854 2147483856 2147483861 2147483864 2147483866 2147483869 2147483873 2147483878 2147483880 2147483883 2147483886 2147483890 2147483892 2147483895 2147483904 2147483908 2147483914 2147483922 
2147483664 2147483650 2147483651 2147483652 2147483653 2147483654 2147483655 2147483656 2147483657 2147483658 2147483659 2147483661 2147483662 2147483663 2147483650 2147483651 2147483652 2147483653 2147483654 2147483655 2147483656 2147483657 2147483658 2147483659 2147483661 2147483662 2147483663 2147483665 2147483666 2147483668 2147483672 2147483678 2147483688 2147483691 2147483693 2147483694 2147483695 2147483696 2147483713 2147483716 2147483738 2147483745 2147483749 2147483751 2147483753 2147483755 2147483760 2147483765 2147483767 2147483771 2147483775 2147483776 2147483782 2147483788 2147483789 2147483791 2147483819 2147483821 2147483822 2147483825 2147483826 2147483828 2147483831 2147483839 2147483842 2147483845 2147483847 2147483852 2147483854 2147483856 2147483861 2147483864 2147483866 2147483873 2147483880 2147483892 2147483904 2147483908 2147483914 2147483922 52 2147483665 2147483666 2147483668 2147483672 2147483678 2147483688 2147483691 2147483693 2147483694 2147483695 2147483696 2147483713 2147483716 2147483738 2147483745 2147483749 2147483751 2147483753 2147483755 2147483760 2147483765 2147483767 2147483771 2147483775 2147483776 2147483782 2147483788 2147483789 2147483791 2147483819 2147483821 2147483822 2147483825 2147483826 2147483828 2147483831 2147483839 2147483842 2147483845 2147483847 2147483852 2147483854 2147483856 2147483861 2147483864 2147483866 2147483873 2147483880 2147483892 2147483904 2147483908 2147483914 2147483922 
2147483665 2147483650 2147483651 2147483652 2147483653 2147483654 2147483655 2147483656 2147483657 2147483658 2147483659 2147483661 2147483662 2147483663 2147483664 2147483650 2147483651 2147483652 2147483653 2147483654 2147483655 2147483656 2147483657 2147483658 2147483659 2147483661 2147483662 2147483663 2147483664 2147483666 2147483668 2147483672 2147483678 2147483688 2147483691 2147483693 2147483694 2147483695 2147483696 2147483713 2147483716 2147483738 2147483745 2147483749 2147483751 2147483753 2147483755 2147483760 2147483765 2147483767 2147483771 2147483775 2147483776 2147483782 2147483788 2147483789 2147483791 2147483819 2147483821 2147483822 2147483825 2147483826 2147483828 2147483831 2147483839 2147483842 2147483845 2147483847 2147483852 2147483854 2147483856 2147483861 2147483864 2147483866 2147483873 2147483880 2147483892 2147483904 2147483908 2147483914 2147483922 52 2147483666 2147483668 2147483672 2147483678 2147483688 2147483691 2147483693 2147483694 2147483695 2147483696 2147483713 2147483716 2147483738 2147483745 2147483749 2147483751 2147483753 2147483755 2147483760 2147483765 2147483767 2147483771 2147483775 2147483776 2147483782 2147483788 2147483789 2147483791 2147483819 2147483821 2147483822 2147483825 2147483826 2147483828 2147483831 2147483839 2147483842 2147483845 2147483847 2147483852 2147483854 2147483856 2147483861 2147483864 2147483866 2147483873 2147483880 2147483892 2147483904 2147483908 2147483914 2147483922 
2147483666 2147483650 2147483651 2147483652 2147483653 2147483654 2147483655 2147483656 2147483657 2147483658 2147483659 2147483661 2147483662 2147483663 2147483664 2147483665 2147483650 2147483651 2147483652 2147483653 2147483654 2147483655 2147483656 2147483657 2147483658 2147483659 2147483661 2147483662 2147483663 2147483664 2147483665 2147483668 2147483672 2147483688 2147483691 2147483693 2147483694 2147483695 2147483696 2147483713 2147483716 2147483721 2147483722 2147483738 2147483745 2147483749 2147483751 2147483753 2147483755 2147483760 2147483765 2147483767 2147483776 2147483822 2147483847 2147483856 2147483864 2147483866 2147483873 2147483880 2147483892 2147483904 2147483908 2147483922 2147483668 2147483672 2147483688 2147483691 2147483693 2147483694 2147483695 2147483696 2147483713 2147483716 2147483721 2147483722 2147483738 2147483745 2147483749 2147483751 2147483753 2147483755 2147483760 2147483765 2147483767 2147483776 2147483822 2147483847 2147483856 2147483864 2147483866 2147483873 2147483880 2147483892 2147483904 2147483908 2147483922 
2147483668 2147483650 2147483651 2147483652 2147483653 2147483654 2147483655 2147483656 2147483657 2147483658 2147483659 2147483661 2147483662 2147483663 2147483664 2147483665 2147483666 2147483650 2147483651 2147483652 2147483653 2147483654 2147483655 2147483656 2147483657 2147483658 2147483659 2147483661 2147483662 2147483663 2147483664 2147483665 2147483666 2147483672 2147483678 2147483688 2147483691 2147483693 2147483694 2147483695 2147483696 2147483713 2147483716 2147483738 2147483749 2147483751 2147483753 2147483755 2147483760 2147483765 2147483767 2147483771 2147483775 2147483776 2147483782 2147483788 2147483789 2147483791 2147483819 2147483821 2147483822 2147483825 2147483826 2147483828 2147483831 2147483847 2147483856 2147483864 2147483866 2147483873 2147483880 2147483892 2147483904 2147483908 2147483922 2147483672 2147483678 2147483688 2147483691 2147483693 2147483694 2147483695 2147483696 2147483713 2147483716 2147483738 2147483749 2147483751 2147483753 2147483755 2147483760 2147483765 2147483767 2147483771 2147483775 2147483776 2147483782 2147483788 2147483789 2147483791 2147483819 2147483821 2147483822 2147483825 2147483826 2147483828 2147483831 2147483847 2147483856 2147483864 2147483866 2147483873 2147483880 2147483892 2147483904 2147483908 2147483922 
2147483672 2147483650 2147483651 2147483652 2147483653 2147483654 2147483655 2147483656 2147483657 2147483658 2147483659 2147483661 2147483662 2147483663 2147483664 2147483665 2147483666 2147483668 2147483650 2147483651 2147483652 2147483653 2147483654 2147483655 2147483656 2147483657 2147483658 2147483659 2147483661 2147483662 2147483663 2147483664 2147483665 2147483666 2147483668 2147483678 2147483693 2147483694 2147483695 2147483696 2147483713 2147483716 2147483738 2147483745 2147483749 2147483751 2147483753 2147483755 2147483776 2147483821 2147483822 2147483825 2147483826 2147483828 2147483831 2147483847 2147483856 2147483864 2147483866 2147483873 2147483880 2147483892 2147483908 2147483922 2147483678 2147483693 2147483694 2147483695 2147483696 2147483713 2147483716 2147483738 2147483745 2147483749 2147483751 2147483753 2147483755 2147483776 2147483821 2147483822 2147483825 2147483826 2147483828 2147483831 2147483847 2147483856 2147483864 2147483866 2147483873 2147483880 2147483892 2147483908 2147483922 
2147483678 2147483650 2147483651 2147483652 2147483653 2147483654 2147483655 2147483656 2147483657 2147483658 2147483659 2147483662 2147483663 2147483664 2147483665 2147483668 2147483672 2147483650 2147483651 2147483652 2147483653 2147483654 2147483655 2147483656 2147483657 2147483658 2147483659 2147483662 2147483663 2147483664 2147483665 2147483668 2147483672 2147483693 2147483694 2147483695 2147483696 2147483713 2147483716 2147483738 2147483821 2147483822 2147483825 2147483831 2147483839 2147483842 2147483845 2147483847 2147483852 2147483854 2147483856 2147483861 2147483864 2147483866 2147483873 2147483880 2147483892 2147483908 2147483914 2147483922 11 2147483693 2147483694 2147483695 2147483696 2147483713 2147483716 2147483738 2147483821 2147483822 2147483825 2147483831 2147483839 2147483842 2147483845 2147483847 2147483852 2147483854 2147483856 2147483861 2147483864 2147483866 2147483873 2147483880 2147483892 2147483908 2147483914 2147483922 
2147483688 2147483650 2147483651 2147483652 2147483653 2147483654 2147483655 2147483656 2147483657 2147483658 2147483659 2147483661 2147483662 2147483663 2147483664 2147483665 2147483666 2147483668 2147483650 2147483651 2147483652 2147483653 2147483654 2147483655 2147483656 2147483657 2147483658 2147483659 2147483661 2147483662 2147483663 2147483664 2147483665 2147483666 2147483668 2147483691 2147483693 2147483694 2147483695 2147483696 2147483713 2147483716 2147483738 2147483760 2147483765 2147483767 2147483771 2147483775 2147483776 2147483782 2147483788 2147483789 2147483791 2147483819 2147483847 2147483856 2147483864 2147483866 2147483873 2147483880 2147483892 2147483904 2147483908 2147483922 2147483691 2147483693 2147483694 2147483695 2147483696 2147483713 2147483716 2147483738 2147483760 2147483765 2147483767 2147483771 2147483775 2147483776 2147483782 2147483788 2147483789 2147483791 2147483819 2147483847 2147483856 2147483864 2147483866 2147483873 2147483880 2147483892 2147483904 2147483908 2147483922 
2147483691 2147483650 2147483651 2147483652 2147483653 2147483654 2147483655 2147483656 2147483657 2147483658 2147483659 2147483661 2147483662 2147483663 2147483664 2147483665 2147483666 2147483668 2147483688 2147483650 2147483651 2147483652 2147483653 2147483654 2147483655 2147483656 2147483657 2147483658 2147483659 2147483661 2147483662 2147483663 2147483664 2147483665 2147483666 2147483668 2147483688 2147483693 2147483694 2147483695 2147483696 2147483713 2147483716 2147483738 2147483767 2147483771 2147483775 2147483776 2147483782 2147483788 2147483789 2147483791 2147483819 2147483847 2147483856 2147483864 2147483866 2147483873 2147483880 2147483892 2147483904 2147483908 2147483922 2147483693 2147483694 2147483695 2147483696 2147483713 2147483716 2147483738 2147483767 2147483771 2147483775 2147483776 2147483782 2147483788 2147483789 2147483791 2147483819 2147483847 2147483856 2147483864 2147483866 2147483873 2147483880 2147483892 2147483904 2147483908 2147483922 
2147483693 2147483650 2147483651 2147483652 2147483653 2147483654 2147483655 2147483656 2147483657 2147483658 2147483659 2147483661 2147483662 2147483663 2147483664 2147483665 2147483666 2147483668 2147483672 2147483678 2147483688 2147483691 2147483650 2147483651 2147483652 2147483653 2147483654 2147483655 2147483656 2147483657 2147483658 2147483659 2147483661 2147483662 2147483663 2147483664 2147483665 2147483666 2147483668 2147483672 2147483678 2147483688 2147483691 2147483694 2147483695 2147483696 2147483698 2147483700 2147483701 2147483703 2147483705 2147483707 2147483713 2147483716 2147483717 2147483718 2147483719 2147483720 2147483721 2147483722 2147483723 2147483725 2147483728 2147483730 2147483738 2147483745 2147483749 2147483751 2147483753 2147483755 2147483760 2147483765 2147483767 2147483771 2147483775 2147483776 2147483782 2147483788 2147483789 2147483791 2147483811 2147483819 2147483821 2147483822 2147483825 2147483826 2147483828 2147483831 2147483839 2147483842 2147483845 2147483847 2147483852 2147483854 2147483856 2147483861 2147483864 2147483866 2147483869 2147483873 2147483878 2147483880 2147483883 2147483886 2147483890 2147483892 2147483895 2147483904 2147483907 2147483908 2147483914 2147483922 26 22 25 27 32 263 264 265 266 2147483694 2147483695 2147483696 2147483698 2147483700 2147483701 2147483703 2147483705 2147483707 2147483713 2147483716 2147483717 2147483718 2147483719 2147483720 2147483721 2147483722 2147483723 2147483725 2147483728 2147483730 2147483738 2147483745 2147483749 2147483751 2147483753 2147483755 2147483760 2147483765 2147483767 2147483771 2147483775 2147483776 2147483782 2147483788 2147483789 2147483791 2147483811 2147483819 2147483821 2147483822 2147483825 2147483826 2147483828 2147483831 2147483839 2147483842 2147483845 2147483847 2147483852 2147483854 2147483856 2147483861 2147483864 2147483866 2147483869 2147483873 2147483878 2147483880 2147483883 2147483886 2147483890 2147483892 2147483895 2147483904 2147483907 2147483908 2147483914 2147483922 
2147483694 2147483650 2147483651 2147483652 2147483653 2147483654 2147483655 2147483656 2147483657 2147483658 2147483659 2147483661 2147483662 2147483663 2147483664 2147483665 2147483666 2147483668 2147483672 2147483678 2147483688 2147483691 2147483693 2147483650 2147483651 2147483652 2147483653 2147483654 2147483655 2147483656 2147483657 2147483658 2147483659 2147483661 2147483662 2147483663 2147483664 2147483665 2147483666 2147483668 2147483672 2147483678 2147483688 2147483691 2147483693 2147483695 2147483696 2147483698 2147483700 2147483701 2147483703 2147483705 2147483707 2147483713 2147483716 2147483717 2147483718 2147483719 2147483720 2147483721 2147483722 2147483723 2147483725 2147483728 2147483730 2147483738 2147483745 2147483749 2147483751 2147483753 2147483755 2147483760 2147483765 2147483767 2147483771 2147483775 2147483776 2147483782 2147483788 2147483789 2147483791 2147483811 2147483819 2147483821 2147483822 2147483825 2147483826 2147483828 2147483831 2147483839 2147483842 2147483845 2147483847 2147483852 2147483854 2147483856 2147483861 2147483864 2147483866 2147483869 2147483873 2147483878 2147483880 2147483883 2147483886 2147483890 2147483892 2147483895 2147483904 2147483907 2147483908 2147483914 2147483922 57 49 52 54 53 127 128 129 130 2147483695 2147483696 2147483698 2147483700 2147483701 2147483703 2147483705 2147483707 2147483713 2147483716 2147483717 2147483718 2147483719 2147483720 2147483721 2147483722 2147483723 2147483725 2147483728 2147483730 2147483738 2147483745 2147483749 2147483751 2147483753 2147483755 2147483760 2147483765 2147483767 2147483771 2147483775 2147483776 2147483782 2147483788 2147483789 2147483791 2147483811 2147483819 2147483821 2147483822 2147483825 2147483826 2147483828 2147483831 2147483839 2147483842 2147483845 2147483847 2147483852 2147483854 2147483856 2147483861 2147483864 2147483866 2147483869 2147483873 2147483878 2147483880 2147483883 2147483886 2147483890 2147483892 2147483895 2147483904 2147483907 2147483908 2147483914 2147483922 
2147483695 2147483650 2147483651 2147483652 2147483653 2147483654 2147483655 2147483656 2147483657 2147483658 2147483659 2147483661 2147483662 2147483663 2147483664 2147483665 2147483666 2147483668 2147483672 2147483678 2147483688 2147483691 2147483693 2147483694 2147483650 2147483651 2147483652 2147483653 2147483654 2147483655 2147483656 2147483657 2147483658 2147483659 2147483661 2147483662 2147483663 2147483664 2147483665 2147483666 2147483668 2147483672 2147483678 2147483688 2147483691 2147483693 2147483694 2147483696 2147483698 2147483700 2147483701 2147483703 2147483705 2147483707 2147483713 2147483716 2147483717 2147483718 2147483719 2147483720 2147483721 2147483722 2147483723 2147483725 2147483728 2147483730 2147483738 2147483745 2147483749 2147483751 2147483753 2147483755 2147483760 2147483765 2147483767 2147483771 2147483775 2147483776 2147483782 2147483788 2147483789 2147483791 2147483811 2147483819 2147483821 2147483822 2147483825 2147483826 2147483828 2147483831 2147483839 2147483842 2147483845 2147483847 2147483852 2147483854 2147483856 2147483861 2147483864 2147483866 2147483869 2147483873 2147483878 2147483880 2147483883 2147483886 2147483890 2147483892 2147483895 2147483904 2147483907 2147483908 2147483914 2147483922 54 49 52 57 53 127 128 129 130 2147483696 2147483698 2147483700 2147483701 2147483703 2147483705 2147483707 2147483713 2147483716 2147483717 2147483718 2147483719 2147483720 2147483721 2147483722 2147483723 2147483725 2147483728 2147483730 2147483738 2147483745 2147483749 2147483751 2147483753 2147483755 2147483760 2147483765 2147483767 2147483771 2147483775 2147483776 2147483782 2147483788 2147483789 2147483791 2147483811 2147483819 2147483821 2147483822 2147483825 2147483826 2147483828 2147483831 2147483839 2147483842 2147483845 2147483847 2147483852 2147483854 2147483856 2147483861 2147483864 2147483866 2147483869 2147483873 2147483878 2147483880 2147483883 2147483886 2147483890 2147483892 2147483895 2147483904 2147483907 2147483908 2147483914 2147483922 
2147483696 2147483650 2147483651 2147483652 2147483653 2147483654 2147483655 2147483656 2147483657 2147483658 2147483659 2147483661 2147483662 2147483663 2147483664 2147483665 2147483666 2147483668 2147483672 2147483678 2147483688 2147483691 2147483693 2147483694 2147483695 2147483650 2147483651 2147483652 2147483653 2147483654 2147483655 2147483656 2147483657 2147483658 2147483659 2147483661 2147483662 2147483663 2147483664 2147483665 2147483666 2147483668 2147483672 2147483678 2147483688 2147483691 2147483693 2147483694 2147483695 2147483698 2147483700 2147483701 2147483703 2147483705 2147483707 2147483713 2147483716 2147483717 2147483718 2147483719 2147483720 2147483721 2147483722 2147483723 2147483725 2147483728 2147483730 2147483738 2147483745 2147483749 2147483751 2147483753 2147483755 2147483760 2147483765 2147483767 2147483771 2147483775 2147483776 2147483782 2147483788 2147483789 2147483791 2147483811 2147483819 2147483821 2147483822 2147483825 2147483826 2147483828 2147483831 2147483839 2147483842 2147483845 2147483847 2147483852 2147483854 2147483856 2147483861 2147483864 2147483866 2147483869 2147483873 2147483878 2147483880 2147483883 2147483886 2147483890 2147483892 2147483895 2147483904 2147483907 2147483908 2147483914 2147483922 53 52 49 54 57 127 128 129 130 2147483698 2147483700 2147483701 2147483703 2147483705 2147483707 2147483713 2147483716 2147483717 2147483718 2147483719 2147483720 2147483721 2147483722 2147483723 2147483725 2147483728 2147483730 2147483738 2147483745 2147483749 2147483751 2147483753 2147483755 2147483760 2147483765 2147483767 2147483771 2147483775 2147483776 2147483782 2147483788 2147483789 2147483791 2147483811 2147483819 2147483821 2147483822 2147483825 2147483826 2147483828 2147483831 2147483839 2147483842 2147483845 2147483847 2147483852 2147483854 2147483856 2147483861 2147483864 2147483866 2147483869 2147483873 2147483878 2147483880 2147483883 2147483886 2147483890 2147483892 2147483895 2147483904 2147483907 2147483908 2147483914 2147483922 
2147483698 2147483693 2147483694 2147483695 2147483696 2147483693 2147483694 2147483695 2147483696 2147483922 52 54 57 53 127 2147483922 
2147483700 2147483693 2147483694 2147483695 2147483696 2147483693 2147483694 2147483695 2147483696 2147483922 2147483922 
2147483701 2147483650 2147483693 2147483694 2147483695 2147483696 2147483650 2147483693 2147483694 2147483695 2147483696 2147483703 2147483907 2147483922 2147483703 2147483907 2147483922 
2147483703 2147483650 2147483693 2147483694 2147483695 2147483696 2147483701 2147483650 2147483693 2147483694 2147483695 2147483696 2147483701 2147483907 2147483922 2147483907 2147483922 
2147483705 2147483650 2147483651 2147483693 2147483694 2147483695 2147483696 2147483650 2147483651 2147483693 2147483694 2147483695 2147483696 2147483907 2147483922 2147483907 2147483922 
2147483707 2147483650 2147483651 2147483652 2147483653 2147483654 2147483655 2147483656 2147483657 2147483658 2147483659 2147483693 2147483694 2147483695 2147483696 2147483650 2147483651 2147483652 2147483653 2147483654 2147483655 2147483656 2147483657 2147483658 2147483659 2147483693 2147483694 2147483695 2147483696 2147483907 2147483922 2147483907 2147483922 
2147483713 2147483650 2147483651 2147483652 2147483653 2147483654 2147483655 2147483656 2147483657 2147483658 2147483659 2147483661 2147483662 2147483663 2147483664 2147483665 2147483666 2147483668 2147483672 2147483678 2147483688 2147483691 2147483693 2147483694 2147483695 2147483696 2147483650 2147483651 2147483652 2147483653 2147483654 2147483655 2147483656 2147483657 2147483658 2147483659 2147483661 2147483662 2147483663 2147483664 2147483665 2147483666 2147483668 2147483672 2147483678 2147483688 2147483691 2147483693 2147483694 2147483695 2147483696 2147483716 2147483717 2147483718 2147483719 2147483720 2147483721 2147483722 2147483723 2147483725 2147483728 2147483730 2147483738 2147483745 2147483749 2147483751 2147483753 2147483755 2147483760 2147483765 2147483767 2147483771 2147483775 2147483776 2147483782 2147483788 2147483789 2147483791 2147483811 2147483819 2147483821 2147483822 2147483825 2147483826 2147483828 2147483831 2147483839 2147483842 2147483845 2147483847 2147483852 2147483854 2147483856 2147483861 2147483864 2147483866 2147483869 2147483873 2147483878 2147483880 2147483883 2147483886 2147483890 2147483892 2147483895 2147483904 2147483908 2147483914 2147483922 127 49 52 54 57 53 128 129 130 2147483716 2147483717 2147483718 2147483719 2147483720 2147483721 2147483722 2147483723 2147483725 2147483728 2147483730 2147483738 2147483745 2147483749 2147483751 2147483753 2147483755 2147483760 2147483765 2147483767 2147483771 2147483775 2147483776 2147483782 2147483788 2147483789 2147483791 2147483811 2147483819 2147483821 2147483822 2147483825 2147483826 2147483828 2147483831 2147483839 2147483842 2147483845 2147483847 2147483852 2147483854 2147483856 2147483861 2147483864 2147483866 2147483869 2147483873 2147483878 2147483880 2147483883 2147483886 2147483890 2147483892 2147483895 2147483904 2147483908 2147483914 2147483922 
2147483716 2147483650 2147483651 2147483652 2147483653 2147483654 2147483655 2147483656 2147483657 2147483658 2147483659 2147483661 2147483662 2147483663 2147483664 2147483665 2147483666 2147483668 2147483672 2147483678 2147483688 2147483691 2147483693 2147483694 2147483695 2147483696 2147483713 2147483650 2147483651 2147483652 2147483653 2147483654 2147483655 2147483656 2147483657 2147483658 2147483659 2147483661 2147483662 2147483663 2147483664 2147483665 2147483666 2147483668 2147483672 2147483678 2147483688 2147483691 2147483693 2147483694 2147483695 2147483696 2147483713 2147483717 2147483718 2147483719 2147483720 2147483721 2147483722 2147483723 2147483725 2147483728 2147483730 2147483738 2147483745 2147483749 2147483751 2147483753 2147483755 2147483760 2147483765 2147483767 2147483771 2147483775 2147483776 2147483782 2147483788 2147483789 2147483791 2147483811 2147483819 2147483821 2147483822 2147483825 2147483826 2147483828 2147483831 2147483839 2147483842 2147483845 2147483847 2147483852 2147483854 2147483856 2147483861 2147483864 2147483866 2147483869 2147483873 2147483878 2147483880 2147483883 2147483886 2147483890 2147483892 2147483895 2147483904 2147483908 2147483914 2147483922 127 49 52 54 57 53 128 129 130 2147483717 2147483718 2147483719 2147483720 2147483721 2147483722 2147483723 2147483725 2147483728 2147483730 2147483738 2147483745 2147483749 2147483751 2147483753 2147483755 2147483760 2147483765 2147483767 2147483771 2147483775 2147483776 2147483782 2147483788 2147483789 2147483791 2147483811 2147483819 2147483821 2147483822 2147483825 2147483826 2147483828 2147483831 2147483839 2147483842 2147483845 2147483847 2147483852 2147483854 2147483856 2147483861 2147483864 2147483866 2147483869 2147483873 2147483878 2147483880 2147483883 2147483886 2147483890 2147483892 2147483895 2147483904 2147483908 2147483914 2147483922 
2147483717 2147483650 2147483651 2147483652 2147483653 2147483654 2147483655 2147483656 2147483657 2147483658 2147483659 2147483661 2147483693 2147483694 2147483695 2147483696 2147483713 2147483716 2147483650 2147483651 2147483652 2147483653 2147483654 2147483655 2147483656 2147483657 2147483658 2147483659 2147483661 2147483693 2147483694 2147483695 2147483696 2147483713 2147483716 2147483718 2147483719 2147483720 2147483738 2147483908 2147483922 2147483718 2147483719 2147483720 2147483738 2147483908 2147483922 
2147483718 2147483650 2147483651 2147483652 2147483653 2147483654 2147483655 2147483656 2147483657 2147483658 2147483659 2147483661 2147483693 2147483694 2147483695 2147483696 2147483713 2147483716 2147483717 2147483650 2147483651 2147483652 2147483653 2147483654 2147483655 2147483656 2147483657 2147483658 2147483659 2147483661 2147483693 2147483694 2147483695 2147483696 2147483713 2147483716 2147483717 2147483738 2147483908 2147483922 2147483738 2147483908 2147483922 
2147483719 2147483650 2147483651 2147483652 2147483653 2147483654 2147483655 2147483656 2147483657 2147483658 2147483659 2147483661 2147483693 2147483694 2147483695 2147483696 2147483713 2147483716 2147483717 2147483650 2147483651 2147483652 2147483653 2147483654 2147483655 2147483656 2147483657 2147483658 2147483659 2147483661 2147483693 2147483694 2147483695 2147483696 2147483713 2147483716 2147483717 2147483720 2147483738 2147483908 2147483922 2147483720 2147483738 2147483908 2147483922 
2147483720 2147483650 2147483651 2147483652 2147483653 2147483654 2147483655 2147483656 2147483657 2147483658 2147483659 2147483661 2147483693 2147483694 2147483695 2147483696 2147483713 2147483716 2147483717 2147483719 2147483650 2147483651 2147483652 2147483653 2147483654 2147483655 2147483656 2147483657 2147483658 2147483659 2147483661 2147483693 2147483694 2147483695 2147483696 2147483713 2147483716 2147483717 2147483719 2147483723 2147483738 2147483908 2147483922 2147483723 2147483738 2147483908 2147483922 
2147483721 2147483650 2147483651 2147483652 2147483653 2147483654 2147483655 2147483656 2147483657 2147483658 2147483659 2147483661 2147483666 2147483693 2147483694 2147483695 2147483696 2147483713 2147483716 2147483650 2147483651 2147483652 2147483653 2147483654 2147483655 2147483656 2147483657 2147483658 2147483659 2147483661 2147483666 2147483693 2147483694 2147483695 2147483696 2147483713 2147483716 2147483738 2147483745 2147483908 2147483922 2147483738 2147483745 2147483908 2147483922 
2147483722 2147483650 2147483651 2147483652 2147483653 2147483654 2147483655 2147483656 2147483657 2147483658 2147483659 2147483661 2147483662 2147483663 2147483666 2147483693 2147483694 2147483695 2147483696 2147483713 2147483716 2147483650 2147483651 2147483652 2147483653 2147483654 2147483655 2147483656 2147483657 2147483658 2147483659 2147483661 2147483662 2147483663 2147483666 2147483693 2147483694 2147483695 2147483696 2147483713 2147483716 2147483738 2147483745 2147483908 2147483922 2147483738 2147483745 2147483908 2147483922 
2147483723 2147483650 2147483651 2147483652 2147483653 2147483654 2147483655 2147483656 2147483657 2147483658 2147483659 2147483661 2147483693 2147483694 2147483695 2147483696 2147483713 2147483716 2147483720 2147483650 2147483651 2147483652 2147483653 2147483654 2147483655 2147483656 2147483657 2147483658 2147483659 2147483661 2147483693 2147483694 2147483695 2147483696 2147483713 2147483716 2147483720 2147483725 2147483738 2147483908 2147483922 2147483725 2147483738 2147483908 2147483922 
2147483725 2147483650 2147483651 2147483652 2147483653 2147483654 2147483655 2147483656 2147483657 2147483658 2147483659 2147483661 2147483693 2147483694 2147483695 2147483696 2147483713 2147483716 2147483723 2147483650 2147483651 2147483652 2147483653 2147483654 2147483655 2147483656 2147483657 2147483658 2147483659 2147483661 2147483693 2147483694 2147483695 2147483696 2147483713 2147483716 2147483723 2147483738 2147483908 2147483922 2147483738 2147483908 2147483922 
2147483728 2147483650 2147483651 2147483652 2147483653 2147483654 2147483655 2147483656 2147483657 2147483658 2147483659 2147483661 2147483693 2147483694 2147483695 2147483696 2147483713 2147483716 2147483650 2147483651 2147483652 2147483653 2147483654 2147483655 2147483656 2147483657 2147483658 2147483659 2147483661 2147483693 2147483694 2147483695 2147483696 2147483713 2147483716 2147483730 2147483738 2147483908 2147483922 2147483730 2147483738 2147483908 2147483922 
2147483730 2147483650 2147483651 2147483652 2147483653 2147483654 2147483655 2147483656 2147483657 2147483658 2147483659 2147483661 2147483693 2147483694 2147483695 2147483696 2147483713 2147483716 2147483728 2147483650 2147483651 2147483652 2147483653 2147483654 2147483655 2147483656 2147483657 2147483658 2147483659 2147483661 2147483693 2147483694 2147483695 2147483696 2147483713 2147483716 2147483728 2147483738 2147483908 2147483922 2147483738 2147483908 2147483922 
2147483738 2147483650 2147483651 2147483652 2147483653 2147483654 2147483655 2147483656 2147483657 2147483658 2147483659 2147483661 2147483662 2147483663 2147483664 2147483665 2147483666 2147483668 2147483672 2147483678 2147483688 2147483691 2147483693 2147483694 2147483695 2147483696 2147483713 2147483716 2147483717 2147483718 2147483719 2147483720 2147483721 2147483722 2147483723 2147483725 2147483728 2147483730 2147483650 2147483651 2147483652 2147483653 2147483654 2147483655 2147483656 2147483657 2147483658 2147483659 2147483661 2147483662 2147483663 2147483664 2147483665 2147483666 2147483668 2147483672 2147483678 2147483688 2147483691 2147483693 2147483694 2147483695 2147483696 2147483713 2147483716 2147483717 2147483718 2147483719 2147483720 2147483721 2147483722 2147483723 2147483725 2147483728 2147483730 2147483745 2147483749 2147483751 2147483753 2147483755 2147483760 2147483765 2147483767 2147483771 2147483775 2147483776 2147483782 2147483788 2147483789 2147483791 2147483811 2147483819 2147483821 2147483822 2147483825 2147483826 2147483828 2147483831 2147483839 2147483842 2147483845 2147483847 2147483852 2147483854 2147483856 2147483861 2147483864 2147483866 2147483869 2147483873 2147483878 2147483880 2147483883 2147483886 2147483890 2147483892 2147483895 2147483904 2147483908 2147483914 2147483922 22 25 27 32 26 263 264 265 266 2147483745 2147483749 2147483751 2147483753 2147483755 2147483760 2147483765 2147483767 2147483771 2147483775 2147483776 2147483782 2147483788 2147483789 2147483791 2147483811 2147483819 2147483821 2147483822 2147483825 2147483826 2147483828 2147483831 2147483839 2147483842 2147483845 2147483847 2147483852 2147483854 2147483856 2147483861 2147483864 2147483866 2147483869 2147483873 2147483878 2147483880 2147483883 2147483886 2147483890 2147483892 2147483895 2147483904 2147483908 2147483914 2147483922 
2147483745 2147483650 2147483651 2147483652 2147483653 2147483654 2147483655 2147483656 2147483657 2147483658 2147483659 2147483661 2147483662 2147483663 2147483664 2147483665 2147483666 2147483672 2147483693 2147483694 2147483695 2147483696 2147483713 2147483716 2147483721 2147483722 2147483738 2147483650 2147483651 2147483652 2147483653 2147483654 2147483655 2147483656 2147483657 2147483658 2147483659 2147483661 2147483662 2147483663 2147483664 2147483665 2147483666 2147483672 2147483693 2147483694 2147483695 2147483696 2147483713 2147483716 2147483721 2147483722 2147483738 2147483776 2147483822 2147483856 2147483866 2147483908 2147483922 2147483776 2147483822 2147483856 2147483866 2147483908 2147483922 
2147483749 2147483650 2147483651 2147483652 2147483653 2147483654 2147483655 2147483656 2147483657 2147483658 2147483659 2147483661 2147483662 2147483663 2147483664 2147483665 2147483666 2147483668 2147483672 2147483693 2147483694 2147483695 2147483696 2147483713 2147483716 2147483738 2147483650 2147483651 2147483652 2147483653 2147483654 2147483655 2147483656 2147483657 2147483658 2147483659 2147483661 2147483662 2147483663 2147483664 2147483665 2147483666 2147483668 2147483672 2147483693 2147483694 2147483695 2147483696 2147483713 2147483716 2147483738 2147483751 2147483776 2147483822 2147483856 2147483864 2147483866 2147483908 2147483922 2147483751 2147483776 2147483822 2147483856 2147483864 2147483866 2147483908 2147483922 
2147483751 2147483650 2147483651 2147483652 2147483653 2147483654 2147483655 2147483656 2147483657 2147483658 2147483659 2147483661 2147483662 2147483663 2147483664 2147483665 2147483666 2147483668 2147483672 2147483693 2147483694 2147483695 2147483696 2147483713 2147483716 2147483738 2147483749 2147483650 2147483651 2147483652 2147483653 2147483654 2147483655 2147483656 2147483657 2147483658 2147483659 2147483661 2147483662 2147483663 2147483664 2147483665 2147483666 2147483668 2147483672 2147483693 2147483694 2147483695 2147483696 2147483713 2147483716 2147483738 2147483749 2147483776 2147483822 2147483856 2147483864 2147483866 2147483908 2147483922 2147483776 2147483822 2147483856 2147483864 2147483866 2147483908 2147483922 
2147483753 2147483650 2147483651 2147483652 2147483653 2147483654 2147483655 2147483656 2147483657 2147483658 2147483659 2147483661 2147483662 2147483663 2147483664 2147483665 2147483666 2147483668 2147483672 2147483693 2147483694 2147483695 2147483696 2147483713 2147483716 2147483738 2147483650 2147483651 2147483652 2147483653 2147483654 2147483655 2147483656 2147483657 2147483658 2147483659 2147483661 2147483662 2147483663 2147483664 2147483665 2147483666 2147483668 2147483672 2147483693 2147483694 2147483695 2147483696 2147483713 2147483716 2147483738 2147483755 2147483776 2147483822 2147483856 2147483864 2147483866 2147483873 2147483908 2147483922 2147483755 2147483776 2147483822 2147483856 2147483864 2147483866 2147483873 2147483908 2147483922 
2147483755 2147483650 2147483651 2147483652 2147483653 2147483654 2147483655 2147483656 2147483657 2147483658 2147483659 2147483661 2147483662 2147483663 2147483664 2147483665 2147483666 2147483668 2147483672 2147483693 2147483694 2147483695 2147483696 2147483713 2147483716 2147483738 2147483753 2147483650 2147483651 2147483652 2147483653 2147483654 2147483655 2147483656 2147483657 2147483658 2147483659 2147483661 2147483662 2147483663 2147483664 2147483665 2147483666 2147483668 2147483672 2147483693 2147483694 2147483695 2147483696 2147483713 2147483716 2147483738 2147483753 2147483776 2147483822 2147483856 2147483864 2147483866 2147483873 2147483908 2147483922 2147483776 2147483822 2147483856 2147483864 2147483866 2147483873 2147483908 2147483922 
2147483760 2147483650 2147483651 2147483652 2147483653 2147483654 2147483655 2147483656 2147483657 2147483658 2147483659 2147483661 2147483662 2147483663 2147483664 2147483665 2147483666 2147483668 2147483688 2147483693 2147483694 2147483695 2147483696 2147483713 2147483716 2147483738 2147483650 2147483651 2147483652 2147483653 2147483654 2147483655 2147483656 2147483657 2147483658 2147483659 2147483661 2147483662 2147483663 2147483664 2147483665 2147483666 2147483668 2147483688 2147483693 2147483694 2147483695 2147483696 2147483713 2147483716 2147483738 2147483776 2147483847 2147483856 2147483864 2147483866 2147483873 2147483880 2147483892 2147483908 2147483922 2147483776 2147483847 2147483856 2147483864 2147483866 2147483873 2147483880 2147483892 2147483908 2147483922 
2147483765 2147483650 2147483651 2147483652 2147483653 2147483654 2147483655 2147483656 2147483657 2147483658 2147483659 2147483661 2147483662 2147483663 2147483664 2147483665 2147483666 2147483668 2147483688 2147483693 2147483694 2147483695 2147483696 2147483713 2147483716 2147483738 2147483650 2147483651 2147483652 2147483653 2147483654 2147483655 2147483656 2147483657 2147483658 2147483659 2147483661 2147483662 2147483663 2147483664 2147483665 2147483666 2147483668 2147483688 2147483693 2147483694 2147483695 2147483696 2147483713 2147483716 2147483738 2147483767 2147483776 2147483847 2147483856 2147483864 2147483866 2147483873 2147483880 2147483892 2147483904 2147483908 2147483922 2147483767 2147483776 2147483847 2147483856 2147483864 2147483866 2147483873 2147483880 2147483892 2147483904 2147483908 2147483922 
2147483767 2147483650 2147483651 2147483652 2147483653 2147483654 2147483655 2147483656 2147483657 2147483658 2147483659 2147483661 2147483662 2147483663 2147483664 2147483665 2147483666 2147483668 2147483688 2147483691 2147483693 2147483694 2147483695 2147483696 2147483713 2147483716 2147483738 2147483765 2147483650 2147483651 2147483652 2147483653 2147483654 2147483655 2147483656 2147483657 2147483658 2147483659 2147483661 2147483662 2147483663 2147483664 2147483665 2147483666 2147483668 2147483688 2147483691 2147483693 2147483694 2147483695 2147483696 2147483713 2147483716 2147483738 2147483765 2147483771 2147483775 2147483776 2147483782 2147483819 2147483847 2147483856 2147483864 2147483866 2147483873 2147483880 2147483892 2147483904 2147483908 2147483922 2147483771 2147483775 2147483776 2147483782 2147483819 2147483847 2147483856 2147483864 2147483866 2147483873 2147483880 2147483892 2147483904 2147483908 2147483922 
2147483771 2147483650 2147483651 2147483652 2147483653 2147483654 2147483655 2147483656 2147483657 2147483658 2147483659 2147483661 2147483662 2147483663 2147483664 2147483665 2147483668 2147483688 2147483691 2147483693 2147483694 2147483695 2147483696 2147483713 2147483716 2147483738 2147483767 2147483650 2147483651 2147483652 2147483653 2147483654 2147483655 2147483656 2147483657 2147483658 2147483659 2147483661 2147483662 2147483663 2147483664 2147483665 2147483668 2147483688 2147483691 2147483693 2147483694 2147483695 2147483696 2147483713 2147483716 2147483738 2147483767 2147483776 2147483847 2147483856 2147483864 2147483866 2147483873 2147483880 2147483892 2147483908 2147483922 2147483776 2147483847 2147483856 2147483864 2147483866 2147483873 2147483880 2147483892 2147483908 2147483922 
2147483775 2147483650 2147483651 2147483652 2147483653 2147483654 2147483655 2147483656 2147483657 2147483658 2147483659 2147483662 2147483663 2147483664 2147483665 2147483668 2147483688 2147483691 2147483693 2147483694 2147483695 2147483696 2147483713 2147483716 2147483738 2147483767 2147483650 2147483651 2147483652 2147483653 2147483654 2147483655 2147483656 2147483657 2147483658 2147483659 2147483662 2147483663 2147483664 2147483665 2147483668 2147483688 2147483691 2147483693 2147483694 2147483695 2147483696 2147483713 2147483716 2147483738 2147483767 2147483776 2147483782 2147483819 2147483847 2147483856 2147483864 2147483866 2147483873 2147483880 2147483892 2147483908 2147483922 2147483776 2147483782 2147483819 2147483847 2147483856 2147483864 2147483866 2147483873 2147483880 2147483892 2147483908 2147483922 
2147483776 2147483650 2147483651 2147483652 2147483653 2147483654 2147483655 2147483656 2147483657 2147483658 2147483659 2147483661 2147483662 2147483663 2147483664 2147483665 2147483666 2147483668 2147483672 2147483688 2147483691 2147483693 2147483694 2147483695 2147483696 2147483713 2147483716 2147483738 2147483745 2147483749 2147483751 2147483753 2147483755 2147483760 2147483765 2147483767 2147483771 2147483775 2147483650 2147483651 2147483652 2147483653 2147483654 2147483655 2147483656 2147483657 2147483658 2147483659 2147483661 2147483662 2147483663 2147483664 2147483665 2147483666 2147483668 2147483672 2147483688 2147483691 2147483693 2147483694 2147483695 2147483696 2147483713 2147483716 2147483738 2147483745 2147483749 2147483751 2147483753 2147483755 2147483760 2147483765 2147483767 2147483771 2147483775 2147483819 2147483822 2147483847 2147483856 2147483864 2147483866 2147483873 2147483880 2147483892 2147483904 2147483908 2147483922 2147483819 2147483822 2147483847 2147483856 2147483864 2147483866 2147483873 2147483880 2147483892 2147483904 2147483908 2147483922 
2147483782 2147483650 2147483651 2147483652 2147483653 2147483654 2147483655 2147483656 2147483657 2147483658 2147483659 2147483662 2147483663 2147483664 2147483665 2147483668 2147483688 2147483691 2147483693 2147483694 2147483695 2147483696 2147483713 2147483716 2147483738 2147483767 2147483775 2147483650 2147483651 2147483652 2147483653 2147483654 2147483655 2147483656 2147483657 2147483658 2147483659 2147483662 2147483663 2147483664 2147483665 2147483668 2147483688 2147483691 2147483693 2147483694 2147483695 2147483696 2147483713 2147483716 2147483738 2147483767 2147483775 2147483819 2147483847 2147483856 2147483864 2147483866 2147483873 2147483880 2147483892 2147483908 2147483922 2147483819 2147483847 2147483856 2147483864 2147483866 2147483873 2147483880 2147483892 2147483908 2147483922 
2147483788 2147483650 2147483651 2147483652 2147483653 2147483654 2147483655 2147483656 2147483657 2147483658 2147483659 2147483662 2147483663 2147483664 2147483665 2147483668 2147483688 2147483691 2147483693 2147483694 2147483695 2147483696 2147483713 2147483716 2147483738 2147483650 2147483651 2147483652 2147483653 2147483654 2147483655 2147483656 2147483657 2147483658 2147483659 2147483662 2147483663 2147483664 2147483665 2147483668 2147483688 2147483691 2147483693 2147483694 2147483695 2147483696 2147483713 2147483716 2147483738 2147483789 2147483791 2147483819 2147483847 2147483856 2147483864 2147483866 2147483873 2147483880 2147483892 2147483908 2147483922 2147483789 2147483791 2147483819 2147483847 2147483856 2147483864 2147483866 2147483873 2147483880 2147483892 2147483908 2147483922 
2147483789 2147483650 2147483651 2147483652 2147483653 2147483654 2147483655 2147483656 2147483657 2147483658 2147483659 2147483662 2147483663 2147483664 2147483665 2147483668 2147483688 2147483691 2147483693 2147483694 2147483695 2147483696 2147483713 2147483716 2147483738 2147483788 2147483650 2147483651 2147483652 2147483653 2147483654 2147483655 2147483656 2147483657 2147483658 2147483659 2147483662 2147483663 2147483664 2147483665 2147483668 2147483688 2147483691 2147483693 2147483694 2147483695 2147483696 2147483713 2147483716 2147483738 2147483788 2147483791 2147483819 2147483847 2147483856 2147483864 2147483866 2147483873 2147483880 2147483892 2147483908 2147483922 2147483791 2147483819 2147483847 2147483856 2147483864 2147483866 2147483873 2147483880 2147483892 2147483908 2147483922 
2147483791 2147483650 2147483651 2147483652 2147483653 2147483654 2147483655 2147483656 2147483657 2147483658 2147483659 2147483662 2147483663 2147483664 2147483665 2147483668 2147483688 2147483691 2147483693 2147483694 2147483695 2147483696 2147483713 2147483716 2147483738 2147483788 2147483789 2147483650 2147483651 2147483652 2147483653 2147483654 2147483655 2147483656 2147483657 2147483658 2147483659 2147483662 2147483663 2147483664 2147483665 2147483668 2147483688 2147483691 2147483693 2147483694 2147483695 2147483696 2147483713 2147483716 2147483738 2147483788 2147483789 2147483819 2147483847 2147483856 2147483864 2147483866 2147483873 2147483880 2147483892 2147483908 2147483922 2147483819 2147483847 2147483856 2147483864 2147483866 2147483873 2147483880 2147483892 2147483908 2147483922 
2147483811 2147483650 2147483651 2147483652 2147483653 2147483654 2147483655 2147483656 2147483657 2147483658 2147483659 2147483662 2147483663 2147483693 2147483694 2147483695 2147483696 2147483713 2147483716 2147483738 2147483650 2147483651 2147483652 2147483653 2147483654 2147483655 2147483656 2147483657 2147483658 2147483659 2147483662 2147483663 2147483693 2147483694 2147483695 2147483696 2147483713 2147483716 2147483738 2147483819 2147483864 2147483880 2147483892 2147483908 2147483922 2147483819 2147483864 2147483880 2147483892 2147483908 2147483922 
2147483819 2147483650 2147483651 2147483652 2147483653 2147483654 2147483655 2147483656 2147483657 2147483658 2147483659 2147483662 2147483663 2147483664 2147483665 2147483668 2147483688 2147483691 2147483693 2147483694 2147483695 2147483696 2147483713 2147483716 2147483738 2147483767 2147483775 2147483776 2147483782 2147483788 2147483789 2147483791 2147483811 2147483650 2147483651 2147483652 2147483653 2147483654 2147483655 2147483656 2147483657 2147483658 2147483659 2147483662 2147483663 2147483664 2147483665 2147483668 2147483688 2147483691 2147483693 2147483694 2147483695 2147483696 2147483713 2147483716 2147483738 2147483767 2147483775 2147483776 2147483782 2147483788 2147483789 2147483791 2147483811 2147483847 2147483856 2147483864 2147483866 2147483873 2147483880 2147483892 2147483908 2147483922 2147483847 2147483856 2147483864 2147483866 2147483873 2147483880 2147483892 2147483908 2147483922 
2147483821 2147483650 2147483651 2147483652 2147483653 2147483654 2147483655 2147483656 2147483657 2147483658 2147483659 2147483662 2147483663 2147483664 2147483665 2147483668 2147483672 2147483678 2147483693 2147483694 2147483695 2147483696 2147483713 2147483716 2147483738 2147483650 2147483651 2147483652 2147483653 2147483654 2147483655 2147483656 2147483657 2147483658 2147483659 2147483662 2147483663 2147483664 2147483665 2147483668 2147483672 2147483678 2147483693 2147483694 2147483695 2147483696 2147483713 2147483716 2147483738 2147483822 2147483831 2147483847 2147483856 2147483864 2147483866 2147483873 2147483880 2147483892 2147483908 2147483922 2147483822 2147483831 2147483847 2147483856 2147483864 2147483866 2147483873 2147483880 2147483892 2147483908 2147483922 
2147483822 2147483650 2147483651 2147483652 2147483653 2147483654 2147483655 2147483656 2147483657 2147483658 2147483659 2147483661 2147483662 2147483663 2147483664 2147483665 2147483666 2147483668 2147483672 2147483678 2147483693 2147483694 2147483695 2147483696 2147483713 2147483716 2147483738 2147483745 2147483749 2147483751 2147483753 2147483755 2147483776 2147483821 2147483650 2147483651 2147483652 2147483653 2147483654 2147483655 2147483656 2147483657 2147483658 2147483659 2147483661 2147483662 2147483663 2147483664 2147483665 2147483666 2147483668 2147483672 2147483678 2147483693 2147483694 2147483695 2147483696 2147483713 2147483716 2147483738 2147483745 2147483749 2147483751 2147483753 2147483755 2147483776 2147483821 2147483825 2147483826 2147483828 2147483831 2147483847 2147483856 2147483864 2147483866 2147483873 2147483880 2147483892 2147483908 2147483922 2147483825 2147483826 2147483828 2147483831 2147483847 2147483856 2147483864 2147483866 2147483873 2147483880 2147483892 2147483908 2147483922 
2147483825 2147483650 2147483651 2147483652 2147483653 2147483654 2147483655 2147483656 2147483657 2147483658 2147483659 2147483662 2147483663 2147483664 2147483665 2147483668 2147483672 2147483678 2147483693 2147483694 2147483695 2147483696 2147483713 2147483716 2147483738 2147483822 2147483650 2147483651 2147483652 2147483653 2147483654 2147483655 2147483656 2147483657 2147483658 2147483659 2147483662 2147483663 2147483664 2147483665 2147483668 2147483672 2147483678 2147483693 2147483694 2147483695 2147483696 2147483713 2147483716 2147483738 2147483822 2147483826 2147483828 2147483847 2147483856 2147483864 2147483866 2147483873 2147483880 2147483892 2147483908 2147483922 2147483826 2147483828 2147483847 2147483856 2147483864 2147483866 2147483873 2147483880 2147483892 2147483908 2147483922 
2147483826 2147483650 2147483651 2147483652 2147483653 2147483654 2147483655 2147483656 2147483657 2147483658 2147483659 2147483662 2147483663 2147483664 2147483665 2147483668 2147483672 2147483693 2147483694 2147483695 2147483696 2147483713 2147483716 2147483738 2147483822 2147483825 2147483650 2147483651 2147483652 2147483653 2147483654 2147483655 2147483656 2147483657 2147483658 2147483659 2147483662 2147483663 2147483664 2147483665 2147483668 2147483672 2147483693 2147483694 2147483695 2147483696 2147483713 2147483716 2147483738 2147483822 2147483825 2147483828 2147483847 2147483856 2147483864 2147483866 2147483873 2147483880 2147483892 2147483908 2147483922 2147483828 2147483847 2147483856 2147483864 2147483866 2147483873 2147483880 2147483892 2147483908 2147483922 
2147483828 2147483650 2147483651 2147483652 2147483653 2147483654 2147483655 2147483656 2147483657 2147483658 2147483659 2147483662 2147483663 2147483664 2147483665 2147483668 2147483672 2147483693 2147483694 2147483695 2147483696 2147483713 2147483716 2147483738 2147483822 2147483825 2147483826 2147483650 2147483651 2147483652 2147483653 2147483654 2147483655 2147483656 2147483657 2147483658 2147483659 2147483662 2147483663 2147483664 2147483665 2147483668 2147483672 2147483693 2147483694 2147483695 2147483696 2147483713 2147483716 2147483738 2147483822 2147483825 2147483826 2147483847 2147483856 2147483864 2147483866 2147483873 2147483880 2147483892 2147483908 2147483922 2147483847 2147483856 2147483864 2147483866 2147483873 2147483880 2147483892 2147483908 2147483922 
2147483831 2147483650 2147483651 2147483652 2147483653 2147483654 2147483655 2147483656 2147483657 2147483658 2147483659 2147483662 2147483663 2147483664 2147483665 2147483668 2147483672 2147483678 2147483693 2147483694 2147483695 2147483696 2147483713 2147483716 2147483738 2147483821 2147483822 2147483650 2147483651 2147483652 2147483653 2147483654 2147483655 2147483656 2147483657 2147483658 2147483659 2147483662 2147483663 2147483664 2147483665 2147483668 2147483672 2147483678 2147483693 2147483694 2147483695 2147483696 2147483713 2147483716 2147483738 2147483821 2147483822 2147483847 2147483856 2147483864 2147483866 2147483873 2147483880 2147483892 2147483908 2147483922 2147483847 2147483856 2147483864 2147483866 2147483873 2147483880 2147483892 2147483908 2147483922 
2147483839 2147483650 2147483651 2147483652 2147483653 2147483654 2147483655 2147483656 2147483657 2147483658 2147483659 2147483662 2147483663 2147483664 2147483665 2147483678 2147483693 2147483694 2147483695 2147483696 2147483713 2147483716 2147483738 2147483650 2147483651 2147483652 2147483653 2147483654 2147483655 2147483656 2147483657 2147483658 2147483659 2147483662 2147483663 2147483664 2147483665 2147483678 2147483693 2147483694 2147483695 2147483696 2147483713 2147483716 2147483738 2147483842 2147483847 2147483854 2147483864 2147483866 2147483873 2147483880 2147483892 2147483908 2147483922 2147483842 2147483847 2147483854 2147483864 2147483866 2147483873 2147483880 2147483892 2147483908 2147483922 
2147483842 2147483650 2147483651 2147483652 2147483653 2147483654 2147483655 2147483656 2147483657 2147483658 2147483659 2147483662 2147483663 2147483664 2147483665 2147483678 2147483693 2147483694 2147483695 2147483696 2147483713 2147483716 2147483738 2147483839 2147483650 2147483651 2147483652 2147483653 2147483654 2147483655 2147483656 2147483657 2147483658 2147483659 2147483662 2147483663 2147483664 2147483665 2147483678 2147483693 2147483694 2147483695 2147483696 2147483713 2147483716 2147483738 2147483839 2147483847 2147483854 2147483864 2147483866 2147483873 2147483880 2147483892 2147483908 2147483922 2147483847 2147483854 2147483864 2147483866 2147483873 2147483880 2147483892 2147483908 2147483922 
2147483845 2147483650 2147483651 2147483652 2147483653 2147483654 2147483655 2147483656 2147483657 2147483658 2147483659 2147483662 2147483663 2147483664 2147483665 2147483678 2147483693 2147483694 2147483695 2147483696 2147483713 2147483716 2147483738 2147483650 2147483651 2147483652 2147483653 2147483654 2147483655 2147483656 2147483657 2147483658 2147483659 2147483662 2147483663 2147483664 2147483665 2147483678 2147483693 2147483694 2147483695 2147483696 2147483713 2147483716 2147483738 2147483847 2147483854 2147483864 2147483866 2147483873 2147483880 2147483892 2147483908 2147483922 2147483847 2147483854 2147483864 2147483866 2147483873 2147483880 2147483892 2147483908 2147483922 
2147483847 2147483650 2147483651 2147483652 2147483653 2147483654 2147483655 2147483656 2147483657 2147483658 2147483659 2147483661 2147483662 2147483663 2147483664 2147483665 2147483666 2147483668 2147483672 2147483678 2147483688 2147483691 2147483693 2147483694 2147483695 2147483696 2147483713 2147483716 2147483738 2147483760 2147483765 2147483767 2147483771 2147483775 2147483776 2147483782 2147483788 2147483789 2147483791 2147483819 2147483821 2147483822 2147483825 2147483826 2147483828 2147483831 2147483839 2147483842 2147483845 2147483650 2147483651 2147483652 2147483653 2147483654 2147483655 2147483656 2147483657 2147483658 2147483659 2147483661 2147483662 2147483663 2147483664 2147483665 2147483666 2147483668 2147483672 2147483678 2147483688 2147483691 2147483693 2147483694 2147483695 2147483696 2147483713 2147483716 2147483738 2147483760 2147483765 2147483767 2147483771 2147483775 2147483776 2147483782 2147483788 2147483789 2147483791 2147483819 2147483821 2147483822 2147483825 2147483826 2147483828 2147483831 2147483839 2147483842 2147483845 2147483852 2147483854 2147483856 2147483861 2147483864 2147483866 2147483873 2147483880 2147483892 2147483904 2147483908 2147483914 2147483922 2147483852 2147483854 2147483856 2147483861 2147483864 2147483866 2147483873 2147483880 2147483892 2147483904 2147483908 2147483914 2147483922 
2147483852 2147483650 2147483651 2147483652 2147483653 2147483654 2147483655 2147483656 2147483657 2147483658 2147483659 2147483662 2147483663 2147483664 2147483665 2147483678 2147483693 2147483694 2147483695 2147483696 2147483713 2147483716 2147483738 2147483847 2147483650 2147483651 2147483652 2147483653 2147483654 2147483655 2147483656 2147483657 2147483658 2147483659 2147483662 2147483663 2147483664 2147483665 2147483678 2147483693 2147483694 2147483695 2147483696 2147483713 2147483716 2147483738 2147483847 2147483854 2147483864 2147483866 2147483873 2147483880 2147483892 2147483908 2147483922 2147483854 2147483864 2147483866 2147483873 2147483880 2147483892 2147483908 2147483922 
2147483854 2147483650 2147483651 2147483652 2147483653 2147483654 2147483655 2147483656 2147483657 2147483658 2147483659 2147483662 2147483663 2147483664 2147483665 2147483678 2147483693 2147483694 2147483695 2147483696 2147483713 2147483716 2147483738 2147483839 2147483842 2147483845 2147483847 2147483852 2147483650 2147483651 2147483652 2147483653 2147483654 2147483655 2147483656 2147483657 2147483658 2147483659 2147483662 2147483663 2147483664 2147483665 2147483678 2147483693 2147483694 2147483695 2147483696 2147483713 2147483716 2147483738 2147483839 2147483842 2147483845 2147483847 2147483852 2147483856 2147483864 2147483866 2147483873 2147483880 2147483892 2147483908 2147483914 2147483922 2147483856 2147483864 2147483866 2147483873 2147483880 2147483892 2147483908 2147483914 2147483922 
2147483856 2147483650 2147483651 2147483652 2147483653 2147483654 2147483655 2147483656 2147483657 2147483658 2147483659 2147483661 2147483662 2147483663 2147483664 2147483665 2147483666 2147483668 2147483672 2147483678 2147483688 2147483691 2147483693 2147483694 2147483695 2147483696 2147483713 2147483716 2147483738 2147483745 2147483749 2147483751 2147483753 2147483755 2147483760 2147483765 2147483767 2147483771 2147483775 2147483776 2147483782 2147483788 2147483789 2147483791 2147483819 2147483821 2147483822 2147483825 2147483826 2147483828 2147483831 2147483847 2147483854 2147483650 2147483651 2147483652 2147483653 2147483654 2147483655 2147483656 2147483657 2147483658 2147483659 2147483661 2147483662 2147483663 2147483664 2147483665 2147483666 2147483668 2147483672 2147483678 2147483688 2147483691 2147483693 2147483694 2147483695 2147483696 2147483713 2147483716 2147483738 2147483745 2147483749 2147483751 2147483753 2147483755 2147483760 2147483765 2147483767 2147483771 2147483775 2147483776 2147483782 2147483788 2147483789 2147483791 2147483819 2147483821 2147483822 2147483825 2147483826 2147483828 2147483831 2147483847 2147483854 2147483864 2147483866 2147483873 2147483880 2147483892 2147483904 2147483908 2147483914 2147483922 2147483864 2147483866 2147483873 2147483880 2147483892 2147483904 2147483908 2147483914 2147483922 
2147483861 2147483650 2147483651 2147483652 2147483653 2147483654 2147483655 2147483656 2147483657 2147483658 2147483659 2147483662 2147483663 2147483664 2147483665 2147483678 2147483693 2147483694 2147483695 2147483696 2147483713 2147483716 2147483738 2147483847 2147483650 2147483651 2147483652 2147483653 2147483654 2147483655 2147483656 2147483657 2147483658 2147483659 2147483662 2147483663 2147483664 2147483665 2147483678 2147483693 2147483694 2147483695 2147483696 2147483713 2147483716 2147483738 2147483847 2147483864 2147483866 2147483873 2147483880 2147483892 2147483908 2147483914 2147483922 25 2147483864 2147483866 2147483873 2147483880 2147483892 2147483908 2147483914 2147483922 
2147483864 2147483650 2147483651 2147483652 2147483653 2147483654 2147483655 2147483656 2147483657 2147483658 2147483659 2147483661 2147483662 2147483663 2147483664 2147483665 2147483666 2147483668 2147483672 2147483678 2147483688 2147483691 2147483693 2147483694 2147483695 2147483696 2147483713 2147483716 2147483738 2147483749 2147483751 2147483753 2147483755 2147483760 2147483765 2147483767 2147483771 2147483775 2147483776 2147483782 2147483788 2147483789 2147483791 2147483811 2147483819 2147483821 2147483822 2147483825 2147483826 2147483828 2147483831 2147483839 2147483842 2147483845 2147483847 2147483852 2147483854 2147483856 2147483861 2147483650 2147483651 2147483652 2147483653 2147483654 2147483655 2147483656 2147483657 2147483658 2147483659 2147483661 2147483662 2147483663 2147483664 2147483665 2147483666 2147483668 2147483672 2147483678 2147483688 2147483691 2147483693 2147483694 2147483695 2147483696 2147483713 2147483716 2147483738 2147483749 2147483751 2147483753 2147483755 2147483760 2147483765 2147483767 2147483771 2147483775 2147483776 2147483782 2147483788 2147483789 2147483791 2147483811 2147483819 2147483821 2147483822 2147483825 2147483826 2147483828 2147483831 2147483839 2147483842 2147483845 2147483847 2147483852 2147483854 2147483856 2147483861 2147483866 2147483873 2147483880 2147483890 2147483892 2147483904 2147483908 2147483914 2147483922 52 2147483866 2147483873 2147483880 2147483890 2147483892 2147483904 2147483908 2147483914 2147483922 
2147483866 2147483650 2147483651 2147483652 2147483653 2147483654 2147483655 2147483656 2147483657 2147483658 2147483659 2147483661 2147483662 2147483663 2147483664 2147483665 2147483666 2147483668 2147483672 2147483678 2147483688 2147483691 2147483693 2147483694 2147483695 2147483696 2147483713 2147483716 2147483738 2147483745 2147483749 2147483751 2147483753 2147483755 2147483760 2147483765 2147483767 2147483771 2147483775 2147483776 2147483782 2147483788 2147483789 2147483791 2147483819 2147483821 2147483822 2147483825 2147483826 2147483828 2147483831 2147483839 2147483842 2147483845 2147483847 2147483852 2147483854 2147483856 2147483861 2147483864 2147483650 2147483651 2147483652 2147483653 2147483654 2147483655 2147483656 2147483657 2147483658 2147483659 2147483661 2147483662 2147483663 2147483664 2147483665 2147483666 2147483668 2147483672 2147483678 2147483688 2147483691 2147483693 2147483694 2147483695 2147483696 2147483713 2147483716 2147483738 2147483745 2147483749 2147483751 2147483753 2147483755 2147483760 2147483765 2147483767 2147483771 2147483775 2147483776 2147483782 2147483788 2147483789 2147483791 2147483819 2147483821 2147483822 2147483825 2147483826 2147483828 2147483831 2147483839 2147483842 2147483845 2147483847 2147483852 2147483854 2147483856 2147483861 2147483864 2147483873 2147483880 2147483892 2147483904 2147483908 2147483914 2147483922 52 2147483873 2147483880 2147483892 2147483904 2147483908 2147483914 2147483922 
2147483869 2147483650 2147483651 2147483652 2147483653 2147483654 2147483655 2147483656 2147483657 2147483658 2147483659 2147483662 2147483663 2147483693 2147483694 2147483695 2147483696 2147483713 2147483716 2147483738 2147483650 2147483651 2147483652 2147483653 2147483654 2147483655 2147483656 2147483657 2147483658 2147483659 2147483662 2147483663 2147483693 2147483694 2147483695 2147483696 2147483713 2147483716 2147483738 2147483908 2147483922 2147483908 2147483922 
2147483873 2147483650 2147483651 2147483652 2147483653 2147483654 2147483655 2147483656 2147483657 2147483658 2147483659 2147483661 2147483662 2147483663 2147483664 2147483665 2147483666 2147483668 2147483672 2147483678 2147483688 2147483691 2147483693 2147483694 2147483695 2147483696 2147483713 2147483716 2147483738 2147483753 2147483755 2147483760 2147483765 2147483767 2147483771 2147483775 2147483776 2147483782 2147483788 2147483789 2147483791 2147483819 2147483821 2147483822 2147483825 2147483826 2147483828 2147483831 2147483839 2147483842 2147483845 2147483847 2147483852 2147483854 2147483856 2147483861 2147483864 2147483866 2147483650 2147483651 2147483652 2147483653 2147483654 2147483655 2147483656 2147483657 2147483658 2147483659 2147483661 2147483662 2147483663 2147483664 2147483665 2147483666 2147483668 2147483672 2147483678 2147483688 2147483691 2147483693 2147483694 2147483695 2147483696 2147483713 2147483716 2147483738 2147483753 2147483755 2147483760 2147483765 2147483767 2147483771 2147483775 2147483776 2147483782 2147483788 2147483789 2147483791 2147483819 2147483821 2147483822 2147483825 2147483826 2147483828 2147483831 2147483839 2147483842 2147483845 2147483847 2147483852 2147483854 2147483856 2147483861 2147483864 2147483866 2147483880 2147483890 2147483892 2147483904 2147483908 2147483914 2147483922 52 2147483880 2147483890 2147483892 2147483904 2147483908 2147483914 2147483922 
2147483878 2147483650 2147483651 2147483652 2147483653 2147483654 2147483655 2147483656 2147483657 2147483658 2147483659 2147483662 2147483663 2147483693 2147483694 2147483695 2147483696 2147483713 2147483716 2147483738 2147483650 2147483651 2147483652 2147483653 2147483654 2147483655 2147483656 2147483657 2147483658 2147483659 2147483662 2147483663 2147483693 2147483694 2147483695 2147483696 2147483713 2147483716 2147483738 2147483880 2147483890 2147483892 2147483908 2147483922 2147483880 2147483890 2147483892 2147483908 2147483922 
2147483880 2147483650 2147483651 2147483652 2147483653 2147483654 2147483655 2147483656 2147483657 2147483658 2147483659 2147483661 2147483662 2147483663 2147483664 2147483665 2147483666 2147483668 2147483672 2147483678 2147483688 2147483691 2147483693 2147483694 2147483695 2147483696 2147483713 2147483716 2147483738 2147483760 2147483765 2147483767 2147483771 2147483775 2147483776 2147483782 2147483788 2147483789 2147483791 2147483811 2147483819 2147483821 2147483822 2147483825 2147483826 2147483828 2147483831 2147483839 2147483842 2147483845 2147483847 2147483852 2147483854 2147483856 2147483861 2147483864 2147483866 2147483873 2147483878 2147483650 2147483651 2147483652 2147483653 2147483654 2147483655 2147483656 2147483657 2147483658 2147483659 2147483661 2147483662 2147483663 2147483664 2147483665 2147483666 2147483668 2147483672 2147483678 2147483688 2147483691 2147483693 2147483694 2147483695 2147483696 2147483713 2147483716 2147483738 2147483760 2147483765 2147483767 2147483771 2147483775 2147483776 2147483782 2147483788 2147483789 2147483791 2147483811 2147483819 2147483821 2147483822 2147483825 2147483826 2147483828 2147483831 2147483839 2147483842 2147483845 2147483847 2147483852 2147483854 2147483856 2147483861 2147483864 2147483866 2147483873 2147483878 2147483883 2147483886 2147483890 2147483892 2147483904 2147483908 2147483914 2147483922 52 2147483883 2147483886 2147483890 2147483892 2147483904 2147483908 2147483914 2147483922 
2147483883 2147483650 2147483651 2147483652 2147483653 2147483654 2147483655 2147483656 2147483657 2147483658 2147483659 2147483662 2147483663 2147483693 2147483694 2147483695 2147483696 2147483713 2147483716 2147483738 2147483880 2147483650 2147483651 2147483652 2147483653 2147483654 2147483655 2147483656 2147483657 2147483658 2147483659 2147483662 2147483663 2147483693 2147483694 2147483695 2147483696 2147483713 2147483716 2147483738 2147483880 2147483890 2147483892 2147483908 2147483922 2147483890 2147483892 2147483908 2147483922 
2147483886 2147483650 2147483651 2147483652 2147483653 2147483654 2147483655 2147483656 2147483657 2147483658 2147483659 2147483662 2147483663 2147483693 2147483694 2147483695 2147483696 2147483713 2147483716 2147483738 2147483880 2147483650 2147483651 2147483652 2147483653 2147483654 2147483655 2147483656 2147483657 2147483658 2147483659 2147483662 2147483663 2147483693 2147483694 2147483695 2147483696 2147483713 2147483716 2147483738 2147483880 2147483890 2147483892 2147483908 2147483922 2147483890 2147483892 2147483908 2147483922 
2147483890 2147483650 2147483651 2147483652 2147483653 2147483654 2147483655 2147483656 2147483657 2147483658 2147483659 2147483662 2147483663 2147483693 2147483694 2147483695 2147483696 2147483713 2147483716 2147483738 2147483864 2147483873 2147483878 2147483880 2147483883 2147483886 2147483650 2147483651 2147483652 2147483653 2147483654 2147483655 2147483656 2147483657 2147483658 2147483659 2147483662 2147483663 2147483693 2147483694 2147483695 2147483696 2147483713 2147483716 2147483738 2147483864 2147483873 2147483878 2147483880 2147483883 2147483886 2147483892 2147483908 2147483922 2147483892 2147483908 2147483922 
2147483892 2147483650 2147483651 2147483652 2147483653 2147483654 2147483655 2147483656 2147483657 2147483658 2147483659 2147483661 2147483662 2147483663 2147483664 2147483665 2147483666 2147483668 2147483672 2147483678 2147483688 2147483691 2147483693 2147483694 2147483695 2147483696 2147483713 2147483716 2147483738 2147483760 2147483765 2147483767 2147483771 2147483775 2147483776 2147483782 2147483788 2147483789 2147483791 2147483811 2147483819 2147483821 2147483822 2147483825 2147483826 2147483828 2147483831 2147483839 2147483842 2147483845 2147483847 2147483852 2147483854 2147483856 2147483861 2147483864 2147483866 2147483873 2147483878 2147483880 2147483883 2147483886 2147483890 2147483650 2147483651 2147483652 2147483653 2147483654 2147483655 2147483656 2147483657 2147483658 2147483659 2147483661 2147483662 2147483663 2147483664 2147483665 2147483666 2147483668 2147483672 2147483678 2147483688 2147483691 2147483693 2147483694 2147483695 2147483696 2147483713 2147483716 2147483738 2147483760 2147483765 2147483767 2147483771 2147483775 2147483776 2147483782 2147483788 2147483789 2147483791 2147483811 2147483819 2147483821 2147483822 2147483825 2147483826 2147483828 2147483831 2147483839 2147483842 2147483845 2147483847 2147483852 2147483854 2147483856 2147483861 2147483864 2147483866 2147483873 2147483878 2147483880 2147483883 2147483886 2147483890 2147483904 2147483908 2147483914 2147483922 52 2147483904 2147483908 2147483914 2147483922 
2147483895 2147483650 2147483651 2147483652 2147483653 2147483654 2147483655 2147483656 2147483657 2147483658 2147483659 2147483662 2147483663 2147483693 2147483694 2147483695 2147483696 2147483713 2147483716 2147483738 2147483650 2147483651 2147483652 2147483653 2147483654 2147483655 2147483656 2147483657 2147483658 2147483659 2147483662 2147483663 2147483693 2147483694 2147483695 2147483696 2147483713 2147483716 2147483738 2147483908 2147483922 2147483908 2147483922 
2147483904 2147483650 2147483651 2147483652 2147483653 2147483654 2147483655 2147483656 2147483657 2147483658 2147483659 2147483661 2147483662 2147483663 2147483664 2147483665 2147483666 2147483668 2147483688 2147483691 2147483693 2147483694 2147483695 2147483696 2147483713 2147483716 2147483738 2147483765 2147483767 2147483776 2147483847 2147483856 2147483864 2147483866 2147483873 2147483880 2147483892 2147483650 2147483651 2147483652 2147483653 2147483654 2147483655 2147483656 2147483657 2147483658 2147483659 2147483661 2147483662 2147483663 2147483664 2147483665 2147483666 2147483668 2147483688 2147483691 2147483693 2147483694 2147483695 2147483696 2147483713 2147483716 2147483738 2147483765 2147483767 2147483776 2147483847 2147483856 2147483864 2147483866 2147483873 2147483880 2147483892 2147483908 2147483922 2147483908 2147483922 
2147483907 2147483650 2147483651 2147483652 2147483653 2147483654 2147483655 2147483656 2147483657 2147483659 2147483693 2147483694 2147483695 2147483696 2147483701 2147483703 2147483705 2147483707 2147483650 2147483651 2147483652 2147483653 2147483654 2147483655 2147483656 2147483657 2147483659 2147483693 2147483694 2147483695 2147483696 2147483701 2147483703 2147483705 2147483707 2147483922 2147483922 
2147483908 2147483650 2147483651 2147483652 2147483653 2147483654 2147483655 2147483656 2147483657 2147483658 2147483659 2147483661 2147483662 2147483663 2147483664 2147483665 2147483666 2147483668 2147483672 2147483678 2147483688 2147483691 2147483693 2147483694 2147483695 2147483696 2147483713 2147483716 2147483717 2147483718 2147483719 2147483720 2147483721 2147483722 2147483723 2147483725 2147483728 2147483730 2147483738 2147483745 2147483749 2147483751 2147483753 2147483755 2147483760 2147483765 2147483767 2147483771 2147483775 2147483776 2147483782 2147483788 2147483789 2147483791 2147483811 2147483819 2147483821 2147483822 2147483825 2147483826 2147483828 2147483831 2147483839 2147483842 2147483845 2147483847 2147483852 2147483854 2147483856 2147483861 2147483864 2147483866 2147483869 2147483873 2147483878 2147483880 2147483883 2147483886 2147483890 2147483892 2147483895 2147483904 2147483650 2147483651 2147483652 2147483653 2147483654 2147483655 2147483656 2147483657 2147483658 2147483659 2147483661 2147483662 2147483663 2147483664 2147483665 2147483666 2147483668 2147483672 2147483678 2147483688 2147483691 2147483693 2147483694 2147483695 2147483696 2147483713 2147483716 2147483717 2147483718 2147483719 2147483720 2147483721 2147483722 2147483723 2147483725 2147483728 2147483730 2147483738 2147483745 2147483749 2147483751 2147483753 2147483755 2147483760 2147483765 2147483767 2147483771 2147483775 2147483776 2147483782 2147483788 2147483789 2147483791 2147483811 2147483819 2147483821 2147483822 2147483825 2147483826 2147483828 2147483831 2147483839 2147483842 2147483845 2147483847 2147483852 2147483854 2147483856 2147483861 2147483864 2147483866 2147483869 2147483873 2147483878 2147483880 2147483883 2147483886 2147483890 2147483892 2147483895 2147483904 2147483914 2147483922 54 49 52 57 53 127 128 129 130 2147483914 2147483922 
2147483914 2147483650 2147483651 2147483652 2147483653 2147483654 2147483655 2147483656 2147483657 2147483658 2147483659 2147483662 2147483663 2147483664 2147483665 2147483678 2147483693 2147483694 2147483695 2147483696 2147483713 2147483716 2147483738 2147483847 2147483854 2147483856 2147483861 2147483864 2147483866 2147483873 2147483880 2147483892 2147483908 2147483650 2147483651 2147483652 2147483653 2147483654 2147483655 2147483656 2147483657 2147483658 2147483659 2147483662 2147483663 2147483664 2147483665 2147483678 2147483693 2147483694 2147483695 2147483696 2147483713 2147483716 2147483738 2147483847 2147483854 2147483856 2147483861 2147483864 2147483866 2147483873 2147483880 2147483892 2147483908 2147483922 2147483922 
2147483922 2147483650 2147483651 2147483652 2147483653 2147483654 2147483655 2147483656 2147483657 2147483658 2147483659 2147483661 2147483662 2147483663 2147483664 2147483665 2147483666 2147483668 2147483672 2147483678 2147483688 2147483691 2147483693 2147483694 2147483695 2147483696 2147483698 2147483700 2147483701 2147483703 2147483705 2147483707 2147483713 2147483716 2147483717 2147483718 2147483719 2147483720 2147483721 2147483722 2147483723 2147483725 2147483728 2147483730 2147483738 2147483745 2147483749 2147483751 2147483753 2147483755 2147483760 2147483765 2147483767 2147483771 2147483775 2147483776 2147483782 2147483788 2147483789 2147483791 2147483811 2147483819 2147483821 2147483822 2147483825 2147483826 2147483828 2147483831 2147483839 2147483842 2147483845 2147483847 2147483852 2147483854 2147483856 2147483861 2147483864 2147483866 2147483869 2147483873 2147483878 2147483880 2147483883 2147483886 2147483890 2147483892 2147483895 2147483904 2147483907 2147483908 2147483914 2147483650 2147483651 2147483652 2147483653 2147483654 2147483655 2147483656 2147483657 2147483658 2147483659 2147483661 2147483662 2147483663 2147483664 2147483665 2147483666 2147483668 2147483672 2147483678 2147483688 2147483691 2147483693 2147483694 2147483695 2147483696 2147483698 2147483700 2147483701 2147483703 2147483705 2147483707 2147483713 2147483716 2147483717 2147483718 2147483719 2147483720 2147483721 2147483722 2147483723 2147483725 2147483728 2147483730 2147483738 2147483745 2147483749 2147483751 2147483753 2147483755 2147483760 2147483765 2147483767 2147483771 2147483775 2147483776 2147483782 2147483788 2147483789 2147483791 2147483811 2147483819 2147483821 2147483822 2147483825 2147483826 2147483828 2147483831 2147483839 2147483842 2147483845 2147483847 2147483852 2147483854 2147483856 2147483861 2147483864 2147483866 2147483869 2147483873 2147483878 2147483880 2147483883 2147483886 2147483890 2147483892 2147483895 2147483904 2147483907 2147483908 2147483914 57 127 49 52 54 53 128 129 130 
