2 
5 
8 
11 
18 
19 
22 
23 
24 
25 2147483649 2147483650 2147483705 
26 2147483649 2147483663 
27 
32 2147483663 
49 
50 
51 
52 
53 
54 
57 
61 
127 
128 
129 
130 
131 
132 
133 
134 
247 
248 
249 
250 
251 
252 
253 
254 
263 
264 
265 
266 
267 
268 
269 
270 
2147483648 2147483649 2147483659 2147483663 2147483705 2147483649 2147483659 2147483663 2147483705 
2147483649 2147483648 2147483648 2147483650 2147483659 2147483663 2147483666 2147483668 2147483669 2147483674 2147483679 2147483684 2147483689 2147483694 2147483699 2147483701 2147483705 25 26 2147483650 2147483659 2147483663 2147483666 2147483668 2147483669 2147483674 2147483679 2147483684 2147483689 2147483694 2147483699 2147483701 2147483705 
2147483650 2147483649 2147483649 2147483668 2147483669 2147483674 2147483679 2147483684 2147483689 2147483694 2147483699 2147483701 2147483705 25 2147483668 2147483669 2147483674 2147483679 2147483684 2147483689 2147483694 2147483699 2147483701 2147483705 
2147483659 2147483648 2147483649 2147483648 2147483649 2147483663 2147483666 2147483705 2147483663 2147483666 2147483705 
2147483663 2147483648 2147483649 2147483659 2147483648 2147483649 2147483659 2147483705 32 26 2147483705 
2147483666 2147483649 2147483659 2147483649 2147483659 2147483705 2147483705 
2147483668 2147483649 2147483650 2147483649 2147483650 2147483705 2147483705 
2147483669 2147483649 2147483650 2147483649 2147483650 2147483705 2147483705 
2147483674 2147483649 2147483650 2147483649 2147483650 2147483705 2147483705 
2147483679 2147483649 2147483650 2147483649 2147483650 2147483705 2147483705 
2147483684 2147483649 2147483650 2147483649 2147483650 2147483705 2147483705 
2147483689 2147483649 2147483650 2147483649 2147483650 2147483705 2147483705 
2147483694 2147483649 2147483650 2147483649 2147483650 2147483705 2147483705 
2147483699 2147483649 2147483650 2147483649 2147483650 2147483705 2147483705 
2147483701 2147483649 2147483650 2147483649 2147483650 2147483705 2147483705 
2147483705 2147483648 2147483649 2147483650 2147483659 2147483663 2147483666 2147483668 2147483669 2147483674 2147483679 2147483684 2147483689 2147483694 2147483699 2147483701 2147483648 2147483649 2147483650 2147483659 2147483663 2147483666 2147483668 2147483669 2147483674 2147483679 2147483684 2147483689 2147483694 2147483699 2147483701 25 
