22 2147483648 
23 
24 
25 2147483648 2147483715 
26 2147483648 2147483713 2147483715 
27 2147483648 2147483715 
32 2147483648 2147483713 2147483715 
49 2147483649 2147483673 2147483711 2147483714 2147483739 2147483796 
50 
51 
52 2147483649 2147483654 2147483655 2147483656 2147483673 2147483711 2147483714 2147483716 2147483739 2147483796 2147483798 2147483800 2147483803 2147483804 2147483805 2147483814 2147483815 2147483825 
53 2147483649 2147483673 2147483711 2147483714 2147483716 2147483739 2147483741 2147483796 
54 2147483649 2147483673 2147483711 2147483714 2147483716 2147483739 2147483796 
57 2147483649 2147483673 2147483711 2147483714 2147483716 2147483739 2147483741 2147483796 
127 2147483649 2147483673 2147483711 2147483714 2147483716 2147483739 2147483796 
128 2147483649 2147483673 2147483711 2147483714 2147483739 2147483796 
129 2147483649 2147483673 2147483711 2147483714 2147483739 2147483796 
130 2147483649 2147483673 2147483711 2147483714 2147483739 2147483796 
131 
132 
133 
134 
263 2147483648 
264 2147483648 
265 2147483648 
266 2147483648 
267 
268 
269 
270 
2147483648 2147483649 2147483654 2147483673 2147483711 2147483713 2147483714 2147483715 2147483717 2147483722 2147483725 2147483728 2147483735 2147483736 2147483739 2147483740 2147483741 2147483746 2147483749 2147483796 22 25 27 32 26 263 264 265 266 2147483649 2147483654 2147483673 2147483711 2147483713 2147483714 2147483715 2147483717 2147483722 2147483725 2147483728 2147483735 2147483736 2147483739 2147483740 2147483741 2147483746 2147483749 2147483796 
2147483649 2147483648 2147483648 2147483654 2147483655 2147483656 2147483673 2147483711 2147483713 2147483714 2147483717 2147483725 2147483728 2147483735 2147483736 2147483739 2147483740 2147483741 2147483746 2147483749 2147483796 2147483798 2147483800 2147483803 2147483804 2147483805 2147483814 2147483815 2147483825 49 52 54 57 53 127 128 129 130 2147483654 2147483655 2147483656 2147483673 2147483711 2147483713 2147483714 2147483717 2147483725 2147483728 2147483735 2147483736 2147483739 2147483740 2147483741 2147483746 2147483749 2147483796 2147483798 2147483800 2147483803 2147483804 2147483805 2147483814 2147483815 2147483825 
2147483654 2147483648 2147483649 2147483648 2147483649 2147483655 2147483656 2147483673 2147483703 2147483711 2147483714 2147483739 2147483746 2147483749 2147483796 2147483798 2147483800 2147483803 2147483804 2147483805 2147483814 2147483815 2147483822 2147483825 52 2147483655 2147483656 2147483673 2147483703 2147483711 2147483714 2147483739 2147483746 2147483749 2147483796 2147483798 2147483800 2147483803 2147483804 2147483805 2147483814 2147483815 2147483822 2147483825 
2147483655 2147483649 2147483654 2147483649 2147483654 2147483656 2147483673 2147483711 2147483714 2147483796 2147483798 2147483800 2147483803 2147483804 2147483805 2147483814 2147483815 2147483825 52 2147483656 2147483673 2147483711 2147483714 2147483796 2147483798 2147483800 2147483803 2147483804 2147483805 2147483814 2147483815 2147483825 
2147483656 2147483649 2147483654 2147483655 2147483649 2147483654 2147483655 2147483673 2147483711 2147483714 2147483796 2147483798 2147483800 2147483803 2147483804 2147483805 2147483814 2147483815 2147483825 52 2147483673 2147483711 2147483714 2147483796 2147483798 2147483800 2147483803 2147483804 2147483805 2147483814 2147483815 2147483825 
2147483673 2147483648 2147483649 2147483654 2147483655 2147483656 2147483648 2147483649 2147483654 2147483655 2147483656 2147483711 2147483714 2147483728 2147483735 2147483736 2147483739 2147483740 2147483741 2147483746 2147483749 2147483796 2147483798 2147483800 2147483803 2147483804 2147483805 2147483814 2147483815 2147483825 49 52 54 57 53 127 128 129 130 2147483711 2147483714 2147483728 2147483735 2147483736 2147483739 2147483740 2147483741 2147483746 2147483749 2147483796 2147483798 2147483800 2147483803 2147483804 2147483805 2147483814 2147483815 2147483825 
2147483703 2147483654 2147483654 2147483711 2147483805 2147483822 2147483711 2147483805 2147483822 
2147483711 2147483648 2147483649 2147483654 2147483655 2147483656 2147483673 2147483703 2147483648 2147483649 2147483654 2147483655 2147483656 2147483673 2147483703 2147483713 2147483714 2147483715 2147483716 2147483717 2147483722 2147483725 2147483728 2147483735 2147483736 2147483739 2147483740 2147483741 2147483746 2147483749 2147483796 2147483798 2147483800 2147483803 2147483804 2147483805 2147483814 2147483815 2147483822 2147483825 53 49 52 54 57 127 128 129 130 2147483713 2147483714 2147483715 2147483716 2147483717 2147483722 2147483725 2147483728 2147483735 2147483736 2147483739 2147483740 2147483741 2147483746 2147483749 2147483796 2147483798 2147483800 2147483803 2147483804 2147483805 2147483814 2147483815 2147483822 2147483825 
2147483713 2147483648 2147483649 2147483711 2147483648 2147483649 2147483711 2147483714 2147483715 2147483716 2147483717 2147483722 2147483725 2147483728 2147483796 32 26 2147483714 2147483715 2147483716 2147483717 2147483722 2147483725 2147483728 2147483796 
2147483714 2147483648 2147483649 2147483654 2147483655 2147483656 2147483673 2147483711 2147483713 2147483648 2147483649 2147483654 2147483655 2147483656 2147483673 2147483711 2147483713 2147483715 2147483716 2147483717 2147483722 2147483725 2147483728 2147483735 2147483736 2147483739 2147483740 2147483741 2147483746 2147483749 2147483796 2147483798 2147483800 2147483803 2147483804 2147483805 2147483814 2147483815 2147483825 52 49 54 57 53 127 128 129 130 2147483715 2147483716 2147483717 2147483722 2147483725 2147483728 2147483735 2147483736 2147483739 2147483740 2147483741 2147483746 2147483749 2147483796 2147483798 2147483800 2147483803 2147483804 2147483805 2147483814 2147483815 2147483825 
2147483715 2147483648 2147483711 2147483713 2147483714 2147483648 2147483711 2147483713 2147483714 2147483716 2147483725 2147483796 25 27 32 26 2147483716 2147483725 2147483796 
2147483716 2147483711 2147483713 2147483714 2147483715 2147483711 2147483713 2147483714 2147483715 2147483796 52 54 57 53 127 2147483796 
2147483717 2147483648 2147483649 2147483711 2147483713 2147483714 2147483648 2147483649 2147483711 2147483713 2147483714 2147483725 2147483728 2147483796 2147483725 2147483728 2147483796 
2147483722 2147483648 2147483711 2147483713 2147483714 2147483648 2147483711 2147483713 2147483714 2147483725 2147483796 2147483725 2147483796 
2147483725 2147483648 2147483649 2147483711 2147483713 2147483714 2147483715 2147483717 2147483722 2147483648 2147483649 2147483711 2147483713 2147483714 2147483715 2147483717 2147483722 2147483728 2147483796 2147483728 2147483796 
2147483728 2147483648 2147483649 2147483673 2147483711 2147483713 2147483714 2147483717 2147483725 2147483648 2147483649 2147483673 2147483711 2147483713 2147483714 2147483717 2147483725 2147483796 2147483796 
2147483735 2147483648 2147483649 2147483673 2147483711 2147483714 2147483648 2147483649 2147483673 2147483711 2147483714 2147483736 2147483739 2147483796 2147483736 2147483739 2147483796 
2147483736 2147483648 2147483649 2147483673 2147483711 2147483714 2147483735 2147483648 2147483649 2147483673 2147483711 2147483714 2147483735 2147483796 2147483796 
2147483739 2147483648 2147483649 2147483654 2147483673 2147483711 2147483714 2147483735 2147483648 2147483649 2147483654 2147483673 2147483711 2147483714 2147483735 2147483740 2147483741 2147483746 2147483749 2147483796 49 52 54 57 53 127 128 129 130 2147483740 2147483741 2147483746 2147483749 2147483796 
2147483740 2147483648 2147483649 2147483673 2147483711 2147483714 2147483739 2147483648 2147483649 2147483673 2147483711 2147483714 2147483739 2147483741 2147483796 2147483741 2147483796 
2147483741 2147483648 2147483649 2147483673 2147483711 2147483714 2147483739 2147483740 2147483648 2147483649 2147483673 2147483711 2147483714 2147483739 2147483740 2147483796 57 53 2147483796 
2147483746 2147483648 2147483649 2147483654 2147483673 2147483711 2147483714 2147483739 2147483648 2147483649 2147483654 2147483673 2147483711 2147483714 2147483739 2147483749 2147483796 2147483749 2147483796 
2147483749 2147483648 2147483649 2147483654 2147483673 2147483711 2147483714 2147483739 2147483746 2147483648 2147483649 2147483654 2147483673 2147483711 2147483714 2147483739 2147483746 2147483796 2147483796 
2147483796 2147483648 2147483649 2147483654 2147483655 2147483656 2147483673 2147483711 2147483713 2147483714 2147483715 2147483716 2147483717 2147483722 2147483725 2147483728 2147483735 2147483736 2147483739 2147483740 2147483741 2147483746 2147483749 2147483648 2147483649 2147483654 2147483655 2147483656 2147483673 2147483711 2147483713 2147483714 2147483715 2147483716 2147483717 2147483722 2147483725 2147483728 2147483735 2147483736 2147483739 2147483740 2147483741 2147483746 2147483749 2147483798 2147483800 2147483803 2147483804 2147483805 2147483814 2147483815 2147483825 57 49 52 54 53 127 128 129 130 2147483798 2147483800 2147483803 2147483804 2147483805 2147483814 2147483815 2147483825 
2147483798 2147483649 2147483654 2147483655 2147483656 2147483673 2147483711 2147483714 2147483796 2147483649 2147483654 2147483655 2147483656 2147483673 2147483711 2147483714 2147483796 2147483800 2147483803 2147483804 2147483805 2147483825 52 2147483800 2147483803 2147483804 2147483805 2147483825 
2147483800 2147483649 2147483654 2147483655 2147483656 2147483673 2147483711 2147483714 2147483796 2147483798 2147483649 2147483654 2147483655 2147483656 2147483673 2147483711 2147483714 2147483796 2147483798 2147483803 2147483804 2147483805 2147483814 2147483815 2147483825 52 2147483803 2147483804 2147483805 2147483814 2147483815 2147483825 
2147483803 2147483649 2147483654 2147483655 2147483656 2147483673 2147483711 2147483714 2147483796 2147483798 2147483800 2147483649 2147483654 2147483655 2147483656 2147483673 2147483711 2147483714 2147483796 2147483798 2147483800 2147483804 2147483805 2147483825 52 2147483804 2147483805 2147483825 
2147483804 2147483649 2147483654 2147483655 2147483656 2147483673 2147483711 2147483714 2147483796 2147483798 2147483800 2147483803 2147483649 2147483654 2147483655 2147483656 2147483673 2147483711 2147483714 2147483796 2147483798 2147483800 2147483803 2147483805 2147483825 52 2147483805 2147483825 
2147483805 2147483649 2147483654 2147483655 2147483656 2147483673 2147483703 2147483711 2147483714 2147483796 2147483798 2147483800 2147483803 2147483804 2147483649 2147483654 2147483655 2147483656 2147483673 2147483703 2147483711 2147483714 2147483796 2147483798 2147483800 2147483803 2147483804 2147483814 2147483815 2147483822 2147483825 52 2147483814 2147483815 2147483822 2147483825 
2147483814 2147483649 2147483654 2147483655 2147483656 2147483673 2147483711 2147483714 2147483796 2147483800 2147483805 2147483649 2147483654 2147483655 2147483656 2147483673 2147483711 2147483714 2147483796 2147483800 2147483805 2147483815 2147483825 52 2147483815 2147483825 
2147483815 2147483649 2147483654 2147483655 2147483656 2147483673 2147483711 2147483714 2147483796 2147483800 2147483805 2147483814 2147483649 2147483654 2147483655 2147483656 2147483673 2147483711 2147483714 2147483796 2147483800 2147483805 2147483814 2147483825 52 2147483825 
2147483822 2147483654 2147483703 2147483711 2147483805 2147483654 2147483703 2147483711 2147483805 
2147483825 2147483649 2147483654 2147483655 2147483656 2147483673 2147483711 2147483714 2147483796 2147483798 2147483800 2147483803 2147483804 2147483805 2147483814 2147483815 2147483649 2147483654 2147483655 2147483656 2147483673 2147483711 2147483714 2147483796 2147483798 2147483800 2147483803 2147483804 2147483805 2147483814 2147483815 52 
