49 2147483674 
50 
51 
52 2147483674 
53 2147483670 2147483671 2147483674 2147483675 
54 2147483674 
57 2147483671 2147483674 
127 2147483674 
128 2147483674 
129 2147483674 
130 2147483674 
131 
132 
133 
134 
2147483648 2147483660 2147483674 2147483675 2147483678 2147483692 2147483706 2147483712 2147483660 2147483674 2147483675 2147483678 2147483692 2147483706 2147483712 
2147483660 2147483648 2147483648 2147483670 2147483671 2147483674 2147483675 2147483692 2147483706 2147483712 2147483670 2147483671 2147483674 2147483675 2147483692 2147483706 2147483712 
2147483670 2147483660 2147483660 2147483671 2147483674 2147483712 53 2147483671 2147483674 2147483712 
2147483671 2147483660 2147483670 2147483660 2147483670 2147483674 2147483712 57 53 2147483674 2147483712 
2147483674 2147483648 2147483660 2147483670 2147483671 2147483648 2147483660 2147483670 2147483671 2147483675 2147483678 2147483692 2147483706 2147483712 53 49 52 54 57 127 128 129 130 2147483675 2147483678 2147483692 2147483706 2147483712 
2147483675 2147483648 2147483660 2147483674 2147483648 2147483660 2147483674 2147483678 2147483692 2147483706 2147483712 53 2147483678 2147483692 2147483706 2147483712 
2147483678 2147483648 2147483674 2147483675 2147483648 2147483674 2147483675 2147483706 2147483712 2147483706 2147483712 
2147483692 2147483648 2147483660 2147483674 2147483675 2147483648 2147483660 2147483674 2147483675 2147483712 2147483712 
2147483706 2147483648 2147483660 2147483674 2147483675 2147483678 2147483648 2147483660 2147483674 2147483675 2147483678 2147483712 2147483712 
2147483712 2147483648 2147483660 2147483670 2147483671 2147483674 2147483675 2147483678 2147483692 2147483706 2147483648 2147483660 2147483670 2147483671 2147483674 2147483675 2147483678 2147483692 2147483706 
