2 2147483696 2147483733 
5 
8 
11 2147483696 2147483733 
18 2147483696 2147483733 
19 2147483696 2147483733 
22 2147483689 2147483722 2147483756 
23 
24 
25 2147483689 2147483722 2147483756 
26 2147483689 2147483722 2147483756 
27 2147483689 2147483722 2147483756 
32 2147483689 2147483722 2147483756 
49 2147483652 2147483684 2147483685 2147483686 2147483695 2147483705 2147483724 2147483731 2147483761 
50 
51 
52 2147483652 2147483684 2147483685 2147483686 2147483695 2147483705 2147483724 2147483731 2147483761 
53 2147483652 2147483684 2147483685 2147483686 2147483694 2147483695 2147483701 2147483703 2147483705 2147483724 2147483729 2147483731 2147483761 
54 2147483652 2147483684 2147483685 2147483686 2147483695 2147483705 2147483724 2147483731 2147483761 
57 2147483652 2147483684 2147483685 2147483686 2147483694 2147483695 2147483701 2147483703 2147483705 2147483724 2147483729 2147483731 2147483761 
61 2147483696 2147483733 
127 2147483652 2147483684 2147483685 2147483686 2147483695 2147483705 2147483724 2147483731 2147483761 
128 2147483652 2147483684 2147483685 2147483686 2147483695 2147483705 2147483724 2147483731 2147483761 
129 2147483652 2147483684 2147483685 2147483686 2147483695 2147483705 2147483724 2147483731 2147483761 
130 2147483652 2147483684 2147483685 2147483686 2147483695 2147483705 2147483724 2147483731 2147483761 
131 
132 
133 
134 
247 2147483696 2147483733 
248 2147483696 2147483733 
249 2147483696 2147483733 
250 2147483696 2147483733 
251 
252 
253 
254 
263 2147483689 2147483722 2147483756 
264 2147483689 2147483722 2147483756 
265 2147483689 2147483722 2147483756 
266 2147483689 2147483722 2147483756 
267 
268 
269 
270 
2147483648 2147483684 2147483685 2147483686 2147483684 2147483685 2147483686 
2147483652 2147483684 2147483685 2147483686 2147483689 2147483694 2147483695 2147483696 2147483701 2147483703 2147483705 2147483708 2147483718 2147483720 2147483724 2147483726 2147483729 2147483731 2147483756 49 57 52 54 53 127 128 129 130 2147483684 2147483685 2147483686 2147483689 2147483694 2147483695 2147483696 2147483701 2147483703 2147483705 2147483708 2147483718 2147483720 2147483724 2147483726 2147483729 2147483731 2147483756 
2147483684 2147483648 2147483652 2147483648 2147483652 2147483685 2147483686 2147483689 2147483692 2147483694 2147483695 2147483696 2147483701 2147483703 2147483705 2147483708 2147483710 2147483712 2147483718 2147483720 2147483722 2147483724 2147483726 2147483729 2147483731 2147483733 2147483756 53 49 52 54 57 127 128 129 130 2147483685 2147483686 2147483689 2147483692 2147483694 2147483695 2147483696 2147483701 2147483703 2147483705 2147483708 2147483710 2147483712 2147483718 2147483720 2147483722 2147483724 2147483726 2147483729 2147483731 2147483733 2147483756 
2147483685 2147483648 2147483652 2147483684 2147483648 2147483652 2147483684 2147483686 2147483689 2147483692 2147483694 2147483695 2147483696 2147483701 2147483703 2147483705 2147483708 2147483710 2147483712 2147483718 2147483720 2147483722 2147483724 2147483726 2147483729 2147483731 2147483733 2147483756 57 53 49 52 54 127 128 129 130 2147483686 2147483689 2147483692 2147483694 2147483695 2147483696 2147483701 2147483703 2147483705 2147483708 2147483710 2147483712 2147483718 2147483720 2147483722 2147483724 2147483726 2147483729 2147483731 2147483733 2147483756 
2147483686 2147483648 2147483652 2147483684 2147483685 2147483648 2147483652 2147483684 2147483685 2147483689 2147483692 2147483694 2147483695 2147483696 2147483701 2147483703 2147483705 2147483708 2147483710 2147483712 2147483718 2147483720 2147483722 2147483724 2147483726 2147483729 2147483731 2147483733 2147483756 53 54 49 52 57 127 128 129 130 2147483689 2147483692 2147483694 2147483695 2147483696 2147483701 2147483703 2147483705 2147483708 2147483710 2147483712 2147483718 2147483720 2147483722 2147483724 2147483726 2147483729 2147483731 2147483733 2147483756 
2147483689 2147483652 2147483684 2147483685 2147483686 2147483652 2147483684 2147483685 2147483686 2147483692 2147483694 2147483695 2147483696 2147483701 2147483703 2147483705 2147483708 2147483710 2147483712 2147483718 2147483720 2147483722 2147483724 2147483726 2147483729 2147483731 2147483733 2147483756 22 25 27 32 26 263 264 265 266 2147483692 2147483694 2147483695 2147483696 2147483701 2147483703 2147483705 2147483708 2147483710 2147483712 2147483718 2147483720 2147483722 2147483724 2147483726 2147483729 2147483731 2147483733 2147483756 
2147483692 2147483684 2147483685 2147483686 2147483689 2147483684 2147483685 2147483686 2147483689 2147483695 2147483705 2147483724 2147483731 2147483756 2147483695 2147483705 2147483724 2147483731 2147483756 
2147483694 2147483652 2147483684 2147483685 2147483686 2147483689 2147483652 2147483684 2147483685 2147483686 2147483689 2147483695 2147483705 2147483724 2147483731 2147483756 57 53 2147483695 2147483705 2147483724 2147483731 2147483756 
2147483695 2147483652 2147483684 2147483685 2147483686 2147483689 2147483692 2147483694 2147483652 2147483684 2147483685 2147483686 2147483689 2147483692 2147483694 2147483696 2147483701 2147483703 2147483705 2147483708 2147483710 2147483712 2147483718 2147483720 2147483722 2147483724 2147483726 2147483729 2147483731 2147483733 2147483756 53 57 49 52 54 127 128 129 130 2147483696 2147483701 2147483703 2147483705 2147483708 2147483710 2147483712 2147483718 2147483720 2147483722 2147483724 2147483726 2147483729 2147483731 2147483733 2147483756 
2147483696 2147483652 2147483684 2147483685 2147483686 2147483689 2147483695 2147483652 2147483684 2147483685 2147483686 2147483689 2147483695 2147483705 2147483724 2147483731 2147483756 2 11 19 61 18 247 248 249 250 2147483705 2147483724 2147483731 2147483756 
2147483699 2147483761 2147483761 
2147483701 2147483652 2147483684 2147483685 2147483686 2147483689 2147483695 2147483652 2147483684 2147483685 2147483686 2147483689 2147483695 2147483705 2147483724 2147483731 2147483756 57 53 2147483705 2147483724 2147483731 2147483756 
2147483703 2147483652 2147483684 2147483685 2147483686 2147483689 2147483695 2147483652 2147483684 2147483685 2147483686 2147483689 2147483695 2147483705 2147483724 2147483731 2147483756 57 53 2147483705 2147483724 2147483731 2147483756 
2147483705 2147483652 2147483684 2147483685 2147483686 2147483689 2147483692 2147483694 2147483695 2147483696 2147483701 2147483703 2147483652 2147483684 2147483685 2147483686 2147483689 2147483692 2147483694 2147483695 2147483696 2147483701 2147483703 2147483708 2147483710 2147483712 2147483718 2147483720 2147483722 2147483724 2147483726 2147483729 2147483731 2147483733 2147483756 53 57 49 52 54 127 128 129 130 2147483708 2147483710 2147483712 2147483718 2147483720 2147483722 2147483724 2147483726 2147483729 2147483731 2147483733 2147483756 
2147483708 2147483652 2147483684 2147483685 2147483686 2147483689 2147483695 2147483705 2147483652 2147483684 2147483685 2147483686 2147483689 2147483695 2147483705 2147483724 2147483731 2147483756 2147483724 2147483731 2147483756 
2147483710 2147483684 2147483685 2147483686 2147483689 2147483695 2147483705 2147483684 2147483685 2147483686 2147483689 2147483695 2147483705 2147483724 2147483731 2147483756 2147483724 2147483731 2147483756 
2147483712 2147483684 2147483685 2147483686 2147483689 2147483695 2147483705 2147483684 2147483685 2147483686 2147483689 2147483695 2147483705 2147483724 2147483731 2147483756 2147483724 2147483731 2147483756 
2147483718 2147483652 2147483684 2147483685 2147483686 2147483689 2147483695 2147483705 2147483652 2147483684 2147483685 2147483686 2147483689 2147483695 2147483705 2147483724 2147483731 2147483756 2147483724 2147483731 2147483756 
2147483720 2147483652 2147483684 2147483685 2147483686 2147483689 2147483695 2147483705 2147483652 2147483684 2147483685 2147483686 2147483689 2147483695 2147483705 2147483724 2147483731 2147483756 2147483724 2147483731 2147483756 
2147483722 2147483684 2147483685 2147483686 2147483689 2147483695 2147483705 2147483684 2147483685 2147483686 2147483689 2147483695 2147483705 2147483724 2147483731 2147483756 22 25 27 32 26 263 264 265 266 2147483724 2147483731 2147483756 
2147483724 2147483652 2147483684 2147483685 2147483686 2147483689 2147483692 2147483694 2147483695 2147483696 2147483701 2147483703 2147483705 2147483708 2147483710 2147483712 2147483718 2147483720 2147483722 2147483652 2147483684 2147483685 2147483686 2147483689 2147483692 2147483694 2147483695 2147483696 2147483701 2147483703 2147483705 2147483708 2147483710 2147483712 2147483718 2147483720 2147483722 2147483726 2147483729 2147483731 2147483733 2147483756 57 49 52 54 53 127 128 129 130 2147483726 2147483729 2147483731 2147483733 2147483756 
2147483726 2147483652 2147483684 2147483685 2147483686 2147483689 2147483695 2147483705 2147483724 2147483652 2147483684 2147483685 2147483686 2147483689 2147483695 2147483705 2147483724 2147483731 2147483756 2147483731 2147483756 
2147483729 2147483652 2147483684 2147483685 2147483686 2147483689 2147483695 2147483705 2147483724 2147483652 2147483684 2147483685 2147483686 2147483689 2147483695 2147483705 2147483724 2147483731 2147483756 57 53 2147483731 2147483756 
2147483731 2147483652 2147483684 2147483685 2147483686 2147483689 2147483692 2147483694 2147483695 2147483696 2147483701 2147483703 2147483705 2147483708 2147483710 2147483712 2147483718 2147483720 2147483722 2147483724 2147483726 2147483729 2147483652 2147483684 2147483685 2147483686 2147483689 2147483692 2147483694 2147483695 2147483696 2147483701 2147483703 2147483705 2147483708 2147483710 2147483712 2147483718 2147483720 2147483722 2147483724 2147483726 2147483729 2147483733 2147483756 53 57 49 52 54 127 128 129 130 2147483733 2147483756 
2147483733 2147483684 2147483685 2147483686 2147483689 2147483695 2147483705 2147483724 2147483731 2147483684 2147483685 2147483686 2147483689 2147483695 2147483705 2147483724 2147483731 2147483756 2 11 19 61 18 247 248 249 250 2147483756 
2147483736 2147483761 2147483761 
2147483740 2147483761 2147483761 
2147483747 2147483761 2147483761 
2147483748 
2147483756 2147483652 2147483684 2147483685 2147483686 2147483689 2147483692 2147483694 2147483695 2147483696 2147483701 2147483703 2147483705 2147483708 2147483710 2147483712 2147483718 2147483720 2147483722 2147483724 2147483726 2147483729 2147483731 2147483733 2147483652 2147483684 2147483685 2147483686 2147483689 2147483692 2147483694 2147483695 2147483696 2147483701 2147483703 2147483705 2147483708 2147483710 2147483712 2147483718 2147483720 2147483722 2147483724 2147483726 2147483729 2147483731 2147483733 22 25 27 32 26 263 264 265 266 
2147483761 2147483699 2147483736 2147483740 2147483747 2147483699 2147483736 2147483740 2147483747 49 53 52 54 57 127 128 129 130 
