3 
6 
9 
13 
16 
21 
22 2147483674 
23 
24 
25 2147483674 2147483688 
26 2147483674 
27 2147483674 
32 2147483674 
49 2147483648 2147483662 2147483663 2147483682 2147483683 2147483699 
50 
51 
52 2147483648 2147483662 2147483663 2147483682 2147483683 2147483699 
53 2147483648 2147483662 2147483663 2147483672 2147483682 2147483683 2147483693 2147483699 
54 2147483648 2147483662 2147483663 2147483682 2147483683 2147483699 
57 2147483648 2147483662 2147483663 2147483672 2147483682 2147483683 2147483693 2147483699 
59 
127 2147483648 2147483662 2147483663 2147483682 2147483683 2147483699 
128 2147483648 2147483662 2147483663 2147483682 2147483683 2147483699 
129 2147483648 2147483662 2147483663 2147483682 2147483683 2147483699 
130 2147483648 2147483662 2147483663 2147483682 2147483683 2147483699 
131 
132 
133 
134 
263 2147483674 
264 2147483674 
265 2147483674 
266 2147483674 
267 
268 
269 
270 
271 
272 
273 
274 
275 
276 
277 
278 
2147483648 2147483666 2147483672 2147483674 2147483679 2147483699 53 49 52 54 57 127 128 129 130 2147483666 2147483672 2147483674 2147483679 2147483699 
2147483656 2147483662 2147483663 2147483682 2147483683 2147483662 2147483663 2147483682 2147483683 
2147483662 2147483656 2147483656 2147483663 2147483682 2147483683 2147483688 2147483700 2147483701 53 49 52 54 57 127 128 129 130 2147483663 2147483682 2147483683 2147483688 2147483700 2147483701 
2147483663 2147483656 2147483662 2147483656 2147483662 2147483682 2147483683 2147483688 2147483692 2147483693 2147483700 2147483701 57 53 49 52 54 127 128 129 130 2147483682 2147483683 2147483688 2147483692 2147483693 2147483700 2147483701 
2147483666 2147483648 2147483648 
2147483672 2147483648 2147483648 2147483674 57 53 2147483674 
2147483674 2147483648 2147483672 2147483648 2147483672 2147483679 2147483699 22 25 27 32 26 263 264 265 266 2147483679 2147483699 
2147483679 2147483648 2147483674 2147483648 2147483674 2147483699 2147483699 
2147483680 
2147483682 2147483656 2147483662 2147483663 2147483656 2147483662 2147483663 2147483683 2147483688 2147483700 2147483701 49 52 54 57 53 127 128 129 130 2147483683 2147483688 2147483700 2147483701 
2147483683 2147483656 2147483662 2147483663 2147483682 2147483656 2147483662 2147483663 2147483682 2147483688 2147483700 2147483701 49 52 54 57 53 127 128 129 130 2147483688 2147483700 2147483701 
2147483688 2147483662 2147483663 2147483682 2147483683 2147483662 2147483663 2147483682 2147483683 2147483701 25 2147483701 
2147483691 
2147483692 2147483663 2147483663 2147483693 2147483693 
2147483693 2147483663 2147483692 2147483663 2147483692 57 53 
2147483694 
2147483699 2147483648 2147483674 2147483679 2147483648 2147483674 2147483679 49 53 52 54 57 127 128 129 130 
2147483700 2147483662 2147483663 2147483682 2147483683 2147483662 2147483663 2147483682 2147483683 
2147483701 2147483662 2147483663 2147483682 2147483683 2147483688 2147483662 2147483663 2147483682 2147483683 2147483688 
