2 
5 
8 
11 
18 
19 
22 2147483648 2147483663 2147483712 
23 
24 
25 2147483648 2147483663 2147483712 
26 2147483648 2147483663 2147483667 2147483712 
27 2147483648 2147483663 2147483666 2147483667 2147483712 
32 2147483648 2147483663 2147483712 
49 2147483652 2147483655 2147483661 2147483724 2147483748 
50 
51 
52 2147483652 2147483655 2147483661 2147483724 2147483748 
53 2147483652 2147483655 2147483661 2147483686 2147483715 2147483724 2147483748 
54 2147483652 2147483655 2147483661 2147483724 2147483748 
57 2147483652 2147483655 2147483661 2147483724 2147483748 
61 
127 2147483652 2147483655 2147483661 2147483724 2147483748 
128 2147483652 2147483655 2147483661 2147483724 2147483748 
129 2147483652 2147483655 2147483661 2147483724 2147483748 
130 2147483652 2147483655 2147483661 2147483724 2147483748 
131 
132 
133 
134 
247 
248 
249 
250 
251 
252 
253 
254 
263 2147483648 2147483663 2147483712 
264 2147483648 2147483663 2147483712 
265 2147483648 2147483663 2147483712 
266 2147483648 2147483663 2147483712 
267 
268 
269 
270 
2147483648 2147483666 2147483667 2147483712 2147483748 22 25 27 32 26 263 264 265 266 2147483666 2147483667 2147483712 2147483748 
2147483652 2147483655 2147483659 2147483660 2147483676 2147483680 2147483686 2147483693 2147483695 2147483698 2147483701 2147483704 2147483707 2147483709 2147483711 2147483712 2147483748 49 52 54 57 53 127 128 129 130 2147483655 2147483659 2147483660 2147483676 2147483680 2147483686 2147483693 2147483695 2147483698 2147483701 2147483704 2147483707 2147483709 2147483711 2147483712 2147483748 
2147483655 2147483652 2147483652 2147483680 2147483686 2147483712 2147483748 52 49 54 57 53 127 128 129 130 2147483680 2147483686 2147483712 2147483748 
2147483659 2147483652 2147483652 2147483660 2147483704 2147483707 2147483709 2147483711 2147483712 2147483748 2147483660 2147483704 2147483707 2147483709 2147483711 2147483712 2147483748 
2147483660 2147483652 2147483659 2147483652 2147483659 
2147483661 2147483663 2147483724 2147483729 2147483734 2147483742 2147483743 2147483745 2147483750 49 53 52 54 57 127 128 129 130 2147483663 2147483724 2147483729 2147483734 2147483742 2147483743 2147483745 2147483750 
2147483663 2147483661 2147483661 2147483724 22 25 27 32 26 263 264 265 266 2147483724 
2147483666 2147483648 2147483648 2147483667 2147483712 27 2147483667 2147483712 
2147483667 2147483648 2147483666 2147483648 2147483666 2147483712 2147483748 27 26 2147483712 2147483748 
2147483676 2147483652 2147483652 2147483680 2147483712 2147483748 2147483680 2147483712 2147483748 
2147483680 2147483652 2147483655 2147483676 2147483652 2147483655 2147483676 2147483712 2147483748 2147483712 2147483748 
2147483686 2147483652 2147483655 2147483652 2147483655 2147483712 2147483748 53 2147483712 2147483748 
2147483693 2147483652 2147483652 2147483712 2147483748 2147483712 2147483748 
2147483695 2147483652 2147483652 2147483698 2147483712 2147483748 2147483698 2147483712 2147483748 
2147483698 2147483652 2147483695 2147483652 2147483695 2147483712 2147483748 2147483712 2147483748 
2147483701 2147483652 2147483652 2147483712 2147483748 2147483712 2147483748 
2147483704 2147483652 2147483659 2147483652 2147483659 2147483707 2147483712 2147483748 2147483707 2147483712 2147483748 
2147483707 2147483652 2147483659 2147483704 2147483652 2147483659 2147483704 2147483712 2147483748 2147483712 2147483748 
2147483709 2147483652 2147483659 2147483652 2147483659 2147483712 2147483748 2147483712 2147483748 
2147483711 2147483652 2147483659 2147483652 2147483659 2147483712 2147483748 2147483712 2147483748 
2147483712 2147483648 2147483652 2147483655 2147483659 2147483666 2147483667 2147483676 2147483680 2147483686 2147483693 2147483695 2147483698 2147483701 2147483704 2147483707 2147483709 2147483711 2147483648 2147483652 2147483655 2147483659 2147483666 2147483667 2147483676 2147483680 2147483686 2147483693 2147483695 2147483698 2147483701 2147483704 2147483707 2147483709 2147483711 2147483748 22 25 27 32 26 263 264 265 266 2147483748 
2147483715 53 
2147483724 2147483661 2147483663 2147483661 2147483663 53 49 52 54 57 127 128 129 130 
2147483729 2147483661 2147483661 
2147483734 2147483661 2147483661 2147483742 2147483743 2147483750 2147483742 2147483743 2147483750 
2147483742 2147483661 2147483734 2147483661 2147483734 2147483750 2147483750 
2147483743 2147483661 2147483734 2147483661 2147483734 
2147483745 2147483661 2147483661 
2147483748 2147483648 2147483652 2147483655 2147483659 2147483667 2147483676 2147483680 2147483686 2147483693 2147483695 2147483698 2147483701 2147483704 2147483707 2147483709 2147483711 2147483712 2147483648 2147483652 2147483655 2147483659 2147483667 2147483676 2147483680 2147483686 2147483693 2147483695 2147483698 2147483701 2147483704 2147483707 2147483709 2147483711 2147483712 54 49 53 52 57 127 128 129 130 
2147483750 2147483661 2147483734 2147483742 2147483661 2147483734 2147483742 
