2 
5 
8 
11 
18 
19 
22 2147483686 
23 
24 
25 2147483686 
26 2147483686 
27 2147483686 
32 2147483686 
49 2147483685 
50 
51 
52 2147483685 
53 2147483685 
54 2147483685 
57 2147483685 
61 
127 2147483685 
128 2147483685 
129 2147483685 
130 2147483685 
131 
132 
133 
134 
247 
248 
249 
250 
251 
252 
253 
254 
263 2147483686 
264 2147483686 
265 2147483686 
266 2147483686 
267 
268 
269 
270 
2147483648 2147483650 2147483653 2147483686 2147483702 2147483764 2147483766 2147483650 2147483653 2147483686 2147483702 2147483764 2147483766 
2147483650 2147483648 2147483648 2147483686 2147483764 2147483686 2147483764 
2147483653 2147483648 2147483648 2147483686 2147483764 2147483686 2147483764 
2147483655 2147483686 2147483686 
2147483677 2147483678 2147483686 2147483746 2147483748 2147483764 2147483766 2147483678 2147483686 2147483746 2147483748 2147483764 2147483766 
2147483678 2147483677 2147483677 2147483686 2147483746 2147483748 2147483764 2147483766 2147483686 2147483746 2147483748 2147483764 2147483766 
2147483685 2147483686 2147483693 53 49 52 54 57 127 128 129 130 2147483686 2147483693 
2147483686 2147483648 2147483650 2147483653 2147483655 2147483677 2147483678 2147483685 2147483648 2147483650 2147483653 2147483655 2147483677 2147483678 2147483685 2147483693 2147483702 2147483708 2147483709 2147483711 2147483712 2147483713 2147483714 2147483721 2147483722 2147483723 2147483724 2147483725 2147483739 2147483746 2147483748 2147483757 2147483758 2147483759 2147483760 2147483762 2147483764 2147483766 32 22 25 27 26 263 264 265 266 2147483693 2147483702 2147483708 2147483709 2147483711 2147483712 2147483713 2147483714 2147483721 2147483722 2147483723 2147483724 2147483725 2147483739 2147483746 2147483748 2147483757 2147483758 2147483759 2147483760 2147483762 2147483764 2147483766 
2147483693 2147483685 2147483686 2147483685 2147483686 
2147483702 2147483648 2147483686 2147483648 2147483686 
2147483708 2147483686 2147483686 2147483759 2147483759 
2147483709 2147483686 2147483686 2147483759 2147483760 2147483759 2147483760 
2147483711 2147483686 2147483686 2147483757 2147483758 2147483760 2147483757 2147483758 2147483760 
2147483712 2147483686 2147483686 2147483757 2147483758 2147483760 2147483757 2147483758 2147483760 
2147483713 2147483686 2147483686 2147483757 2147483758 2147483760 2147483757 2147483758 2147483760 
2147483714 2147483686 2147483686 2147483757 2147483758 2147483759 2147483760 2147483757 2147483758 2147483759 2147483760 
2147483721 2147483686 2147483686 2147483759 2147483759 
2147483722 2147483686 2147483686 2147483759 2147483759 
2147483723 2147483686 2147483686 2147483759 2147483759 
2147483724 2147483686 2147483686 2147483759 2147483759 
2147483725 2147483686 2147483686 2147483759 2147483759 
2147483739 2147483686 2147483686 2147483764 2147483764 
2147483746 2147483677 2147483678 2147483686 2147483677 2147483678 2147483686 2147483748 2147483764 2147483766 2147483748 2147483764 2147483766 
2147483748 2147483677 2147483678 2147483686 2147483746 2147483677 2147483678 2147483686 2147483746 2147483764 2147483766 2147483764 2147483766 
2147483757 2147483686 2147483711 2147483712 2147483713 2147483714 2147483686 2147483711 2147483712 2147483713 2147483714 2147483758 2147483759 2147483760 2147483762 2147483758 2147483759 2147483760 2147483762 
2147483758 2147483686 2147483711 2147483712 2147483713 2147483714 2147483757 2147483686 2147483711 2147483712 2147483713 2147483714 2147483757 2147483759 2147483760 2147483762 2147483759 2147483760 2147483762 
2147483759 2147483686 2147483708 2147483709 2147483714 2147483721 2147483722 2147483723 2147483724 2147483725 2147483757 2147483758 2147483686 2147483708 2147483709 2147483714 2147483721 2147483722 2147483723 2147483724 2147483725 2147483757 2147483758 2147483760 2147483762 2147483766 2147483760 2147483762 2147483766 
2147483760 2147483686 2147483709 2147483711 2147483712 2147483713 2147483714 2147483757 2147483758 2147483759 2147483686 2147483709 2147483711 2147483712 2147483713 2147483714 2147483757 2147483758 2147483759 2147483762 2147483766 2147483762 2147483766 
2147483762 2147483686 2147483757 2147483758 2147483759 2147483760 2147483686 2147483757 2147483758 2147483759 2147483760 
2147483764 2147483648 2147483650 2147483653 2147483677 2147483678 2147483686 2147483739 2147483746 2147483748 2147483648 2147483650 2147483653 2147483677 2147483678 2147483686 2147483739 2147483746 2147483748 2147483766 2147483766 
2147483766 2147483648 2147483677 2147483678 2147483686 2147483746 2147483748 2147483759 2147483760 2147483764 2147483648 2147483677 2147483678 2147483686 2147483746 2147483748 2147483759 2147483760 2147483764 
