22 2147483661 2147483662 
23 
24 
25 2147483661 2147483662 
26 2147483661 2147483662 
27 2147483661 2147483662 
32 2147483661 2147483662 
49 2147483657 2147483658 2147483659 2147483660 2147483697 
50 
51 
52 2147483654 2147483657 2147483658 2147483659 2147483660 2147483692 2147483694 2147483697 
53 2147483648 2147483654 2147483657 2147483658 2147483659 2147483660 2147483680 2147483692 2147483694 2147483697 
54 2147483654 2147483657 2147483658 2147483659 2147483660 2147483680 2147483692 2147483694 2147483697 
57 2147483648 2147483654 2147483657 2147483658 2147483659 2147483660 2147483680 2147483692 2147483694 2147483697 
127 2147483654 2147483657 2147483658 2147483659 2147483660 2147483692 2147483694 2147483697 
128 2147483654 2147483657 2147483658 2147483659 2147483660 2147483692 2147483694 2147483697 
129 2147483657 2147483658 2147483659 2147483660 2147483697 
130 2147483657 2147483658 2147483659 2147483660 2147483697 
131 
132 
133 
134 
263 2147483661 2147483662 
264 2147483661 2147483662 
265 2147483661 2147483662 
266 2147483661 2147483662 
267 
268 
269 
270 
2147483648 2147483654 2147483657 2147483658 2147483659 2147483660 2147483661 2147483662 2147483672 2147483673 2147483692 2147483694 2147483696 57 53 2147483654 2147483657 2147483658 2147483659 2147483660 2147483661 2147483662 2147483672 2147483673 2147483692 2147483694 2147483696 
2147483654 2147483648 2147483648 2147483657 2147483658 2147483659 2147483660 2147483661 2147483662 2147483692 2147483694 2147483696 52 54 57 53 127 128 2147483657 2147483658 2147483659 2147483660 2147483661 2147483662 2147483692 2147483694 2147483696 
2147483657 2147483648 2147483654 2147483648 2147483654 2147483658 2147483659 2147483660 2147483661 2147483662 2147483668 2147483669 2147483672 2147483673 2147483678 2147483680 2147483692 2147483694 2147483696 2147483697 53 57 49 52 54 127 128 129 130 2147483658 2147483659 2147483660 2147483661 2147483662 2147483668 2147483669 2147483672 2147483673 2147483678 2147483680 2147483692 2147483694 2147483696 2147483697 
2147483658 2147483648 2147483654 2147483657 2147483648 2147483654 2147483657 2147483659 2147483660 2147483661 2147483662 2147483668 2147483669 2147483672 2147483673 2147483692 2147483694 2147483696 2147483697 57 49 52 54 53 127 128 129 130 2147483659 2147483660 2147483661 2147483662 2147483668 2147483669 2147483672 2147483673 2147483692 2147483694 2147483696 2147483697 
2147483659 2147483648 2147483654 2147483657 2147483658 2147483648 2147483654 2147483657 2147483658 2147483660 2147483661 2147483662 2147483668 2147483669 2147483672 2147483673 2147483678 2147483692 2147483694 2147483696 2147483697 54 49 52 57 53 127 128 129 130 2147483660 2147483661 2147483662 2147483668 2147483669 2147483672 2147483673 2147483678 2147483692 2147483694 2147483696 2147483697 
2147483660 2147483648 2147483654 2147483657 2147483658 2147483659 2147483648 2147483654 2147483657 2147483658 2147483659 2147483661 2147483662 2147483668 2147483669 2147483672 2147483673 2147483678 2147483680 2147483692 2147483694 2147483696 2147483697 52 54 49 57 53 127 128 129 130 2147483661 2147483662 2147483668 2147483669 2147483672 2147483673 2147483678 2147483680 2147483692 2147483694 2147483696 2147483697 
2147483661 2147483648 2147483654 2147483657 2147483658 2147483659 2147483660 2147483648 2147483654 2147483657 2147483658 2147483659 2147483660 2147483662 2147483668 2147483669 2147483672 2147483673 2147483692 2147483694 2147483696 263 22 25 27 32 26 264 265 266 2147483662 2147483668 2147483669 2147483672 2147483673 2147483692 2147483694 2147483696 
2147483662 2147483648 2147483654 2147483657 2147483658 2147483659 2147483660 2147483661 2147483648 2147483654 2147483657 2147483658 2147483659 2147483660 2147483661 2147483668 2147483669 2147483672 2147483673 2147483692 2147483694 2147483696 264 22 25 27 32 26 263 265 266 2147483668 2147483669 2147483672 2147483673 2147483692 2147483694 2147483696 
2147483668 2147483657 2147483658 2147483659 2147483660 2147483661 2147483662 2147483657 2147483658 2147483659 2147483660 2147483661 2147483662 
2147483669 2147483657 2147483658 2147483659 2147483660 2147483661 2147483662 2147483657 2147483658 2147483659 2147483660 2147483661 2147483662 
2147483672 2147483648 2147483657 2147483658 2147483659 2147483660 2147483661 2147483662 2147483648 2147483657 2147483658 2147483659 2147483660 2147483661 2147483662 2147483673 2147483673 
2147483673 2147483648 2147483657 2147483658 2147483659 2147483660 2147483661 2147483662 2147483672 2147483648 2147483657 2147483658 2147483659 2147483660 2147483661 2147483662 2147483672 
2147483678 2147483657 2147483659 2147483660 2147483657 2147483659 2147483660 2147483697 2147483697 
2147483680 2147483657 2147483660 2147483657 2147483660 2147483697 54 57 53 2147483697 
2147483681 2147483697 2147483697 
2147483689 
2147483692 2147483648 2147483654 2147483657 2147483658 2147483659 2147483660 2147483661 2147483662 2147483648 2147483654 2147483657 2147483658 2147483659 2147483660 2147483661 2147483662 2147483694 2147483696 52 54 57 53 127 128 2147483694 2147483696 
2147483694 2147483648 2147483654 2147483657 2147483658 2147483659 2147483660 2147483661 2147483662 2147483692 2147483648 2147483654 2147483657 2147483658 2147483659 2147483660 2147483661 2147483662 2147483692 2147483696 52 54 57 53 127 128 2147483696 
2147483696 2147483648 2147483654 2147483657 2147483658 2147483659 2147483660 2147483661 2147483662 2147483692 2147483694 2147483648 2147483654 2147483657 2147483658 2147483659 2147483660 2147483661 2147483662 2147483692 2147483694 
2147483697 2147483657 2147483658 2147483659 2147483660 2147483678 2147483680 2147483681 2147483657 2147483658 2147483659 2147483660 2147483678 2147483680 2147483681 49 53 52 54 57 127 128 129 130 
