22 
23 
24 
25 
26 2147483659 
27 
32 
49 2147483648 2147483721 
50 
51 
52 2147483648 2147483721 
53 2147483648 2147483721 
54 2147483648 2147483721 
57 2147483648 2147483721 
127 2147483648 2147483721 
128 2147483648 2147483721 
129 2147483648 2147483721 
130 2147483648 2147483721 
131 
132 
133 
134 
151 
152 
153 
154 
155 
156 
157 
158 
159 
160 
161 
162 
163 
164 
165 
166 
263 
264 
265 
266 
267 
268 
269 
270 
2147483648 2147483650 2147483656 2147483659 2147483668 2147483671 2147483676 2147483678 2147483684 2147483685 2147483693 2147483696 2147483697 2147483698 2147483700 2147483702 2147483705 2147483707 2147483708 2147483710 2147483712 2147483713 2147483716 2147483717 2147483719 2147483720 2147483721 2147483722 49 52 54 57 53 127 128 129 130 2147483650 2147483656 2147483659 2147483668 2147483671 2147483676 2147483678 2147483684 2147483685 2147483693 2147483696 2147483697 2147483698 2147483700 2147483702 2147483705 2147483707 2147483708 2147483710 2147483712 2147483713 2147483716 2147483717 2147483719 2147483720 2147483721 2147483722 
2147483650 2147483648 2147483648 2147483656 2147483676 2147483678 2147483684 2147483685 2147483716 2147483717 2147483721 2147483656 2147483676 2147483678 2147483684 2147483685 2147483716 2147483717 2147483721 
2147483656 2147483648 2147483650 2147483648 2147483650 2147483716 2147483717 2147483721 2147483716 2147483717 2147483721 
2147483659 2147483648 2147483648 2147483721 26 2147483721 
2147483668 2147483648 2147483648 
2147483671 2147483648 2147483648 2147483717 2147483721 2147483717 2147483721 
2147483676 2147483648 2147483650 2147483648 2147483650 2147483678 2147483716 2147483717 2147483721 2147483678 2147483716 2147483717 2147483721 
2147483678 2147483648 2147483650 2147483676 2147483648 2147483650 2147483676 2147483716 2147483717 2147483721 2147483716 2147483717 2147483721 
2147483684 2147483648 2147483650 2147483648 2147483650 
2147483685 2147483648 2147483650 2147483648 2147483650 
2147483693 2147483648 2147483648 2147483721 2147483721 
2147483696 2147483648 2147483648 2147483697 2147483698 2147483700 2147483702 2147483705 2147483707 2147483708 2147483710 2147483712 2147483713 2147483719 2147483721 2147483697 2147483698 2147483700 2147483702 2147483705 2147483707 2147483708 2147483710 2147483712 2147483713 2147483719 2147483721 
2147483697 2147483648 2147483696 2147483648 2147483696 2147483721 2147483721 
2147483698 2147483648 2147483696 2147483648 2147483696 2147483700 2147483702 2147483705 2147483707 2147483708 2147483710 2147483712 2147483713 2147483721 2147483700 2147483702 2147483705 2147483707 2147483708 2147483710 2147483712 2147483713 2147483721 
2147483700 2147483648 2147483696 2147483698 2147483648 2147483696 2147483698 2147483721 2147483721 
2147483702 2147483648 2147483696 2147483698 2147483648 2147483696 2147483698 2147483721 2147483721 
2147483705 2147483648 2147483696 2147483698 2147483648 2147483696 2147483698 2147483721 2147483721 
2147483707 2147483648 2147483696 2147483698 2147483648 2147483696 2147483698 2147483721 2147483721 
2147483708 2147483648 2147483696 2147483698 2147483648 2147483696 2147483698 2147483721 2147483721 
2147483710 2147483648 2147483696 2147483698 2147483648 2147483696 2147483698 
2147483712 2147483648 2147483696 2147483698 2147483648 2147483696 2147483698 
2147483713 2147483648 2147483696 2147483698 2147483648 2147483696 2147483698 
2147483714 
2147483715 
2147483716 2147483648 2147483650 2147483656 2147483676 2147483678 2147483648 2147483650 2147483656 2147483676 2147483678 2147483717 2147483721 2147483717 2147483721 
2147483717 2147483648 2147483650 2147483656 2147483671 2147483676 2147483678 2147483716 2147483648 2147483650 2147483656 2147483671 2147483676 2147483678 2147483716 2147483721 2147483721 
2147483719 2147483648 2147483696 2147483648 2147483696 2147483720 2147483721 2147483720 2147483721 
2147483720 2147483648 2147483719 2147483648 2147483719 2147483721 2147483721 
2147483721 2147483648 2147483650 2147483656 2147483659 2147483671 2147483676 2147483678 2147483693 2147483696 2147483697 2147483698 2147483700 2147483702 2147483705 2147483707 2147483708 2147483716 2147483717 2147483719 2147483720 2147483648 2147483650 2147483656 2147483659 2147483671 2147483676 2147483678 2147483693 2147483696 2147483697 2147483698 2147483700 2147483702 2147483705 2147483707 2147483708 2147483716 2147483717 2147483719 2147483720 2147483722 49 52 54 57 53 127 128 129 130 2147483722 
2147483722 2147483648 2147483721 2147483648 2147483721 
