22 
23 
24 
25 
26 2147483659 
27 
32 
49 2147483648 2147483716 
50 
51 
52 2147483648 2147483716 
53 2147483648 2147483716 
54 2147483648 2147483716 
57 2147483648 2147483716 
127 2147483648 2147483716 
128 2147483648 2147483716 
129 2147483648 2147483716 
130 2147483648 2147483716 
131 
132 
133 
134 
263 
264 
265 
266 
267 
268 
269 
270 
2147483648 2147483650 2147483656 2147483659 2147483668 2147483671 2147483676 2147483678 2147483684 2147483685 2147483693 2147483696 2147483697 2147483698 2147483700 2147483702 2147483705 2147483707 2147483708 2147483711 2147483712 2147483714 2147483715 2147483716 2147483717 49 52 54 57 53 127 128 129 130 2147483650 2147483656 2147483659 2147483668 2147483671 2147483676 2147483678 2147483684 2147483685 2147483693 2147483696 2147483697 2147483698 2147483700 2147483702 2147483705 2147483707 2147483708 2147483711 2147483712 2147483714 2147483715 2147483716 2147483717 
2147483650 2147483648 2147483648 2147483656 2147483676 2147483678 2147483684 2147483685 2147483711 2147483712 2147483716 2147483656 2147483676 2147483678 2147483684 2147483685 2147483711 2147483712 2147483716 
2147483656 2147483648 2147483650 2147483648 2147483650 2147483711 2147483712 2147483716 2147483711 2147483712 2147483716 
2147483659 2147483648 2147483648 2147483716 26 2147483716 
2147483668 2147483648 2147483648 
2147483671 2147483648 2147483648 2147483712 2147483716 2147483712 2147483716 
2147483676 2147483648 2147483650 2147483648 2147483650 2147483678 2147483711 2147483712 2147483716 2147483678 2147483711 2147483712 2147483716 
2147483678 2147483648 2147483650 2147483676 2147483648 2147483650 2147483676 2147483711 2147483712 2147483716 2147483711 2147483712 2147483716 
2147483684 2147483648 2147483650 2147483648 2147483650 
2147483685 2147483648 2147483650 2147483648 2147483650 
2147483693 2147483648 2147483648 2147483716 2147483716 
2147483696 2147483648 2147483648 2147483697 2147483698 2147483700 2147483702 2147483705 2147483707 2147483708 2147483714 2147483716 2147483697 2147483698 2147483700 2147483702 2147483705 2147483707 2147483708 2147483714 2147483716 
2147483697 2147483648 2147483696 2147483648 2147483696 2147483716 2147483716 
2147483698 2147483648 2147483696 2147483648 2147483696 2147483700 2147483702 2147483705 2147483707 2147483708 2147483716 2147483700 2147483702 2147483705 2147483707 2147483708 2147483716 
2147483700 2147483648 2147483696 2147483698 2147483648 2147483696 2147483698 2147483716 2147483716 
2147483702 2147483648 2147483696 2147483698 2147483648 2147483696 2147483698 2147483716 2147483716 
2147483705 2147483648 2147483696 2147483698 2147483648 2147483696 2147483698 2147483716 2147483716 
2147483707 2147483648 2147483696 2147483698 2147483648 2147483696 2147483698 2147483716 2147483716 
2147483708 2147483648 2147483696 2147483698 2147483648 2147483696 2147483698 2147483716 2147483716 
2147483709 
2147483710 
2147483711 2147483648 2147483650 2147483656 2147483676 2147483678 2147483648 2147483650 2147483656 2147483676 2147483678 2147483712 2147483716 2147483712 2147483716 
2147483712 2147483648 2147483650 2147483656 2147483671 2147483676 2147483678 2147483711 2147483648 2147483650 2147483656 2147483671 2147483676 2147483678 2147483711 2147483716 2147483716 
2147483714 2147483648 2147483696 2147483648 2147483696 2147483715 2147483716 2147483715 2147483716 
2147483715 2147483648 2147483714 2147483648 2147483714 2147483716 2147483716 
2147483716 2147483648 2147483650 2147483656 2147483659 2147483671 2147483676 2147483678 2147483693 2147483696 2147483697 2147483698 2147483700 2147483702 2147483705 2147483707 2147483708 2147483711 2147483712 2147483714 2147483715 2147483648 2147483650 2147483656 2147483659 2147483671 2147483676 2147483678 2147483693 2147483696 2147483697 2147483698 2147483700 2147483702 2147483705 2147483707 2147483708 2147483711 2147483712 2147483714 2147483715 2147483717 49 52 54 57 53 127 128 129 130 2147483717 
2147483717 2147483648 2147483716 2147483648 2147483716 
