2 2147483671 
5 
8 
11 2147483671 
18 2147483671 
19 2147483671 
22 2147483656 
23 
24 
25 2147483656 
26 2147483656 
27 2147483656 
32 2147483656 
49 2147483655 2147483657 2147483658 
50 
51 
52 2147483655 2147483657 2147483658 
53 2147483648 2147483655 2147483657 2147483658 
54 2147483655 2147483657 2147483658 
57 2147483655 2147483657 2147483658 
61 2147483671 
127 2147483655 2147483657 2147483658 
128 2147483655 2147483657 2147483658 
129 2147483655 2147483657 2147483658 
130 2147483655 2147483657 2147483658 
131 
132 
133 
134 
247 2147483671 
248 2147483671 
249 2147483671 
250 2147483671 
251 
252 
253 
254 
263 2147483656 
264 2147483656 
265 2147483656 
266 2147483656 
267 
268 
269 
270 
2147483648 2147483655 2147483656 2147483657 2147483658 53 2147483655 2147483656 2147483657 2147483658 
2147483650 2147483655 2147483656 2147483657 2147483658 2147483659 2147483655 2147483656 2147483657 2147483658 2147483659 
2147483655 2147483648 2147483650 2147483648 2147483650 2147483656 2147483657 2147483658 2147483659 2147483666 2147483668 2147483671 53 49 52 54 57 127 128 129 130 2147483656 2147483657 2147483658 2147483659 2147483666 2147483668 2147483671 
2147483656 2147483648 2147483650 2147483655 2147483648 2147483650 2147483655 2147483657 2147483658 2147483659 2147483666 2147483668 2147483670 2147483671 32 26 22 25 27 263 264 265 266 2147483657 2147483658 2147483659 2147483666 2147483668 2147483670 2147483671 
2147483657 2147483648 2147483650 2147483655 2147483656 2147483648 2147483650 2147483655 2147483656 2147483658 2147483659 2147483666 2147483671 54 49 52 57 53 127 128 129 130 2147483658 2147483659 2147483666 2147483671 
2147483658 2147483648 2147483650 2147483655 2147483656 2147483657 2147483648 2147483650 2147483655 2147483656 2147483657 2147483659 2147483666 2147483671 52 49 54 57 53 127 128 129 130 2147483659 2147483666 2147483671 
2147483659 2147483650 2147483655 2147483656 2147483657 2147483658 2147483650 2147483655 2147483656 2147483657 2147483658 2147483671 2147483671 
2147483666 2147483655 2147483656 2147483657 2147483658 2147483655 2147483656 2147483657 2147483658 
2147483668 2147483655 2147483656 2147483655 2147483656 
2147483670 2147483656 2147483656 2147483671 2147483671 
2147483671 2147483655 2147483656 2147483657 2147483658 2147483659 2147483670 2147483655 2147483656 2147483657 2147483658 2147483659 2147483670 2 11 19 61 18 247 248 249 250 
