22 
23 
24 
25 
26 2147483657 2147483659 
27 2147483659 
32 2147483659 
49 
50 
51 
52 
53 2147483671 
54 
57 2147483671 
127 
128 
129 
130 
131 
132 
133 
134 
263 
264 
265 
266 
267 
268 
269 
270 
2147483649 2147483651 2147483654 2147483659 2147483665 2147483668 2147483669 2147483671 2147483673 2147483678 2147483681 2147483651 2147483654 2147483659 2147483665 2147483668 2147483669 2147483671 2147483673 2147483678 2147483681 
2147483651 2147483649 2147483649 2147483654 2147483665 2147483671 2147483673 2147483678 2147483681 2147483654 2147483665 2147483671 2147483673 2147483678 2147483681 
2147483654 2147483649 2147483651 2147483649 2147483651 2147483678 2147483681 2147483678 2147483681 
2147483656 2147483657 2147483659 2147483671 2147483681 2147483657 2147483659 2147483671 2147483681 
2147483657 2147483656 2147483656 2147483659 2147483671 2147483673 2147483681 26 2147483659 2147483671 2147483673 2147483681 
2147483659 2147483649 2147483656 2147483657 2147483649 2147483656 2147483657 2147483663 2147483665 2147483671 2147483673 2147483681 27 32 26 2147483663 2147483665 2147483671 2147483673 2147483681 
2147483663 2147483659 2147483659 2147483671 2147483673 2147483681 2147483671 2147483673 2147483681 
2147483665 2147483649 2147483651 2147483659 2147483649 2147483651 2147483659 2147483668 2147483669 2147483671 2147483673 2147483681 2147483668 2147483669 2147483671 2147483673 2147483681 
2147483668 2147483649 2147483665 2147483649 2147483665 2147483669 2147483671 2147483673 2147483681 2147483669 2147483671 2147483673 2147483681 
2147483669 2147483649 2147483665 2147483668 2147483649 2147483665 2147483668 2147483671 2147483673 2147483681 2147483671 2147483673 2147483681 
2147483671 2147483649 2147483651 2147483656 2147483657 2147483659 2147483663 2147483665 2147483668 2147483669 2147483649 2147483651 2147483656 2147483657 2147483659 2147483663 2147483665 2147483668 2147483669 2147483673 2147483681 57 53 2147483673 2147483681 
2147483673 2147483649 2147483651 2147483657 2147483659 2147483663 2147483665 2147483668 2147483669 2147483671 2147483649 2147483651 2147483657 2147483659 2147483663 2147483665 2147483668 2147483669 2147483671 2147483681 2147483681 
2147483678 2147483649 2147483651 2147483654 2147483649 2147483651 2147483654 2147483681 2147483681 
2147483681 2147483649 2147483651 2147483654 2147483656 2147483657 2147483659 2147483663 2147483665 2147483668 2147483669 2147483671 2147483673 2147483678 2147483649 2147483651 2147483654 2147483656 2147483657 2147483659 2147483663 2147483665 2147483668 2147483669 2147483671 2147483673 2147483678 
