2,1,2,-1,0,1,0,0,0,
5,1,5,-1,0,1,0,0,0,
8,1,8,-1,0,1,0,0,0,
11,1,11,-1,0,1,0,0,0,
18,1,18,-1,0,1,0,0,0,
19,1,19,-1,0,1,0,0,0,
22,1,22,-1,0,1,0,0,0,
23,1,23,-1,0,1,0,0,0,
24,1,24,-1,0,1,0,0,0,
25,1,25,-1,0,1,0,0,0,
26,1,26,-1,0,1,0,0,0,
27,1,27,-1,0,1,0,0,0,
32,1,32,-1,0,1,0,0,0,
49,1,49,-1,0,1,0,0,0,
50,1,50,-1,0,1,0,0,0,
51,1,51,-1,0,1,0,0,0,
52,1,52,-1,0,1,0,0,0,
53,1,53,-1,0,1,0,0,0,
54,1,54,-1,0,1,0,0,0,
57,1,57,-1,0,1,0,0,0,
61,1,61,-1,0,1,0,0,0,
127,1,127,-1,0,1,0,0,0,
128,1,128,-1,0,1,0,0,0,
129,1,129,-1,0,1,0,0,0,
130,1,130,-1,0,1,0,0,0,
131,1,131,-1,0,1,0,0,0,
132,1,132,-1,0,1,0,0,0,
133,1,133,-1,0,1,0,0,0,
134,1,134,-1,0,1,0,0,0,
247,1,247,-1,0,1,0,0,0,
248,1,248,-1,0,1,0,0,0,
249,1,249,-1,0,1,0,0,0,
250,1,250,-1,0,1,0,0,0,
251,1,251,-1,0,1,0,0,255,
252,1,252,-1,0,1,0,0,0,
253,1,253,-1,0,1,0,0,0,
254,1,254,-1,0,1,0,0,255,
263,1,263,-1,0,1,0,0,0,
264,1,264,-1,0,1,0,0,0,
265,1,265,-1,0,1,0,0,0,
266,1,266,-1,0,1,0,0,0,
267,1,267,-1,0,1,0,0,0,
268,1,268,-1,0,1,0,0,0,
269,1,269,-1,0,1,0,0,0,
270,1,270,-1,0,1,0,0,0,
2147483648,0,0,0.00832854,1,0,1,0,128,51 133 134 131 132 50
2147483653,0,0,0.00482116,2,0,1,0,0,49 52 54 57 53 127 128 129 130 51 133 134 131 132 50
2147483655,0,0,0.000446092,2,0,1,0,0,51 133 134 131 132 50
2147483656,0,0,0.00364678,1,0,1,0,0,53 49 52 54 57 127 128 129 130 51 133 134 131 132 50
2147483657,0,0,0.00086966,1,0,1,0,0,51 133 134 131 132 50
2147483658,0,0,0.00159541,2,0,1,0,0,49 52 54 57 53 127 128 129 130 51 133 134 131 132 50
2147483662,0,0,0.00206401,1,0,1,0,0,51 133 134 131 132 50
2147483666,0,0,0.000614197,1,0,1,0,128,54 49 52 127 128 129 130 51 133 134 131 132 50
2147483667,0,0,0.00103276,1,0,1,0,0,49 52 54 57 53 127 128 129 130 51 133 134 131 132 50
2147483668,0,0,0.00154706,1,0,1,0,0,49 52 54 57 53 127 128 129 130 51 133 134 131 132 50
2147483673,0,0,0.000381563,2,0,1,0,0,51 133 134 131 132 50
2147483674,0,0,0.000393487,2,0,1,0,0,49 52 54 57 53 127 128 129 130 51 133 134 131 132 50
2147483678,0,0,0.000506266,1,0,1,0,0,51 133 134 131 132 50
2147483682,0,0,0.000151743,1,0,1,0,0,54 49 52 127 128 129 130 51 133 134 131 132 50
2147483683,0,0,0.000254375,1,0,1,0,0,49 52 54 57 53 127 128 129 130 51 133 134 131 132 50
2147483684,0,0,0.000381563,1,0,1,0,0,49 52 54 57 53 127 128 129 130 51 133 134 131 132 50
2147483711,0,0,0.00162384,1,0,1,0,0,53 49 52 54 57 127 128 129 130 51 133 134 131 132 50
2147483712,0,0,0.0018315,2,0,1,0,0,49 52 54 57 53 127 128 129 130 51 133 134 131 132 50
2147483717,0,0,0.00142269,2,0,1,0,0,51 133 134 131 132 50
2147483718,0,0,0.00381197,2,0,1,0,0,51 133 134 131 132 50
2147483725,0,0,inf,1,0,1,0,0,49 52 54 57 53 127 128 129 130 51 133 134 131 132 50
2147483726,0,0,inf,1,0,1,0,0,49 52 54 57 53 127 128 129 130 51 133 134 131 132 50
2147483729,0,0,inf,1,0,1,0,0,49 52 54 57 53 127 128 129 130 51 133 134 131 132 50
2147483731,0,0,inf,1,0,1,0,0,49 52 54 57 53 127 128 129 130 51 133 134 131 132 50
2147483732,0,0,inf,1,0,1,0,0,49 52 54 57 53 127 128 129 130 51 133 134 131 132 50
2147483733,0,0,inf,1,0,1,0,0,49 52 54 57 53 127 128 129 130 51 133 134 131 132 50
2147483734,0,0,inf,1,0,1,0,0,49 52 54 57 53 127 128 129 130 51 133 134 131 132 50
2147483738,0,0,0.00284537,4,0,1,0,0,49 52 54 57 53 127 128 129 130 51 133 134 131 132 50
2147483740,0,0,inf,1,0,1,0,0,49 52 54 57 53 127 128 129 130 51 133 134 131 132 50
2147483747,0,0,inf,1,0,1,0,0,49 52 54 57 53 127 128 129 130 51 133 134 131 132 50
2147483748,0,0,inf,1,0,1,0,0,49 52 54 57 53 127 128 129 130 51 133 134 131 132 50
2147483749,0,0,0.00216219,1,0,1,0,0,49 52 54 57 53 127 128 129 130 51 133 134 131 132 50
2147483752,0,0,inf,1,0,1,0,0,49 52 54 57 53 127 128 129 130 51 133 134 131 132 50
2147483755,0,0,inf,1,0,1,0,0,49 52 54 57 53 127 128 129 130 51 133 134 131 132 50
2147483756,0,0,0.00298365,7,0,1,0,0,49 52 54 57 53 127 128 129 130 51 133 134 131 132 50
2147483760,0,0,inf,1,0,1,0,0,49 52 54 57 53 127 128 129 130 51 133 134 131 132 50
2147483761,0,0,0.00140388,1,0,1,0,0,53 49 52 54 57 127 128 129 130 51 133 134 131 132 50
2147483762,0,0,0.00140388,1,0,1,0,0,57 49 52 54 127 128 129 130 51 133 134 131 132 50
2147483765,0,0,0.00177808,1,0,1,0,0,49 52 54 57 53 127 128 129 130 51 133 134 131 132 50
2147483773,0,0,0.000699895,4,0,1,0,0,49 52 54 57 53 127 128 129 130 51 133 134 131 132 50
2147483775,0,0,inf,1,0,1,0,0,49 52 54 57 53 127 128 129 130 51 133 134 131 132 50
2147483782,0,0,inf,1,0,1,0,0,49 52 54 57 53 127 128 129 130 51 133 134 131 132 50
2147483783,0,0,inf,1,0,1,0,0,49 52 54 57 53 127 128 129 130 51 133 134 131 132 50
2147483784,0,0,0.000534188,1,0,1,0,0,49 52 54 57 53 127 128 129 130 51 133 134 131 132 50
2147483787,0,0,inf,1,0,1,0,0,49 52 54 57 53 127 128 129 130 51 133 134 131 132 50
2147483790,0,0,inf,1,0,1,0,0,49 52 54 57 53 127 128 129 130 51 133 134 131 132 50
2147483791,0,0,0.000729847,7,0,1,0,0,49 52 54 57 53 127 128 129 130 51 133 134 131 132 50
2147483795,0,0,inf,1,0,1,0,0,49 52 54 57 53 127 128 129 130 51 133 134 131 132 50
2147483796,0,0,0.000346841,1,0,1,0,0,53 49 52 54 57 127 128 129 130 51 133 134 131 132 50
2147483797,0,0,0.000346841,1,0,1,0,0,57 49 52 54 127 128 129 130 51 133 134 131 132 50
2147483802,0,0,0.00218531,1,0,1,0,0,49 52 54 57 53 127 128 129 130 51 133 134 131 132 50
2147483809,0,0,0.00177274,1,0,1,0,0,57 49 52 54 127 128 129 130 51 133 134 131 132 50
2147483811,0,0,0.000916935,1,0,1,0,0,52 49 127 128 129 130 51 133 134 131 132 50
2147483817,0,0,inf,2,0,1,0,0,49 52 54 57 53 127 128 129 130 51 133 134 131 132 50
2147483818,0,0,0.112515,1,0,1,0,0,22 25 27 32 26 263 264 265 266 24 23 269 270 267 268
2147483820,0,0,inf,2,0,1,0,0,2 11 19 61 18 247 248 249 250 5 8 253 254 251 252
2147483821,0,0,inf,1,0,1,0,0,22 25 27 32 26 263 264 265 266 24 23 269 270 267 268
2147483825,0,0,0.0013257,1,0,1,0,0,57 49 52 54 127 128 129 130 51 133 134 131 132 50
2147483827,0,0,0.000685708,1,0,1,0,0,52 49 127 128 129 130 51 133 134 131 132 50
2147483828,0,0,0.00177274,1,0,1,0,0,53 49 52 54 57 127 128 129 130 51 133 134 131 132 50
2147483829,0,0,0.00177274,1,0,1,0,0,57 49 52 54 127 128 129 130 51 133 134 131 132 50
2147483831,0,0,0.000916935,1,0,1,0,0,52 49 127 128 129 130 51 133 134 131 132 50
2147483833,0,0,0.00298292,2,0,1,0,0,49 52 54 57 53 127 128 129 130 51 133 134 131 132 50
2147483835,0,0,0.00166317,3,0,1,0,0,49 52 54 57 53 127 128 129 130 51 133 134 131 132 50
2147483841,0,0,inf,2,0,1,0,0,22 25 27 32 26 263 264 265 266 24 23 269 270 267 268
2147483842,0,0,0.000878663,1,0,1,0,0,53 49 52 54 57 127 128 129 130 51 133 134 131 132 50
2147483843,0,0,0.000878663,1,0,1,0,0,57 49 52 54 127 128 129 130 51 133 134 131 132 50
2147483845,0,0,0.000454481,1,0,1,0,0,52 49 127 128 129 130 51 133 134 131 132 50
2147483846,0,0,0.00213326,1,0,1,0,0,53 49 52 54 57 127 128 129 130 51 133 134 131 132 50
2147483848,0,0,0.00413318,2,0,1,0,0,27 22 25 263 264 265 266 24 23 269 270 267 268
2147483849,0,0,0.00114019,1,0,1,0,0,52 49 127 128 129 130 51 133 134 131 132 50
2147483850,0,0,0.00506197,3,0,1,0,0,49 52 54 57 53 127 128 129 130 51 133 134 131 132 50
2147483851,0,0,0.000842447,3,0,1,0,0,51 133 134 131 132 50
2147483852,0,0,0.00156793,3,0,1,0,0,49 52 54 57 53 127 128 129 130 51 133 134 131 132 50
2147483854,0,0,0.000204525,3,0,1,0,0,51 133 134 131 132 50
2147483855,0,0,0.000378465,3,0,1,0,0,49 52 54 57 53 127 128 129 130 51 133 134 131 132 50
2147483857,0,0,0.0128598,12,0,1,0,0,49 53 52 54 57 127 128 129 130 51 133 134 131 132 50
2147483859,0,0,0.00224063,3,0,1,0,0,2 11 19 61 18 247 248 249 250 5 8 253 254 251 252
2147483860,0,0,0.000851075,6,0,1,0,0,51 133 134 131 132 50
2147483862,0,0,0.240483,3,0,1,0,0,51 133 134 131 132 50
2147483866,0,0,0.0107079,5,0,1,0,0,51 133 134 131 132 50
2147483868,0,0,0.00555433,6,0,1,0,0,2 11 19 61 18 247 248 249 250 5 8 253 254 251 252
2147483869,0,0,0.00383327,3,0,1,0,0,49 52 54 57 53 127 128 129 130 51 133 134 131 132 50
