22 2147483654 2147483661 2147483826 2147483840 
23 
24 
25 2147483654 2147483661 2147483826 2147483840 
26 2147483654 2147483661 2147483721 2147483722 2147483725 2147483730 2147483731 2147483734 2147483826 2147483840 
27 2147483654 2147483661 2147483725 2147483734 2147483826 2147483840 
32 2147483654 2147483661 2147483722 2147483725 2147483731 2147483734 2147483826 2147483840 
49 2147483648 2147483650 2147483678 2147483680 2147483701 2147483835 2147483842 
50 
51 
52 2147483648 2147483650 2147483678 2147483680 2147483701 2147483835 2147483842 
53 2147483648 2147483650 2147483678 2147483680 2147483701 2147483747 2147483793 2147483799 2147483835 2147483842 
54 2147483648 2147483650 2147483678 2147483680 2147483701 2147483835 2147483842 
57 2147483648 2147483650 2147483678 2147483680 2147483701 2147483835 2147483842 
127 2147483648 2147483650 2147483678 2147483680 2147483701 2147483835 2147483842 
128 2147483648 2147483650 2147483678 2147483680 2147483701 2147483835 2147483842 
129 2147483648 2147483650 2147483678 2147483680 2147483701 2147483835 2147483842 
130 2147483648 2147483650 2147483678 2147483680 2147483701 2147483835 2147483842 
131 
132 
133 
134 
263 2147483654 2147483661 2147483826 2147483840 
264 2147483654 2147483661 2147483826 2147483840 
265 2147483654 2147483661 2147483826 2147483840 
266 2147483654 2147483661 2147483826 2147483840 
267 
268 
269 
270 
2147483648 2147483650 2147483653 2147483654 2147483660 2147483661 2147483670 2147483673 2147483678 2147483680 2147483682 2147483683 2147483701 2147483710 2147483716 2147483721 2147483722 2147483723 2147483725 2147483738 2147483744 2147483746 2147483747 2147483754 2147483766 2147483780 2147483792 2147483793 2147483794 2147483798 2147483799 2147483804 2147483807 2147483826 2147483829 2147483830 2147483833 2147483834 2147483835 2147483840 2147483841 2147483842 53 49 52 54 57 127 128 129 130 2147483650 2147483653 2147483654 2147483660 2147483661 2147483670 2147483673 2147483678 2147483680 2147483682 2147483683 2147483701 2147483710 2147483716 2147483721 2147483722 2147483723 2147483725 2147483738 2147483744 2147483746 2147483747 2147483754 2147483766 2147483780 2147483792 2147483793 2147483794 2147483798 2147483799 2147483804 2147483807 2147483826 2147483829 2147483830 2147483833 2147483834 2147483835 2147483840 2147483841 2147483842 
2147483650 2147483648 2147483648 2147483653 2147483654 2147483660 2147483661 2147483670 2147483673 2147483680 2147483701 2147483710 2147483716 2147483721 2147483722 2147483723 2147483725 2147483738 2147483744 2147483746 2147483754 2147483766 2147483826 2147483829 2147483830 2147483840 2147483841 2147483842 49 52 54 57 53 127 128 129 130 2147483653 2147483654 2147483660 2147483661 2147483670 2147483673 2147483680 2147483701 2147483710 2147483716 2147483721 2147483722 2147483723 2147483725 2147483738 2147483744 2147483746 2147483754 2147483766 2147483826 2147483829 2147483830 2147483840 2147483841 2147483842 
2147483653 2147483648 2147483650 2147483648 2147483650 2147483654 2147483701 2147483841 2147483842 2147483654 2147483701 2147483841 2147483842 
2147483654 2147483648 2147483650 2147483653 2147483648 2147483650 2147483653 2147483701 2147483721 2147483722 2147483723 2147483725 2147483826 2147483841 2147483842 26 22 25 27 32 263 264 265 266 2147483701 2147483721 2147483722 2147483723 2147483725 2147483826 2147483841 2147483842 
2147483660 2147483648 2147483650 2147483648 2147483650 2147483661 2147483701 2147483826 2147483841 2147483842 2147483661 2147483701 2147483826 2147483841 2147483842 
2147483661 2147483648 2147483650 2147483660 2147483648 2147483650 2147483660 2147483701 2147483730 2147483731 2147483734 2147483826 2147483827 2147483841 2147483842 26 22 25 27 32 263 264 265 266 2147483701 2147483730 2147483731 2147483734 2147483826 2147483827 2147483841 2147483842 
2147483670 2147483648 2147483650 2147483648 2147483650 2147483701 2147483829 2147483830 2147483842 2147483701 2147483829 2147483830 2147483842 
2147483673 2147483648 2147483650 2147483648 2147483650 2147483701 2147483829 2147483830 2147483842 2147483701 2147483829 2147483830 2147483842 
2147483678 2147483648 2147483648 2147483680 2147483682 2147483683 2147483701 2147483780 2147483792 2147483793 2147483794 2147483798 2147483799 2147483804 2147483807 2147483833 2147483834 2147483835 2147483840 49 52 54 57 53 127 128 129 130 2147483680 2147483682 2147483683 2147483701 2147483780 2147483792 2147483793 2147483794 2147483798 2147483799 2147483804 2147483807 2147483833 2147483834 2147483835 2147483840 
2147483680 2147483648 2147483650 2147483678 2147483648 2147483650 2147483678 2147483682 2147483683 2147483701 2147483780 2147483792 2147483793 2147483794 2147483798 2147483799 2147483804 2147483807 2147483833 2147483834 2147483835 2147483840 49 52 54 57 53 127 128 129 130 2147483682 2147483683 2147483701 2147483780 2147483792 2147483793 2147483794 2147483798 2147483799 2147483804 2147483807 2147483833 2147483834 2147483835 2147483840 
2147483682 2147483648 2147483678 2147483680 2147483648 2147483678 2147483680 2147483701 2147483840 2147483701 2147483840 
2147483683 2147483648 2147483678 2147483680 2147483648 2147483678 2147483680 2147483701 2147483840 2147483701 2147483840 
2147483701 2147483648 2147483650 2147483653 2147483654 2147483660 2147483661 2147483670 2147483673 2147483678 2147483680 2147483682 2147483683 2147483648 2147483650 2147483653 2147483654 2147483660 2147483661 2147483670 2147483673 2147483678 2147483680 2147483682 2147483683 2147483710 2147483716 2147483721 2147483722 2147483723 2147483725 2147483730 2147483738 2147483744 2147483746 2147483754 2147483766 2147483771 2147483774 2147483780 2147483792 2147483793 2147483794 2147483798 2147483799 2147483804 2147483807 2147483826 2147483829 2147483830 2147483833 2147483834 2147483835 2147483840 2147483841 2147483842 57 49 52 54 53 127 128 129 130 2147483710 2147483716 2147483721 2147483722 2147483723 2147483725 2147483730 2147483738 2147483744 2147483746 2147483754 2147483766 2147483771 2147483774 2147483780 2147483792 2147483793 2147483794 2147483798 2147483799 2147483804 2147483807 2147483826 2147483829 2147483830 2147483833 2147483834 2147483835 2147483840 2147483841 2147483842 
2147483710 2147483648 2147483650 2147483701 2147483648 2147483650 2147483701 2147483840 2147483842 2147483840 2147483842 
2147483716 2147483648 2147483650 2147483701 2147483648 2147483650 2147483701 2147483840 2147483841 2147483842 2147483840 2147483841 2147483842 
2147483721 2147483648 2147483650 2147483654 2147483701 2147483648 2147483650 2147483654 2147483701 2147483722 2147483723 2147483725 2147483842 26 2147483722 2147483723 2147483725 2147483842 
2147483722 2147483648 2147483650 2147483654 2147483701 2147483721 2147483648 2147483650 2147483654 2147483701 2147483721 2147483723 2147483725 2147483842 32 26 2147483723 2147483725 2147483842 
2147483723 2147483648 2147483650 2147483654 2147483701 2147483721 2147483722 2147483648 2147483650 2147483654 2147483701 2147483721 2147483722 2147483842 2147483842 
2147483725 2147483648 2147483650 2147483654 2147483701 2147483721 2147483722 2147483648 2147483650 2147483654 2147483701 2147483721 2147483722 2147483842 27 32 26 2147483842 
2147483730 2147483661 2147483701 2147483661 2147483701 2147483731 2147483734 2147483826 2147483841 26 2147483731 2147483734 2147483826 2147483841 
2147483731 2147483661 2147483730 2147483661 2147483730 2147483734 2147483826 2147483841 32 26 2147483734 2147483826 2147483841 
2147483734 2147483661 2147483730 2147483731 2147483661 2147483730 2147483731 2147483826 27 32 26 2147483826 
2147483738 2147483648 2147483650 2147483701 2147483648 2147483650 2147483701 2147483840 2147483842 2147483840 2147483842 
2147483744 2147483648 2147483650 2147483701 2147483648 2147483650 2147483701 2147483746 2147483841 2147483842 2147483746 2147483841 2147483842 
2147483746 2147483648 2147483650 2147483701 2147483744 2147483648 2147483650 2147483701 2147483744 2147483841 2147483842 2147483841 2147483842 
2147483747 2147483648 2147483648 53 
2147483748 2147483751 2147483751 
2147483751 2147483748 2147483748 
2147483754 2147483648 2147483650 2147483701 2147483648 2147483650 2147483701 2147483840 2147483841 2147483842 2147483840 2147483841 2147483842 
2147483766 2147483648 2147483650 2147483701 2147483648 2147483650 2147483701 2147483840 2147483842 2147483840 2147483842 
2147483771 2147483701 2147483701 2147483840 2147483840 
2147483774 2147483701 2147483701 2147483840 2147483840 
2147483780 2147483648 2147483678 2147483680 2147483701 2147483648 2147483678 2147483680 2147483701 2147483840 2147483840 
2147483792 2147483648 2147483678 2147483680 2147483701 2147483648 2147483678 2147483680 2147483701 2147483793 2147483833 2147483835 2147483840 2147483793 2147483833 2147483835 2147483840 
2147483793 2147483648 2147483678 2147483680 2147483701 2147483792 2147483648 2147483678 2147483680 2147483701 2147483792 2147483835 2147483840 53 2147483835 2147483840 
2147483794 2147483648 2147483678 2147483680 2147483701 2147483648 2147483678 2147483680 2147483701 2147483835 2147483840 2147483835 2147483840 
2147483798 2147483648 2147483678 2147483680 2147483701 2147483648 2147483678 2147483680 2147483701 2147483799 2147483840 2147483799 2147483840 
2147483799 2147483648 2147483678 2147483680 2147483701 2147483798 2147483648 2147483678 2147483680 2147483701 2147483798 2147483840 53 2147483840 
2147483804 2147483648 2147483678 2147483680 2147483701 2147483648 2147483678 2147483680 2147483701 2147483840 2147483840 
2147483807 2147483648 2147483678 2147483680 2147483701 2147483648 2147483678 2147483680 2147483701 2147483840 2147483840 
2147483826 2147483648 2147483650 2147483654 2147483660 2147483661 2147483701 2147483730 2147483731 2147483734 2147483648 2147483650 2147483654 2147483660 2147483661 2147483701 2147483730 2147483731 2147483734 2147483827 2147483840 2147483841 2147483842 22 25 27 32 26 263 264 265 266 2147483827 2147483840 2147483841 2147483842 
2147483827 2147483661 2147483826 2147483661 2147483826 2147483840 2147483840 
2147483829 2147483648 2147483650 2147483670 2147483673 2147483701 2147483648 2147483650 2147483670 2147483673 2147483701 2147483830 2147483840 2147483842 2147483830 2147483840 2147483842 
2147483830 2147483648 2147483650 2147483670 2147483673 2147483701 2147483829 2147483648 2147483650 2147483670 2147483673 2147483701 2147483829 2147483840 2147483842 2147483840 2147483842 
2147483833 2147483648 2147483678 2147483680 2147483701 2147483792 2147483648 2147483678 2147483680 2147483701 2147483792 2147483834 2147483835 2147483840 2147483834 2147483835 2147483840 
2147483834 2147483648 2147483678 2147483680 2147483701 2147483833 2147483648 2147483678 2147483680 2147483701 2147483833 2147483835 2147483840 2147483835 2147483840 
2147483835 2147483648 2147483678 2147483680 2147483701 2147483792 2147483793 2147483794 2147483833 2147483834 2147483648 2147483678 2147483680 2147483701 2147483792 2147483793 2147483794 2147483833 2147483834 2147483840 49 52 54 57 53 127 128 129 130 2147483840 
2147483840 2147483648 2147483650 2147483678 2147483680 2147483682 2147483683 2147483701 2147483710 2147483716 2147483738 2147483754 2147483766 2147483771 2147483774 2147483780 2147483792 2147483793 2147483794 2147483798 2147483799 2147483804 2147483807 2147483826 2147483827 2147483829 2147483830 2147483833 2147483834 2147483835 2147483648 2147483650 2147483678 2147483680 2147483682 2147483683 2147483701 2147483710 2147483716 2147483738 2147483754 2147483766 2147483771 2147483774 2147483780 2147483792 2147483793 2147483794 2147483798 2147483799 2147483804 2147483807 2147483826 2147483827 2147483829 2147483830 2147483833 2147483834 2147483835 2147483841 2147483842 22 25 27 32 26 263 264 265 266 2147483841 2147483842 
2147483841 2147483648 2147483650 2147483653 2147483654 2147483660 2147483661 2147483701 2147483716 2147483730 2147483731 2147483744 2147483746 2147483754 2147483826 2147483840 2147483648 2147483650 2147483653 2147483654 2147483660 2147483661 2147483701 2147483716 2147483730 2147483731 2147483744 2147483746 2147483754 2147483826 2147483840 2147483842 2147483842 
2147483842 2147483648 2147483650 2147483653 2147483654 2147483660 2147483661 2147483670 2147483673 2147483701 2147483710 2147483716 2147483721 2147483722 2147483723 2147483725 2147483738 2147483744 2147483746 2147483754 2147483766 2147483826 2147483829 2147483830 2147483840 2147483841 2147483648 2147483650 2147483653 2147483654 2147483660 2147483661 2147483670 2147483673 2147483701 2147483710 2147483716 2147483721 2147483722 2147483723 2147483725 2147483738 2147483744 2147483746 2147483754 2147483766 2147483826 2147483829 2147483830 2147483840 2147483841 49 52 54 57 53 127 128 129 130 
