2 
5 
8 
11 
18 
19 
22 2147483687 
23 
24 
25 2147483687 
26 2147483687 
27 2147483687 
32 2147483687 
49 2147483648 2147483650 2147483651 2147483661 2147483684 2147483685 2147483686 
50 
51 
52 2147483648 2147483650 2147483651 2147483661 2147483684 2147483685 2147483686 
53 2147483648 2147483650 2147483651 2147483661 2147483675 2147483680 2147483684 2147483685 2147483686 
54 2147483648 2147483650 2147483651 2147483661 2147483684 2147483685 2147483686 
57 2147483648 2147483650 2147483651 2147483661 2147483684 2147483685 2147483686 
61 
127 2147483648 2147483650 2147483651 2147483661 2147483684 2147483685 2147483686 
128 2147483648 2147483650 2147483651 2147483661 2147483684 2147483685 2147483686 
129 2147483648 2147483650 2147483651 2147483661 2147483684 2147483685 2147483686 
130 2147483648 2147483650 2147483651 2147483661 2147483684 2147483685 2147483686 
131 
132 
133 
134 
247 
248 
249 
250 
251 
252 
253 
254 
263 2147483687 
264 2147483687 
265 2147483687 
266 2147483687 
267 
268 
269 
270 
2147483648 2147483650 2147483651 2147483653 2147483661 2147483668 2147483671 2147483675 2147483676 2147483680 2147483681 2147483684 2147483685 2147483686 2147483687 49 52 54 57 53 127 128 129 130 2147483650 2147483651 2147483653 2147483661 2147483668 2147483671 2147483675 2147483676 2147483680 2147483681 2147483684 2147483685 2147483686 2147483687 
2147483650 2147483648 2147483648 2147483651 2147483653 2147483661 2147483666 2147483668 2147483671 2147483675 2147483676 2147483680 2147483681 2147483684 2147483685 2147483686 2147483687 57 49 52 54 53 127 128 129 130 2147483651 2147483653 2147483661 2147483666 2147483668 2147483671 2147483675 2147483676 2147483680 2147483681 2147483684 2147483685 2147483686 2147483687 
2147483651 2147483648 2147483650 2147483648 2147483650 2147483653 2147483661 2147483668 2147483671 2147483675 2147483676 2147483680 2147483681 2147483684 2147483685 2147483686 2147483687 49 52 54 57 53 127 128 129 130 2147483653 2147483661 2147483668 2147483671 2147483675 2147483676 2147483680 2147483681 2147483684 2147483685 2147483686 2147483687 
2147483653 2147483648 2147483650 2147483651 2147483648 2147483650 2147483651 2147483661 2147483684 2147483687 2147483661 2147483684 2147483687 
2147483661 2147483648 2147483650 2147483651 2147483653 2147483648 2147483650 2147483651 2147483653 2147483666 2147483668 2147483671 2147483675 2147483676 2147483680 2147483681 2147483684 2147483685 2147483686 2147483687 53 49 52 54 57 127 128 129 130 2147483666 2147483668 2147483671 2147483675 2147483676 2147483680 2147483681 2147483684 2147483685 2147483686 2147483687 
2147483666 2147483650 2147483661 2147483650 2147483661 2147483684 2147483684 
2147483668 2147483648 2147483650 2147483651 2147483661 2147483648 2147483650 2147483651 2147483661 2147483684 2147483684 
2147483671 2147483648 2147483650 2147483651 2147483661 2147483648 2147483650 2147483651 2147483661 2147483684 2147483686 2147483684 2147483686 
2147483675 2147483648 2147483650 2147483651 2147483661 2147483648 2147483650 2147483651 2147483661 2147483684 2147483685 2147483686 2147483687 53 2147483684 2147483685 2147483686 2147483687 
2147483676 2147483648 2147483650 2147483651 2147483661 2147483648 2147483650 2147483651 2147483661 2147483684 2147483685 2147483686 2147483687 2147483684 2147483685 2147483686 2147483687 
2147483680 2147483648 2147483650 2147483651 2147483661 2147483648 2147483650 2147483651 2147483661 2147483684 2147483687 53 2147483684 2147483687 
2147483681 2147483648 2147483650 2147483651 2147483661 2147483648 2147483650 2147483651 2147483661 2147483684 2147483687 2147483684 2147483687 
2147483684 2147483648 2147483650 2147483651 2147483653 2147483661 2147483666 2147483668 2147483671 2147483675 2147483676 2147483680 2147483681 2147483648 2147483650 2147483651 2147483653 2147483661 2147483666 2147483668 2147483671 2147483675 2147483676 2147483680 2147483681 2147483685 2147483686 2147483687 49 52 54 57 53 127 128 129 130 2147483685 2147483686 2147483687 
2147483685 2147483648 2147483650 2147483651 2147483661 2147483675 2147483676 2147483684 2147483648 2147483650 2147483651 2147483661 2147483675 2147483676 2147483684 2147483686 2147483687 49 52 54 57 53 127 128 129 130 2147483686 2147483687 
2147483686 2147483648 2147483650 2147483651 2147483661 2147483671 2147483675 2147483676 2147483684 2147483685 2147483648 2147483650 2147483651 2147483661 2147483671 2147483675 2147483676 2147483684 2147483685 2147483687 49 52 54 57 53 127 128 129 130 2147483687 
2147483687 2147483648 2147483650 2147483651 2147483653 2147483661 2147483675 2147483676 2147483680 2147483681 2147483684 2147483685 2147483686 2147483648 2147483650 2147483651 2147483653 2147483661 2147483675 2147483676 2147483680 2147483681 2147483684 2147483685 2147483686 22 25 27 32 26 263 264 265 266 
