2 
5 
8 
11 
18 
19 
22 2147483660 
23 
24 
25 2147483660 
26 2147483660 
27 2147483660 
32 2147483660 
49 2147483649 2147483651 2147483654 2147483681 2147483682 
50 
51 
52 2147483649 2147483651 2147483654 2147483681 2147483682 
53 2147483649 2147483651 2147483654 2147483673 2147483675 2147483681 2147483682 
54 2147483649 2147483651 2147483654 2147483681 2147483682 
57 2147483649 2147483651 2147483654 2147483681 2147483682 
61 
127 2147483649 2147483651 2147483654 2147483681 2147483682 
128 2147483649 2147483651 2147483654 2147483681 2147483682 
129 2147483649 2147483651 2147483654 2147483681 2147483682 
130 2147483649 2147483651 2147483654 2147483681 2147483682 
131 
132 
133 
134 
247 
248 
249 
250 
251 
252 
253 
254 
263 2147483660 
264 2147483660 
265 2147483660 
266 2147483660 
267 
268 
269 
270 
2147483648 2147483651 2147483660 2147483682 2147483651 2147483660 2147483682 
2147483649 2147483651 2147483652 2147483653 2147483654 2147483658 2147483660 2147483670 2147483673 2147483675 2147483681 2147483682 49 52 54 57 53 127 128 129 130 2147483651 2147483652 2147483653 2147483654 2147483658 2147483660 2147483670 2147483673 2147483675 2147483681 2147483682 
2147483651 2147483648 2147483649 2147483648 2147483649 2147483652 2147483653 2147483654 2147483658 2147483660 2147483670 2147483673 2147483675 2147483681 2147483682 49 52 54 57 53 127 128 129 130 2147483652 2147483653 2147483654 2147483658 2147483660 2147483670 2147483673 2147483675 2147483681 2147483682 
2147483652 2147483649 2147483651 2147483649 2147483651 2147483660 2147483682 2147483660 2147483682 
2147483653 2147483649 2147483651 2147483649 2147483651 2147483660 2147483682 2147483660 2147483682 
2147483654 2147483649 2147483651 2147483649 2147483651 2147483658 2147483660 2147483673 2147483681 2147483682 49 52 54 57 53 127 128 129 130 2147483658 2147483660 2147483673 2147483681 2147483682 
2147483658 2147483649 2147483651 2147483654 2147483649 2147483651 2147483654 2147483660 2147483681 2147483682 2147483660 2147483681 2147483682 
2147483660 2147483648 2147483649 2147483651 2147483652 2147483653 2147483654 2147483658 2147483648 2147483649 2147483651 2147483652 2147483653 2147483654 2147483658 2147483670 2147483673 2147483675 2147483681 2147483682 26 22 25 27 32 263 264 265 266 2147483670 2147483673 2147483675 2147483681 2147483682 
2147483670 2147483649 2147483651 2147483660 2147483649 2147483651 2147483660 2147483682 2147483682 
2147483673 2147483649 2147483651 2147483654 2147483660 2147483649 2147483651 2147483654 2147483660 2147483681 2147483682 53 2147483681 2147483682 
2147483675 2147483649 2147483651 2147483660 2147483649 2147483651 2147483660 2147483682 53 2147483682 
2147483681 2147483649 2147483651 2147483654 2147483658 2147483660 2147483673 2147483649 2147483651 2147483654 2147483658 2147483660 2147483673 2147483682 49 52 54 57 53 127 128 129 130 2147483682 
2147483682 2147483648 2147483649 2147483651 2147483652 2147483653 2147483654 2147483658 2147483660 2147483670 2147483673 2147483675 2147483681 2147483648 2147483649 2147483651 2147483652 2147483653 2147483654 2147483658 2147483660 2147483670 2147483673 2147483675 2147483681 49 57 52 54 53 127 128 129 130 
