22 
23 
24 
25 
26 
27 
32 
49 2147483648 2147483657 2147483681 
50 
51 
52 2147483648 2147483657 2147483681 
53 2147483648 2147483657 2147483681 
54 2147483648 2147483657 2147483681 
57 2147483648 2147483657 2147483681 
127 2147483648 2147483657 2147483681 
128 2147483648 2147483657 2147483681 
129 2147483648 2147483657 2147483681 
130 2147483648 2147483657 2147483681 
131 
132 
133 
134 
263 
264 
265 
266 
267 
268 
269 
270 
2147483648 2147483657 2147483658 2147483663 2147483668 2147483672 2147483676 2147483681 2147483686 2147483691 2147483693 2147483695 2147483696 2147483699 2147483701 53 49 52 54 57 127 128 129 130 2147483657 2147483658 2147483663 2147483668 2147483672 2147483676 2147483681 2147483686 2147483691 2147483693 2147483695 2147483696 2147483699 2147483701 
2147483657 2147483648 2147483648 2147483658 2147483681 2147483686 2147483691 2147483693 2147483699 2147483701 49 52 54 57 53 127 128 129 130 2147483658 2147483681 2147483686 2147483691 2147483693 2147483699 2147483701 
2147483658 2147483648 2147483657 2147483648 2147483657 2147483681 2147483686 2147483699 2147483701 2147483681 2147483686 2147483699 2147483701 
2147483663 2147483648 2147483648 2147483668 2147483668 
2147483668 2147483648 2147483663 2147483648 2147483663 
2147483672 2147483648 2147483648 2147483695 2147483695 
2147483676 2147483648 2147483648 
2147483681 2147483648 2147483657 2147483658 2147483648 2147483657 2147483658 2147483686 2147483691 2147483693 2147483696 2147483699 2147483701 49 52 54 57 53 127 128 129 130 2147483686 2147483691 2147483693 2147483696 2147483699 2147483701 
2147483686 2147483648 2147483657 2147483658 2147483681 2147483648 2147483657 2147483658 2147483681 2147483699 2147483701 2147483699 2147483701 
2147483691 2147483648 2147483657 2147483681 2147483648 2147483657 2147483681 
2147483693 2147483648 2147483657 2147483681 2147483648 2147483657 2147483681 2147483699 2147483699 
2147483695 2147483648 2147483672 2147483648 2147483672 
2147483696 2147483648 2147483681 2147483648 2147483681 
2147483699 2147483648 2147483657 2147483658 2147483681 2147483686 2147483693 2147483648 2147483657 2147483658 2147483681 2147483686 2147483693 2147483701 2147483701 
2147483701 2147483648 2147483657 2147483658 2147483681 2147483686 2147483699 2147483648 2147483657 2147483658 2147483681 2147483686 2147483699 
