22 
23 
24 
25 
26 
27 
32 
49 2147483648 2147483677 2147483678 2147483681 2147483682 2147483712 2147483713 2147483725 2147483782 2147483833 2147483844 2147483845 2147483846 2147483854 
50 
51 
52 2147483648 2147483677 2147483678 2147483681 2147483682 2147483712 2147483713 2147483725 2147483782 2147483829 2147483833 2147483844 2147483845 2147483846 2147483854 
53 2147483648 2147483677 2147483678 2147483681 2147483682 2147483712 2147483713 2147483725 2147483726 2147483727 2147483758 2147483761 2147483763 2147483782 2147483783 2147483784 2147483815 2147483818 2147483820 2147483829 2147483833 2147483844 2147483845 2147483846 2147483854 
54 2147483648 2147483677 2147483678 2147483681 2147483682 2147483712 2147483713 2147483725 2147483782 2147483829 2147483833 2147483844 2147483845 2147483846 2147483854 
57 2147483648 2147483677 2147483678 2147483681 2147483682 2147483712 2147483713 2147483725 2147483727 2147483758 2147483763 2147483782 2147483784 2147483815 2147483820 2147483829 2147483833 2147483844 2147483845 2147483846 2147483854 
127 2147483648 2147483677 2147483678 2147483681 2147483682 2147483712 2147483713 2147483725 2147483782 2147483833 2147483844 2147483845 2147483846 2147483854 
128 2147483648 2147483677 2147483678 2147483681 2147483682 2147483712 2147483713 2147483725 2147483782 2147483833 2147483844 2147483845 2147483846 2147483854 
129 2147483648 2147483677 2147483678 2147483681 2147483682 2147483712 2147483713 2147483725 2147483782 2147483833 2147483844 2147483845 2147483846 2147483854 
130 2147483648 2147483677 2147483678 2147483681 2147483682 2147483712 2147483713 2147483725 2147483782 2147483833 2147483844 2147483845 2147483846 2147483854 
131 
132 
133 
134 
263 
264 
265 
266 
267 
268 
269 
270 
2147483648 2147483651 2147483655 2147483662 2147483712 2147483713 2147483724 2147483725 2147483726 2147483727 2147483731 2147483740 2147483741 2147483742 2147483743 2147483744 2147483745 2147483746 2147483747 2147483749 2147483750 2147483754 2147483757 2147483758 2147483761 2147483762 2147483763 2147483765 2147483837 2147483838 2147483840 2147483842 2147483844 2147483855 49 52 54 57 53 127 128 129 130 2147483651 2147483655 2147483662 2147483712 2147483713 2147483724 2147483725 2147483726 2147483727 2147483731 2147483740 2147483741 2147483742 2147483743 2147483744 2147483745 2147483746 2147483747 2147483749 2147483750 2147483754 2147483757 2147483758 2147483761 2147483762 2147483763 2147483765 2147483837 2147483838 2147483840 2147483842 2147483844 2147483855 
2147483651 2147483648 2147483648 2147483712 2147483713 2147483837 2147483855 2147483712 2147483713 2147483837 2147483855 
2147483655 2147483648 2147483648 2147483712 2147483713 2147483725 2147483842 2147483855 2147483712 2147483713 2147483725 2147483842 2147483855 
2147483662 2147483648 2147483648 2147483712 2147483713 2147483725 2147483740 2147483741 2147483742 2147483743 2147483744 2147483745 2147483746 2147483747 2147483757 2147483838 2147483840 2147483844 2147483712 2147483713 2147483725 2147483740 2147483741 2147483742 2147483743 2147483744 2147483745 2147483746 2147483747 2147483757 2147483838 2147483840 2147483844 
2147483677 2147483681 2147483682 2147483685 2147483689 2147483696 2147483712 2147483713 2147483769 2147483781 2147483782 2147483783 2147483784 2147483788 2147483797 2147483798 2147483799 2147483800 2147483801 2147483802 2147483803 2147483804 2147483806 2147483807 2147483811 2147483814 2147483815 2147483818 2147483819 2147483820 2147483822 2147483825 2147483845 2147483846 2147483847 2147483848 2147483850 2147483852 2147483854 2147483857 49 52 54 57 53 127 128 129 130 2147483681 2147483682 2147483685 2147483689 2147483696 2147483712 2147483713 2147483769 2147483781 2147483782 2147483783 2147483784 2147483788 2147483797 2147483798 2147483799 2147483800 2147483801 2147483802 2147483803 2147483804 2147483806 2147483807 2147483811 2147483814 2147483815 2147483818 2147483819 2147483820 2147483822 2147483825 2147483845 2147483846 2147483847 2147483848 2147483850 2147483852 2147483854 2147483857 
2147483678 2147483829 2147483833 2147483846 53 49 52 54 57 127 128 129 130 2147483829 2147483833 2147483846 
2147483681 2147483677 2147483677 2147483682 2147483685 2147483689 2147483696 2147483712 2147483713 2147483781 2147483782 2147483783 2147483784 2147483788 2147483797 2147483798 2147483799 2147483800 2147483801 2147483802 2147483803 2147483804 2147483806 2147483807 2147483811 2147483814 2147483815 2147483818 2147483819 2147483820 2147483822 2147483845 2147483847 2147483848 2147483850 2147483852 2147483854 2147483857 49 52 54 57 53 127 128 129 130 2147483682 2147483685 2147483689 2147483696 2147483712 2147483713 2147483781 2147483782 2147483783 2147483784 2147483788 2147483797 2147483798 2147483799 2147483800 2147483801 2147483802 2147483803 2147483804 2147483806 2147483807 2147483811 2147483814 2147483815 2147483818 2147483819 2147483820 2147483822 2147483845 2147483847 2147483848 2147483850 2147483852 2147483854 2147483857 
2147483682 2147483677 2147483681 2147483677 2147483681 2147483685 2147483689 2147483696 2147483712 2147483713 2147483781 2147483782 2147483783 2147483784 2147483788 2147483797 2147483798 2147483799 2147483800 2147483801 2147483802 2147483803 2147483804 2147483806 2147483807 2147483811 2147483814 2147483815 2147483818 2147483819 2147483820 2147483822 2147483845 2147483847 2147483848 2147483850 2147483852 2147483854 2147483857 49 52 54 57 53 127 128 129 130 2147483685 2147483689 2147483696 2147483712 2147483713 2147483781 2147483782 2147483783 2147483784 2147483788 2147483797 2147483798 2147483799 2147483800 2147483801 2147483802 2147483803 2147483804 2147483806 2147483807 2147483811 2147483814 2147483815 2147483818 2147483819 2147483820 2147483822 2147483845 2147483847 2147483848 2147483850 2147483852 2147483854 2147483857 
2147483685 2147483677 2147483681 2147483682 2147483677 2147483681 2147483682 2147483712 2147483713 2147483845 2147483847 2147483857 2147483712 2147483713 2147483845 2147483847 2147483857 
2147483689 2147483677 2147483681 2147483682 2147483677 2147483681 2147483682 2147483712 2147483713 2147483782 2147483845 2147483852 2147483857 2147483712 2147483713 2147483782 2147483845 2147483852 2147483857 
2147483696 2147483677 2147483681 2147483682 2147483677 2147483681 2147483682 2147483712 2147483713 2147483782 2147483797 2147483798 2147483799 2147483800 2147483801 2147483802 2147483803 2147483804 2147483814 2147483845 2147483848 2147483850 2147483854 2147483712 2147483713 2147483782 2147483797 2147483798 2147483799 2147483800 2147483801 2147483802 2147483803 2147483804 2147483814 2147483845 2147483848 2147483850 2147483854 
2147483712 2147483648 2147483651 2147483655 2147483662 2147483677 2147483681 2147483682 2147483685 2147483689 2147483696 2147483648 2147483651 2147483655 2147483662 2147483677 2147483681 2147483682 2147483685 2147483689 2147483696 2147483713 2147483724 2147483725 2147483726 2147483727 2147483731 2147483740 2147483741 2147483742 2147483743 2147483744 2147483745 2147483746 2147483747 2147483749 2147483750 2147483754 2147483757 2147483758 2147483761 2147483762 2147483763 2147483765 2147483769 2147483781 2147483782 2147483783 2147483784 2147483788 2147483797 2147483798 2147483799 2147483800 2147483801 2147483802 2147483803 2147483804 2147483806 2147483807 2147483811 2147483814 2147483815 2147483818 2147483819 2147483820 2147483822 2147483825 2147483837 2147483838 2147483840 2147483842 2147483844 2147483845 2147483846 2147483847 2147483848 2147483850 2147483852 2147483854 2147483855 2147483857 53 49 52 54 57 127 128 129 130 2147483713 2147483724 2147483725 2147483726 2147483727 2147483731 2147483740 2147483741 2147483742 2147483743 2147483744 2147483745 2147483746 2147483747 2147483749 2147483750 2147483754 2147483757 2147483758 2147483761 2147483762 2147483763 2147483765 2147483769 2147483781 2147483782 2147483783 2147483784 2147483788 2147483797 2147483798 2147483799 2147483800 2147483801 2147483802 2147483803 2147483804 2147483806 2147483807 2147483811 2147483814 2147483815 2147483818 2147483819 2147483820 2147483822 2147483825 2147483837 2147483838 2147483840 2147483842 2147483844 2147483845 2147483846 2147483847 2147483848 2147483850 2147483852 2147483854 2147483855 2147483857 
2147483713 2147483648 2147483651 2147483655 2147483662 2147483677 2147483681 2147483682 2147483685 2147483689 2147483696 2147483712 2147483648 2147483651 2147483655 2147483662 2147483677 2147483681 2147483682 2147483685 2147483689 2147483696 2147483712 2147483724 2147483725 2147483726 2147483727 2147483731 2147483740 2147483741 2147483742 2147483743 2147483744 2147483745 2147483746 2147483747 2147483749 2147483750 2147483754 2147483757 2147483758 2147483761 2147483762 2147483763 2147483765 2147483769 2147483781 2147483782 2147483783 2147483784 2147483788 2147483797 2147483798 2147483799 2147483800 2147483801 2147483802 2147483803 2147483804 2147483806 2147483807 2147483811 2147483814 2147483815 2147483818 2147483819 2147483820 2147483822 2147483825 2147483837 2147483838 2147483840 2147483842 2147483844 2147483845 2147483846 2147483847 2147483848 2147483850 2147483852 2147483854 2147483855 2147483857 57 49 52 54 53 127 128 129 130 2147483724 2147483725 2147483726 2147483727 2147483731 2147483740 2147483741 2147483742 2147483743 2147483744 2147483745 2147483746 2147483747 2147483749 2147483750 2147483754 2147483757 2147483758 2147483761 2147483762 2147483763 2147483765 2147483769 2147483781 2147483782 2147483783 2147483784 2147483788 2147483797 2147483798 2147483799 2147483800 2147483801 2147483802 2147483803 2147483804 2147483806 2147483807 2147483811 2147483814 2147483815 2147483818 2147483819 2147483820 2147483822 2147483825 2147483837 2147483838 2147483840 2147483842 2147483844 2147483845 2147483846 2147483847 2147483848 2147483850 2147483852 2147483854 2147483855 2147483857 
2147483724 2147483648 2147483712 2147483713 2147483648 2147483712 2147483713 2147483725 2147483726 2147483727 2147483725 2147483726 2147483727 
2147483725 2147483648 2147483655 2147483662 2147483712 2147483713 2147483724 2147483648 2147483655 2147483662 2147483712 2147483713 2147483724 2147483726 2147483727 2147483731 2147483740 2147483741 2147483742 2147483743 2147483744 2147483745 2147483746 2147483747 2147483749 2147483750 2147483754 2147483757 2147483758 2147483761 2147483762 2147483763 2147483838 2147483840 2147483842 2147483844 49 52 54 57 53 127 128 129 130 2147483726 2147483727 2147483731 2147483740 2147483741 2147483742 2147483743 2147483744 2147483745 2147483746 2147483747 2147483749 2147483750 2147483754 2147483757 2147483758 2147483761 2147483762 2147483763 2147483838 2147483840 2147483842 2147483844 
2147483726 2147483648 2147483712 2147483713 2147483724 2147483725 2147483648 2147483712 2147483713 2147483724 2147483725 2147483727 53 2147483727 
2147483727 2147483648 2147483712 2147483713 2147483724 2147483725 2147483726 2147483648 2147483712 2147483713 2147483724 2147483725 2147483726 57 53 
2147483731 2147483648 2147483712 2147483713 2147483725 2147483648 2147483712 2147483713 2147483725 2147483757 2147483840 2147483844 2147483757 2147483840 2147483844 
2147483740 2147483648 2147483662 2147483712 2147483713 2147483725 2147483648 2147483662 2147483712 2147483713 2147483725 2147483757 2147483838 2147483840 2147483844 2147483757 2147483838 2147483840 2147483844 
2147483741 2147483648 2147483662 2147483712 2147483713 2147483725 2147483648 2147483662 2147483712 2147483713 2147483725 2147483757 2147483838 2147483840 2147483844 2147483757 2147483838 2147483840 2147483844 
2147483742 2147483648 2147483662 2147483712 2147483713 2147483725 2147483648 2147483662 2147483712 2147483713 2147483725 2147483757 2147483838 2147483840 2147483844 2147483757 2147483838 2147483840 2147483844 
2147483743 2147483648 2147483662 2147483712 2147483713 2147483725 2147483648 2147483662 2147483712 2147483713 2147483725 2147483757 2147483838 2147483840 2147483844 2147483757 2147483838 2147483840 2147483844 
2147483744 2147483648 2147483662 2147483712 2147483713 2147483725 2147483648 2147483662 2147483712 2147483713 2147483725 2147483757 2147483838 2147483840 2147483844 2147483757 2147483838 2147483840 2147483844 
2147483745 2147483648 2147483662 2147483712 2147483713 2147483725 2147483648 2147483662 2147483712 2147483713 2147483725 2147483757 2147483838 2147483840 2147483844 2147483757 2147483838 2147483840 2147483844 
2147483746 2147483648 2147483662 2147483712 2147483713 2147483725 2147483648 2147483662 2147483712 2147483713 2147483725 2147483757 2147483838 2147483840 2147483844 2147483757 2147483838 2147483840 2147483844 
2147483747 2147483648 2147483662 2147483712 2147483713 2147483725 2147483648 2147483662 2147483712 2147483713 2147483725 2147483757 2147483838 2147483840 2147483844 2147483757 2147483838 2147483840 2147483844 
2147483749 2147483648 2147483712 2147483713 2147483725 2147483648 2147483712 2147483713 2147483725 2147483757 2147483838 2147483840 2147483844 2147483757 2147483838 2147483840 2147483844 
2147483750 2147483648 2147483712 2147483713 2147483725 2147483648 2147483712 2147483713 2147483725 2147483757 2147483838 2147483840 2147483844 2147483757 2147483838 2147483840 2147483844 
2147483754 2147483648 2147483712 2147483713 2147483725 2147483648 2147483712 2147483713 2147483725 2147483757 2147483758 2147483844 2147483757 2147483758 2147483844 
2147483757 2147483648 2147483662 2147483712 2147483713 2147483725 2147483731 2147483740 2147483741 2147483742 2147483743 2147483744 2147483745 2147483746 2147483747 2147483749 2147483750 2147483754 2147483648 2147483662 2147483712 2147483713 2147483725 2147483731 2147483740 2147483741 2147483742 2147483743 2147483744 2147483745 2147483746 2147483747 2147483749 2147483750 2147483754 2147483838 2147483840 2147483844 2147483838 2147483840 2147483844 
2147483758 2147483648 2147483712 2147483713 2147483725 2147483754 2147483648 2147483712 2147483713 2147483725 2147483754 2147483844 57 53 2147483844 
2147483761 2147483648 2147483712 2147483713 2147483725 2147483648 2147483712 2147483713 2147483725 2147483762 2147483763 2147483844 53 2147483762 2147483763 2147483844 
2147483762 2147483648 2147483712 2147483713 2147483725 2147483761 2147483648 2147483712 2147483713 2147483725 2147483761 2147483763 2147483844 2147483763 2147483844 
2147483763 2147483648 2147483712 2147483713 2147483725 2147483761 2147483762 2147483648 2147483712 2147483713 2147483725 2147483761 2147483762 2147483844 57 53 2147483844 
2147483765 2147483648 2147483712 2147483713 2147483648 2147483712 2147483713 2147483842 2147483844 2147483842 2147483844 
2147483769 2147483677 2147483712 2147483713 2147483677 2147483712 2147483713 2147483845 2147483845 
2147483781 2147483677 2147483681 2147483682 2147483712 2147483713 2147483677 2147483681 2147483682 2147483712 2147483713 2147483782 2147483783 2147483784 2147483845 2147483782 2147483783 2147483784 2147483845 
2147483782 2147483677 2147483681 2147483682 2147483689 2147483696 2147483712 2147483713 2147483781 2147483677 2147483681 2147483682 2147483689 2147483696 2147483712 2147483713 2147483781 2147483783 2147483784 2147483788 2147483797 2147483798 2147483799 2147483800 2147483801 2147483802 2147483803 2147483804 2147483806 2147483807 2147483811 2147483814 2147483815 2147483818 2147483819 2147483820 2147483845 2147483848 2147483850 2147483852 2147483854 49 52 54 57 53 127 128 129 130 2147483783 2147483784 2147483788 2147483797 2147483798 2147483799 2147483800 2147483801 2147483802 2147483803 2147483804 2147483806 2147483807 2147483811 2147483814 2147483815 2147483818 2147483819 2147483820 2147483845 2147483848 2147483850 2147483852 2147483854 
2147483783 2147483677 2147483681 2147483682 2147483712 2147483713 2147483781 2147483782 2147483677 2147483681 2147483682 2147483712 2147483713 2147483781 2147483782 2147483784 2147483845 53 2147483784 2147483845 
2147483784 2147483677 2147483681 2147483682 2147483712 2147483713 2147483781 2147483782 2147483783 2147483677 2147483681 2147483682 2147483712 2147483713 2147483781 2147483782 2147483783 2147483845 57 53 2147483845 
2147483788 2147483677 2147483681 2147483682 2147483712 2147483713 2147483782 2147483677 2147483681 2147483682 2147483712 2147483713 2147483782 2147483814 2147483845 2147483850 2147483854 2147483814 2147483845 2147483850 2147483854 
2147483797 2147483677 2147483681 2147483682 2147483696 2147483712 2147483713 2147483782 2147483677 2147483681 2147483682 2147483696 2147483712 2147483713 2147483782 2147483814 2147483845 2147483848 2147483850 2147483854 2147483814 2147483845 2147483848 2147483850 2147483854 
2147483798 2147483677 2147483681 2147483682 2147483696 2147483712 2147483713 2147483782 2147483677 2147483681 2147483682 2147483696 2147483712 2147483713 2147483782 2147483814 2147483845 2147483848 2147483850 2147483854 2147483814 2147483845 2147483848 2147483850 2147483854 
2147483799 2147483677 2147483681 2147483682 2147483696 2147483712 2147483713 2147483782 2147483677 2147483681 2147483682 2147483696 2147483712 2147483713 2147483782 2147483814 2147483845 2147483848 2147483850 2147483854 2147483814 2147483845 2147483848 2147483850 2147483854 
2147483800 2147483677 2147483681 2147483682 2147483696 2147483712 2147483713 2147483782 2147483677 2147483681 2147483682 2147483696 2147483712 2147483713 2147483782 2147483814 2147483845 2147483848 2147483850 2147483854 2147483814 2147483845 2147483848 2147483850 2147483854 
2147483801 2147483677 2147483681 2147483682 2147483696 2147483712 2147483713 2147483782 2147483677 2147483681 2147483682 2147483696 2147483712 2147483713 2147483782 2147483814 2147483845 2147483848 2147483850 2147483854 2147483814 2147483845 2147483848 2147483850 2147483854 
2147483802 2147483677 2147483681 2147483682 2147483696 2147483712 2147483713 2147483782 2147483677 2147483681 2147483682 2147483696 2147483712 2147483713 2147483782 2147483814 2147483845 2147483848 2147483850 2147483854 2147483814 2147483845 2147483848 2147483850 2147483854 
2147483803 2147483677 2147483681 2147483682 2147483696 2147483712 2147483713 2147483782 2147483677 2147483681 2147483682 2147483696 2147483712 2147483713 2147483782 2147483814 2147483845 2147483848 2147483850 2147483854 2147483814 2147483845 2147483848 2147483850 2147483854 
2147483804 2147483677 2147483681 2147483682 2147483696 2147483712 2147483713 2147483782 2147483677 2147483681 2147483682 2147483696 2147483712 2147483713 2147483782 2147483814 2147483845 2147483848 2147483850 2147483854 2147483814 2147483845 2147483848 2147483850 2147483854 
2147483806 2147483677 2147483681 2147483682 2147483712 2147483713 2147483782 2147483677 2147483681 2147483682 2147483712 2147483713 2147483782 2147483814 2147483845 2147483848 2147483850 2147483854 2147483814 2147483845 2147483848 2147483850 2147483854 
2147483807 2147483677 2147483681 2147483682 2147483712 2147483713 2147483782 2147483677 2147483681 2147483682 2147483712 2147483713 2147483782 2147483814 2147483845 2147483848 2147483850 2147483854 2147483814 2147483845 2147483848 2147483850 2147483854 
2147483811 2147483677 2147483681 2147483682 2147483712 2147483713 2147483782 2147483677 2147483681 2147483682 2147483712 2147483713 2147483782 2147483814 2147483815 2147483845 2147483854 2147483814 2147483815 2147483845 2147483854 
2147483814 2147483677 2147483681 2147483682 2147483696 2147483712 2147483713 2147483782 2147483788 2147483797 2147483798 2147483799 2147483800 2147483801 2147483802 2147483803 2147483804 2147483806 2147483807 2147483811 2147483677 2147483681 2147483682 2147483696 2147483712 2147483713 2147483782 2147483788 2147483797 2147483798 2147483799 2147483800 2147483801 2147483802 2147483803 2147483804 2147483806 2147483807 2147483811 2147483845 2147483848 2147483850 2147483854 2147483845 2147483848 2147483850 2147483854 
2147483815 2147483677 2147483681 2147483682 2147483712 2147483713 2147483782 2147483811 2147483677 2147483681 2147483682 2147483712 2147483713 2147483782 2147483811 2147483845 2147483854 57 53 2147483845 2147483854 
2147483818 2147483677 2147483681 2147483682 2147483712 2147483713 2147483782 2147483677 2147483681 2147483682 2147483712 2147483713 2147483782 2147483819 2147483820 2147483845 2147483854 53 2147483819 2147483820 2147483845 2147483854 
2147483819 2147483677 2147483681 2147483682 2147483712 2147483713 2147483782 2147483818 2147483677 2147483681 2147483682 2147483712 2147483713 2147483782 2147483818 2147483820 2147483845 2147483854 2147483820 2147483845 2147483854 
2147483820 2147483677 2147483681 2147483682 2147483712 2147483713 2147483782 2147483818 2147483819 2147483677 2147483681 2147483682 2147483712 2147483713 2147483782 2147483818 2147483819 2147483845 2147483854 57 53 2147483845 2147483854 
2147483822 2147483677 2147483681 2147483682 2147483712 2147483713 2147483677 2147483681 2147483682 2147483712 2147483713 2147483845 2147483852 2147483854 2147483845 2147483852 2147483854 
2147483825 2147483677 2147483712 2147483713 2147483677 2147483712 2147483713 2147483845 2147483846 2147483845 2147483846 
2147483829 2147483678 2147483678 52 54 57 53 
2147483833 2147483678 2147483678 49 53 52 54 57 127 128 129 130 
2147483837 2147483648 2147483651 2147483712 2147483713 2147483648 2147483651 2147483712 2147483713 2147483855 2147483855 
2147483838 2147483648 2147483662 2147483712 2147483713 2147483725 2147483740 2147483741 2147483742 2147483743 2147483744 2147483745 2147483746 2147483747 2147483749 2147483750 2147483757 2147483648 2147483662 2147483712 2147483713 2147483725 2147483740 2147483741 2147483742 2147483743 2147483744 2147483745 2147483746 2147483747 2147483749 2147483750 2147483757 2147483840 2147483844 2147483840 2147483844 
2147483840 2147483648 2147483662 2147483712 2147483713 2147483725 2147483731 2147483740 2147483741 2147483742 2147483743 2147483744 2147483745 2147483746 2147483747 2147483749 2147483750 2147483757 2147483838 2147483648 2147483662 2147483712 2147483713 2147483725 2147483731 2147483740 2147483741 2147483742 2147483743 2147483744 2147483745 2147483746 2147483747 2147483749 2147483750 2147483757 2147483838 2147483844 2147483844 
2147483842 2147483648 2147483655 2147483712 2147483713 2147483725 2147483765 2147483648 2147483655 2147483712 2147483713 2147483725 2147483765 2147483844 2147483855 2147483844 2147483855 
2147483844 2147483648 2147483662 2147483712 2147483713 2147483725 2147483731 2147483740 2147483741 2147483742 2147483743 2147483744 2147483745 2147483746 2147483747 2147483749 2147483750 2147483754 2147483757 2147483758 2147483761 2147483762 2147483763 2147483765 2147483838 2147483840 2147483842 2147483648 2147483662 2147483712 2147483713 2147483725 2147483731 2147483740 2147483741 2147483742 2147483743 2147483744 2147483745 2147483746 2147483747 2147483749 2147483750 2147483754 2147483757 2147483758 2147483761 2147483762 2147483763 2147483765 2147483838 2147483840 2147483842 2147483855 49 52 54 57 53 127 128 129 130 2147483855 
2147483845 2147483677 2147483681 2147483682 2147483685 2147483689 2147483696 2147483712 2147483713 2147483769 2147483781 2147483782 2147483783 2147483784 2147483788 2147483797 2147483798 2147483799 2147483800 2147483801 2147483802 2147483803 2147483804 2147483806 2147483807 2147483811 2147483814 2147483815 2147483818 2147483819 2147483820 2147483822 2147483825 2147483677 2147483681 2147483682 2147483685 2147483689 2147483696 2147483712 2147483713 2147483769 2147483781 2147483782 2147483783 2147483784 2147483788 2147483797 2147483798 2147483799 2147483800 2147483801 2147483802 2147483803 2147483804 2147483806 2147483807 2147483811 2147483814 2147483815 2147483818 2147483819 2147483820 2147483822 2147483825 2147483846 2147483847 2147483848 2147483850 2147483852 2147483854 2147483857 49 52 54 57 53 127 128 129 130 2147483846 2147483847 2147483848 2147483850 2147483852 2147483854 2147483857 
2147483846 2147483677 2147483678 2147483712 2147483713 2147483825 2147483845 2147483677 2147483678 2147483712 2147483713 2147483825 2147483845 49 52 54 57 53 127 128 129 130 
2147483847 2147483677 2147483681 2147483682 2147483685 2147483712 2147483713 2147483845 2147483677 2147483681 2147483682 2147483685 2147483712 2147483713 2147483845 2147483857 2147483857 
2147483848 2147483677 2147483681 2147483682 2147483696 2147483712 2147483713 2147483782 2147483797 2147483798 2147483799 2147483800 2147483801 2147483802 2147483803 2147483804 2147483806 2147483807 2147483814 2147483845 2147483677 2147483681 2147483682 2147483696 2147483712 2147483713 2147483782 2147483797 2147483798 2147483799 2147483800 2147483801 2147483802 2147483803 2147483804 2147483806 2147483807 2147483814 2147483845 2147483850 2147483854 2147483850 2147483854 
2147483850 2147483677 2147483681 2147483682 2147483696 2147483712 2147483713 2147483782 2147483788 2147483797 2147483798 2147483799 2147483800 2147483801 2147483802 2147483803 2147483804 2147483806 2147483807 2147483814 2147483845 2147483848 2147483677 2147483681 2147483682 2147483696 2147483712 2147483713 2147483782 2147483788 2147483797 2147483798 2147483799 2147483800 2147483801 2147483802 2147483803 2147483804 2147483806 2147483807 2147483814 2147483845 2147483848 2147483854 2147483854 
2147483852 2147483677 2147483681 2147483682 2147483689 2147483712 2147483713 2147483782 2147483822 2147483845 2147483677 2147483681 2147483682 2147483689 2147483712 2147483713 2147483782 2147483822 2147483845 2147483854 2147483857 2147483854 2147483857 
2147483854 2147483677 2147483681 2147483682 2147483696 2147483712 2147483713 2147483782 2147483788 2147483797 2147483798 2147483799 2147483800 2147483801 2147483802 2147483803 2147483804 2147483806 2147483807 2147483811 2147483814 2147483815 2147483818 2147483819 2147483820 2147483822 2147483845 2147483848 2147483850 2147483852 2147483677 2147483681 2147483682 2147483696 2147483712 2147483713 2147483782 2147483788 2147483797 2147483798 2147483799 2147483800 2147483801 2147483802 2147483803 2147483804 2147483806 2147483807 2147483811 2147483814 2147483815 2147483818 2147483819 2147483820 2147483822 2147483845 2147483848 2147483850 2147483852 2147483857 49 52 54 57 53 127 128 129 130 2147483857 
2147483855 2147483648 2147483651 2147483655 2147483712 2147483713 2147483837 2147483842 2147483844 2147483648 2147483651 2147483655 2147483712 2147483713 2147483837 2147483842 2147483844 
2147483857 2147483677 2147483681 2147483682 2147483685 2147483689 2147483712 2147483713 2147483845 2147483847 2147483852 2147483854 2147483677 2147483681 2147483682 2147483685 2147483689 2147483712 2147483713 2147483845 2147483847 2147483852 2147483854 
