2 
5 
8 
11 
18 
19 
22 2147483665 2147483668 
23 
24 
25 2147483665 2147483668 
26 2147483665 2147483668 2147483670 2147483686 2147483705 
27 2147483665 2147483668 
32 2147483665 2147483668 2147483670 2147483686 2147483705 
49 2147483648 2147483653 2147483658 2147483664 2147483666 2147483723 2147483724 2147483725 2147483726 
50 
51 
52 2147483648 2147483653 2147483658 2147483664 2147483666 2147483672 2147483688 2147483707 2147483723 2147483724 2147483725 2147483726 
53 2147483648 2147483653 2147483658 2147483664 2147483666 2147483671 2147483672 2147483682 2147483683 2147483687 2147483688 2147483698 2147483699 2147483706 2147483707 2147483718 2147483719 2147483723 2147483724 2147483725 2147483726 
54 2147483648 2147483653 2147483658 2147483664 2147483666 2147483671 2147483672 2147483683 2147483687 2147483688 2147483699 2147483706 2147483707 2147483719 2147483723 2147483724 2147483725 2147483726 
57 2147483648 2147483653 2147483658 2147483664 2147483666 2147483671 2147483672 2147483682 2147483683 2147483687 2147483688 2147483698 2147483699 2147483706 2147483707 2147483718 2147483719 2147483723 2147483724 2147483725 2147483726 
61 
127 2147483648 2147483653 2147483658 2147483664 2147483666 2147483723 2147483724 2147483725 2147483726 
128 2147483648 2147483653 2147483658 2147483664 2147483666 2147483723 2147483724 2147483725 2147483726 
129 2147483648 2147483653 2147483658 2147483664 2147483666 2147483723 2147483724 2147483725 2147483726 
130 2147483648 2147483653 2147483658 2147483664 2147483666 2147483723 2147483724 2147483725 2147483726 
131 
132 
133 
134 
247 
248 
249 
250 
251 
252 
253 
254 
263 2147483665 2147483668 
264 2147483665 2147483668 
265 2147483665 2147483668 
266 2147483665 2147483668 
267 
268 
269 
270 
2147483648 2147483664 2147483665 2147483666 2147483668 2147483669 2147483670 2147483671 2147483672 2147483673 2147483674 2147483676 2147483681 2147483682 2147483683 2147483684 2147483723 49 52 54 57 53 127 128 129 130 2147483664 2147483665 2147483666 2147483668 2147483669 2147483670 2147483671 2147483672 2147483673 2147483674 2147483676 2147483681 2147483682 2147483683 2147483684 2147483723 
2147483653 2147483664 2147483665 2147483666 2147483668 2147483685 2147483686 2147483687 2147483688 2147483689 2147483690 2147483692 2147483697 2147483698 2147483699 2147483700 2147483724 49 52 54 57 53 127 128 129 130 2147483664 2147483665 2147483666 2147483668 2147483685 2147483686 2147483687 2147483688 2147483689 2147483690 2147483692 2147483697 2147483698 2147483699 2147483700 2147483724 
2147483658 2147483665 2147483666 2147483668 2147483704 2147483705 2147483706 2147483707 2147483708 2147483709 2147483711 2147483717 2147483718 2147483719 2147483720 2147483725 2147483726 49 52 54 57 53 127 128 129 130 2147483665 2147483666 2147483668 2147483704 2147483705 2147483706 2147483707 2147483708 2147483709 2147483711 2147483717 2147483718 2147483719 2147483720 2147483725 2147483726 
2147483664 2147483648 2147483653 2147483648 2147483653 2147483665 2147483666 2147483668 2147483669 2147483670 2147483671 2147483672 2147483673 2147483674 2147483676 2147483681 2147483682 2147483683 2147483684 2147483685 2147483686 2147483687 2147483688 2147483689 2147483690 2147483692 2147483697 2147483698 2147483699 2147483700 2147483723 2147483724 2147483726 53 49 52 54 57 127 128 129 130 2147483665 2147483666 2147483668 2147483669 2147483670 2147483671 2147483672 2147483673 2147483674 2147483676 2147483681 2147483682 2147483683 2147483684 2147483685 2147483686 2147483687 2147483688 2147483689 2147483690 2147483692 2147483697 2147483698 2147483699 2147483700 2147483723 2147483724 2147483726 
2147483665 2147483648 2147483653 2147483658 2147483664 2147483648 2147483653 2147483658 2147483664 2147483666 2147483668 2147483669 2147483670 2147483671 2147483672 2147483673 2147483674 2147483676 2147483681 2147483682 2147483683 2147483684 2147483685 2147483686 2147483687 2147483688 2147483689 2147483690 2147483692 2147483697 2147483698 2147483699 2147483700 2147483704 2147483705 2147483706 2147483707 2147483708 2147483709 2147483711 2147483717 2147483718 2147483719 2147483720 2147483723 2147483724 2147483725 2147483726 32 22 25 27 26 263 264 265 266 2147483666 2147483668 2147483669 2147483670 2147483671 2147483672 2147483673 2147483674 2147483676 2147483681 2147483682 2147483683 2147483684 2147483685 2147483686 2147483687 2147483688 2147483689 2147483690 2147483692 2147483697 2147483698 2147483699 2147483700 2147483704 2147483705 2147483706 2147483707 2147483708 2147483709 2147483711 2147483717 2147483718 2147483719 2147483720 2147483723 2147483724 2147483725 2147483726 
2147483666 2147483648 2147483653 2147483658 2147483664 2147483665 2147483648 2147483653 2147483658 2147483664 2147483665 2147483668 2147483669 2147483670 2147483671 2147483672 2147483673 2147483674 2147483676 2147483681 2147483682 2147483683 2147483684 2147483685 2147483686 2147483687 2147483688 2147483689 2147483690 2147483692 2147483697 2147483698 2147483699 2147483700 2147483704 2147483705 2147483706 2147483707 2147483708 2147483709 2147483711 2147483717 2147483718 2147483719 2147483720 2147483723 2147483724 2147483725 2147483726 57 54 49 52 53 127 128 129 130 2147483668 2147483669 2147483670 2147483671 2147483672 2147483673 2147483674 2147483676 2147483681 2147483682 2147483683 2147483684 2147483685 2147483686 2147483687 2147483688 2147483689 2147483690 2147483692 2147483697 2147483698 2147483699 2147483700 2147483704 2147483705 2147483706 2147483707 2147483708 2147483709 2147483711 2147483717 2147483718 2147483719 2147483720 2147483723 2147483724 2147483725 2147483726 
2147483668 2147483648 2147483653 2147483658 2147483664 2147483665 2147483666 2147483648 2147483653 2147483658 2147483664 2147483665 2147483666 2147483669 2147483670 2147483671 2147483672 2147483673 2147483674 2147483676 2147483681 2147483682 2147483683 2147483684 2147483685 2147483686 2147483687 2147483688 2147483689 2147483690 2147483692 2147483697 2147483698 2147483699 2147483700 2147483704 2147483705 2147483706 2147483707 2147483708 2147483709 2147483711 2147483717 2147483718 2147483719 2147483720 2147483723 2147483724 2147483725 2147483726 263 22 25 27 32 26 264 265 266 2147483669 2147483670 2147483671 2147483672 2147483673 2147483674 2147483676 2147483681 2147483682 2147483683 2147483684 2147483685 2147483686 2147483687 2147483688 2147483689 2147483690 2147483692 2147483697 2147483698 2147483699 2147483700 2147483704 2147483705 2147483706 2147483707 2147483708 2147483709 2147483711 2147483717 2147483718 2147483719 2147483720 2147483723 2147483724 2147483725 2147483726 
2147483669 2147483648 2147483664 2147483665 2147483666 2147483668 2147483648 2147483664 2147483665 2147483666 2147483668 2147483670 2147483671 2147483672 2147483670 2147483671 2147483672 
2147483670 2147483648 2147483664 2147483665 2147483666 2147483668 2147483669 2147483648 2147483664 2147483665 2147483666 2147483668 2147483669 2147483671 2147483672 32 26 2147483671 2147483672 
2147483671 2147483648 2147483664 2147483665 2147483666 2147483668 2147483669 2147483670 2147483648 2147483664 2147483665 2147483666 2147483668 2147483669 2147483670 2147483672 54 57 53 2147483672 
2147483672 2147483648 2147483664 2147483665 2147483666 2147483668 2147483669 2147483670 2147483671 2147483648 2147483664 2147483665 2147483666 2147483668 2147483669 2147483670 2147483671 52 54 57 53 
2147483673 2147483648 2147483664 2147483665 2147483666 2147483668 2147483648 2147483664 2147483665 2147483666 2147483668 2147483674 2147483674 
2147483674 2147483648 2147483664 2147483665 2147483666 2147483668 2147483673 2147483648 2147483664 2147483665 2147483666 2147483668 2147483673 2147483676 2147483676 
2147483676 2147483648 2147483664 2147483665 2147483666 2147483668 2147483674 2147483648 2147483664 2147483665 2147483666 2147483668 2147483674 
2147483681 2147483648 2147483664 2147483665 2147483666 2147483668 2147483648 2147483664 2147483665 2147483666 2147483668 2147483682 2147483683 2147483723 2147483682 2147483683 2147483723 
2147483682 2147483648 2147483664 2147483665 2147483666 2147483668 2147483681 2147483648 2147483664 2147483665 2147483666 2147483668 2147483681 2147483683 2147483723 57 53 2147483683 2147483723 
2147483683 2147483648 2147483664 2147483665 2147483666 2147483668 2147483681 2147483682 2147483648 2147483664 2147483665 2147483666 2147483668 2147483681 2147483682 2147483723 54 57 53 2147483723 
2147483684 2147483648 2147483664 2147483665 2147483666 2147483668 2147483648 2147483664 2147483665 2147483666 2147483668 2147483723 2147483723 
2147483685 2147483653 2147483664 2147483665 2147483666 2147483668 2147483653 2147483664 2147483665 2147483666 2147483668 2147483686 2147483687 2147483688 2147483686 2147483687 2147483688 
2147483686 2147483653 2147483664 2147483665 2147483666 2147483668 2147483685 2147483653 2147483664 2147483665 2147483666 2147483668 2147483685 2147483687 2147483688 32 26 2147483687 2147483688 
2147483687 2147483653 2147483664 2147483665 2147483666 2147483668 2147483685 2147483686 2147483653 2147483664 2147483665 2147483666 2147483668 2147483685 2147483686 2147483688 54 57 53 2147483688 
2147483688 2147483653 2147483664 2147483665 2147483666 2147483668 2147483685 2147483686 2147483687 2147483653 2147483664 2147483665 2147483666 2147483668 2147483685 2147483686 2147483687 52 54 57 53 
2147483689 2147483653 2147483664 2147483665 2147483666 2147483668 2147483653 2147483664 2147483665 2147483666 2147483668 2147483690 2147483690 
2147483690 2147483653 2147483664 2147483665 2147483666 2147483668 2147483689 2147483653 2147483664 2147483665 2147483666 2147483668 2147483689 2147483692 2147483692 
2147483692 2147483653 2147483664 2147483665 2147483666 2147483668 2147483690 2147483653 2147483664 2147483665 2147483666 2147483668 2147483690 
2147483697 2147483653 2147483664 2147483665 2147483666 2147483668 2147483653 2147483664 2147483665 2147483666 2147483668 2147483698 2147483699 2147483724 2147483698 2147483699 2147483724 
2147483698 2147483653 2147483664 2147483665 2147483666 2147483668 2147483697 2147483653 2147483664 2147483665 2147483666 2147483668 2147483697 2147483699 2147483724 57 53 2147483699 2147483724 
2147483699 2147483653 2147483664 2147483665 2147483666 2147483668 2147483697 2147483698 2147483653 2147483664 2147483665 2147483666 2147483668 2147483697 2147483698 2147483724 54 57 53 2147483724 
2147483700 2147483653 2147483664 2147483665 2147483666 2147483668 2147483653 2147483664 2147483665 2147483666 2147483668 2147483724 2147483724 
2147483704 2147483658 2147483665 2147483666 2147483668 2147483658 2147483665 2147483666 2147483668 2147483705 2147483706 2147483707 2147483705 2147483706 2147483707 
2147483705 2147483658 2147483665 2147483666 2147483668 2147483704 2147483658 2147483665 2147483666 2147483668 2147483704 2147483706 2147483707 32 26 2147483706 2147483707 
2147483706 2147483658 2147483665 2147483666 2147483668 2147483704 2147483705 2147483658 2147483665 2147483666 2147483668 2147483704 2147483705 2147483707 54 57 53 2147483707 
2147483707 2147483658 2147483665 2147483666 2147483668 2147483704 2147483705 2147483706 2147483658 2147483665 2147483666 2147483668 2147483704 2147483705 2147483706 52 54 57 53 
2147483708 2147483658 2147483665 2147483666 2147483668 2147483658 2147483665 2147483666 2147483668 2147483709 2147483709 
2147483709 2147483658 2147483665 2147483666 2147483668 2147483708 2147483658 2147483665 2147483666 2147483668 2147483708 2147483711 2147483711 
2147483711 2147483658 2147483665 2147483666 2147483668 2147483709 2147483658 2147483665 2147483666 2147483668 2147483709 
2147483717 2147483658 2147483665 2147483666 2147483668 2147483658 2147483665 2147483666 2147483668 2147483718 2147483719 2147483725 2147483726 2147483718 2147483719 2147483725 2147483726 
2147483718 2147483658 2147483665 2147483666 2147483668 2147483717 2147483658 2147483665 2147483666 2147483668 2147483717 2147483719 2147483725 2147483726 57 53 2147483719 2147483725 2147483726 
2147483719 2147483658 2147483665 2147483666 2147483668 2147483717 2147483718 2147483658 2147483665 2147483666 2147483668 2147483717 2147483718 2147483725 2147483726 54 57 53 2147483725 2147483726 
2147483720 2147483658 2147483665 2147483666 2147483668 2147483658 2147483665 2147483666 2147483668 2147483725 2147483726 2147483725 2147483726 
2147483723 2147483648 2147483664 2147483665 2147483666 2147483668 2147483681 2147483682 2147483683 2147483684 2147483648 2147483664 2147483665 2147483666 2147483668 2147483681 2147483682 2147483683 2147483684 49 52 54 57 53 127 128 129 130 
2147483724 2147483653 2147483664 2147483665 2147483666 2147483668 2147483697 2147483698 2147483699 2147483700 2147483653 2147483664 2147483665 2147483666 2147483668 2147483697 2147483698 2147483699 2147483700 49 52 54 57 53 127 128 129 130 
2147483725 2147483658 2147483665 2147483666 2147483668 2147483717 2147483718 2147483719 2147483720 2147483658 2147483665 2147483666 2147483668 2147483717 2147483718 2147483719 2147483720 2147483726 49 52 54 57 53 127 128 129 130 2147483726 
2147483726 2147483658 2147483664 2147483665 2147483666 2147483668 2147483717 2147483718 2147483719 2147483720 2147483725 2147483658 2147483664 2147483665 2147483666 2147483668 2147483717 2147483718 2147483719 2147483720 2147483725 49 52 54 57 53 127 128 129 130 
