2 
5 
8 
11 
18 
19 
22 2147483649 
23 
24 
25 2147483649 
26 2147483649 2147483656 
27 2147483649 
32 2147483649 
49 2147483655 
50 
51 
52 2147483655 
53 2147483652 2147483655 
54 2147483655 
57 2147483655 
61 
127 2147483655 
128 2147483655 
129 2147483655 
130 2147483655 
131 
132 
133 
134 
247 
248 
249 
250 
251 
252 
253 
254 
263 2147483649 
264 2147483649 
265 2147483649 
266 2147483649 
267 
268 
269 
270 
2147483649 2147483650 2147483651 2147483652 2147483653 2147483655 2147483656 32 26 22 25 27 263 264 265 266 2147483650 2147483651 2147483652 2147483653 2147483655 2147483656 
2147483650 2147483649 2147483649 2147483651 2147483652 2147483651 2147483652 
2147483651 2147483649 2147483650 2147483649 2147483650 
2147483652 2147483649 2147483650 2147483649 2147483650 53 
2147483653 2147483649 2147483649 
2147483655 2147483649 2147483649 2147483656 2147483659 49 52 54 57 53 127 128 129 130 2147483656 2147483659 
2147483656 2147483649 2147483655 2147483649 2147483655 26 
2147483659 2147483655 2147483655 
