2,1,2,-1,0,1,0,0,0,
5,1,5,-1,0,1,0,0,0,
8,1,8,-1,0,1,0,0,0,
11,1,11,-1,0,1,0,0,0,
18,1,18,-1,0,1,0,0,0,
19,1,19,-1,0,1,0,0,0,
49,1,49,-1,0,1,0,0,0,
50,1,50,-1,0,1,0,0,0,
51,1,51,-1,0,1,0,0,0,
52,1,52,-1,0,1,0,0,0,
53,1,53,-1,0,1,0,0,0,
54,1,54,-1,0,1,0,0,0,
57,1,57,-1,0,1,0,0,0,
61,1,61,-1,0,1,0,0,0,
127,1,127,-1,0,1,0,0,0,
128,1,128,-1,0,1,0,0,0,
129,1,129,-1,0,1,0,0,0,
130,1,130,-1,0,1,0,0,0,
131,1,131,-1,0,1,0,0,0,
132,1,132,-1,0,1,0,0,0,
133,1,133,-1,0,1,0,0,0,
134,1,134,-1,0,1,0,0,0,
247,1,247,-1,0,1,0,0,0,
248,1,248,-1,0,1,0,0,0,
249,1,249,-1,0,1,0,0,0,
250,1,250,-1,0,1,0,0,0,
251,1,251,-1,0,1,0,0,0,
252,1,252,-1,0,1,0,0,0,
253,1,253,-1,0,1,0,0,0,
254,1,254,-1,0,1,0,0,0,
2147483648,0,0,0.00127582,1,0,1,0,0,51 133 134 131 132 50
2147483658,0,0,0.00303571,1,0,1,0,0,51 133 134 131 132 50
2147483659,0,0,0.00137061,1,0,1,0,0,51 133 134 131 132 50
2147483666,0,0,0.00334533,1,0,1,0,0,49 52 54 57 53 127 128 129 130 51 133 134 131 132 50
2147483667,0,0,0.00201463,1,0,1,0,255,51 133 134 131 132 50
2147483673,0,0,0.00546274,2,0,1,0,0,51 133 134 131 132 50
2147483674,0,0,inf,1,0,1,0,0,2 11 19 61 18 247 248 249 250 5 8 253 254 251 252
2147483685,0,0,inf,1,0,1,0,0,49 52 54 57 53 127 128 129 130 51 133 134 131 132 50
2147483687,0,0,inf,1,0,1,0,0,53 49 52 54 57 127 128 129 130 51 133 134 131 132 50
2147483688,0,0,0.00263997,1,0,1,0,0,51 133 134 131 132 50
2147483689,0,0,inf,1,0,1,0,0,49 52 54 57 53 127 128 129 130 51 133 134 131 132 50
2147483690,0,0,inf,1,0,1,0,0,49 52 54 57 53 127 128 129 130 51 133 134 131 132 50
2147483692,0,0,inf,2,0,1,0,0,49 52 54 57 53 127 128 129 130 51 133 134 131 132 50
2147483698,0,0,0.00246582,1,0,1,0,0,53 49 52 54 57 127 128 129 130 51 133 134 131 132 50
2147483701,0,0,inf,2,0,1,0,0,49 52 54 57 53 127 128 129 130 51 133 134 131 132 50
2147483702,0,0,0.00281808,1,0,1,0,0,57 49 52 54 127 128 129 130 51 133 134 131 132 50
2147483703,0,0,0.00260417,1,0,1,0,0,49 52 54 57 53 127 128 129 130 51 133 134 131 132 50
2147483706,0,0,inf,2,0,1,0,0,49 52 54 57 53 127 128 129 130 51 133 134 131 132 50
2147483707,0,0,inf,1,0,1,0,255,49 52 54 57 53 127 128 129 130 51 133 134 131 132 50
2147483708,0,0,inf,1,0,1,0,255,49 52 54 57 53 127 128 129 130 51 133 134 131 132 50
2147483711,0,0,0.00292245,1,0,1,0,0,49 53 52 54 57 127 128 129 130 51 133 134 131 132 50
2147483721,0,0,inf,1,0,1,0,0,49 52 54 57 53 127 128 129 130 51 133 134 131 132 50
2147483722,0,0,0.00281808,1,0,1,0,0,57 49 52 54 127 128 129 130 51 133 134 131 132 50
2147483723,0,0,inf,1,0,1,0,0,49 52 54 57 53 127 128 129 130 51 133 134 131 132 50
2147483724,0,0,inf,1,0,1,0,255,49 52 54 57 53 127 128 129 130 51 133 134 131 132 50
2147483725,0,0,inf,1,0,1,0,0,49 52 54 57 53 127 128 129 130 51 133 134 131 132 50
2147483729,0,0,0.00292245,1,0,1,0,0,49 53 52 54 57 127 128 129 130 51 133 134 131 132 50
2147483730,0,0,0.00377954,2,0,1,0,0,49 52 54 57 53 127 128 129 130 51 133 134 131 132 50
2147483745,0,0,0.00510531,5,0,1,0,0,49 52 54 57 53 127 128 129 130 51 133 134 131 132 50
2147483746,0,0,0.000836785,3,0,1,0,0,51 133 134 131 132 50
2147483747,0,0,0.00517935,4,0,1,0,0,49 52 54 57 53 127 128 129 130 51 133 134 131 132 50
2147483748,0,0,0.00362513,3,0,1,0,0,49 52 54 57 53 127 128 129 130 51 133 134 131 132 50
2147483749,0,0,0.00462685,6,0,1,0,0,49 52 54 57 53 127 128 129 130 51 133 134 131 132 50
