22 
23 
24 
25 
26 
27 
32 
49 2147483648 2147483656 
50 
51 
52 2147483648 2147483656 
53 2147483648 2147483656 
54 2147483648 2147483656 
57 2147483648 2147483656 
127 2147483648 2147483656 
128 2147483648 2147483656 
129 2147483648 2147483656 
130 2147483648 2147483656 
131 
132 
133 
134 
263 
264 
265 
266 
267 
268 
269 
270 
2147483648 2147483656 2147483662 2147483663 2147483667 2147483668 2147483685 53 49 52 54 57 127 128 129 130 2147483656 2147483662 2147483663 2147483667 2147483668 2147483685 
2147483656 2147483648 2147483648 2147483657 2147483662 2147483663 2147483667 2147483668 2147483680 2147483685 53 49 52 54 57 127 128 129 130 2147483657 2147483662 2147483663 2147483667 2147483668 2147483680 2147483685 
2147483657 2147483656 2147483656 
2147483662 2147483648 2147483656 2147483648 2147483656 
2147483663 2147483648 2147483656 2147483648 2147483656 
2147483667 2147483648 2147483656 2147483648 2147483656 
2147483668 2147483648 2147483656 2147483648 2147483656 2147483685 2147483685 
2147483680 2147483656 2147483656 2147483681 2147483683 2147483684 2147483681 2147483683 2147483684 
2147483681 2147483680 2147483680 
2147483683 2147483680 2147483680 
2147483684 2147483680 2147483680 
2147483685 2147483648 2147483656 2147483668 2147483648 2147483656 2147483668 
2147483686 
