49 2147483648 2147483651 2147483662 2147483673 
50 
51 
52 2147483648 2147483651 2147483662 2147483673 
53 2147483648 2147483651 2147483662 2147483673 
54 2147483648 2147483651 2147483662 2147483673 
57 2147483648 2147483651 2147483662 2147483673 
127 2147483648 2147483651 2147483662 2147483673 
128 2147483648 2147483651 2147483662 2147483673 
129 2147483648 2147483651 2147483662 2147483673 
130 2147483648 2147483651 2147483662 2147483673 
131 
132 
133 
134 
151 
152 
153 
154 
155 
156 
157 
158 
159 
160 
161 
162 
163 
164 
165 
166 
2147483648 2147483651 2147483653 2147483654 2147483655 2147483659 2147483660 2147483661 2147483662 2147483673 49 53 52 54 57 127 128 129 130 2147483651 2147483653 2147483654 2147483655 2147483659 2147483660 2147483661 2147483662 2147483673 
2147483651 2147483648 2147483648 2147483653 2147483654 2147483655 2147483662 2147483673 49 52 54 57 53 127 128 129 130 2147483653 2147483654 2147483655 2147483662 2147483673 
2147483653 2147483648 2147483651 2147483648 2147483651 2147483662 2147483673 2147483662 2147483673 
2147483654 2147483648 2147483651 2147483648 2147483651 2147483662 2147483673 2147483662 2147483673 
2147483655 2147483648 2147483651 2147483648 2147483651 2147483662 2147483673 2147483662 2147483673 
2147483659 2147483648 2147483648 2147483662 2147483662 
2147483660 2147483648 2147483648 2147483662 2147483662 
2147483661 2147483648 2147483648 
2147483662 2147483648 2147483651 2147483653 2147483654 2147483655 2147483659 2147483660 2147483648 2147483651 2147483653 2147483654 2147483655 2147483659 2147483660 2147483663 2147483664 2147483673 53 49 52 54 57 127 128 129 130 2147483663 2147483664 2147483673 
2147483663 2147483662 2147483662 2147483664 2147483664 
2147483664 2147483662 2147483663 2147483662 2147483663 
2147483673 2147483648 2147483651 2147483653 2147483654 2147483655 2147483662 2147483648 2147483651 2147483653 2147483654 2147483655 2147483662 53 49 52 54 57 127 128 129 130 
