22,1,22,-1,0,1,0,0,0,
23,1,23,-1,0,1,0,0,0,
24,1,24,-1,0,1,0,0,0,
25,1,25,-1,0,1,0,0,0,
26,1,26,-1,0,1,0,0,0,
27,1,27,-1,0,1,0,0,0,
32,1,32,-1,0,1,0,0,0,
49,1,49,-1,0,1,0,0,0,
50,1,50,-1,0,1,0,0,0,
51,1,51,-1,0,1,0,0,0,
52,1,52,-1,0,1,0,0,0,
53,1,53,-1,0,1,0,0,0,
54,1,54,-1,0,1,0,0,0,
57,1,57,-1,0,1,0,0,0,
127,1,127,-1,0,1,0,0,0,
128,1,128,-1,0,1,0,0,0,
129,1,129,-1,0,1,0,0,0,
130,1,130,-1,0,1,0,0,0,
131,1,131,-1,0,1,0,0,0,
132,1,132,-1,0,1,0,0,0,
133,1,133,-1,0,1,0,0,0,
134,1,134,-1,0,1,0,0,0,
263,1,263,-1,0,1,0,0,0,
264,1,264,-1,0,1,0,0,0,
265,1,265,-1,0,1,0,0,0,
266,1,266,-1,0,1,0,0,0,
267,1,267,-1,0,1,0,0,0,
268,1,268,-1,0,1,0,0,0,
269,1,269,-1,0,1,0,0,0,
270,1,270,-1,0,1,0,0,0,
2147483648,0,0,0.000702991,3,0,1,0,0,49 52 54 57 53 127 128 129 130 51 133 134 131 132 50
2147483668,0,0,0.0060119,1,0,1,0,0,57 49 52 54 127 128 129 130 51 133 134 131 132 50
2147483669,0,0,0.0053714,1,0,1,0,0,54 49 52 127 128 129 130 51 133 134 131 132 50
2147483673,0,0,0.0104167,2,0,1,0,0,49 52 54 57 53 127 128 129 130 51 133 134 131 132 50
2147483712,0,0,0.144014,3,0,1,0,0,22 25 27 32 26 263 264 265 266 24 23 269 270 267 268
2147483714,0,0,0.228987,5,0,1,0,0,49 52 54 57 53 127 128 129 130 51 133 134 131 132 50
2147483716,0,0,0.0194767,3,0,1,0,0,49 52 54 57 53 127 128 129 130 51 133 134 131 132 50
2147483726,0,0,0.125757,2,0,1,0,0,49 52 54 57 53 127 128 129 130 51 133 134 131 132 50
2147483728,0,0,0.305637,6,0,1,0,0,49 52 54 57 53 127 128 129 130 51 133 134 131 132 50
2147483734,0,0,0.234375,4,0,1,0,0,22 25 27 32 26 263 264 265 266 24 23 269 270 267 268
2147483738,0,0,0.166052,7,0,1,0,0,49 52 54 57 53 127 128 129 130 51 133 134 131 132 50
2147483740,0,0,inf,2,0,1,0,0,49 52 54 57 53 127 128 129 130 51 133 134 131 132 50
2147483746,0,0,0.234375,4,0,1,0,0,22 25 27 32 26 263 264 265 266 24 23 269 270 267 268
2147483750,0,0,0.159483,7,0,1,0,0,49 52 54 57 53 127 128 129 130 51 133 134 131 132 50
2147483752,0,0,0.134141,2,0,1,0,0,49 52 54 57 53 127 128 129 130 51 133 134 131 132 50
2147483758,0,0,0.234375,4,0,1,0,0,22 25 27 32 26 263 264 265 266 24 23 269 270 267 268
2147483762,0,0,0.13009,6,0,1,0,0,49 52 54 57 53 127 128 129 130 51 133 134 131 132 50
2147483764,0,0,inf,2,0,1,0,0,49 52 54 57 53 127 128 129 130 51 133 134 131 132 50
2147483770,0,0,0.234375,4,0,1,0,0,22 25 27 32 26 263 264 265 266 24 23 269 270 267 268
2147483774,0,0,0.134141,2,0,1,0,0,49 52 54 57 53 127 128 129 130 51 133 134 131 132 50
2147483776,0,0,0.125757,4,0,1,0,0,49 52 54 57 53 127 128 129 130 51 133 134 131 132 50
2147483782,0,0,0.234375,4,0,1,0,0,22 25 27 32 26 263 264 265 266 24 23 269 270 267 268
2147483786,0,0,0.121662,4,0,1,0,0,49 52 54 57 53 127 128 129 130 51 133 134 131 132 50
2147483788,0,0,inf,2,0,1,0,0,49 52 54 57 53 127 128 129 130 51 133 134 131 132 50
2147483794,0,0,0.234375,4,0,1,0,0,22 25 27 32 26 263 264 265 266 24 23 269 270 267 268
2147483798,0,0,0.116255,4,0,1,0,0,49 52 54 57 53 127 128 129 130 51 133 134 131 132 50
2147483800,0,0,0.134141,2,0,1,0,0,49 52 54 57 53 127 128 129 130 51 133 134 131 132 50
2147483806,0,0,0.234375,4,0,1,0,0,22 25 27 32 26 263 264 265 266 24 23 269 270 267 268
2147483810,0,0,0.121662,4,0,1,0,0,49 52 54 57 53 127 128 129 130 51 133 134 131 132 50
2147483812,0,0,inf,2,0,1,0,0,49 52 54 57 53 127 128 129 130 51 133 134 131 132 50
2147483818,0,0,0.234375,4,0,1,0,0,22 25 27 32 26 263 264 265 266 24 23 269 270 267 268
2147483822,0,0,inf,2,0,1,0,0,49 52 54 57 53 127 128 129 130 51 133 134 131 132 50
2147483824,0,0,0.118897,4,0,1,0,0,49 52 54 57 53 127 128 129 130 51 133 134 131 132 50
2147483830,0,0,0.234375,4,0,1,0,0,22 25 27 32 26 263 264 265 266 24 23 269 270 267 268
2147483834,0,0,0.121662,4,0,1,0,0,49 52 54 57 53 127 128 129 130 51 133 134 131 132 50
2147483836,0,0,inf,2,0,1,0,0,49 52 54 57 53 127 128 129 130 51 133 134 131 132 50
2147483842,0,0,0.234375,4,0,1,0,0,22 25 27 32 26 263 264 265 266 24 23 269 270 267 268
2147483846,0,0,0.118897,4,0,1,0,0,49 52 54 57 53 127 128 129 130 51 133 134 131 132 50
2147483848,0,0,inf,2,0,1,0,0,49 52 54 57 53 127 128 129 130 51 133 134 131 132 50
2147483854,0,0,0.234375,4,0,1,0,0,22 25 27 32 26 263 264 265 266 24 23 269 270 267 268
2147483858,0,0,0.121662,4,0,1,0,0,49 52 54 57 53 127 128 129 130 51 133 134 131 132 50
2147483860,0,0,inf,2,0,1,0,0,49 52 54 57 53 127 128 129 130 51 133 134 131 132 50
2147483866,0,0,0.234375,4,0,1,0,0,22 25 27 32 26 263 264 265 266 24 23 269 270 267 268
2147483870,0,0,inf,2,0,1,0,0,49 52 54 57 53 127 128 129 130 51 133 134 131 132 50
2147483872,0,0,0.118897,4,0,1,0,0,49 52 54 57 53 127 128 129 130 51 133 134 131 132 50
2147483878,0,0,0.234375,4,0,1,0,0,22 25 27 32 26 263 264 265 266 24 23 269 270 267 268
2147483882,0,0,0.118897,4,0,1,0,0,49 52 54 57 53 127 128 129 130 51 133 134 131 132 50
2147483884,0,0,inf,2,0,1,0,0,49 52 54 57 53 127 128 129 130 51 133 134 131 132 50
2147483890,0,0,0.234375,4,0,1,0,0,22 25 27 32 26 263 264 265 266 24 23 269 270 267 268
2147483894,0,0,0.102578,4,0,1,0,0,49 52 54 57 53 127 128 129 130 51 133 134 131 132 50
2147483896,0,0,inf,2,0,1,0,0,49 52 54 57 53 127 128 129 130 51 133 134 131 132 50
2147483902,0,0,0.270127,4,0,1,0,0,22 25 27 32 26 263 264 265 266 24 23 269 270 267 268
2147483910,0,0,0.110369,4,0,1,0,0,49 52 54 57 53 127 128 129 130 51 133 134 131 132 50
2147483912,0,0,inf,2,0,1,0,0,49 52 54 57 53 127 128 129 130 51 133 134 131 132 50
2147483918,0,0,0.259146,4,0,1,0,0,22 25 27 32 26 263 264 265 266 24 23 269 270 267 268
2147483920,0,0,0.018253,3,0,1,0,0,22 25 27 32 26 263 264 265 266 24 23 269 270 267 268
2147483926,0,0,inf,2,0,1,0,0,49 52 54 57 53 127 128 129 130 51 133 134 131 132 50
2147483928,0,0,0.103799,4,0,1,0,0,49 52 54 57 53 127 128 129 130 51 133 134 131 132 50
2147483934,0,0,0.26127,4,0,1,0,0,22 25 27 32 26 263 264 265 266 24 23 269 270 267 268
2147483936,0,0,0.0198228,3,0,1,0,0,22 25 27 32 26 263 264 265 266 24 23 269 270 267 268
2147483938,0,0,0.0331508,16,0,1,0,0,22 25 27 32 26 263 264 265 266 24 23 269 270 267 268
2147483942,0,0,0.0976023,4,0,1,0,0,49 52 54 57 53 127 128 129 130 51 133 134 131 132 50
2147483944,0,0,0.138766,2,0,1,0,0,49 52 54 57 53 127 128 129 130 51 133 134 131 132 50
2147483950,0,0,0.189732,4,0,1,0,0,22 25 27 32 26 263 264 265 266 24 23 269 270 267 268
2147483952,0,0,0.0289368,18,0,1,0,0,22 25 27 32 26 263 264 265 266 24 23 269 270 267 268
2147483958,0,0,0.0799921,4,0,1,0,0,49 52 54 57 53 127 128 129 130 51 133 134 131 132 50
2147483960,0,0,inf,2,0,1,0,0,49 52 54 57 53 127 128 129 130 51 133 134 131 132 50
2147483966,0,0,0.19436,3,0,1,0,0,22 25 27 32 26 263 264 265 266 24 23 269 270 267 268
2147483967,0,0,0.0286171,18,0,1,0,0,22 25 27 32 26 263 264 265 266 24 23 269 270 267 268
2147483973,0,0,0.0976023,4,0,1,0,0,49 52 54 57 53 127 128 129 130 51 133 134 131 132 50
2147483975,0,0,inf,2,0,1,0,0,49 52 54 57 53 127 128 129 130 51 133 134 131 132 50
2147483981,0,0,0.18249,3,0,1,0,0,22 25 27 32 26 263 264 265 266 24 23 269 270 267 268
2147483982,0,0,0.0283043,18,0,1,0,0,22 25 27 32 26 263 264 265 266 24 23 269 270 267 268
2147483988,0,0,inf,2,0,1,0,0,49 52 54 57 53 127 128 129 130 51 133 134 131 132 50
2147483990,0,0,0.0722914,4,0,1,0,0,49 52 54 57 53 127 128 129 130 51 133 134 131 132 50
2147483996,0,0,0.19436,3,0,1,0,0,22 25 27 32 26 263 264 265 266 24 23 269 270 267 268
2147483997,0,0,0.0279983,18,0,1,0,0,22 25 27 32 26 263 264 265 266 24 23 269 270 267 268
2147484003,0,0,0.0818485,4,0,1,0,0,49 52 54 57 53 127 128 129 130 51 133 134 131 132 50
2147484005,0,0,inf,2,0,1,0,0,49 52 54 57 53 127 128 129 130 51 133 134 131 132 50
2147484011,0,0,0.18249,3,0,1,0,0,22 25 27 32 26 263 264 265 266 24 23 269 270 267 268
2147484012,0,0,0.0276915,18,0,1,0,0,22 25 27 32 26 263 264 265 266 24 23 269 270 267 268
2147484018,0,0,0.0738389,4,0,1,0,0,49 52 54 57 53 127 128 129 130 51 133 134 131 132 50
2147484020,0,0,inf,2,0,1,0,0,49 52 54 57 53 127 128 129 130 51 133 134 131 132 50
2147484026,0,0,0.19436,3,0,1,0,0,22 25 27 32 26 263 264 265 266 24 23 269 270 267 268
2147484027,0,0,0.0291485,18,0,1,0,0,22 25 27 32 26 263 264 265 266 24 23 269 270 267 268
2147484033,0,0,0.0989562,4,0,1,0,0,49 52 54 57 53 127 128 129 130 51 133 134 131 132 50
2147484035,0,0,inf,2,0,1,0,0,49 52 54 57 53 127 128 129 130 51 133 134 131 132 50
2147484041,0,0,0.18249,3,0,1,0,0,22 25 27 32 26 263 264 265 266 24 23 269 270 267 268
2147484042,0,0,0.0317967,18,0,1,0,0,22 25 27 32 26 263 264 265 266 24 23 269 270 267 268
2147484048,0,0,inf,2,0,1,0,0,49 52 54 57 53 127 128 129 130 51 133 134 131 132 50
2147484050,0,0,0.0764092,4,0,1,0,0,49 52 54 57 53 127 128 129 130 51 133 134 131 132 50
2147484056,0,0,0.19436,3,0,1,0,0,22 25 27 32 26 263 264 265 266 24 23 269 270 267 268
2147484057,0,0,0.0320999,18,0,1,0,0,22 25 27 32 26 263 264 265 266 24 23 269 270 267 268
2147484063,0,0,0.0989562,4,0,1,0,0,49 52 54 57 53 127 128 129 130 51 133 134 131 132 50
2147484065,0,0,inf,2,0,1,0,0,49 52 54 57 53 127 128 129 130 51 133 134 131 132 50
2147484071,0,0,0.18249,3,0,1,0,0,22 25 27 32 26 263 264 265 266 24 23 269 270 267 268
2147484072,0,0,0.0316655,18,0,1,0,0,22 25 27 32 26 263 264 265 266 24 23 269 270 267 268
2147484078,0,0,0.0764092,4,0,1,0,0,49 52 54 57 53 127 128 129 130 51 133 134 131 132 50
2147484080,0,0,inf,2,0,1,0,0,49 52 54 57 53 127 128 129 130 51 133 134 131 132 50
2147484086,0,0,0.19436,3,0,1,0,0,22 25 27 32 26 263 264 265 266 24 23 269 270 267 268
2147484087,0,0,0.0315498,18,0,1,0,0,22 25 27 32 26 263 264 265 266 24 23 269 270 267 268
2147484093,0,0,0.0989562,4,0,1,0,0,49 52 54 57 53 127 128 129 130 51 133 134 131 132 50
2147484095,0,0,inf,2,0,1,0,0,49 52 54 57 53 127 128 129 130 51 133 134 131 132 50
2147484101,0,0,0.18249,3,0,1,0,0,22 25 27 32 26 263 264 265 266 24 23 269 270 267 268
2147484108,0,0,inf,2,0,1,0,0,49 52 54 57 53 127 128 129 130 51 133 134 131 132 50
2147484110,0,0,0.0764092,4,0,1,0,0,49 52 54 57 53 127 128 129 130 51 133 134 131 132 50
2147484116,0,0,0.19436,3,0,1,0,0,22 25 27 32 26 263 264 265 266 24 23 269 270 267 268
2147484117,0,0,0.0277262,14,0,1,0,0,22 25 27 32 26 263 264 265 266 24 23 269 270 267 268
2147484123,0,0,0.0989562,4,0,1,0,0,49 52 54 57 53 127 128 129 130 51 133 134 131 132 50
2147484125,0,0,inf,2,0,1,0,0,49 52 54 57 53 127 128 129 130 51 133 134 131 132 50
2147484131,0,0,0.18249,3,0,1,0,0,22 25 27 32 26 263 264 265 266 24 23 269 270 267 268
2147484132,0,0,0.0276213,14,0,1,0,0,22 25 27 32 26 263 264 265 266 24 23 269 270 267 268
2147484138,0,0,0.0764092,4,0,1,0,0,49 52 54 57 53 127 128 129 130 51 133 134 131 132 50
2147484140,0,0,inf,2,0,1,0,0,49 52 54 57 53 127 128 129 130 51 133 134 131 132 50
2147484146,0,0,0.19436,3,0,1,0,0,22 25 27 32 26 263 264 265 266 24 23 269 270 267 268
2147484153,0,0,0.0989562,4,0,1,0,0,49 52 54 57 53 127 128 129 130 51 133 134 131 132 50
2147484155,0,0,inf,2,0,1,0,0,49 52 54 57 53 127 128 129 130 51 133 134 131 132 50
2147484161,0,0,0.18249,3,0,1,0,0,22 25 27 32 26 263 264 265 266 24 23 269 270 267 268
2147484168,0,0,inf,2,0,1,0,0,49 52 54 57 53 127 128 129 130 51 133 134 131 132 50
2147484170,0,0,0.0764092,4,0,1,0,0,49 52 54 57 53 127 128 129 130 51 133 134 131 132 50
2147484176,0,0,0.19436,3,0,1,0,0,22 25 27 32 26 263 264 265 266 24 23 269 270 267 268
2147484183,0,0,0.0989562,4,0,1,0,0,49 52 54 57 53 127 128 129 130 51 133 134 131 132 50
2147484185,0,0,inf,2,0,1,0,0,49 52 54 57 53 127 128 129 130 51 133 134 131 132 50
2147484191,0,0,0.18249,3,0,1,0,0,22 25 27 32 26 263 264 265 266 24 23 269 270 267 268
2147484198,0,0,0.0764092,4,0,1,0,0,49 52 54 57 53 127 128 129 130 51 133 134 131 132 50
2147484200,0,0,inf,2,0,1,0,0,49 52 54 57 53 127 128 129 130 51 133 134 131 132 50
2147484206,0,0,0.19436,3,0,1,0,0,22 25 27 32 26 263 264 265 266 24 23 269 270 267 268
2147484213,0,0,0.0989562,4,0,1,0,0,49 52 54 57 53 127 128 129 130 51 133 134 131 132 50
2147484215,0,0,inf,2,0,1,0,0,49 52 54 57 53 127 128 129 130 51 133 134 131 132 50
2147484221,0,0,0.18249,3,0,1,0,0,22 25 27 32 26 263 264 265 266 24 23 269 270 267 268
2147484228,0,0,inf,2,0,1,0,0,49 52 54 57 53 127 128 129 130 51 133 134 131 132 50
2147484230,0,0,0.0764092,4,0,1,0,0,49 52 54 57 53 127 128 129 130 51 133 134 131 132 50
2147484236,0,0,0.19436,3,0,1,0,0,22 25 27 32 26 263 264 265 266 24 23 269 270 267 268
2147484243,0,0,0.0989562,4,0,1,0,0,49 52 54 57 53 127 128 129 130 51 133 134 131 132 50
2147484245,0,0,inf,2,0,1,0,0,49 52 54 57 53 127 128 129 130 51 133 134 131 132 50
2147484251,0,0,0.18249,3,0,1,0,0,22 25 27 32 26 263 264 265 266 24 23 269 270 267 268
2147484258,0,0,0.0884444,4,0,1,0,0,49 52 54 57 53 127 128 129 130 51 133 134 131 132 50
2147484260,0,0,inf,2,0,1,0,0,49 52 54 57 53 127 128 129 130 51 133 134 131 132 50
2147484265,0,0,0.124512,2,0,1,0,255,22 25 27 32 26 263 264 265 266 24 23 269 270 267 268
2147484267,0,0,0.189732,4,0,1,0,255,22 25 27 32 26 263 264 265 266 24 23 269 270 267 268
2147484275,0,0,0.0985523,4,0,1,0,0,49 52 54 57 53 127 128 129 130 51 133 134 131 132 50
2147484277,0,0,inf,2,0,1,0,0,49 52 54 57 53 127 128 129 130 51 133 134 131 132 50
2147484282,0,0,0.124512,2,0,1,0,0,22 25 27 32 26 263 264 265 266 24 23 269 270 267 268
2147484284,0,0,0.189732,4,0,1,0,0,22 25 27 32 26 263 264 265 266 24 23 269 270 267 268
2147484292,0,0,0.0835478,4,0,1,0,0,49 52 54 57 53 127 128 129 130 51 133 134 131 132 50
2147484294,0,0,inf,2,0,1,0,0,49 52 54 57 53 127 128 129 130 51 133 134 131 132 50
2147484299,0,0,0.124512,2,0,1,0,0,22 25 27 32 26 263 264 265 266 24 23 269 270 267 268
2147484301,0,0,0.189732,4,0,1,0,0,22 25 27 32 26 263 264 265 266 24 23 269 270 267 268
2147484309,0,0,0.10022,4,0,1,0,0,49 52 54 57 53 127 128 129 130 51 133 134 131 132 50
2147484311,0,0,inf,2,0,1,0,0,49 52 54 57 53 127 128 129 130 51 133 134 131 132 50
2147484316,0,0,0.124512,2,0,1,0,0,22 25 27 32 26 263 264 265 266 24 23 269 270 267 268
2147484318,0,0,0.189732,4,0,1,0,0,22 25 27 32 26 263 264 265 266 24 23 269 270 267 268
2147484326,0,0,0.0923591,4,0,1,0,0,49 52 54 57 53 127 128 129 130 51 133 134 131 132 50
2147484328,0,0,inf,2,0,1,0,0,49 52 54 57 53 127 128 129 130 51 133 134 131 132 50
2147484333,0,0,0.124512,2,0,1,0,0,22 25 27 32 26 263 264 265 266 24 23 269 270 267 268
2147484335,0,0,0.189732,4,0,1,0,0,22 25 27 32 26 263 264 265 266 24 23 269 270 267 268
2147484343,0,0,0.0880298,4,0,1,0,0,49 52 54 57 53 127 128 129 130 51 133 134 131 132 50
2147484345,0,0,inf,2,0,1,0,0,49 52 54 57 53 127 128 129 130 51 133 134 131 132 50
2147484350,0,0,0.124512,2,0,1,0,0,22 25 27 32 26 263 264 265 266 24 23 269 270 267 268
2147484352,0,0,0.189732,4,0,1,0,0,22 25 27 32 26 263 264 265 266 24 23 269 270 267 268
2147484360,0,0,0.0880298,4,0,1,0,0,49 52 54 57 53 127 128 129 130 51 133 134 131 132 50
2147484362,0,0,inf,2,0,1,0,0,49 52 54 57 53 127 128 129 130 51 133 134 131 132 50
2147484367,0,0,0.124512,2,0,1,0,0,22 25 27 32 26 263 264 265 266 24 23 269 270 267 268
2147484369,0,0,0.189732,4,0,1,0,0,22 25 27 32 26 263 264 265 266 24 23 269 270 267 268
2147484377,0,0,0.0880298,4,0,1,0,0,49 52 54 57 53 127 128 129 130 51 133 134 131 132 50
2147484379,0,0,inf,2,0,1,0,0,49 52 54 57 53 127 128 129 130 51 133 134 131 132 50
2147484384,0,0,0.124512,2,0,1,0,0,22 25 27 32 26 263 264 265 266 24 23 269 270 267 268
2147484386,0,0,0.189732,4,0,1,0,0,22 25 27 32 26 263 264 265 266 24 23 269 270 267 268
2147484394,0,0,0.0880298,4,0,1,0,0,49 52 54 57 53 127 128 129 130 51 133 134 131 132 50
2147484396,0,0,inf,2,0,1,0,0,49 52 54 57 53 127 128 129 130 51 133 134 131 132 50
2147484401,0,0,0.124512,2,0,1,0,0,22 25 27 32 26 263 264 265 266 24 23 269 270 267 268
2147484403,0,0,0.189732,4,0,1,0,0,22 25 27 32 26 263 264 265 266 24 23 269 270 267 268
2147484411,0,0,0.0880298,4,0,1,0,0,49 52 54 57 53 127 128 129 130 51 133 134 131 132 50
2147484413,0,0,inf,2,0,1,0,0,49 52 54 57 53 127 128 129 130 51 133 134 131 132 50
2147484418,0,0,0.124512,2,0,1,0,0,22 25 27 32 26 263 264 265 266 24 23 269 270 267 268
2147484420,0,0,0.189732,4,0,1,0,0,22 25 27 32 26 263 264 265 266 24 23 269 270 267 268
2147484428,0,0,0.0880298,4,0,1,0,0,49 52 54 57 53 127 128 129 130 51 133 134 131 132 50
2147484430,0,0,inf,2,0,1,0,0,49 52 54 57 53 127 128 129 130 51 133 134 131 132 50
2147484435,0,0,0.124512,2,0,1,0,128,22 25 27 32 26 263 264 265 266 24 23 269 270 267 268
2147484437,0,0,0.189732,4,0,1,0,0,22 25 27 32 26 263 264 265 266 24 23 269 270 267 268
2147484445,0,0,0.0880298,4,0,1,0,0,49 52 54 57 53 127 128 129 130 51 133 134 131 132 50
2147484447,0,0,inf,2,0,1,0,0,49 52 54 57 53 127 128 129 130 51 133 134 131 132 50
2147484452,0,0,0.124512,2,0,1,0,0,22 25 27 32 26 263 264 265 266 24 23 269 270 267 268
2147484454,0,0,0.189732,4,0,1,0,0,22 25 27 32 26 263 264 265 266 24 23 269 270 267 268
2147484462,0,0,0.0880298,4,0,1,0,0,49 52 54 57 53 127 128 129 130 51 133 134 131 132 50
2147484464,0,0,inf,2,0,1,0,0,49 52 54 57 53 127 128 129 130 51 133 134 131 132 50
2147484469,0,0,0.124512,2,0,1,0,0,22 25 27 32 26 263 264 265 266 24 23 269 270 267 268
2147484471,0,0,0.189732,4,0,1,0,0,22 25 27 32 26 263 264 265 266 24 23 269 270 267 268
2147484479,0,0,0.0880298,4,0,1,0,0,49 52 54 57 53 127 128 129 130 51 133 134 131 132 50
2147484481,0,0,inf,2,0,1,0,0,49 52 54 57 53 127 128 129 130 51 133 134 131 132 50
2147484486,0,0,0.124512,2,0,1,0,0,22 25 27 32 26 263 264 265 266 24 23 269 270 267 268
2147484488,0,0,0.189732,4,0,1,0,0,22 25 27 32 26 263 264 265 266 24 23 269 270 267 268
2147484496,0,0,0.0880298,4,0,1,0,0,49 52 54 57 53 127 128 129 130 51 133 134 131 132 50
2147484498,0,0,inf,2,0,1,0,0,49 52 54 57 53 127 128 129 130 51 133 134 131 132 50
2147484503,0,0,0.124512,2,0,1,0,0,22 25 27 32 26 263 264 265 266 24 23 269 270 267 268
2147484505,0,0,0.189732,4,0,1,0,0,22 25 27 32 26 263 264 265 266 24 23 269 270 267 268
2147484513,0,0,0.0880298,4,0,1,0,0,49 52 54 57 53 127 128 129 130 51 133 134 131 132 50
2147484515,0,0,inf,2,0,1,0,0,49 52 54 57 53 127 128 129 130 51 133 134 131 132 50
2147484520,0,0,0.124512,2,0,1,0,0,22 25 27 32 26 263 264 265 266 24 23 269 270 267 268
2147484522,0,0,0.189732,4,0,1,0,0,22 25 27 32 26 263 264 265 266 24 23 269 270 267 268
2147484530,0,0,0.0880298,4,0,1,0,0,49 52 54 57 53 127 128 129 130 51 133 134 131 132 50
2147484532,0,0,inf,2,0,1,0,0,49 52 54 57 53 127 128 129 130 51 133 134 131 132 50
2147484537,0,0,0.124512,2,0,1,0,0,22 25 27 32 26 263 264 265 266 24 23 269 270 267 268
2147484539,0,0,0.189732,4,0,1,0,0,22 25 27 32 26 263 264 265 266 24 23 269 270 267 268
2147484547,0,0,0.0880298,4,0,1,0,0,49 52 54 57 53 127 128 129 130 51 133 134 131 132 50
2147484549,0,0,inf,2,0,1,0,0,49 52 54 57 53 127 128 129 130 51 133 134 131 132 50
2147484554,0,0,0.124512,2,0,1,0,0,22 25 27 32 26 263 264 265 266 24 23 269 270 267 268
2147484556,0,0,0.189732,4,0,1,0,0,22 25 27 32 26 263 264 265 266 24 23 269 270 267 268
2147484564,0,0,0.0880298,4,0,1,0,0,49 52 54 57 53 127 128 129 130 51 133 134 131 132 50
2147484566,0,0,inf,2,0,1,0,0,49 52 54 57 53 127 128 129 130 51 133 134 131 132 50
2147484571,0,0,0.124512,2,0,1,0,0,22 25 27 32 26 263 264 265 266 24 23 269 270 267 268
2147484573,0,0,0.189732,4,0,1,0,0,22 25 27 32 26 263 264 265 266 24 23 269 270 267 268
2147484581,0,0,0.0880298,4,0,1,0,0,49 52 54 57 53 127 128 129 130 51 133 134 131 132 50
2147484583,0,0,inf,2,0,1,0,0,49 52 54 57 53 127 128 129 130 51 133 134 131 132 50
2147484588,0,0,0.124512,2,0,1,0,0,22 25 27 32 26 263 264 265 266 24 23 269 270 267 268
2147484590,0,0,0.189732,4,0,1,0,0,22 25 27 32 26 263 264 265 266 24 23 269 270 267 268
2147484598,0,0,0.077602,4,0,1,0,0,49 52 54 57 53 127 128 129 130 51 133 134 131 132 50
2147484600,0,0,inf,2,0,1,0,0,49 52 54 57 53 127 128 129 130 51 133 134 131 132 50
2147484606,0,0,0.19436,3,0,1,0,0,22 25 27 32 26 263 264 265 266 24 23 269 270 267 268
2147484613,0,0,inf,2,0,1,0,0,49 52 54 57 53 127 128 129 130 51 133 134 131 132 50
2147484615,0,0,0.0883057,4,0,1,0,0,49 52 54 57 53 127 128 129 130 51 133 134 131 132 50
2147484621,0,0,0.18249,3,0,1,0,0,22 25 27 32 26 263 264 265 266 24 23 269 270 267 268
2147484628,0,0,0.0811802,4,0,1,0,0,49 52 54 57 53 127 128 129 130 51 133 134 131 132 50
2147484630,0,0,inf,2,0,1,0,0,49 52 54 57 53 127 128 129 130 51 133 134 131 132 50
2147484636,0,0,0.19436,3,0,1,0,0,22 25 27 32 26 263 264 265 266 24 23 269 270 267 268
2147484643,0,0,0.0863281,4,0,1,0,0,49 52 54 57 53 127 128 129 130 51 133 134 131 132 50
2147484645,0,0,inf,2,0,1,0,0,49 52 54 57 53 127 128 129 130 51 133 134 131 132 50
2147484651,0,0,0.18249,3,0,1,0,0,22 25 27 32 26 263 264 265 266 24 23 269 270 267 268
2147484658,0,0,0.0729466,4,0,1,0,0,49 52 54 57 53 127 128 129 130 51 133 134 131 132 50
2147484660,0,0,inf,2,0,1,0,0,49 52 54 57 53 127 128 129 130 51 133 134 131 132 50
2147484666,0,0,0.19436,3,0,1,0,0,22 25 27 32 26 263 264 265 266 24 23 269 270 267 268
2147484673,0,0,inf,2,0,1,0,0,49 52 54 57 53 127 128 129 130 51 133 134 131 132 50
2147484675,0,0,0.0989562,4,0,1,0,0,49 52 54 57 53 127 128 129 130 51 133 134 131 132 50
2147484681,0,0,0.18249,3,0,1,0,0,22 25 27 32 26 263 264 265 266 24 23 269 270 267 268
2147484688,0,0,0.0764092,4,0,1,0,0,49 52 54 57 53 127 128 129 130 51 133 134 131 132 50
2147484690,0,0,inf,2,0,1,0,0,49 52 54 57 53 127 128 129 130 51 133 134 131 132 50
2147484696,0,0,0.19436,3,0,1,0,0,22 25 27 32 26 263 264 265 266 24 23 269 270 267 268
2147484703,0,0,0.0989562,4,0,1,0,0,49 52 54 57 53 127 128 129 130 51 133 134 131 132 50
2147484705,0,0,inf,2,0,1,0,0,49 52 54 57 53 127 128 129 130 51 133 134 131 132 50
2147484711,0,0,0.18249,3,0,1,0,0,22 25 27 32 26 263 264 265 266 24 23 269 270 267 268
2147484718,0,0,0.0764092,4,0,1,0,0,49 52 54 57 53 127 128 129 130 51 133 134 131 132 50
2147484720,0,0,inf,2,0,1,0,0,49 52 54 57 53 127 128 129 130 51 133 134 131 132 50
2147484726,0,0,0.19436,3,0,1,0,0,22 25 27 32 26 263 264 265 266 24 23 269 270 267 268
2147484733,0,0,inf,2,0,1,0,0,49 52 54 57 53 127 128 129 130 51 133 134 131 132 50
2147484735,0,0,0.0989562,4,0,1,0,0,49 52 54 57 53 127 128 129 130 51 133 134 131 132 50
2147484741,0,0,0.18249,3,0,1,0,0,22 25 27 32 26 263 264 265 266 24 23 269 270 267 268
2147484748,0,0,0.0764092,4,0,1,0,0,49 52 54 57 53 127 128 129 130 51 133 134 131 132 50
2147484750,0,0,inf,2,0,1,0,0,49 52 54 57 53 127 128 129 130 51 133 134 131 132 50
2147484756,0,0,0.19436,3,0,1,0,0,22 25 27 32 26 263 264 265 266 24 23 269 270 267 268
2147484763,0,0,0.0989562,4,0,1,0,0,49 52 54 57 53 127 128 129 130 51 133 134 131 132 50
2147484765,0,0,inf,2,0,1,0,0,49 52 54 57 53 127 128 129 130 51 133 134 131 132 50
2147484771,0,0,0.18249,3,0,1,0,0,22 25 27 32 26 263 264 265 266 24 23 269 270 267 268
2147484778,0,0,0.0764092,4,0,1,0,0,49 52 54 57 53 127 128 129 130 51 133 134 131 132 50
2147484780,0,0,inf,2,0,1,0,0,49 52 54 57 53 127 128 129 130 51 133 134 131 132 50
2147484786,0,0,0.19436,3,0,1,0,0,22 25 27 32 26 263 264 265 266 24 23 269 270 267 268
2147484793,0,0,inf,2,0,1,0,0,49 52 54 57 53 127 128 129 130 51 133 134 131 132 50
2147484795,0,0,0.101026,4,0,1,0,0,49 52 54 57 53 127 128 129 130 51 133 134 131 132 50
2147484801,0,0,0.206088,3,0,1,0,0,22 25 27 32 26 263 264 265 266 24 23 269 270 267 268
2147484808,0,0,0.0749854,4,0,1,0,0,49 52 54 57 53 127 128 129 130 51 133 134 131 132 50
2147484810,0,0,inf,2,0,1,0,0,49 52 54 57 53 127 128 129 130 51 133 134 131 132 50
2147484816,0,0,0.206088,3,0,1,0,0,22 25 27 32 26 263 264 265 266 24 23 269 270 267 268
2147484823,0,0,0.0781402,4,0,1,0,0,49 52 54 57 53 127 128 129 130 51 133 134 131 132 50
2147484825,0,0,inf,2,0,1,0,0,49 52 54 57 53 127 128 129 130 51 133 134 131 132 50
2147484828,0,0,0.060063,2,0,1,0,0,22 25 27 32 26 263 264 265 266 24 23 269 270 267 268
2147484831,0,0,0.219503,3,0,1,0,0,22 25 27 32 26 263 264 265 266 24 23 269 270 267 268
2147484838,0,0,0.075219,4,0,1,0,0,49 52 54 57 53 127 128 129 130 51 133 134 131 132 50
2147484840,0,0,inf,2,0,1,0,0,49 52 54 57 53 127 128 129 130 51 133 134 131 132 50
2147484843,0,0,0.0725084,2,0,1,0,0,22 25 27 32 26 263 264 265 266 24 23 269 270 267 268
2147484846,0,0,0.208149,3,0,1,0,0,22 25 27 32 26 263 264 265 266 24 23 269 270 267 268
2147484853,0,0,inf,2,0,1,0,0,49 52 54 57 53 127 128 129 130 51 133 134 131 132 50
2147484855,0,0,0.0989562,4,0,1,0,0,49 52 54 57 53 127 128 129 130 51 133 134 131 132 50
2147484858,0,0,0.0781402,2,0,1,0,0,22 25 27 32 26 263 264 265 266 24 23 269 270 267 268
2147484861,0,0,0.215583,3,0,1,0,0,22 25 27 32 26 263 264 265 266 24 23 269 270 267 268
2147484868,0,0,0.0346414,20,0,1,0,0,49 52 54 57 53 127 128 129 130 51 133 134 131 132 50
2147484870,0,0,inf,2,0,1,0,0,49 52 54 57 53 127 128 129 130 51 133 134 131 132 50
2147484876,0,0,inf,3,0,1,0,0,22 25 27 32 26 263 264 265 266 24 23 269 270 267 268
2147484883,0,0,0.0376607,22,0,1,0,0,49 52 54 57 53 127 128 129 130 51 133 134 131 132 50
2147484885,0,0,inf,2,0,1,0,0,49 52 54 57 53 127 128 129 130 51 133 134 131 132 50
2147484891,0,0,inf,3,0,1,0,0,22 25 27 32 26 263 264 265 266 24 23 269 270 267 268
2147484900,0,0,0.0391758,23,0,1,0,0,49 52 54 57 53 127 128 129 130 51 133 134 131 132 50
2147484902,0,0,inf,2,0,1,0,0,49 52 54 57 53 127 128 129 130 51 133 134 131 132 50
2147485238,0,0,0.0118367,3,0,1,0,0,53 49 52 54 57 127 128 129 130 51 133 134 131 132 50
2147485239,0,0,0.103938,5,0,1,0,0,22 25 27 32 26 263 264 265 266 24 23 269 270 267 268
2147485240,0,0,0.0984862,5,0,1,0,0,22 25 27 32 26 263 264 265 266 24 23 269 270 267 268
