2 
5 
8 
11 
18 
19 
22 2147483684 
23 
24 
25 2147483684 
26 2147483684 
27 2147483684 
32 2147483684 
49 2147483648 2147483649 2147483662 2147483663 2147483693 
50 
51 
52 2147483648 2147483649 2147483662 2147483663 2147483679 2147483693 
53 2147483648 2147483649 2147483662 2147483663 2147483664 2147483668 2147483673 2147483679 2147483693 
54 2147483648 2147483649 2147483662 2147483663 2147483679 2147483693 
57 2147483648 2147483649 2147483662 2147483663 2147483673 2147483679 2147483693 
61 
127 2147483648 2147483649 2147483662 2147483663 2147483693 
128 2147483648 2147483649 2147483662 2147483663 2147483693 
129 2147483648 2147483649 2147483662 2147483663 2147483693 
130 2147483648 2147483649 2147483662 2147483663 2147483693 
131 
132 
133 
134 
247 
248 
249 
250 
251 
252 
253 
254 
263 2147483684 
264 2147483684 
265 2147483684 
266 2147483684 
267 
268 
269 
270 
2147483648 2147483649 2147483657 2147483662 2147483663 2147483668 2147483673 2147483675 2147483679 2147483684 2147483689 2147483693 53 49 52 54 57 127 128 129 130 2147483649 2147483657 2147483662 2147483663 2147483668 2147483673 2147483675 2147483679 2147483684 2147483689 2147483693 
2147483649 2147483648 2147483648 2147483662 2147483663 2147483673 2147483675 2147483679 2147483684 49 52 54 57 53 127 128 129 130 2147483662 2147483663 2147483673 2147483675 2147483679 2147483684 
2147483657 2147483648 2147483648 2147483684 2147483689 2147483693 2147483684 2147483689 2147483693 
2147483662 2147483648 2147483649 2147483648 2147483649 2147483663 2147483664 2147483665 2147483668 2147483673 2147483675 2147483679 2147483684 53 57 49 52 54 127 128 129 130 2147483663 2147483664 2147483665 2147483668 2147483673 2147483675 2147483679 2147483684 
2147483663 2147483648 2147483649 2147483662 2147483648 2147483649 2147483662 2147483664 2147483665 2147483668 2147483673 2147483675 57 53 49 52 54 127 128 129 130 2147483664 2147483665 2147483668 2147483673 2147483675 
2147483664 2147483662 2147483663 2147483662 2147483663 53 
2147483665 2147483662 2147483663 2147483662 2147483663 
2147483668 2147483648 2147483662 2147483663 2147483648 2147483662 2147483663 53 
2147483673 2147483648 2147483649 2147483662 2147483663 2147483648 2147483649 2147483662 2147483663 2147483675 57 53 2147483675 
2147483675 2147483648 2147483649 2147483662 2147483663 2147483673 2147483648 2147483649 2147483662 2147483663 2147483673 
2147483679 2147483648 2147483649 2147483662 2147483648 2147483649 2147483662 2147483684 52 54 57 53 2147483684 
2147483684 2147483648 2147483649 2147483657 2147483662 2147483679 2147483648 2147483649 2147483657 2147483662 2147483679 2147483689 2147483693 22 25 27 32 26 263 264 265 266 2147483689 2147483693 
2147483689 2147483648 2147483657 2147483684 2147483648 2147483657 2147483684 2147483693 2147483693 
2147483693 2147483648 2147483657 2147483684 2147483689 2147483648 2147483657 2147483684 2147483689 49 53 52 54 57 127 128 129 130 
