2 
5 
8 
11 
18 
19 
22 2147483721 
23 
24 
25 2147483721 
26 2147483721 
27 2147483721 
32 2147483721 
49 2147483649 2147483660 2147483661 2147483674 2147483675 2147483731 2147483733 
50 
51 
52 2147483649 2147483660 2147483661 2147483674 2147483675 2147483733 
53 2147483649 2147483658 2147483660 2147483661 2147483662 2147483674 2147483675 2147483680 2147483683 2147483687 2147483688 2147483690 2147483693 2147483705 2147483706 2147483716 2147483731 2147483733 
54 2147483649 2147483660 2147483661 2147483674 2147483675 2147483693 2147483705 2147483716 2147483731 2147483733 
57 2147483649 2147483658 2147483660 2147483661 2147483662 2147483674 2147483675 2147483688 2147483693 2147483705 2147483706 2147483716 2147483733 
61 
127 2147483649 2147483660 2147483661 2147483674 2147483675 2147483733 
128 2147483649 2147483660 2147483661 2147483674 2147483675 2147483733 
129 2147483649 2147483660 2147483661 2147483674 2147483675 2147483733 
130 2147483649 2147483660 2147483661 2147483674 2147483675 2147483733 
131 
132 
133 
134 
151 2147483676 
152 2147483676 
153 2147483676 
154 2147483676 
155 2147483676 
156 2147483676 
157 2147483676 
158 2147483676 
159 2147483676 
160 2147483676 
161 2147483676 
162 2147483676 
163 2147483676 
164 2147483676 
165 2147483676 
166 2147483676 
247 
248 
249 
250 
251 
252 
253 
254 
263 2147483721 
264 2147483721 
265 2147483721 
266 2147483721 
267 
268 
269 
270 
2147483648 2147483674 2147483675 2147483676 2147483674 2147483675 2147483676 
2147483649 2147483655 2147483674 2147483675 2147483712 2147483716 2147483721 2147483726 2147483733 53 49 52 54 57 127 128 129 130 2147483655 2147483674 2147483675 2147483712 2147483716 2147483721 2147483726 2147483733 
2147483655 2147483649 2147483649 2147483721 2147483726 2147483733 2147483721 2147483726 2147483733 
2147483658 2147483674 2147483675 2147483676 2147483678 2147483679 2147483680 57 53 2147483674 2147483675 2147483676 2147483678 2147483679 2147483680 
2147483660 2147483661 2147483662 2147483674 2147483675 2147483676 2147483686 2147483687 2147483688 2147483689 2147483690 2147483693 53 49 52 54 57 127 128 129 130 2147483661 2147483662 2147483674 2147483675 2147483676 2147483686 2147483687 2147483688 2147483689 2147483690 2147483693 
2147483661 2147483660 2147483660 2147483662 2147483674 2147483675 2147483676 2147483690 2147483693 57 49 52 54 53 127 128 129 130 2147483662 2147483674 2147483675 2147483676 2147483690 2147483693 
2147483662 2147483660 2147483661 2147483660 2147483661 2147483674 2147483675 2147483676 2147483693 57 53 2147483674 2147483675 2147483676 2147483693 
2147483664 2147483674 2147483675 2147483676 2147483700 2147483731 2147483674 2147483675 2147483676 2147483700 2147483731 
2147483669 2147483698 2147483733 2147483698 2147483733 
2147483674 2147483648 2147483649 2147483658 2147483660 2147483661 2147483662 2147483664 2147483648 2147483649 2147483658 2147483660 2147483661 2147483662 2147483664 2147483675 2147483676 2147483678 2147483679 2147483680 2147483683 2147483684 2147483686 2147483687 2147483688 2147483689 2147483690 2147483693 2147483700 2147483703 2147483704 2147483705 2147483706 2147483707 2147483712 2147483716 2147483721 2147483731 53 57 49 52 54 127 128 129 130 2147483675 2147483676 2147483678 2147483679 2147483680 2147483683 2147483684 2147483686 2147483687 2147483688 2147483689 2147483690 2147483693 2147483700 2147483703 2147483704 2147483705 2147483706 2147483707 2147483712 2147483716 2147483721 2147483731 
2147483675 2147483648 2147483649 2147483658 2147483660 2147483661 2147483662 2147483664 2147483674 2147483648 2147483649 2147483658 2147483660 2147483661 2147483662 2147483664 2147483674 2147483676 2147483678 2147483679 2147483680 2147483683 2147483684 2147483686 2147483687 2147483688 2147483689 2147483690 2147483693 2147483700 2147483703 2147483712 2147483731 57 49 52 54 53 127 128 129 130 2147483676 2147483678 2147483679 2147483680 2147483683 2147483684 2147483686 2147483687 2147483688 2147483689 2147483690 2147483693 2147483700 2147483703 2147483712 2147483731 
2147483676 2147483648 2147483658 2147483660 2147483661 2147483662 2147483664 2147483674 2147483675 2147483648 2147483658 2147483660 2147483661 2147483662 2147483664 2147483674 2147483675 2147483678 2147483679 2147483680 2147483683 2147483684 2147483686 2147483687 2147483688 2147483689 2147483690 2147483693 2147483700 2147483703 2147483704 2147483705 2147483706 2147483731 151 152 153 154 155 156 157 158 159 160 161 162 163 164 165 166 2147483678 2147483679 2147483680 2147483683 2147483684 2147483686 2147483687 2147483688 2147483689 2147483690 2147483693 2147483700 2147483703 2147483704 2147483705 2147483706 2147483731 
2147483678 2147483658 2147483674 2147483675 2147483676 2147483658 2147483674 2147483675 2147483676 2147483679 2147483680 2147483679 2147483680 
2147483679 2147483658 2147483674 2147483675 2147483676 2147483678 2147483658 2147483674 2147483675 2147483676 2147483678 
2147483680 2147483658 2147483674 2147483675 2147483676 2147483678 2147483658 2147483674 2147483675 2147483676 2147483678 53 
2147483683 2147483674 2147483675 2147483676 2147483674 2147483675 2147483676 53 
2147483684 2147483674 2147483675 2147483676 2147483674 2147483675 2147483676 
2147483685 
2147483686 2147483660 2147483674 2147483675 2147483676 2147483660 2147483674 2147483675 2147483676 
2147483687 2147483660 2147483674 2147483675 2147483676 2147483660 2147483674 2147483675 2147483676 2147483688 2147483689 53 2147483688 2147483689 
2147483688 2147483660 2147483674 2147483675 2147483676 2147483687 2147483660 2147483674 2147483675 2147483676 2147483687 2147483689 57 53 2147483689 
2147483689 2147483660 2147483674 2147483675 2147483676 2147483687 2147483688 2147483660 2147483674 2147483675 2147483676 2147483687 2147483688 
2147483690 2147483660 2147483661 2147483674 2147483675 2147483676 2147483660 2147483661 2147483674 2147483675 2147483676 53 
2147483693 2147483660 2147483661 2147483662 2147483674 2147483675 2147483676 2147483660 2147483661 2147483662 2147483674 2147483675 2147483676 54 57 53 
2147483698 2147483669 2147483669 2147483733 2147483733 
2147483700 2147483664 2147483674 2147483675 2147483676 2147483664 2147483674 2147483675 2147483676 2147483731 2147483731 
2147483703 2147483674 2147483675 2147483676 2147483674 2147483675 2147483676 2147483704 2147483705 2147483706 2147483731 2147483704 2147483705 2147483706 2147483731 
2147483704 2147483674 2147483676 2147483703 2147483674 2147483676 2147483703 2147483731 2147483731 
2147483705 2147483674 2147483676 2147483703 2147483674 2147483676 2147483703 2147483706 2147483731 54 57 53 2147483706 2147483731 
2147483706 2147483674 2147483676 2147483703 2147483705 2147483674 2147483676 2147483703 2147483705 2147483731 57 53 2147483731 
2147483707 2147483674 2147483674 
2147483712 2147483649 2147483674 2147483675 2147483649 2147483674 2147483675 
2147483716 2147483649 2147483674 2147483649 2147483674 2147483721 54 57 53 2147483721 
2147483721 2147483649 2147483655 2147483674 2147483716 2147483649 2147483655 2147483674 2147483716 2147483726 2147483733 22 25 27 32 26 263 264 265 266 2147483726 2147483733 
2147483726 2147483649 2147483655 2147483721 2147483649 2147483655 2147483721 2147483733 2147483733 
2147483731 2147483664 2147483674 2147483675 2147483676 2147483700 2147483703 2147483704 2147483705 2147483706 2147483664 2147483674 2147483675 2147483676 2147483700 2147483703 2147483704 2147483705 2147483706 49 54 53 
2147483733 2147483649 2147483655 2147483669 2147483698 2147483721 2147483726 2147483649 2147483655 2147483669 2147483698 2147483721 2147483726 49 53 52 54 57 127 128 129 130 
