2 
5 
8 
11 
18 
19 
22 
23 
24 
25 
26 
27 
32 
49 2147483649 2147483650 2147483651 2147483652 2147483654 2147483655 2147483656 2147483669 2147483679 2147483680 2147483707 2147483709 2147483717 2147483724 2147483725 2147483767 2147483774 2147483817 
50 
51 
52 2147483649 2147483650 2147483651 2147483652 2147483654 2147483655 2147483656 2147483669 2147483679 2147483680 2147483707 2147483709 2147483717 2147483724 2147483725 2147483767 2147483774 2147483817 
53 2147483649 2147483650 2147483651 2147483652 2147483654 2147483655 2147483656 2147483669 2147483670 2147483679 2147483680 2147483707 2147483708 2147483709 2147483710 2147483713 2147483717 2147483718 2147483724 2147483725 2147483733 2147483740 2147483741 2147483746 2147483749 2147483759 2147483760 2147483764 2147483767 2147483774 2147483792 2147483809 2147483817 
54 2147483649 2147483650 2147483651 2147483652 2147483654 2147483655 2147483656 2147483669 2147483679 2147483680 2147483707 2147483709 2147483717 2147483724 2147483725 2147483749 2147483760 2147483767 2147483774 2147483792 2147483817 
57 2147483649 2147483650 2147483651 2147483652 2147483654 2147483655 2147483656 2147483669 2147483670 2147483679 2147483680 2147483707 2147483709 2147483717 2147483718 2147483724 2147483725 2147483733 2147483741 2147483749 2147483760 2147483764 2147483767 2147483774 2147483792 2147483817 
61 
127 2147483649 2147483650 2147483651 2147483652 2147483654 2147483655 2147483656 2147483669 2147483679 2147483680 2147483707 2147483709 2147483717 2147483724 2147483725 2147483767 2147483774 2147483817 
128 2147483649 2147483650 2147483651 2147483652 2147483654 2147483655 2147483656 2147483669 2147483679 2147483680 2147483707 2147483709 2147483717 2147483724 2147483725 2147483767 2147483774 2147483817 
129 2147483649 2147483650 2147483651 2147483652 2147483654 2147483655 2147483656 2147483669 2147483679 2147483680 2147483707 2147483709 2147483717 2147483724 2147483725 2147483767 2147483774 2147483817 
130 2147483649 2147483650 2147483651 2147483652 2147483654 2147483655 2147483656 2147483669 2147483679 2147483680 2147483707 2147483709 2147483717 2147483724 2147483725 2147483767 2147483774 2147483817 
131 
132 
133 
134 
247 
248 
249 
250 
251 
252 
253 
254 
263 
264 
265 
266 
267 
268 
269 
270 
2147483649 2147483650 2147483651 2147483652 2147483654 2147483655 2147483656 2147483679 2147483680 2147483690 2147483700 2147483707 2147483709 2147483712 2147483713 2147483714 2147483717 2147483718 2147483724 2147483725 2147483727 2147483729 2147483731 2147483732 2147483733 2147483734 2147483740 2147483741 2147483743 2147483759 2147483760 2147483764 2147483767 2147483774 2147483778 2147483780 2147483782 2147483783 2147483792 2147483809 2147483812 2147483814 49 52 54 57 53 127 128 129 130 2147483650 2147483651 2147483652 2147483654 2147483655 2147483656 2147483679 2147483680 2147483690 2147483700 2147483707 2147483709 2147483712 2147483713 2147483714 2147483717 2147483718 2147483724 2147483725 2147483727 2147483729 2147483731 2147483732 2147483733 2147483734 2147483740 2147483741 2147483743 2147483759 2147483760 2147483764 2147483767 2147483774 2147483778 2147483780 2147483782 2147483783 2147483792 2147483809 2147483812 2147483814 
2147483650 2147483649 2147483649 2147483651 2147483652 2147483654 2147483655 2147483656 2147483666 2147483669 2147483670 2147483679 2147483680 2147483689 2147483690 2147483697 2147483700 2147483703 2147483707 2147483709 2147483712 2147483713 2147483714 2147483717 2147483718 2147483724 2147483725 2147483727 2147483729 2147483731 2147483732 2147483733 2147483734 2147483740 2147483741 2147483743 2147483746 2147483749 2147483759 2147483760 2147483764 2147483767 2147483774 2147483778 2147483780 2147483782 2147483783 2147483792 2147483809 2147483812 2147483814 2147483817 49 52 54 57 53 127 128 129 130 2147483651 2147483652 2147483654 2147483655 2147483656 2147483666 2147483669 2147483670 2147483679 2147483680 2147483689 2147483690 2147483697 2147483700 2147483703 2147483707 2147483709 2147483712 2147483713 2147483714 2147483717 2147483718 2147483724 2147483725 2147483727 2147483729 2147483731 2147483732 2147483733 2147483734 2147483740 2147483741 2147483743 2147483746 2147483749 2147483759 2147483760 2147483764 2147483767 2147483774 2147483778 2147483780 2147483782 2147483783 2147483792 2147483809 2147483812 2147483814 2147483817 
2147483651 2147483649 2147483650 2147483649 2147483650 2147483652 2147483654 2147483655 2147483656 2147483679 2147483680 2147483689 2147483690 2147483697 2147483700 2147483707 2147483709 2147483712 2147483713 2147483714 2147483717 2147483718 2147483724 2147483725 2147483727 2147483729 2147483731 2147483732 2147483733 2147483734 2147483740 2147483741 2147483743 2147483759 2147483760 2147483764 2147483767 2147483774 2147483778 2147483780 2147483782 2147483783 2147483792 2147483809 2147483812 2147483814 2147483817 49 52 54 57 53 127 128 129 130 2147483652 2147483654 2147483655 2147483656 2147483679 2147483680 2147483689 2147483690 2147483697 2147483700 2147483707 2147483709 2147483712 2147483713 2147483714 2147483717 2147483718 2147483724 2147483725 2147483727 2147483729 2147483731 2147483732 2147483733 2147483734 2147483740 2147483741 2147483743 2147483759 2147483760 2147483764 2147483767 2147483774 2147483778 2147483780 2147483782 2147483783 2147483792 2147483809 2147483812 2147483814 2147483817 
2147483652 2147483649 2147483650 2147483651 2147483649 2147483650 2147483651 2147483654 2147483655 2147483656 2147483669 2147483679 2147483680 2147483690 2147483700 2147483707 2147483709 2147483712 2147483713 2147483714 2147483717 2147483718 2147483724 2147483725 2147483727 2147483729 2147483731 2147483732 2147483733 2147483734 2147483740 2147483741 2147483743 2147483746 2147483759 2147483760 2147483764 2147483767 2147483774 2147483778 2147483780 2147483782 2147483783 2147483792 2147483809 2147483812 2147483814 53 49 54 52 57 127 128 129 130 2147483654 2147483655 2147483656 2147483669 2147483679 2147483680 2147483690 2147483700 2147483707 2147483709 2147483712 2147483713 2147483714 2147483717 2147483718 2147483724 2147483725 2147483727 2147483729 2147483731 2147483732 2147483733 2147483734 2147483740 2147483741 2147483743 2147483746 2147483759 2147483760 2147483764 2147483767 2147483774 2147483778 2147483780 2147483782 2147483783 2147483792 2147483809 2147483812 2147483814 
2147483654 2147483649 2147483650 2147483651 2147483652 2147483649 2147483650 2147483651 2147483652 2147483655 2147483656 2147483707 2147483709 2147483717 2147483724 2147483725 2147483727 2147483729 2147483731 2147483732 2147483733 2147483734 2147483774 2147483812 49 53 57 52 54 127 128 129 130 2147483655 2147483656 2147483707 2147483709 2147483717 2147483724 2147483725 2147483727 2147483729 2147483731 2147483732 2147483733 2147483734 2147483774 2147483812 
2147483655 2147483649 2147483650 2147483651 2147483652 2147483654 2147483649 2147483650 2147483651 2147483652 2147483654 2147483656 2147483707 2147483709 2147483717 2147483724 2147483725 2147483727 2147483774 2147483812 57 49 52 54 53 127 128 129 130 2147483656 2147483707 2147483709 2147483717 2147483724 2147483725 2147483727 2147483774 2147483812 
2147483656 2147483649 2147483650 2147483651 2147483652 2147483654 2147483655 2147483649 2147483650 2147483651 2147483652 2147483654 2147483655 2147483707 2147483709 2147483717 2147483724 2147483725 2147483727 2147483774 2147483812 54 49 52 57 53 127 128 129 130 2147483707 2147483709 2147483717 2147483724 2147483725 2147483727 2147483774 2147483812 
2147483666 2147483650 2147483650 2147483817 2147483817 
2147483669 2147483650 2147483652 2147483650 2147483652 2147483670 2147483746 2147483749 2147483817 53 49 52 54 57 127 128 129 130 2147483670 2147483746 2147483749 2147483817 
2147483670 2147483650 2147483669 2147483650 2147483669 2147483749 57 53 2147483749 
2147483679 2147483649 2147483650 2147483651 2147483652 2147483649 2147483650 2147483651 2147483652 2147483680 2147483707 2147483709 2147483717 2147483724 2147483725 2147483767 2147483774 2147483778 2147483814 57 49 52 54 53 127 128 129 130 2147483680 2147483707 2147483709 2147483717 2147483724 2147483725 2147483767 2147483774 2147483778 2147483814 
2147483680 2147483649 2147483650 2147483651 2147483652 2147483679 2147483649 2147483650 2147483651 2147483652 2147483679 2147483707 2147483709 2147483717 2147483724 2147483725 2147483767 2147483774 2147483778 2147483814 54 49 52 57 53 127 128 129 130 2147483707 2147483709 2147483717 2147483724 2147483725 2147483767 2147483774 2147483778 2147483814 
2147483689 2147483650 2147483651 2147483650 2147483651 2147483817 2147483817 
2147483690 2147483649 2147483650 2147483651 2147483652 2147483649 2147483650 2147483651 2147483652 2147483707 2147483709 2147483717 2147483724 2147483725 2147483774 2147483707 2147483709 2147483717 2147483724 2147483725 2147483774 
2147483697 2147483650 2147483651 2147483650 2147483651 2147483817 2147483817 
2147483700 2147483649 2147483650 2147483651 2147483652 2147483649 2147483650 2147483651 2147483652 2147483707 2147483709 2147483717 2147483724 2147483725 2147483774 2147483707 2147483709 2147483717 2147483724 2147483725 2147483774 
2147483703 2147483650 2147483650 2147483817 2147483817 
2147483707 2147483649 2147483650 2147483651 2147483652 2147483654 2147483655 2147483656 2147483679 2147483680 2147483690 2147483700 2147483649 2147483650 2147483651 2147483652 2147483654 2147483655 2147483656 2147483679 2147483680 2147483690 2147483700 2147483708 2147483709 2147483710 2147483712 2147483713 2147483714 2147483717 2147483718 2147483724 2147483725 2147483727 2147483729 2147483731 2147483732 2147483733 2147483734 2147483740 2147483741 2147483743 2147483759 2147483760 2147483764 2147483767 2147483774 2147483778 2147483780 2147483782 2147483783 2147483792 2147483809 2147483812 2147483814 53 49 52 54 57 127 128 129 130 2147483708 2147483709 2147483710 2147483712 2147483713 2147483714 2147483717 2147483718 2147483724 2147483725 2147483727 2147483729 2147483731 2147483732 2147483733 2147483734 2147483740 2147483741 2147483743 2147483759 2147483760 2147483764 2147483767 2147483774 2147483778 2147483780 2147483782 2147483783 2147483792 2147483809 2147483812 2147483814 
2147483708 2147483707 2147483707 2147483709 2147483710 53 2147483709 2147483710 
2147483709 2147483649 2147483650 2147483651 2147483652 2147483654 2147483655 2147483656 2147483679 2147483680 2147483690 2147483700 2147483707 2147483708 2147483649 2147483650 2147483651 2147483652 2147483654 2147483655 2147483656 2147483679 2147483680 2147483690 2147483700 2147483707 2147483708 2147483710 2147483712 2147483713 2147483714 2147483717 2147483718 2147483724 2147483725 2147483727 2147483729 2147483731 2147483732 2147483733 2147483734 2147483740 2147483741 2147483743 2147483759 2147483760 2147483764 2147483767 2147483774 2147483778 2147483780 2147483782 2147483783 2147483792 2147483809 2147483812 2147483814 54 49 52 57 53 127 128 129 130 2147483710 2147483712 2147483713 2147483714 2147483717 2147483718 2147483724 2147483725 2147483727 2147483729 2147483731 2147483732 2147483733 2147483734 2147483740 2147483741 2147483743 2147483759 2147483760 2147483764 2147483767 2147483774 2147483778 2147483780 2147483782 2147483783 2147483792 2147483809 2147483812 2147483814 
2147483710 2147483707 2147483708 2147483709 2147483707 2147483708 2147483709 53 
2147483712 2147483649 2147483650 2147483651 2147483652 2147483707 2147483709 2147483649 2147483650 2147483651 2147483652 2147483707 2147483709 2147483717 2147483724 2147483725 2147483774 2147483717 2147483724 2147483725 2147483774 
2147483713 2147483649 2147483650 2147483651 2147483652 2147483707 2147483709 2147483649 2147483650 2147483651 2147483652 2147483707 2147483709 2147483717 2147483724 2147483725 2147483774 53 2147483717 2147483724 2147483725 2147483774 
2147483714 2147483649 2147483650 2147483651 2147483652 2147483707 2147483709 2147483649 2147483650 2147483651 2147483652 2147483707 2147483709 2147483717 2147483724 2147483725 2147483774 2147483717 2147483724 2147483725 2147483774 
2147483717 2147483649 2147483650 2147483651 2147483652 2147483654 2147483655 2147483656 2147483679 2147483680 2147483690 2147483700 2147483707 2147483709 2147483712 2147483713 2147483714 2147483649 2147483650 2147483651 2147483652 2147483654 2147483655 2147483656 2147483679 2147483680 2147483690 2147483700 2147483707 2147483709 2147483712 2147483713 2147483714 2147483718 2147483724 2147483725 2147483727 2147483729 2147483731 2147483732 2147483733 2147483734 2147483740 2147483741 2147483743 2147483759 2147483760 2147483764 2147483767 2147483774 2147483778 2147483780 2147483782 2147483783 2147483792 2147483809 2147483812 2147483814 49 52 54 57 53 127 128 129 130 2147483718 2147483724 2147483725 2147483727 2147483729 2147483731 2147483732 2147483733 2147483734 2147483740 2147483741 2147483743 2147483759 2147483760 2147483764 2147483767 2147483774 2147483778 2147483780 2147483782 2147483783 2147483792 2147483809 2147483812 2147483814 
2147483718 2147483649 2147483650 2147483651 2147483652 2147483707 2147483709 2147483717 2147483649 2147483650 2147483651 2147483652 2147483707 2147483709 2147483717 2147483724 2147483725 2147483774 57 53 2147483724 2147483725 2147483774 
2147483724 2147483649 2147483650 2147483651 2147483652 2147483654 2147483655 2147483656 2147483679 2147483680 2147483690 2147483700 2147483707 2147483709 2147483712 2147483713 2147483714 2147483717 2147483718 2147483649 2147483650 2147483651 2147483652 2147483654 2147483655 2147483656 2147483679 2147483680 2147483690 2147483700 2147483707 2147483709 2147483712 2147483713 2147483714 2147483717 2147483718 2147483725 2147483727 2147483729 2147483731 2147483732 2147483733 2147483734 2147483740 2147483741 2147483743 2147483759 2147483760 2147483764 2147483767 2147483774 2147483778 2147483780 2147483782 2147483783 2147483792 2147483809 2147483812 2147483814 53 49 52 54 57 127 128 129 130 2147483725 2147483727 2147483729 2147483731 2147483732 2147483733 2147483734 2147483740 2147483741 2147483743 2147483759 2147483760 2147483764 2147483767 2147483774 2147483778 2147483780 2147483782 2147483783 2147483792 2147483809 2147483812 2147483814 
2147483725 2147483649 2147483650 2147483651 2147483652 2147483654 2147483655 2147483656 2147483679 2147483680 2147483690 2147483700 2147483707 2147483709 2147483712 2147483713 2147483714 2147483717 2147483718 2147483724 2147483649 2147483650 2147483651 2147483652 2147483654 2147483655 2147483656 2147483679 2147483680 2147483690 2147483700 2147483707 2147483709 2147483712 2147483713 2147483714 2147483717 2147483718 2147483724 2147483727 2147483729 2147483731 2147483732 2147483733 2147483734 2147483740 2147483741 2147483743 2147483759 2147483760 2147483764 2147483767 2147483774 2147483778 2147483780 2147483782 2147483783 2147483792 2147483809 2147483812 2147483814 53 54 57 49 52 127 128 129 130 2147483727 2147483729 2147483731 2147483732 2147483733 2147483734 2147483740 2147483741 2147483743 2147483759 2147483760 2147483764 2147483767 2147483774 2147483778 2147483780 2147483782 2147483783 2147483792 2147483809 2147483812 2147483814 
2147483727 2147483649 2147483650 2147483651 2147483652 2147483654 2147483655 2147483656 2147483707 2147483709 2147483717 2147483724 2147483725 2147483649 2147483650 2147483651 2147483652 2147483654 2147483655 2147483656 2147483707 2147483709 2147483717 2147483724 2147483725 2147483774 2147483812 2147483774 2147483812 
2147483729 2147483649 2147483650 2147483651 2147483652 2147483654 2147483707 2147483709 2147483717 2147483724 2147483725 2147483649 2147483650 2147483651 2147483652 2147483654 2147483707 2147483709 2147483717 2147483724 2147483725 2147483774 2147483812 2147483774 2147483812 
2147483731 2147483649 2147483650 2147483651 2147483652 2147483654 2147483707 2147483709 2147483717 2147483724 2147483725 2147483649 2147483650 2147483651 2147483652 2147483654 2147483707 2147483709 2147483717 2147483724 2147483725 2147483732 2147483774 2147483732 2147483774 
2147483732 2147483649 2147483650 2147483651 2147483652 2147483654 2147483707 2147483709 2147483717 2147483724 2147483725 2147483731 2147483649 2147483650 2147483651 2147483652 2147483654 2147483707 2147483709 2147483717 2147483724 2147483725 2147483731 2147483774 2147483774 
2147483733 2147483649 2147483650 2147483651 2147483652 2147483654 2147483707 2147483709 2147483717 2147483724 2147483725 2147483649 2147483650 2147483651 2147483652 2147483654 2147483707 2147483709 2147483717 2147483724 2147483725 2147483734 2147483774 57 53 2147483734 2147483774 
2147483734 2147483649 2147483650 2147483651 2147483652 2147483654 2147483707 2147483709 2147483717 2147483724 2147483725 2147483733 2147483649 2147483650 2147483651 2147483652 2147483654 2147483707 2147483709 2147483717 2147483724 2147483725 2147483733 2147483774 2147483774 
2147483740 2147483649 2147483650 2147483651 2147483652 2147483707 2147483709 2147483717 2147483724 2147483725 2147483649 2147483650 2147483651 2147483652 2147483707 2147483709 2147483717 2147483724 2147483725 2147483741 2147483774 53 2147483741 2147483774 
2147483741 2147483649 2147483650 2147483651 2147483652 2147483707 2147483709 2147483717 2147483724 2147483725 2147483740 2147483649 2147483650 2147483651 2147483652 2147483707 2147483709 2147483717 2147483724 2147483725 2147483740 2147483774 57 53 2147483774 
2147483743 2147483649 2147483650 2147483651 2147483652 2147483707 2147483709 2147483717 2147483724 2147483725 2147483649 2147483650 2147483651 2147483652 2147483707 2147483709 2147483717 2147483724 2147483725 2147483774 2147483774 
2147483746 2147483650 2147483652 2147483669 2147483650 2147483652 2147483669 53 
2147483749 2147483650 2147483669 2147483670 2147483650 2147483669 2147483670 54 57 53 
2147483759 2147483649 2147483650 2147483651 2147483652 2147483707 2147483709 2147483717 2147483724 2147483725 2147483649 2147483650 2147483651 2147483652 2147483707 2147483709 2147483717 2147483724 2147483725 2147483760 2147483774 53 2147483760 2147483774 
2147483760 2147483649 2147483650 2147483651 2147483652 2147483707 2147483709 2147483717 2147483724 2147483725 2147483759 2147483649 2147483650 2147483651 2147483652 2147483707 2147483709 2147483717 2147483724 2147483725 2147483759 2147483774 54 57 53 2147483774 
2147483764 2147483649 2147483650 2147483651 2147483652 2147483707 2147483709 2147483717 2147483724 2147483725 2147483649 2147483650 2147483651 2147483652 2147483707 2147483709 2147483717 2147483724 2147483725 2147483774 57 53 2147483774 
2147483767 2147483649 2147483650 2147483651 2147483652 2147483679 2147483680 2147483707 2147483709 2147483717 2147483724 2147483725 2147483649 2147483650 2147483651 2147483652 2147483679 2147483680 2147483707 2147483709 2147483717 2147483724 2147483725 2147483774 2147483778 2147483780 2147483782 2147483783 2147483792 2147483814 49 57 52 54 53 127 128 129 130 2147483774 2147483778 2147483780 2147483782 2147483783 2147483792 2147483814 
2147483774 2147483649 2147483650 2147483651 2147483652 2147483654 2147483655 2147483656 2147483679 2147483680 2147483690 2147483700 2147483707 2147483709 2147483712 2147483713 2147483714 2147483717 2147483718 2147483724 2147483725 2147483727 2147483729 2147483731 2147483732 2147483733 2147483734 2147483740 2147483741 2147483743 2147483759 2147483760 2147483764 2147483767 2147483649 2147483650 2147483651 2147483652 2147483654 2147483655 2147483656 2147483679 2147483680 2147483690 2147483700 2147483707 2147483709 2147483712 2147483713 2147483714 2147483717 2147483718 2147483724 2147483725 2147483727 2147483729 2147483731 2147483732 2147483733 2147483734 2147483740 2147483741 2147483743 2147483759 2147483760 2147483764 2147483767 2147483778 2147483780 2147483782 2147483783 2147483792 2147483809 2147483812 2147483814 57 49 52 54 53 127 128 129 130 2147483778 2147483780 2147483782 2147483783 2147483792 2147483809 2147483812 2147483814 
2147483778 2147483649 2147483650 2147483651 2147483652 2147483679 2147483680 2147483707 2147483709 2147483717 2147483724 2147483725 2147483767 2147483774 2147483649 2147483650 2147483651 2147483652 2147483679 2147483680 2147483707 2147483709 2147483717 2147483724 2147483725 2147483767 2147483774 2147483814 2147483814 
2147483780 2147483649 2147483650 2147483651 2147483652 2147483707 2147483709 2147483717 2147483724 2147483725 2147483767 2147483774 2147483649 2147483650 2147483651 2147483652 2147483707 2147483709 2147483717 2147483724 2147483725 2147483767 2147483774 2147483814 2147483814 
2147483782 2147483649 2147483650 2147483651 2147483652 2147483707 2147483709 2147483717 2147483724 2147483725 2147483767 2147483774 2147483649 2147483650 2147483651 2147483652 2147483707 2147483709 2147483717 2147483724 2147483725 2147483767 2147483774 2147483783 2147483783 
2147483783 2147483649 2147483650 2147483651 2147483652 2147483707 2147483709 2147483717 2147483724 2147483725 2147483767 2147483774 2147483782 2147483649 2147483650 2147483651 2147483652 2147483707 2147483709 2147483717 2147483724 2147483725 2147483767 2147483774 2147483782 
2147483792 2147483649 2147483650 2147483651 2147483652 2147483707 2147483709 2147483717 2147483724 2147483725 2147483767 2147483774 2147483649 2147483650 2147483651 2147483652 2147483707 2147483709 2147483717 2147483724 2147483725 2147483767 2147483774 54 57 53 
2147483809 2147483649 2147483650 2147483651 2147483652 2147483707 2147483709 2147483717 2147483724 2147483725 2147483774 2147483649 2147483650 2147483651 2147483652 2147483707 2147483709 2147483717 2147483724 2147483725 2147483774 53 
2147483812 2147483649 2147483650 2147483651 2147483652 2147483654 2147483655 2147483656 2147483707 2147483709 2147483717 2147483724 2147483725 2147483727 2147483729 2147483774 2147483649 2147483650 2147483651 2147483652 2147483654 2147483655 2147483656 2147483707 2147483709 2147483717 2147483724 2147483725 2147483727 2147483729 2147483774 
2147483814 2147483649 2147483650 2147483651 2147483652 2147483679 2147483680 2147483707 2147483709 2147483717 2147483724 2147483725 2147483767 2147483774 2147483778 2147483780 2147483649 2147483650 2147483651 2147483652 2147483679 2147483680 2147483707 2147483709 2147483717 2147483724 2147483725 2147483767 2147483774 2147483778 2147483780 
2147483817 2147483650 2147483651 2147483666 2147483669 2147483689 2147483697 2147483703 2147483650 2147483651 2147483666 2147483669 2147483689 2147483697 2147483703 49 53 52 54 57 127 128 129 130 
