22 2147483664 
23 
24 
25 2147483664 
26 2147483664 
27 2147483664 
32 2147483664 
49 2147483661 2147483663 2147483700 2147483701 
50 
51 
52 2147483661 2147483663 2147483700 2147483701 
53 2147483661 2147483662 2147483663 2147483684 2147483685 2147483686 2147483688 2147483690 2147483700 2147483701 
54 2147483661 2147483663 2147483700 2147483701 
57 2147483661 2147483663 2147483684 2147483685 2147483700 2147483701 
127 2147483661 2147483663 2147483700 2147483701 
128 2147483661 2147483663 2147483700 2147483701 
129 2147483661 2147483663 2147483700 2147483701 
130 2147483661 2147483663 2147483700 2147483701 
131 
132 
133 
134 
263 2147483664 
264 2147483664 
265 2147483664 
266 2147483664 
267 
268 
269 
270 
2147483657 2147483661 2147483663 2147483664 2147483685 2147483661 2147483663 2147483664 2147483685 
2147483661 2147483657 2147483657 2147483662 2147483663 2147483664 2147483684 2147483685 2147483700 53 57 49 52 54 127 128 129 130 2147483662 2147483663 2147483664 2147483684 2147483685 2147483700 
2147483662 2147483661 2147483661 2147483663 2147483664 53 2147483663 2147483664 
2147483663 2147483657 2147483661 2147483662 2147483657 2147483661 2147483662 2147483664 2147483684 2147483685 2147483686 2147483687 2147483688 2147483689 2147483690 53 49 54 57 52 127 128 129 130 2147483664 2147483684 2147483685 2147483686 2147483687 2147483688 2147483689 2147483690 
2147483664 2147483657 2147483661 2147483662 2147483663 2147483657 2147483661 2147483662 2147483663 2147483684 2147483685 25 22 27 32 26 263 264 265 266 2147483684 2147483685 
2147483684 2147483661 2147483663 2147483664 2147483661 2147483663 2147483664 57 53 
2147483685 2147483657 2147483661 2147483663 2147483664 2147483657 2147483661 2147483663 2147483664 57 53 
2147483686 2147483663 2147483663 53 
2147483687 2147483663 2147483663 
2147483688 2147483663 2147483663 53 
2147483689 2147483663 2147483663 
2147483690 2147483663 2147483663 53 
2147483700 2147483661 2147483661 2147483701 53 49 52 54 57 127 128 129 130 2147483701 
2147483701 2147483700 2147483700 49 53 52 54 57 127 128 129 130 
