49,1,49,-1,0,1,0,0,139,
50,1,50,-1,0,1,0,0,0,
51,1,51,-1,0,1,0,0,0,
52,1,52,-1,0,1,0,0,0,
53,1,53,-1,0,1,0,0,0,
54,1,54,-1,0,1,0,0,0,
57,1,57,-1,0,1,0,0,0,
127,1,127,-1,0,1,0,0,255,
128,1,128,-1,0,1,0,0,0,
129,1,129,-1,0,1,0,0,0,
130,1,130,-1,0,1,0,0,0,
131,1,131,-1,0,1,0,0,0,
132,1,132,-1,0,1,0,0,0,
133,1,133,-1,0,1,0,0,0,
134,1,134,-1,0,1,0,0,0,
2147483649,0,0,0.00554945,2,0,1,0,0,57 49 52 54 127 128 129 130 51 133 134 131 132 50
2147483650,0,0,0.00472453,2,0,1,0,0,51 133 134 131 132 50
2147483651,0,0,0.00326509,1,0,1,0,0,57 49 52 54 127 128 129 130 51 133 134 131 132 50
2147483652,0,0,0.00215517,1,0,1,0,0,49 52 54 127 128 129 130 51 133 134 131 132 50
2147483654,0,0,0.00111607,1,0,1,0,0,49 52 54 57 53 127 128 129 130 51 133 134 131 132 50
2147483656,0,0,0.00350694,2,0,1,0,0,57 49 52 54 127 128 129 130 51 133 134 131 132 50
2147483657,0,0,0.00295898,1,0,1,0,0,53 49 52 54 57 127 128 129 130 51 133 134 131 132 50
2147483659,0,0,0.00347222,2,0,1,0,0,51 133 134 131 132 50
2147483660,0,0,0.00295898,1,0,1,0,0,51 133 134 131 132 50
