2 
5 
8 
11 
18 
19 
49 2147483648 2147483649 2147483650 2147483651 2147483652 2147483653 2147483654 2147483658 2147483663 2147483664 2147483665 2147483689 2147483691 2147483758 
50 
51 
52 2147483648 2147483649 2147483650 2147483651 2147483652 2147483653 2147483654 2147483658 2147483663 2147483664 2147483665 2147483689 2147483691 2147483758 
53 2147483648 2147483649 2147483650 2147483651 2147483652 2147483653 2147483654 2147483658 2147483663 2147483664 2147483665 2147483689 2147483690 2147483691 2147483700 2147483710 2147483719 2147483735 2147483758 
54 2147483648 2147483649 2147483650 2147483651 2147483652 2147483653 2147483654 2147483658 2147483663 2147483664 2147483665 2147483689 2147483691 2147483732 2147483758 
57 2147483648 2147483649 2147483650 2147483651 2147483652 2147483653 2147483654 2147483658 2147483663 2147483664 2147483665 2147483689 2147483691 2147483710 2147483732 2147483758 
61 
127 2147483648 2147483649 2147483650 2147483651 2147483652 2147483653 2147483654 2147483658 2147483663 2147483664 2147483665 2147483689 2147483691 2147483758 
128 2147483648 2147483649 2147483650 2147483651 2147483652 2147483653 2147483654 2147483658 2147483663 2147483664 2147483665 2147483689 2147483691 2147483758 
129 2147483648 2147483649 2147483650 2147483651 2147483652 2147483653 2147483654 2147483658 2147483663 2147483664 2147483665 2147483689 2147483691 2147483758 
130 2147483648 2147483649 2147483650 2147483651 2147483652 2147483653 2147483654 2147483658 2147483663 2147483664 2147483665 2147483689 2147483691 2147483758 
131 
132 
133 
134 
247 
248 
249 
250 
251 
252 
253 
254 
2147483648 2147483649 2147483650 2147483651 2147483652 2147483653 2147483654 2147483658 2147483662 2147483663 2147483664 2147483665 2147483671 2147483681 2147483684 2147483687 2147483689 2147483693 2147483699 2147483700 2147483704 2147483706 2147483708 2147483709 2147483710 2147483711 2147483713 2147483718 2147483719 2147483723 2147483725 2147483727 2147483728 2147483732 2147483735 2147483755 2147483756 2147483758 53 49 52 54 57 127 128 129 130 2147483649 2147483650 2147483651 2147483652 2147483653 2147483654 2147483658 2147483662 2147483663 2147483664 2147483665 2147483671 2147483681 2147483684 2147483687 2147483689 2147483693 2147483699 2147483700 2147483704 2147483706 2147483708 2147483709 2147483710 2147483711 2147483713 2147483718 2147483719 2147483723 2147483725 2147483727 2147483728 2147483732 2147483735 2147483755 2147483756 2147483758 
2147483649 2147483648 2147483648 2147483650 2147483651 2147483652 2147483653 2147483654 2147483658 2147483662 2147483663 2147483664 2147483665 2147483671 2147483681 2147483684 2147483687 2147483688 2147483689 2147483693 2147483699 2147483700 2147483704 2147483706 2147483708 2147483709 2147483710 2147483711 2147483713 2147483718 2147483719 2147483723 2147483725 2147483727 2147483728 2147483732 2147483735 2147483755 2147483756 2147483758 49 52 54 57 53 127 128 129 130 2147483650 2147483651 2147483652 2147483653 2147483654 2147483658 2147483662 2147483663 2147483664 2147483665 2147483671 2147483681 2147483684 2147483687 2147483688 2147483689 2147483693 2147483699 2147483700 2147483704 2147483706 2147483708 2147483709 2147483710 2147483711 2147483713 2147483718 2147483719 2147483723 2147483725 2147483727 2147483728 2147483732 2147483735 2147483755 2147483756 2147483758 
2147483650 2147483648 2147483649 2147483648 2147483649 2147483651 2147483652 2147483653 2147483654 2147483658 2147483662 2147483663 2147483664 2147483665 2147483671 2147483672 2147483673 2147483674 2147483681 2147483684 2147483687 2147483689 2147483693 2147483699 2147483700 2147483704 2147483706 2147483708 2147483709 2147483710 2147483711 2147483713 2147483718 2147483719 2147483723 2147483725 2147483727 2147483728 2147483732 2147483735 2147483755 2147483756 2147483758 49 52 54 57 53 127 128 129 130 2147483651 2147483652 2147483653 2147483654 2147483658 2147483662 2147483663 2147483664 2147483665 2147483671 2147483672 2147483673 2147483674 2147483681 2147483684 2147483687 2147483689 2147483693 2147483699 2147483700 2147483704 2147483706 2147483708 2147483709 2147483710 2147483711 2147483713 2147483718 2147483719 2147483723 2147483725 2147483727 2147483728 2147483732 2147483735 2147483755 2147483756 2147483758 
2147483651 2147483648 2147483649 2147483650 2147483648 2147483649 2147483650 2147483652 2147483653 2147483654 2147483658 2147483689 2147483699 2147483700 2147483704 2147483706 2147483708 2147483709 2147483710 2147483711 2147483713 2147483755 49 53 57 52 54 127 128 129 130 2147483652 2147483653 2147483654 2147483658 2147483689 2147483699 2147483700 2147483704 2147483706 2147483708 2147483709 2147483710 2147483711 2147483713 2147483755 
2147483652 2147483648 2147483649 2147483650 2147483651 2147483648 2147483649 2147483650 2147483651 2147483653 2147483654 2147483658 2147483662 2147483663 2147483664 2147483665 2147483671 2147483672 2147483673 2147483681 2147483684 2147483689 2147483699 2147483700 2147483704 2147483706 2147483708 2147483709 2147483710 2147483711 2147483713 2147483718 2147483719 2147483723 2147483725 2147483727 2147483728 2147483732 2147483735 2147483755 2147483756 2147483758 49 52 54 57 53 127 128 129 130 2147483653 2147483654 2147483658 2147483662 2147483663 2147483664 2147483665 2147483671 2147483672 2147483673 2147483681 2147483684 2147483689 2147483699 2147483700 2147483704 2147483706 2147483708 2147483709 2147483710 2147483711 2147483713 2147483718 2147483719 2147483723 2147483725 2147483727 2147483728 2147483732 2147483735 2147483755 2147483756 2147483758 
2147483653 2147483648 2147483649 2147483650 2147483651 2147483652 2147483648 2147483649 2147483650 2147483651 2147483652 2147483654 2147483689 2147483699 2147483700 2147483704 2147483755 57 49 52 54 53 127 128 129 130 2147483654 2147483689 2147483699 2147483700 2147483704 2147483755 
2147483654 2147483648 2147483649 2147483650 2147483651 2147483652 2147483653 2147483648 2147483649 2147483650 2147483651 2147483652 2147483653 2147483689 2147483699 2147483700 2147483704 2147483755 54 49 52 57 53 127 128 129 130 2147483689 2147483699 2147483700 2147483704 2147483755 
2147483658 2147483648 2147483649 2147483650 2147483651 2147483652 2147483648 2147483649 2147483650 2147483651 2147483652 2147483663 2147483664 2147483665 2147483689 2147483708 2147483709 2147483710 2147483711 2147483713 2147483718 2147483719 2147483723 2147483725 2147483727 2147483728 2147483756 49 52 54 57 53 127 128 129 130 2147483663 2147483664 2147483665 2147483689 2147483708 2147483709 2147483710 2147483711 2147483713 2147483718 2147483719 2147483723 2147483725 2147483727 2147483728 2147483756 
2147483662 2147483648 2147483649 2147483650 2147483652 2147483648 2147483649 2147483650 2147483652 2147483689 2147483758 2147483689 2147483758 
2147483663 2147483648 2147483649 2147483650 2147483652 2147483658 2147483648 2147483649 2147483650 2147483652 2147483658 2147483664 2147483665 2147483671 2147483672 2147483681 2147483689 2147483718 2147483719 2147483723 2147483725 2147483727 2147483728 2147483732 2147483735 2147483756 2147483758 49 52 54 57 53 127 128 129 130 2147483664 2147483665 2147483671 2147483672 2147483681 2147483689 2147483718 2147483719 2147483723 2147483725 2147483727 2147483728 2147483732 2147483735 2147483756 2147483758 
2147483664 2147483648 2147483649 2147483650 2147483652 2147483658 2147483663 2147483648 2147483649 2147483650 2147483652 2147483658 2147483663 2147483665 2147483689 2147483718 2147483719 2147483723 2147483756 57 49 52 54 53 127 128 129 130 2147483665 2147483689 2147483718 2147483719 2147483723 2147483756 
2147483665 2147483648 2147483649 2147483650 2147483652 2147483658 2147483663 2147483664 2147483648 2147483649 2147483650 2147483652 2147483658 2147483663 2147483664 2147483689 2147483718 2147483719 2147483723 2147483756 54 49 52 57 53 127 128 129 130 2147483689 2147483718 2147483719 2147483723 2147483756 
2147483671 2147483648 2147483649 2147483650 2147483652 2147483663 2147483648 2147483649 2147483650 2147483652 2147483663 2147483689 2147483758 2147483689 2147483758 
2147483672 2147483650 2147483652 2147483663 2147483650 2147483652 2147483663 
2147483673 2147483650 2147483652 2147483650 2147483652 
2147483674 2147483650 2147483650 
2147483681 2147483648 2147483649 2147483650 2147483652 2147483663 2147483648 2147483649 2147483650 2147483652 2147483663 2147483689 2147483758 2147483689 2147483758 
2147483684 2147483648 2147483649 2147483650 2147483652 2147483648 2147483649 2147483650 2147483652 2147483689 2147483758 2147483689 2147483758 
2147483687 2147483648 2147483649 2147483650 2147483648 2147483649 2147483650 2147483689 2147483758 2147483689 2147483758 
2147483688 2147483649 2147483649 2147483689 2147483758 2147483689 2147483758 
2147483689 2147483648 2147483649 2147483650 2147483651 2147483652 2147483653 2147483654 2147483658 2147483662 2147483663 2147483664 2147483665 2147483671 2147483681 2147483684 2147483687 2147483688 2147483648 2147483649 2147483650 2147483651 2147483652 2147483653 2147483654 2147483658 2147483662 2147483663 2147483664 2147483665 2147483671 2147483681 2147483684 2147483687 2147483688 2147483690 2147483691 2147483693 2147483699 2147483700 2147483704 2147483706 2147483708 2147483709 2147483710 2147483711 2147483713 2147483718 2147483719 2147483723 2147483725 2147483727 2147483728 2147483732 2147483735 2147483755 2147483756 2147483758 53 49 52 54 57 127 128 129 130 2147483690 2147483691 2147483693 2147483699 2147483700 2147483704 2147483706 2147483708 2147483709 2147483710 2147483711 2147483713 2147483718 2147483719 2147483723 2147483725 2147483727 2147483728 2147483732 2147483735 2147483755 2147483756 2147483758 
2147483690 2147483689 2147483689 2147483691 53 2147483691 
2147483691 2147483689 2147483690 2147483689 2147483690 54 49 52 57 53 127 128 129 130 
2147483693 2147483648 2147483649 2147483650 2147483689 2147483648 2147483649 2147483650 2147483689 
2147483699 2147483648 2147483649 2147483650 2147483651 2147483652 2147483653 2147483654 2147483689 2147483648 2147483649 2147483650 2147483651 2147483652 2147483653 2147483654 2147483689 2147483700 2147483700 
2147483700 2147483648 2147483649 2147483650 2147483651 2147483652 2147483653 2147483654 2147483689 2147483699 2147483648 2147483649 2147483650 2147483651 2147483652 2147483653 2147483654 2147483689 2147483699 53 
2147483704 2147483648 2147483649 2147483650 2147483651 2147483652 2147483653 2147483654 2147483689 2147483648 2147483649 2147483650 2147483651 2147483652 2147483653 2147483654 2147483689 2147483755 2147483755 
2147483706 2147483648 2147483649 2147483650 2147483651 2147483652 2147483689 2147483648 2147483649 2147483650 2147483651 2147483652 2147483689 2147483755 2147483755 
2147483708 2147483648 2147483649 2147483650 2147483651 2147483652 2147483658 2147483689 2147483648 2147483649 2147483650 2147483651 2147483652 2147483658 2147483689 2147483709 2147483709 
2147483709 2147483648 2147483649 2147483650 2147483651 2147483652 2147483658 2147483689 2147483708 2147483648 2147483649 2147483650 2147483651 2147483652 2147483658 2147483689 2147483708 
2147483710 2147483648 2147483649 2147483650 2147483651 2147483652 2147483658 2147483689 2147483648 2147483649 2147483650 2147483651 2147483652 2147483658 2147483689 2147483711 2147483713 57 53 2147483711 2147483713 
2147483711 2147483648 2147483649 2147483650 2147483651 2147483652 2147483658 2147483689 2147483710 2147483648 2147483649 2147483650 2147483651 2147483652 2147483658 2147483689 2147483710 
2147483713 2147483648 2147483649 2147483650 2147483651 2147483652 2147483658 2147483689 2147483710 2147483648 2147483649 2147483650 2147483651 2147483652 2147483658 2147483689 2147483710 
2147483718 2147483648 2147483649 2147483650 2147483652 2147483658 2147483663 2147483664 2147483665 2147483689 2147483648 2147483649 2147483650 2147483652 2147483658 2147483663 2147483664 2147483665 2147483689 2147483719 2147483719 
2147483719 2147483648 2147483649 2147483650 2147483652 2147483658 2147483663 2147483664 2147483665 2147483689 2147483718 2147483648 2147483649 2147483650 2147483652 2147483658 2147483663 2147483664 2147483665 2147483689 2147483718 53 
2147483723 2147483648 2147483649 2147483650 2147483652 2147483658 2147483663 2147483664 2147483665 2147483689 2147483648 2147483649 2147483650 2147483652 2147483658 2147483663 2147483664 2147483665 2147483689 2147483756 2147483756 
2147483725 2147483648 2147483649 2147483650 2147483652 2147483658 2147483663 2147483689 2147483648 2147483649 2147483650 2147483652 2147483658 2147483663 2147483689 2147483756 2147483756 
2147483727 2147483648 2147483649 2147483650 2147483652 2147483658 2147483663 2147483689 2147483648 2147483649 2147483650 2147483652 2147483658 2147483663 2147483689 2147483728 2147483728 
2147483728 2147483648 2147483649 2147483650 2147483652 2147483658 2147483663 2147483689 2147483727 2147483648 2147483649 2147483650 2147483652 2147483658 2147483663 2147483689 2147483727 
2147483732 2147483648 2147483649 2147483650 2147483652 2147483663 2147483689 2147483648 2147483649 2147483650 2147483652 2147483663 2147483689 54 57 
2147483735 2147483648 2147483649 2147483650 2147483652 2147483663 2147483689 2147483648 2147483649 2147483650 2147483652 2147483663 2147483689 53 
2147483753 
2147483755 2147483648 2147483649 2147483650 2147483651 2147483652 2147483653 2147483654 2147483689 2147483704 2147483706 2147483648 2147483649 2147483650 2147483651 2147483652 2147483653 2147483654 2147483689 2147483704 2147483706 
2147483756 2147483648 2147483649 2147483650 2147483652 2147483658 2147483663 2147483664 2147483665 2147483689 2147483723 2147483725 2147483648 2147483649 2147483650 2147483652 2147483658 2147483663 2147483664 2147483665 2147483689 2147483723 2147483725 
2147483758 2147483648 2147483649 2147483650 2147483652 2147483662 2147483663 2147483671 2147483681 2147483684 2147483687 2147483688 2147483689 2147483648 2147483649 2147483650 2147483652 2147483662 2147483663 2147483671 2147483681 2147483684 2147483687 2147483688 2147483689 49 53 52 54 57 127 128 129 130 
