2 
5 
8 
11 
18 
19 
22 
23 
24 
25 
26 
27 
32 
49 2147483648 2147483651 2147483652 2147483653 2147483654 2147483655 2147483656 2147483662 2147483663 2147483669 2147483677 2147483678 2147483689 2147483690 2147483702 2147483703 2147483753 2147483759 2147483760 2147483796 2147483807 2147483808 2147483829 2147483834 2147483841 2147483906 2147483907 2147483908 2147483940 2147483964 2147483968 2147483969 2147483982 2147484001 2147484002 2147484043 2147484045 
50 
51 
52 2147483648 2147483651 2147483652 2147483653 2147483654 2147483655 2147483656 2147483662 2147483663 2147483669 2147483677 2147483678 2147483689 2147483690 2147483702 2147483703 2147483753 2147483759 2147483760 2147483796 2147483807 2147483808 2147483829 2147483834 2147483841 2147483906 2147483907 2147483908 2147483909 2147483940 2147483964 2147483968 2147483969 2147483982 2147484001 2147484002 2147484003 2147484043 2147484045 
53 2147483648 2147483651 2147483652 2147483653 2147483654 2147483655 2147483656 2147483662 2147483663 2147483669 2147483677 2147483678 2147483689 2147483690 2147483702 2147483703 2147483744 2147483753 2147483759 2147483760 2147483796 2147483801 2147483803 2147483807 2147483808 2147483811 2147483816 2147483821 2147483826 2147483829 2147483832 2147483834 2147483841 2147483873 2147483906 2147483907 2147483908 2147483909 2147483913 2147483915 2147483920 2147483924 2147483928 2147483931 2147483933 2147483938 2147483940 2147483941 2147483944 2147483964 2147483968 2147483969 2147483982 2147484001 2147484002 2147484003 2147484014 2147484026 2147484028 2147484029 2147484030 2147484031 2147484032 2147484033 2147484043 2147484045 
54 2147483648 2147483651 2147483652 2147483653 2147483654 2147483655 2147483656 2147483662 2147483663 2147483669 2147483677 2147483678 2147483689 2147483690 2147483702 2147483703 2147483753 2147483759 2147483760 2147483796 2147483807 2147483808 2147483829 2147483834 2147483841 2147483906 2147483907 2147483908 2147483909 2147483940 2147483964 2147483968 2147483969 2147483982 2147484001 2147484002 2147484003 2147484043 2147484045 
57 2147483648 2147483651 2147483652 2147483653 2147483654 2147483655 2147483656 2147483662 2147483663 2147483669 2147483677 2147483678 2147483689 2147483690 2147483702 2147483703 2147483753 2147483759 2147483760 2147483796 2147483807 2147483808 2147483826 2147483829 2147483834 2147483841 2147483873 2147483906 2147483907 2147483908 2147483909 2147483913 2147483931 2147483940 2147483941 2147483944 2147483964 2147483968 2147483969 2147483982 2147484001 2147484002 2147484003 2147484030 2147484032 2147484043 2147484045 
61 
127 2147483648 2147483651 2147483652 2147483653 2147483654 2147483655 2147483656 2147483662 2147483663 2147483669 2147483677 2147483678 2147483689 2147483690 2147483702 2147483703 2147483753 2147483759 2147483760 2147483796 2147483807 2147483808 2147483829 2147483834 2147483841 2147483906 2147483907 2147483908 2147483940 2147483964 2147483968 2147483969 2147483982 2147484001 2147484002 2147484043 2147484045 
128 2147483648 2147483651 2147483652 2147483653 2147483654 2147483655 2147483656 2147483662 2147483663 2147483669 2147483677 2147483678 2147483689 2147483690 2147483702 2147483703 2147483753 2147483759 2147483760 2147483796 2147483807 2147483808 2147483829 2147483834 2147483841 2147483906 2147483907 2147483908 2147483940 2147483964 2147483968 2147483969 2147483982 2147484001 2147484002 2147484043 2147484045 
129 2147483648 2147483651 2147483652 2147483653 2147483654 2147483655 2147483656 2147483662 2147483663 2147483669 2147483677 2147483678 2147483689 2147483690 2147483702 2147483703 2147483753 2147483759 2147483760 2147483796 2147483807 2147483808 2147483829 2147483834 2147483841 2147483906 2147483907 2147483908 2147483940 2147483964 2147483968 2147483969 2147483982 2147484001 2147484002 2147484043 2147484045 
130 2147483648 2147483651 2147483652 2147483653 2147483654 2147483655 2147483656 2147483662 2147483663 2147483669 2147483677 2147483678 2147483689 2147483690 2147483702 2147483703 2147483753 2147483759 2147483760 2147483796 2147483807 2147483808 2147483829 2147483834 2147483841 2147483906 2147483907 2147483908 2147483940 2147483964 2147483968 2147483969 2147483982 2147484001 2147484002 2147484043 2147484045 
131 
132 
133 
134 
247 
248 
249 
250 
251 
252 
253 
254 
263 
264 
265 
266 
267 
268 
269 
270 
2147483648 2147483651 2147483652 2147483653 2147483654 2147483655 2147483656 2147483662 2147483663 2147483669 2147483677 2147483678 2147483689 2147483690 2147483702 2147483703 2147483713 2147483714 2147483744 2147483746 2147483753 2147483759 2147483760 2147483770 2147483771 2147483772 2147483773 2147483796 2147483801 2147483803 2147483804 2147483806 2147483807 2147483808 2147483811 2147483816 2147483819 2147483821 2147483826 2147483829 2147483832 2147483834 2147483841 2147483845 2147483847 2147483849 2147483850 2147483867 2147483869 2147483871 2147483872 2147483873 2147483874 2147483888 2147483890 2147483892 2147483893 2147483895 2147483896 2147483906 2147483907 2147483908 2147483909 2147483913 2147483915 2147483920 2147483922 2147483924 2147483926 2147483928 2147483931 2147483933 2147483938 2147483940 2147483941 2147483944 2147483964 2147483968 2147483969 2147483973 2147483975 2147483977 2147483978 2147483982 2147483987 2147483989 2147483991 2147483992 2147483993 2147484001 2147484002 2147484003 2147484014 2147484026 2147484027 2147484028 2147484029 2147484030 2147484031 2147484032 2147484033 2147484034 2147484037 2147484039 2147484041 2147484043 2147484045 2147484050 2147484051 53 49 52 54 57 127 128 129 130 2147483651 2147483652 2147483653 2147483654 2147483655 2147483656 2147483662 2147483663 2147483669 2147483677 2147483678 2147483689 2147483690 2147483702 2147483703 2147483713 2147483714 2147483744 2147483746 2147483753 2147483759 2147483760 2147483770 2147483771 2147483772 2147483773 2147483796 2147483801 2147483803 2147483804 2147483806 2147483807 2147483808 2147483811 2147483816 2147483819 2147483821 2147483826 2147483829 2147483832 2147483834 2147483841 2147483845 2147483847 2147483849 2147483850 2147483867 2147483869 2147483871 2147483872 2147483873 2147483874 2147483888 2147483890 2147483892 2147483893 2147483895 2147483896 2147483906 2147483907 2147483908 2147483909 2147483913 2147483915 2147483920 2147483922 2147483924 2147483926 2147483928 2147483931 2147483933 2147483938 2147483940 2147483941 2147483944 2147483964 2147483968 2147483969 2147483973 2147483975 2147483977 2147483978 2147483982 2147483987 2147483989 2147483991 2147483992 2147483993 2147484001 2147484002 2147484003 2147484014 2147484026 2147484027 2147484028 2147484029 2147484030 2147484031 2147484032 2147484033 2147484034 2147484037 2147484039 2147484041 2147484043 2147484045 2147484050 2147484051 
2147483651 2147483648 2147483648 2147483652 2147483653 2147483654 2147483655 2147483656 2147483662 2147483663 2147483669 2147483677 2147483678 2147483689 2147483690 2147483702 2147483703 2147483713 2147483714 2147483744 2147483746 2147483753 2147483759 2147483760 2147483770 2147483771 2147483772 2147483773 2147483796 2147483803 2147483804 2147483806 2147483807 2147483808 2147483811 2147483816 2147483819 2147483821 2147483826 2147483829 2147483832 2147483834 2147483841 2147483845 2147483847 2147483849 2147483850 2147483867 2147483869 2147483871 2147483872 2147483873 2147483874 2147483888 2147483890 2147483892 2147483893 2147483895 2147483896 2147483906 2147483907 2147483908 2147483909 2147483913 2147483915 2147483920 2147483922 2147483924 2147483926 2147483928 2147483931 2147483933 2147483938 2147483940 2147483941 2147483944 2147483964 2147483968 2147483969 2147483973 2147483975 2147483977 2147483978 2147483982 2147483987 2147483989 2147483991 2147483992 2147483993 2147484001 2147484002 2147484003 2147484014 2147484037 2147484039 2147484041 2147484043 2147484050 2147484051 49 52 54 57 53 127 128 129 130 2147483652 2147483653 2147483654 2147483655 2147483656 2147483662 2147483663 2147483669 2147483677 2147483678 2147483689 2147483690 2147483702 2147483703 2147483713 2147483714 2147483744 2147483746 2147483753 2147483759 2147483760 2147483770 2147483771 2147483772 2147483773 2147483796 2147483803 2147483804 2147483806 2147483807 2147483808 2147483811 2147483816 2147483819 2147483821 2147483826 2147483829 2147483832 2147483834 2147483841 2147483845 2147483847 2147483849 2147483850 2147483867 2147483869 2147483871 2147483872 2147483873 2147483874 2147483888 2147483890 2147483892 2147483893 2147483895 2147483896 2147483906 2147483907 2147483908 2147483909 2147483913 2147483915 2147483920 2147483922 2147483924 2147483926 2147483928 2147483931 2147483933 2147483938 2147483940 2147483941 2147483944 2147483964 2147483968 2147483969 2147483973 2147483975 2147483977 2147483978 2147483982 2147483987 2147483989 2147483991 2147483992 2147483993 2147484001 2147484002 2147484003 2147484014 2147484037 2147484039 2147484041 2147484043 2147484050 2147484051 
2147483652 2147483648 2147483651 2147483648 2147483651 2147483653 2147483654 2147483655 2147483656 2147483662 2147483663 2147483669 2147483677 2147483678 2147483687 2147483689 2147483690 2147483700 2147483702 2147483703 2147483712 2147483713 2147483714 2147483730 2147483733 2147483744 2147483746 2147483750 2147483753 2147483759 2147483760 2147483769 2147483770 2147483771 2147483772 2147483773 2147483784 2147483787 2147483792 2147483793 2147483796 2147483803 2147483804 2147483806 2147483807 2147483808 2147483811 2147483816 2147483819 2147483821 2147483826 2147483829 2147483832 2147483834 2147483841 2147483845 2147483847 2147483849 2147483850 2147483867 2147483869 2147483871 2147483872 2147483873 2147483874 2147483888 2147483890 2147483892 2147483893 2147483895 2147483896 2147483906 2147483907 2147483908 2147483909 2147483913 2147483915 2147483920 2147483922 2147483924 2147483926 2147483928 2147483931 2147483933 2147483938 2147483940 2147483941 2147483944 2147483964 2147483968 2147483969 2147483973 2147483975 2147483977 2147483978 2147483982 2147483987 2147483989 2147483991 2147483992 2147483993 2147484001 2147484002 2147484003 2147484014 2147484037 2147484039 2147484041 2147484043 2147484045 2147484050 2147484051 49 52 54 57 53 127 128 129 130 2147483653 2147483654 2147483655 2147483656 2147483662 2147483663 2147483669 2147483677 2147483678 2147483687 2147483689 2147483690 2147483700 2147483702 2147483703 2147483712 2147483713 2147483714 2147483730 2147483733 2147483744 2147483746 2147483750 2147483753 2147483759 2147483760 2147483769 2147483770 2147483771 2147483772 2147483773 2147483784 2147483787 2147483792 2147483793 2147483796 2147483803 2147483804 2147483806 2147483807 2147483808 2147483811 2147483816 2147483819 2147483821 2147483826 2147483829 2147483832 2147483834 2147483841 2147483845 2147483847 2147483849 2147483850 2147483867 2147483869 2147483871 2147483872 2147483873 2147483874 2147483888 2147483890 2147483892 2147483893 2147483895 2147483896 2147483906 2147483907 2147483908 2147483909 2147483913 2147483915 2147483920 2147483922 2147483924 2147483926 2147483928 2147483931 2147483933 2147483938 2147483940 2147483941 2147483944 2147483964 2147483968 2147483969 2147483973 2147483975 2147483977 2147483978 2147483982 2147483987 2147483989 2147483991 2147483992 2147483993 2147484001 2147484002 2147484003 2147484014 2147484037 2147484039 2147484041 2147484043 2147484045 2147484050 2147484051 
2147483653 2147483648 2147483651 2147483652 2147483648 2147483651 2147483652 2147483654 2147483655 2147483656 2147483662 2147483663 2147483669 2147483677 2147483678 2147483687 2147483689 2147483690 2147483700 2147483702 2147483703 2147483712 2147483713 2147483714 2147483730 2147483733 2147483744 2147483746 2147483750 2147483753 2147483759 2147483760 2147483769 2147483770 2147483771 2147483772 2147483773 2147483784 2147483787 2147483792 2147483796 2147483803 2147483804 2147483806 2147483807 2147483808 2147483811 2147483816 2147483819 2147483821 2147483826 2147483829 2147483832 2147483834 2147483841 2147483845 2147483847 2147483849 2147483850 2147483867 2147483869 2147483871 2147483872 2147483873 2147483874 2147483888 2147483890 2147483892 2147483893 2147483895 2147483896 2147483906 2147483907 2147483908 2147483909 2147483913 2147483915 2147483920 2147483922 2147483924 2147483926 2147483928 2147483931 2147483933 2147483938 2147483940 2147483941 2147483944 2147483964 2147483968 2147483969 2147483973 2147483975 2147483977 2147483978 2147483982 2147483987 2147483989 2147483991 2147483992 2147483993 2147484001 2147484002 2147484003 2147484014 2147484037 2147484039 2147484041 2147484043 2147484045 2147484050 2147484051 49 52 54 57 53 127 128 129 130 2147483654 2147483655 2147483656 2147483662 2147483663 2147483669 2147483677 2147483678 2147483687 2147483689 2147483690 2147483700 2147483702 2147483703 2147483712 2147483713 2147483714 2147483730 2147483733 2147483744 2147483746 2147483750 2147483753 2147483759 2147483760 2147483769 2147483770 2147483771 2147483772 2147483773 2147483784 2147483787 2147483792 2147483796 2147483803 2147483804 2147483806 2147483807 2147483808 2147483811 2147483816 2147483819 2147483821 2147483826 2147483829 2147483832 2147483834 2147483841 2147483845 2147483847 2147483849 2147483850 2147483867 2147483869 2147483871 2147483872 2147483873 2147483874 2147483888 2147483890 2147483892 2147483893 2147483895 2147483896 2147483906 2147483907 2147483908 2147483909 2147483913 2147483915 2147483920 2147483922 2147483924 2147483926 2147483928 2147483931 2147483933 2147483938 2147483940 2147483941 2147483944 2147483964 2147483968 2147483969 2147483973 2147483975 2147483977 2147483978 2147483982 2147483987 2147483989 2147483991 2147483992 2147483993 2147484001 2147484002 2147484003 2147484014 2147484037 2147484039 2147484041 2147484043 2147484045 2147484050 2147484051 
2147483654 2147483648 2147483651 2147483652 2147483653 2147483648 2147483651 2147483652 2147483653 2147483655 2147483656 2147483662 2147483663 2147483669 2147483677 2147483678 2147483687 2147483689 2147483690 2147483700 2147483702 2147483703 2147483712 2147483713 2147483714 2147483730 2147483733 2147483744 2147483746 2147483753 2147483759 2147483760 2147483770 2147483771 2147483772 2147483773 2147483796 2147483803 2147483804 2147483806 2147483807 2147483808 2147483811 2147483816 2147483819 2147483821 2147483826 2147483829 2147483832 2147483834 2147483841 2147483845 2147483847 2147483849 2147483850 2147483867 2147483869 2147483871 2147483872 2147483873 2147483874 2147483888 2147483890 2147483892 2147483893 2147483895 2147483896 2147483906 2147483907 2147483908 2147483909 2147483913 2147483915 2147483920 2147483922 2147483924 2147483926 2147483928 2147483931 2147483933 2147483938 2147483940 2147483941 2147483944 2147483964 2147483968 2147483969 2147483973 2147483975 2147483977 2147483978 2147483982 2147483987 2147483989 2147483991 2147483992 2147483993 2147484001 2147484002 2147484003 2147484014 2147484037 2147484039 2147484041 2147484043 2147484045 2147484050 2147484051 49 52 54 57 53 127 128 129 130 2147483655 2147483656 2147483662 2147483663 2147483669 2147483677 2147483678 2147483687 2147483689 2147483690 2147483700 2147483702 2147483703 2147483712 2147483713 2147483714 2147483730 2147483733 2147483744 2147483746 2147483753 2147483759 2147483760 2147483770 2147483771 2147483772 2147483773 2147483796 2147483803 2147483804 2147483806 2147483807 2147483808 2147483811 2147483816 2147483819 2147483821 2147483826 2147483829 2147483832 2147483834 2147483841 2147483845 2147483847 2147483849 2147483850 2147483867 2147483869 2147483871 2147483872 2147483873 2147483874 2147483888 2147483890 2147483892 2147483893 2147483895 2147483896 2147483906 2147483907 2147483908 2147483909 2147483913 2147483915 2147483920 2147483922 2147483924 2147483926 2147483928 2147483931 2147483933 2147483938 2147483940 2147483941 2147483944 2147483964 2147483968 2147483969 2147483973 2147483975 2147483977 2147483978 2147483982 2147483987 2147483989 2147483991 2147483992 2147483993 2147484001 2147484002 2147484003 2147484014 2147484037 2147484039 2147484041 2147484043 2147484045 2147484050 2147484051 
2147483655 2147483648 2147483651 2147483652 2147483653 2147483654 2147483648 2147483651 2147483652 2147483653 2147483654 2147483656 2147483662 2147483663 2147483669 2147483677 2147483678 2147483689 2147483690 2147483700 2147483702 2147483703 2147483712 2147483713 2147483714 2147483730 2147483744 2147483746 2147483753 2147483759 2147483760 2147483769 2147483770 2147483771 2147483772 2147483773 2147483784 2147483787 2147483796 2147483803 2147483804 2147483806 2147483807 2147483808 2147483811 2147483816 2147483819 2147483821 2147483826 2147483829 2147483832 2147483834 2147483841 2147483845 2147483847 2147483849 2147483850 2147483867 2147483869 2147483871 2147483872 2147483873 2147483874 2147483888 2147483890 2147483892 2147483893 2147483895 2147483896 2147483906 2147483907 2147483908 2147483909 2147483913 2147483915 2147483920 2147483922 2147483924 2147483926 2147483928 2147483931 2147483933 2147483938 2147483940 2147483941 2147483944 2147483964 2147483968 2147483969 2147483973 2147483975 2147483977 2147483978 2147483982 2147483987 2147483989 2147483991 2147483992 2147483993 2147484001 2147484002 2147484003 2147484014 2147484037 2147484039 2147484041 2147484043 2147484045 2147484050 2147484051 49 52 54 57 53 127 128 129 130 2147483656 2147483662 2147483663 2147483669 2147483677 2147483678 2147483689 2147483690 2147483700 2147483702 2147483703 2147483712 2147483713 2147483714 2147483730 2147483744 2147483746 2147483753 2147483759 2147483760 2147483769 2147483770 2147483771 2147483772 2147483773 2147483784 2147483787 2147483796 2147483803 2147483804 2147483806 2147483807 2147483808 2147483811 2147483816 2147483819 2147483821 2147483826 2147483829 2147483832 2147483834 2147483841 2147483845 2147483847 2147483849 2147483850 2147483867 2147483869 2147483871 2147483872 2147483873 2147483874 2147483888 2147483890 2147483892 2147483893 2147483895 2147483896 2147483906 2147483907 2147483908 2147483909 2147483913 2147483915 2147483920 2147483922 2147483924 2147483926 2147483928 2147483931 2147483933 2147483938 2147483940 2147483941 2147483944 2147483964 2147483968 2147483969 2147483973 2147483975 2147483977 2147483978 2147483982 2147483987 2147483989 2147483991 2147483992 2147483993 2147484001 2147484002 2147484003 2147484014 2147484037 2147484039 2147484041 2147484043 2147484045 2147484050 2147484051 
2147483656 2147483648 2147483651 2147483652 2147483653 2147483654 2147483655 2147483648 2147483651 2147483652 2147483653 2147483654 2147483655 2147483662 2147483663 2147483669 2147483677 2147483678 2147483689 2147483690 2147483702 2147483703 2147483712 2147483713 2147483714 2147483744 2147483746 2147483750 2147483753 2147483759 2147483760 2147483769 2147483770 2147483771 2147483772 2147483773 2147483784 2147483796 2147483803 2147483804 2147483806 2147483807 2147483808 2147483811 2147483816 2147483819 2147483821 2147483826 2147483829 2147483832 2147483834 2147483841 2147483845 2147483847 2147483849 2147483850 2147483867 2147483869 2147483871 2147483872 2147483873 2147483874 2147483888 2147483890 2147483892 2147483893 2147483895 2147483896 2147483906 2147483907 2147483908 2147483909 2147483913 2147483915 2147483920 2147483922 2147483924 2147483926 2147483928 2147483931 2147483933 2147483938 2147483940 2147483941 2147483944 2147483964 2147483968 2147483969 2147483973 2147483975 2147483977 2147483978 2147483982 2147483987 2147483989 2147483991 2147483992 2147483993 2147484001 2147484002 2147484003 2147484014 2147484037 2147484039 2147484041 2147484043 2147484045 2147484050 2147484051 49 52 54 57 53 127 128 129 130 2147483662 2147483663 2147483669 2147483677 2147483678 2147483689 2147483690 2147483702 2147483703 2147483712 2147483713 2147483714 2147483744 2147483746 2147483750 2147483753 2147483759 2147483760 2147483769 2147483770 2147483771 2147483772 2147483773 2147483784 2147483796 2147483803 2147483804 2147483806 2147483807 2147483808 2147483811 2147483816 2147483819 2147483821 2147483826 2147483829 2147483832 2147483834 2147483841 2147483845 2147483847 2147483849 2147483850 2147483867 2147483869 2147483871 2147483872 2147483873 2147483874 2147483888 2147483890 2147483892 2147483893 2147483895 2147483896 2147483906 2147483907 2147483908 2147483909 2147483913 2147483915 2147483920 2147483922 2147483924 2147483926 2147483928 2147483931 2147483933 2147483938 2147483940 2147483941 2147483944 2147483964 2147483968 2147483969 2147483973 2147483975 2147483977 2147483978 2147483982 2147483987 2147483989 2147483991 2147483992 2147483993 2147484001 2147484002 2147484003 2147484014 2147484037 2147484039 2147484041 2147484043 2147484045 2147484050 2147484051 
2147483662 2147483648 2147483651 2147483652 2147483653 2147483654 2147483655 2147483656 2147483648 2147483651 2147483652 2147483653 2147483654 2147483655 2147483656 2147483663 2147483669 2147483677 2147483678 2147483689 2147483690 2147483702 2147483703 2147483713 2147483714 2147483744 2147483746 2147483753 2147483759 2147483760 2147483770 2147483771 2147483772 2147483773 2147483796 2147483803 2147483804 2147483806 2147483807 2147483808 2147483811 2147483816 2147483819 2147483821 2147483826 2147483829 2147483832 2147483834 2147483841 2147483845 2147483847 2147483849 2147483850 2147483867 2147483869 2147483871 2147483872 2147483873 2147483874 2147483888 2147483890 2147483892 2147483893 2147483895 2147483896 2147483906 2147483907 2147483908 2147483909 2147483913 2147483915 2147483920 2147483922 2147483924 2147483926 2147483928 2147483931 2147483933 2147483938 2147483940 2147483941 2147483944 2147483964 2147483968 2147483969 2147483973 2147483975 2147483977 2147483978 2147483982 2147483987 2147483989 2147483991 2147483992 2147483993 2147484001 2147484002 2147484003 2147484014 2147484037 2147484039 2147484041 2147484043 2147484050 2147484051 53 49 52 54 57 127 128 129 130 2147483663 2147483669 2147483677 2147483678 2147483689 2147483690 2147483702 2147483703 2147483713 2147483714 2147483744 2147483746 2147483753 2147483759 2147483760 2147483770 2147483771 2147483772 2147483773 2147483796 2147483803 2147483804 2147483806 2147483807 2147483808 2147483811 2147483816 2147483819 2147483821 2147483826 2147483829 2147483832 2147483834 2147483841 2147483845 2147483847 2147483849 2147483850 2147483867 2147483869 2147483871 2147483872 2147483873 2147483874 2147483888 2147483890 2147483892 2147483893 2147483895 2147483896 2147483906 2147483907 2147483908 2147483909 2147483913 2147483915 2147483920 2147483922 2147483924 2147483926 2147483928 2147483931 2147483933 2147483938 2147483940 2147483941 2147483944 2147483964 2147483968 2147483969 2147483973 2147483975 2147483977 2147483978 2147483982 2147483987 2147483989 2147483991 2147483992 2147483993 2147484001 2147484002 2147484003 2147484014 2147484037 2147484039 2147484041 2147484043 2147484050 2147484051 
2147483663 2147483648 2147483651 2147483652 2147483653 2147483654 2147483655 2147483656 2147483662 2147483648 2147483651 2147483652 2147483653 2147483654 2147483655 2147483656 2147483662 2147483753 2147483759 2147483760 2147483796 2147483807 2147483808 2147483841 2147483964 2147483968 2147483969 2147483973 2147483975 2147483977 2147483978 2147483982 2147483987 2147483989 2147483991 2147483992 2147483993 2147484001 2147484002 2147484003 2147484050 2147484051 53 49 52 54 57 127 128 129 130 2147483753 2147483759 2147483760 2147483796 2147483807 2147483808 2147483841 2147483964 2147483968 2147483969 2147483973 2147483975 2147483977 2147483978 2147483982 2147483987 2147483989 2147483991 2147483992 2147483993 2147484001 2147484002 2147484003 2147484050 2147484051 
2147483669 2147483648 2147483651 2147483652 2147483653 2147483654 2147483655 2147483656 2147483662 2147483648 2147483651 2147483652 2147483653 2147483654 2147483655 2147483656 2147483662 2147483677 2147483678 2147483689 2147483690 2147483702 2147483703 2147483713 2147483714 2147483744 2147483796 2147483807 2147483808 2147483816 2147483819 2147483821 2147483826 2147483829 2147483832 2147483834 2147483841 2147483845 2147483847 2147483849 2147483850 2147483867 2147483869 2147483871 2147483872 2147483873 2147483874 2147483888 2147483890 2147483892 2147483893 2147483895 2147483896 2147483906 2147483907 2147483908 2147483909 2147483913 2147483915 2147483920 2147483922 2147483924 2147483926 2147483928 2147483931 2147483933 2147483938 2147483940 2147483941 2147483944 2147483968 2147483969 2147483982 2147484037 2147484039 2147484041 2147484043 53 49 57 52 54 127 128 129 130 2147483677 2147483678 2147483689 2147483690 2147483702 2147483703 2147483713 2147483714 2147483744 2147483796 2147483807 2147483808 2147483816 2147483819 2147483821 2147483826 2147483829 2147483832 2147483834 2147483841 2147483845 2147483847 2147483849 2147483850 2147483867 2147483869 2147483871 2147483872 2147483873 2147483874 2147483888 2147483890 2147483892 2147483893 2147483895 2147483896 2147483906 2147483907 2147483908 2147483909 2147483913 2147483915 2147483920 2147483922 2147483924 2147483926 2147483928 2147483931 2147483933 2147483938 2147483940 2147483941 2147483944 2147483968 2147483969 2147483982 2147484037 2147484039 2147484041 2147484043 
2147483677 2147483648 2147483651 2147483652 2147483653 2147483654 2147483655 2147483656 2147483662 2147483669 2147483648 2147483651 2147483652 2147483653 2147483654 2147483655 2147483656 2147483662 2147483669 2147483678 2147483796 2147483807 2147483808 2147483829 2147483834 2147483841 2147483845 2147483968 2147483969 2147483982 2147484037 57 49 52 54 53 127 128 129 130 2147483678 2147483796 2147483807 2147483808 2147483829 2147483834 2147483841 2147483845 2147483968 2147483969 2147483982 2147484037 
2147483678 2147483648 2147483651 2147483652 2147483653 2147483654 2147483655 2147483656 2147483662 2147483669 2147483677 2147483648 2147483651 2147483652 2147483653 2147483654 2147483655 2147483656 2147483662 2147483669 2147483677 2147483796 2147483807 2147483808 2147483829 2147483834 2147483841 2147483845 2147483968 2147483969 2147483982 2147484037 54 49 52 57 53 127 128 129 130 2147483796 2147483807 2147483808 2147483829 2147483834 2147483841 2147483845 2147483968 2147483969 2147483982 2147484037 
2147483687 2147483652 2147483653 2147483654 2147483652 2147483653 2147483654 2147484045 2147484045 
2147483689 2147483648 2147483651 2147483652 2147483653 2147483654 2147483655 2147483656 2147483662 2147483669 2147483648 2147483651 2147483652 2147483653 2147483654 2147483655 2147483656 2147483662 2147483669 2147483690 2147483796 2147483807 2147483808 2147483829 2147483834 2147483841 2147483867 2147483968 2147483969 2147483982 2147484039 57 49 52 54 53 127 128 129 130 2147483690 2147483796 2147483807 2147483808 2147483829 2147483834 2147483841 2147483867 2147483968 2147483969 2147483982 2147484039 
2147483690 2147483648 2147483651 2147483652 2147483653 2147483654 2147483655 2147483656 2147483662 2147483669 2147483689 2147483648 2147483651 2147483652 2147483653 2147483654 2147483655 2147483656 2147483662 2147483669 2147483689 2147483796 2147483807 2147483808 2147483829 2147483834 2147483841 2147483867 2147483968 2147483969 2147483982 2147484039 54 49 52 57 53 127 128 129 130 2147483796 2147483807 2147483808 2147483829 2147483834 2147483841 2147483867 2147483968 2147483969 2147483982 2147484039 
2147483700 2147483652 2147483653 2147483654 2147483655 2147483652 2147483653 2147483654 2147483655 2147484045 2147484045 
2147483702 2147483648 2147483651 2147483652 2147483653 2147483654 2147483655 2147483656 2147483662 2147483669 2147483648 2147483651 2147483652 2147483653 2147483654 2147483655 2147483656 2147483662 2147483669 2147483703 2147483796 2147483807 2147483808 2147483834 2147483841 2147483888 2147483968 2147483969 2147483982 2147484041 57 49 52 54 53 127 128 129 130 2147483703 2147483796 2147483807 2147483808 2147483834 2147483841 2147483888 2147483968 2147483969 2147483982 2147484041 
2147483703 2147483648 2147483651 2147483652 2147483653 2147483654 2147483655 2147483656 2147483662 2147483669 2147483702 2147483648 2147483651 2147483652 2147483653 2147483654 2147483655 2147483656 2147483662 2147483669 2147483702 2147483796 2147483807 2147483808 2147483834 2147483841 2147483888 2147483968 2147483969 2147483982 2147484041 54 49 52 57 53 127 128 129 130 2147483796 2147483807 2147483808 2147483834 2147483841 2147483888 2147483968 2147483969 2147483982 2147484041 
2147483712 2147483652 2147483653 2147483654 2147483655 2147483656 2147483652 2147483653 2147483654 2147483655 2147483656 2147484045 2147484045 
2147483713 2147483648 2147483651 2147483652 2147483653 2147483654 2147483655 2147483656 2147483662 2147483669 2147483648 2147483651 2147483652 2147483653 2147483654 2147483655 2147483656 2147483662 2147483669 2147483796 2147483807 2147483808 2147483834 2147483841 2147483968 2147483969 2147483982 2147483796 2147483807 2147483808 2147483834 2147483841 2147483968 2147483969 2147483982 
2147483714 2147483648 2147483651 2147483652 2147483653 2147483654 2147483655 2147483656 2147483662 2147483669 2147483648 2147483651 2147483652 2147483653 2147483654 2147483655 2147483656 2147483662 2147483669 2147483796 2147483807 2147483808 2147483834 2147483841 2147483968 2147483969 2147483982 2147483796 2147483807 2147483808 2147483834 2147483841 2147483968 2147483969 2147483982 
2147483730 2147483652 2147483653 2147483654 2147483655 2147483652 2147483653 2147483654 2147483655 2147484045 2147484045 
2147483733 2147483652 2147483653 2147483654 2147483652 2147483653 2147483654 2147484045 2147484045 
2147483744 2147483648 2147483651 2147483652 2147483653 2147483654 2147483655 2147483656 2147483662 2147483669 2147483648 2147483651 2147483652 2147483653 2147483654 2147483655 2147483656 2147483662 2147483669 2147483796 2147483807 2147483808 2147483834 2147483841 2147483931 2147483968 2147483969 2147483982 2147484043 53 2147483796 2147483807 2147483808 2147483834 2147483841 2147483931 2147483968 2147483969 2147483982 2147484043 
2147483746 2147483648 2147483651 2147483652 2147483653 2147483654 2147483655 2147483656 2147483662 2147483648 2147483651 2147483652 2147483653 2147483654 2147483655 2147483656 2147483662 2147483796 2147483807 2147483808 2147483841 2147483940 2147483968 2147483969 2147483982 2147483796 2147483807 2147483808 2147483841 2147483940 2147483968 2147483969 2147483982 
2147483750 2147483652 2147483653 2147483656 2147483652 2147483653 2147483656 2147484045 2147484045 
2147483753 2147483648 2147483651 2147483652 2147483653 2147483654 2147483655 2147483656 2147483662 2147483663 2147483648 2147483651 2147483652 2147483653 2147483654 2147483655 2147483656 2147483662 2147483663 2147483796 2147483807 2147483808 2147483841 2147483964 2147483968 2147483969 2147483973 2147483982 2147484050 53 57 49 52 54 127 128 129 130 2147483796 2147483807 2147483808 2147483841 2147483964 2147483968 2147483969 2147483973 2147483982 2147484050 
2147483759 2147483648 2147483651 2147483652 2147483653 2147483654 2147483655 2147483656 2147483662 2147483663 2147483648 2147483651 2147483652 2147483653 2147483654 2147483655 2147483656 2147483662 2147483663 2147483760 2147483796 2147483807 2147483808 2147483841 2147483968 2147483969 2147483982 2147483987 2147484051 57 49 52 54 53 127 128 129 130 2147483760 2147483796 2147483807 2147483808 2147483841 2147483968 2147483969 2147483982 2147483987 2147484051 
2147483760 2147483648 2147483651 2147483652 2147483653 2147483654 2147483655 2147483656 2147483662 2147483663 2147483759 2147483648 2147483651 2147483652 2147483653 2147483654 2147483655 2147483656 2147483662 2147483663 2147483759 2147483796 2147483807 2147483808 2147483841 2147483968 2147483969 2147483982 2147483987 2147484051 54 49 52 57 53 127 128 129 130 2147483796 2147483807 2147483808 2147483841 2147483968 2147483969 2147483982 2147483987 2147484051 
2147483769 2147483652 2147483653 2147483655 2147483656 2147483652 2147483653 2147483655 2147483656 2147484045 2147484045 
2147483770 2147483648 2147483651 2147483652 2147483653 2147483654 2147483655 2147483656 2147483662 2147483648 2147483651 2147483652 2147483653 2147483654 2147483655 2147483656 2147483662 2147483796 2147483807 2147483808 2147483841 2147483968 2147483969 2147483982 2147483796 2147483807 2147483808 2147483841 2147483968 2147483969 2147483982 
2147483771 2147483648 2147483651 2147483652 2147483653 2147483654 2147483655 2147483656 2147483662 2147483648 2147483651 2147483652 2147483653 2147483654 2147483655 2147483656 2147483662 2147483796 2147483807 2147483808 2147483841 2147483968 2147483969 2147483982 2147483796 2147483807 2147483808 2147483841 2147483968 2147483969 2147483982 
2147483772 2147483648 2147483651 2147483652 2147483653 2147483654 2147483655 2147483656 2147483662 2147483648 2147483651 2147483652 2147483653 2147483654 2147483655 2147483656 2147483662 2147483796 2147483807 2147483808 2147483841 2147483968 2147483969 2147483982 2147483796 2147483807 2147483808 2147483841 2147483968 2147483969 2147483982 
2147483773 2147483648 2147483651 2147483652 2147483653 2147483654 2147483655 2147483656 2147483662 2147483648 2147483651 2147483652 2147483653 2147483654 2147483655 2147483656 2147483662 2147483796 2147483807 2147483808 2147483841 2147483968 2147483969 2147483982 2147483796 2147483807 2147483808 2147483841 2147483968 2147483969 2147483982 
2147483784 2147483652 2147483653 2147483655 2147483656 2147483652 2147483653 2147483655 2147483656 2147484045 2147484045 
2147483787 2147483652 2147483653 2147483655 2147483652 2147483653 2147483655 2147484045 2147484045 
2147483792 2147483652 2147483653 2147483652 2147483653 2147484045 2147484045 
2147483793 2147483652 2147483652 2147484045 2147484045 
2147483796 2147483648 2147483651 2147483652 2147483653 2147483654 2147483655 2147483656 2147483662 2147483663 2147483669 2147483677 2147483678 2147483689 2147483690 2147483702 2147483703 2147483713 2147483714 2147483744 2147483746 2147483753 2147483759 2147483760 2147483770 2147483771 2147483772 2147483773 2147483648 2147483651 2147483652 2147483653 2147483654 2147483655 2147483656 2147483662 2147483663 2147483669 2147483677 2147483678 2147483689 2147483690 2147483702 2147483703 2147483713 2147483714 2147483744 2147483746 2147483753 2147483759 2147483760 2147483770 2147483771 2147483772 2147483773 2147483801 2147483803 2147483804 2147483806 2147483807 2147483808 2147483811 2147483816 2147483819 2147483821 2147483826 2147483829 2147483832 2147483834 2147483841 2147483845 2147483847 2147483849 2147483850 2147483867 2147483869 2147483871 2147483872 2147483873 2147483874 2147483888 2147483890 2147483892 2147483893 2147483895 2147483896 2147483906 2147483907 2147483908 2147483909 2147483913 2147483915 2147483920 2147483922 2147483924 2147483926 2147483928 2147483931 2147483933 2147483938 2147483940 2147483941 2147483944 2147483964 2147483968 2147483969 2147483973 2147483975 2147483977 2147483978 2147483982 2147483987 2147483989 2147483991 2147483992 2147483993 2147484001 2147484002 2147484003 2147484014 2147484026 2147484027 2147484028 2147484029 2147484030 2147484031 2147484032 2147484033 2147484034 2147484037 2147484039 2147484041 2147484043 2147484050 2147484051 53 49 52 54 57 127 128 129 130 2147483801 2147483803 2147483804 2147483806 2147483807 2147483808 2147483811 2147483816 2147483819 2147483821 2147483826 2147483829 2147483832 2147483834 2147483841 2147483845 2147483847 2147483849 2147483850 2147483867 2147483869 2147483871 2147483872 2147483873 2147483874 2147483888 2147483890 2147483892 2147483893 2147483895 2147483896 2147483906 2147483907 2147483908 2147483909 2147483913 2147483915 2147483920 2147483922 2147483924 2147483926 2147483928 2147483931 2147483933 2147483938 2147483940 2147483941 2147483944 2147483964 2147483968 2147483969 2147483973 2147483975 2147483977 2147483978 2147483982 2147483987 2147483989 2147483991 2147483992 2147483993 2147484001 2147484002 2147484003 2147484014 2147484026 2147484027 2147484028 2147484029 2147484030 2147484031 2147484032 2147484033 2147484034 2147484037 2147484039 2147484041 2147484043 2147484050 2147484051 
2147483801 2147483648 2147483796 2147483648 2147483796 53 
2147483803 2147483648 2147483651 2147483652 2147483653 2147483654 2147483655 2147483656 2147483662 2147483796 2147483648 2147483651 2147483652 2147483653 2147483654 2147483655 2147483656 2147483662 2147483796 2147483807 2147483808 2147483841 2147483968 2147483969 2147483982 53 2147483807 2147483808 2147483841 2147483968 2147483969 2147483982 
2147483804 2147483648 2147483651 2147483652 2147483653 2147483654 2147483655 2147483656 2147483662 2147483796 2147483648 2147483651 2147483652 2147483653 2147483654 2147483655 2147483656 2147483662 2147483796 2147483807 2147483808 2147483841 2147483968 2147483969 2147483982 2147483807 2147483808 2147483841 2147483968 2147483969 2147483982 
2147483806 2147483648 2147483651 2147483652 2147483653 2147483654 2147483655 2147483656 2147483662 2147483796 2147483648 2147483651 2147483652 2147483653 2147483654 2147483655 2147483656 2147483662 2147483796 2147483807 2147483808 2147483841 2147483968 2147483969 2147483982 2147483807 2147483808 2147483841 2147483968 2147483969 2147483982 
2147483807 2147483648 2147483651 2147483652 2147483653 2147483654 2147483655 2147483656 2147483662 2147483663 2147483669 2147483677 2147483678 2147483689 2147483690 2147483702 2147483703 2147483713 2147483714 2147483744 2147483746 2147483753 2147483759 2147483760 2147483770 2147483771 2147483772 2147483773 2147483796 2147483803 2147483804 2147483806 2147483648 2147483651 2147483652 2147483653 2147483654 2147483655 2147483656 2147483662 2147483663 2147483669 2147483677 2147483678 2147483689 2147483690 2147483702 2147483703 2147483713 2147483714 2147483744 2147483746 2147483753 2147483759 2147483760 2147483770 2147483771 2147483772 2147483773 2147483796 2147483803 2147483804 2147483806 2147483808 2147483811 2147483816 2147483819 2147483821 2147483826 2147483829 2147483832 2147483834 2147483841 2147483845 2147483847 2147483849 2147483850 2147483867 2147483869 2147483871 2147483872 2147483873 2147483874 2147483888 2147483890 2147483892 2147483893 2147483895 2147483896 2147483906 2147483907 2147483908 2147483909 2147483913 2147483915 2147483920 2147483922 2147483924 2147483926 2147483928 2147483931 2147483933 2147483938 2147483940 2147483941 2147483944 2147483964 2147483968 2147483969 2147483973 2147483975 2147483977 2147483978 2147483982 2147483987 2147483989 2147483991 2147483992 2147483993 2147484001 2147484002 2147484003 2147484014 2147484037 2147484039 2147484041 2147484043 2147484050 2147484051 57 49 52 54 53 127 128 129 130 2147483808 2147483811 2147483816 2147483819 2147483821 2147483826 2147483829 2147483832 2147483834 2147483841 2147483845 2147483847 2147483849 2147483850 2147483867 2147483869 2147483871 2147483872 2147483873 2147483874 2147483888 2147483890 2147483892 2147483893 2147483895 2147483896 2147483906 2147483907 2147483908 2147483909 2147483913 2147483915 2147483920 2147483922 2147483924 2147483926 2147483928 2147483931 2147483933 2147483938 2147483940 2147483941 2147483944 2147483964 2147483968 2147483969 2147483973 2147483975 2147483977 2147483978 2147483982 2147483987 2147483989 2147483991 2147483992 2147483993 2147484001 2147484002 2147484003 2147484014 2147484037 2147484039 2147484041 2147484043 2147484050 2147484051 
2147483808 2147483648 2147483651 2147483652 2147483653 2147483654 2147483655 2147483656 2147483662 2147483663 2147483669 2147483677 2147483678 2147483689 2147483690 2147483702 2147483703 2147483713 2147483714 2147483744 2147483746 2147483753 2147483759 2147483760 2147483770 2147483771 2147483772 2147483773 2147483796 2147483803 2147483804 2147483806 2147483807 2147483648 2147483651 2147483652 2147483653 2147483654 2147483655 2147483656 2147483662 2147483663 2147483669 2147483677 2147483678 2147483689 2147483690 2147483702 2147483703 2147483713 2147483714 2147483744 2147483746 2147483753 2147483759 2147483760 2147483770 2147483771 2147483772 2147483773 2147483796 2147483803 2147483804 2147483806 2147483807 2147483811 2147483816 2147483819 2147483821 2147483826 2147483829 2147483832 2147483834 2147483841 2147483845 2147483847 2147483849 2147483850 2147483867 2147483869 2147483871 2147483872 2147483873 2147483874 2147483888 2147483890 2147483892 2147483893 2147483895 2147483896 2147483906 2147483907 2147483908 2147483909 2147483913 2147483915 2147483920 2147483922 2147483924 2147483926 2147483928 2147483931 2147483933 2147483938 2147483940 2147483941 2147483944 2147483964 2147483968 2147483969 2147483973 2147483975 2147483977 2147483978 2147483982 2147483987 2147483989 2147483991 2147483992 2147483993 2147484001 2147484002 2147484003 2147484014 2147484037 2147484039 2147484041 2147484043 2147484050 2147484051 54 49 52 57 53 127 128 129 130 2147483811 2147483816 2147483819 2147483821 2147483826 2147483829 2147483832 2147483834 2147483841 2147483845 2147483847 2147483849 2147483850 2147483867 2147483869 2147483871 2147483872 2147483873 2147483874 2147483888 2147483890 2147483892 2147483893 2147483895 2147483896 2147483906 2147483907 2147483908 2147483909 2147483913 2147483915 2147483920 2147483922 2147483924 2147483926 2147483928 2147483931 2147483933 2147483938 2147483940 2147483941 2147483944 2147483964 2147483968 2147483969 2147483973 2147483975 2147483977 2147483978 2147483982 2147483987 2147483989 2147483991 2147483992 2147483993 2147484001 2147484002 2147484003 2147484014 2147484037 2147484039 2147484041 2147484043 2147484050 2147484051 
2147483811 2147483648 2147483651 2147483652 2147483653 2147483654 2147483655 2147483656 2147483662 2147483796 2147483807 2147483808 2147483648 2147483651 2147483652 2147483653 2147483654 2147483655 2147483656 2147483662 2147483796 2147483807 2147483808 2147483841 2147483968 2147483969 2147483982 53 2147483841 2147483968 2147483969 2147483982 
2147483816 2147483648 2147483651 2147483652 2147483653 2147483654 2147483655 2147483656 2147483662 2147483669 2147483796 2147483807 2147483808 2147483648 2147483651 2147483652 2147483653 2147483654 2147483655 2147483656 2147483662 2147483669 2147483796 2147483807 2147483808 2147483841 2147483968 2147483969 2147483982 53 2147483841 2147483968 2147483969 2147483982 
2147483819 2147483648 2147483651 2147483652 2147483653 2147483654 2147483655 2147483656 2147483662 2147483669 2147483796 2147483807 2147483808 2147483648 2147483651 2147483652 2147483653 2147483654 2147483655 2147483656 2147483662 2147483669 2147483796 2147483807 2147483808 2147483841 2147483968 2147483969 2147483982 2147483841 2147483968 2147483969 2147483982 
2147483821 2147483648 2147483651 2147483652 2147483653 2147483654 2147483655 2147483656 2147483662 2147483669 2147483796 2147483807 2147483808 2147483648 2147483651 2147483652 2147483653 2147483654 2147483655 2147483656 2147483662 2147483669 2147483796 2147483807 2147483808 2147483841 2147483968 2147483969 2147483982 53 2147483841 2147483968 2147483969 2147483982 
2147483826 2147483648 2147483651 2147483652 2147483653 2147483654 2147483655 2147483656 2147483662 2147483669 2147483796 2147483807 2147483808 2147483648 2147483651 2147483652 2147483653 2147483654 2147483655 2147483656 2147483662 2147483669 2147483796 2147483807 2147483808 2147483841 2147483968 2147483969 2147483982 57 53 2147483841 2147483968 2147483969 2147483982 
2147483829 2147483648 2147483651 2147483652 2147483653 2147483654 2147483655 2147483656 2147483662 2147483669 2147483677 2147483678 2147483689 2147483690 2147483796 2147483807 2147483808 2147483648 2147483651 2147483652 2147483653 2147483654 2147483655 2147483656 2147483662 2147483669 2147483677 2147483678 2147483689 2147483690 2147483796 2147483807 2147483808 2147483832 2147483834 2147483841 2147483845 2147483847 2147483849 2147483850 2147483867 2147483869 2147483871 2147483872 2147483873 2147483874 2147483968 2147483969 2147483982 2147484037 2147484039 49 53 57 52 54 127 128 129 130 2147483832 2147483834 2147483841 2147483845 2147483847 2147483849 2147483850 2147483867 2147483869 2147483871 2147483872 2147483873 2147483874 2147483968 2147483969 2147483982 2147484037 2147484039 
2147483832 2147483648 2147483651 2147483652 2147483653 2147483654 2147483655 2147483656 2147483662 2147483669 2147483796 2147483807 2147483808 2147483829 2147483648 2147483651 2147483652 2147483653 2147483654 2147483655 2147483656 2147483662 2147483669 2147483796 2147483807 2147483808 2147483829 2147483841 2147483968 2147483969 2147483982 53 2147483841 2147483968 2147483969 2147483982 
2147483834 2147483648 2147483651 2147483652 2147483653 2147483654 2147483655 2147483656 2147483662 2147483669 2147483677 2147483678 2147483689 2147483690 2147483702 2147483703 2147483713 2147483714 2147483744 2147483796 2147483807 2147483808 2147483829 2147483648 2147483651 2147483652 2147483653 2147483654 2147483655 2147483656 2147483662 2147483669 2147483677 2147483678 2147483689 2147483690 2147483702 2147483703 2147483713 2147483714 2147483744 2147483796 2147483807 2147483808 2147483829 2147483841 2147483845 2147483847 2147483849 2147483850 2147483867 2147483869 2147483871 2147483872 2147483873 2147483874 2147483888 2147483890 2147483892 2147483893 2147483895 2147483896 2147483906 2147483907 2147483908 2147483909 2147483913 2147483915 2147483920 2147483922 2147483924 2147483926 2147483928 2147483931 2147483933 2147483938 2147483940 2147483941 2147483944 2147483968 2147483969 2147483982 2147484037 2147484039 2147484041 2147484043 53 49 57 52 54 127 128 129 130 2147483841 2147483845 2147483847 2147483849 2147483850 2147483867 2147483869 2147483871 2147483872 2147483873 2147483874 2147483888 2147483890 2147483892 2147483893 2147483895 2147483896 2147483906 2147483907 2147483908 2147483909 2147483913 2147483915 2147483920 2147483922 2147483924 2147483926 2147483928 2147483931 2147483933 2147483938 2147483940 2147483941 2147483944 2147483968 2147483969 2147483982 2147484037 2147484039 2147484041 2147484043 
2147483841 2147483648 2147483651 2147483652 2147483653 2147483654 2147483655 2147483656 2147483662 2147483663 2147483669 2147483677 2147483678 2147483689 2147483690 2147483702 2147483703 2147483713 2147483714 2147483744 2147483746 2147483753 2147483759 2147483760 2147483770 2147483771 2147483772 2147483773 2147483796 2147483803 2147483804 2147483806 2147483807 2147483808 2147483811 2147483816 2147483819 2147483821 2147483826 2147483829 2147483832 2147483834 2147483648 2147483651 2147483652 2147483653 2147483654 2147483655 2147483656 2147483662 2147483663 2147483669 2147483677 2147483678 2147483689 2147483690 2147483702 2147483703 2147483713 2147483714 2147483744 2147483746 2147483753 2147483759 2147483760 2147483770 2147483771 2147483772 2147483773 2147483796 2147483803 2147483804 2147483806 2147483807 2147483808 2147483811 2147483816 2147483819 2147483821 2147483826 2147483829 2147483832 2147483834 2147483845 2147483847 2147483849 2147483850 2147483867 2147483869 2147483871 2147483872 2147483873 2147483874 2147483888 2147483890 2147483892 2147483893 2147483895 2147483896 2147483906 2147483907 2147483908 2147483909 2147483913 2147483915 2147483920 2147483922 2147483924 2147483926 2147483928 2147483931 2147483933 2147483938 2147483940 2147483941 2147483944 2147483964 2147483968 2147483969 2147483973 2147483975 2147483977 2147483978 2147483982 2147483987 2147483989 2147483991 2147483992 2147483993 2147484001 2147484002 2147484003 2147484014 2147484037 2147484039 2147484041 2147484043 2147484050 2147484051 57 49 52 54 53 127 128 129 130 2147483845 2147483847 2147483849 2147483850 2147483867 2147483869 2147483871 2147483872 2147483873 2147483874 2147483888 2147483890 2147483892 2147483893 2147483895 2147483896 2147483906 2147483907 2147483908 2147483909 2147483913 2147483915 2147483920 2147483922 2147483924 2147483926 2147483928 2147483931 2147483933 2147483938 2147483940 2147483941 2147483944 2147483964 2147483968 2147483969 2147483973 2147483975 2147483977 2147483978 2147483982 2147483987 2147483989 2147483991 2147483992 2147483993 2147484001 2147484002 2147484003 2147484014 2147484037 2147484039 2147484041 2147484043 2147484050 2147484051 
2147483845 2147483648 2147483651 2147483652 2147483653 2147483654 2147483655 2147483656 2147483662 2147483669 2147483677 2147483678 2147483796 2147483807 2147483808 2147483829 2147483834 2147483841 2147483648 2147483651 2147483652 2147483653 2147483654 2147483655 2147483656 2147483662 2147483669 2147483677 2147483678 2147483796 2147483807 2147483808 2147483829 2147483834 2147483841 2147483968 2147483969 2147483982 2147484037 2147483968 2147483969 2147483982 2147484037 
2147483847 2147483648 2147483651 2147483652 2147483653 2147483654 2147483655 2147483656 2147483662 2147483669 2147483796 2147483807 2147483808 2147483829 2147483834 2147483841 2147483648 2147483651 2147483652 2147483653 2147483654 2147483655 2147483656 2147483662 2147483669 2147483796 2147483807 2147483808 2147483829 2147483834 2147483841 2147483968 2147483969 2147483982 2147484037 2147483968 2147483969 2147483982 2147484037 
2147483849 2147483648 2147483651 2147483652 2147483653 2147483654 2147483655 2147483656 2147483662 2147483669 2147483796 2147483807 2147483808 2147483829 2147483834 2147483841 2147483648 2147483651 2147483652 2147483653 2147483654 2147483655 2147483656 2147483662 2147483669 2147483796 2147483807 2147483808 2147483829 2147483834 2147483841 2147483850 2147483968 2147483969 2147483982 2147483850 2147483968 2147483969 2147483982 
2147483850 2147483648 2147483651 2147483652 2147483653 2147483654 2147483655 2147483656 2147483662 2147483669 2147483796 2147483807 2147483808 2147483829 2147483834 2147483841 2147483849 2147483648 2147483651 2147483652 2147483653 2147483654 2147483655 2147483656 2147483662 2147483669 2147483796 2147483807 2147483808 2147483829 2147483834 2147483841 2147483849 2147483968 2147483969 2147483982 2147483968 2147483969 2147483982 
2147483867 2147483648 2147483651 2147483652 2147483653 2147483654 2147483655 2147483656 2147483662 2147483669 2147483689 2147483690 2147483796 2147483807 2147483808 2147483829 2147483834 2147483841 2147483648 2147483651 2147483652 2147483653 2147483654 2147483655 2147483656 2147483662 2147483669 2147483689 2147483690 2147483796 2147483807 2147483808 2147483829 2147483834 2147483841 2147483968 2147483969 2147483982 2147484039 2147483968 2147483969 2147483982 2147484039 
2147483869 2147483648 2147483651 2147483652 2147483653 2147483654 2147483655 2147483656 2147483662 2147483669 2147483796 2147483807 2147483808 2147483829 2147483834 2147483841 2147483648 2147483651 2147483652 2147483653 2147483654 2147483655 2147483656 2147483662 2147483669 2147483796 2147483807 2147483808 2147483829 2147483834 2147483841 2147483968 2147483969 2147483982 2147484039 2147483968 2147483969 2147483982 2147484039 
2147483871 2147483648 2147483651 2147483652 2147483653 2147483654 2147483655 2147483656 2147483662 2147483669 2147483796 2147483807 2147483808 2147483829 2147483834 2147483841 2147483648 2147483651 2147483652 2147483653 2147483654 2147483655 2147483656 2147483662 2147483669 2147483796 2147483807 2147483808 2147483829 2147483834 2147483841 2147483872 2147483968 2147483969 2147483982 2147483872 2147483968 2147483969 2147483982 
2147483872 2147483648 2147483651 2147483652 2147483653 2147483654 2147483655 2147483656 2147483662 2147483669 2147483796 2147483807 2147483808 2147483829 2147483834 2147483841 2147483871 2147483648 2147483651 2147483652 2147483653 2147483654 2147483655 2147483656 2147483662 2147483669 2147483796 2147483807 2147483808 2147483829 2147483834 2147483841 2147483871 2147483968 2147483969 2147483982 2147483968 2147483969 2147483982 
2147483873 2147483648 2147483651 2147483652 2147483653 2147483654 2147483655 2147483656 2147483662 2147483669 2147483796 2147483807 2147483808 2147483829 2147483834 2147483841 2147483648 2147483651 2147483652 2147483653 2147483654 2147483655 2147483656 2147483662 2147483669 2147483796 2147483807 2147483808 2147483829 2147483834 2147483841 2147483874 2147483968 2147483969 2147483982 57 53 2147483874 2147483968 2147483969 2147483982 
2147483874 2147483648 2147483651 2147483652 2147483653 2147483654 2147483655 2147483656 2147483662 2147483669 2147483796 2147483807 2147483808 2147483829 2147483834 2147483841 2147483873 2147483648 2147483651 2147483652 2147483653 2147483654 2147483655 2147483656 2147483662 2147483669 2147483796 2147483807 2147483808 2147483829 2147483834 2147483841 2147483873 2147483968 2147483969 2147483982 2147483968 2147483969 2147483982 
2147483888 2147483648 2147483651 2147483652 2147483653 2147483654 2147483655 2147483656 2147483662 2147483669 2147483702 2147483703 2147483796 2147483807 2147483808 2147483834 2147483841 2147483648 2147483651 2147483652 2147483653 2147483654 2147483655 2147483656 2147483662 2147483669 2147483702 2147483703 2147483796 2147483807 2147483808 2147483834 2147483841 2147483968 2147483969 2147483982 2147484041 2147483968 2147483969 2147483982 2147484041 
2147483890 2147483648 2147483651 2147483652 2147483653 2147483654 2147483655 2147483656 2147483662 2147483669 2147483796 2147483807 2147483808 2147483834 2147483841 2147483648 2147483651 2147483652 2147483653 2147483654 2147483655 2147483656 2147483662 2147483669 2147483796 2147483807 2147483808 2147483834 2147483841 2147483968 2147483969 2147483982 2147484041 2147483968 2147483969 2147483982 2147484041 
2147483892 2147483648 2147483651 2147483652 2147483653 2147483654 2147483655 2147483656 2147483662 2147483669 2147483796 2147483807 2147483808 2147483834 2147483841 2147483648 2147483651 2147483652 2147483653 2147483654 2147483655 2147483656 2147483662 2147483669 2147483796 2147483807 2147483808 2147483834 2147483841 2147483893 2147483968 2147483969 2147483982 2147483893 2147483968 2147483969 2147483982 
2147483893 2147483648 2147483651 2147483652 2147483653 2147483654 2147483655 2147483656 2147483662 2147483669 2147483796 2147483807 2147483808 2147483834 2147483841 2147483892 2147483648 2147483651 2147483652 2147483653 2147483654 2147483655 2147483656 2147483662 2147483669 2147483796 2147483807 2147483808 2147483834 2147483841 2147483892 2147483968 2147483969 2147483982 2147483968 2147483969 2147483982 
2147483895 2147483648 2147483651 2147483652 2147483653 2147483654 2147483655 2147483656 2147483662 2147483669 2147483796 2147483807 2147483808 2147483834 2147483841 2147483648 2147483651 2147483652 2147483653 2147483654 2147483655 2147483656 2147483662 2147483669 2147483796 2147483807 2147483808 2147483834 2147483841 2147483896 2147483968 2147483969 2147483982 2147483896 2147483968 2147483969 2147483982 
2147483896 2147483648 2147483651 2147483652 2147483653 2147483654 2147483655 2147483656 2147483662 2147483669 2147483796 2147483807 2147483808 2147483834 2147483841 2147483895 2147483648 2147483651 2147483652 2147483653 2147483654 2147483655 2147483656 2147483662 2147483669 2147483796 2147483807 2147483808 2147483834 2147483841 2147483895 2147483968 2147483969 2147483982 2147483968 2147483969 2147483982 
2147483906 2147483648 2147483651 2147483652 2147483653 2147483654 2147483655 2147483656 2147483662 2147483669 2147483796 2147483807 2147483808 2147483834 2147483841 2147483648 2147483651 2147483652 2147483653 2147483654 2147483655 2147483656 2147483662 2147483669 2147483796 2147483807 2147483808 2147483834 2147483841 2147483907 2147483908 2147483909 2147483968 2147483969 2147483982 52 53 49 54 57 127 128 129 130 2147483907 2147483908 2147483909 2147483968 2147483969 2147483982 
2147483907 2147483648 2147483651 2147483652 2147483653 2147483654 2147483655 2147483656 2147483662 2147483669 2147483796 2147483807 2147483808 2147483834 2147483841 2147483906 2147483648 2147483651 2147483652 2147483653 2147483654 2147483655 2147483656 2147483662 2147483669 2147483796 2147483807 2147483808 2147483834 2147483841 2147483906 2147483908 2147483909 2147483968 2147483969 2147483982 53 49 52 54 57 127 128 129 130 2147483908 2147483909 2147483968 2147483969 2147483982 
2147483908 2147483648 2147483651 2147483652 2147483653 2147483654 2147483655 2147483656 2147483662 2147483669 2147483796 2147483807 2147483808 2147483834 2147483841 2147483906 2147483907 2147483648 2147483651 2147483652 2147483653 2147483654 2147483655 2147483656 2147483662 2147483669 2147483796 2147483807 2147483808 2147483834 2147483841 2147483906 2147483907 2147483909 2147483968 2147483969 2147483982 54 49 52 57 53 127 128 129 130 2147483909 2147483968 2147483969 2147483982 
2147483909 2147483648 2147483651 2147483652 2147483653 2147483654 2147483655 2147483656 2147483662 2147483669 2147483796 2147483807 2147483808 2147483834 2147483841 2147483906 2147483907 2147483908 2147483648 2147483651 2147483652 2147483653 2147483654 2147483655 2147483656 2147483662 2147483669 2147483796 2147483807 2147483808 2147483834 2147483841 2147483906 2147483907 2147483908 2147483968 2147483969 2147483982 52 54 57 53 2147483968 2147483969 2147483982 
2147483913 2147483648 2147483651 2147483652 2147483653 2147483654 2147483655 2147483656 2147483662 2147483669 2147483796 2147483807 2147483808 2147483834 2147483841 2147483648 2147483651 2147483652 2147483653 2147483654 2147483655 2147483656 2147483662 2147483669 2147483796 2147483807 2147483808 2147483834 2147483841 2147483968 2147483969 2147483982 57 53 2147483968 2147483969 2147483982 
2147483915 2147483648 2147483651 2147483652 2147483653 2147483654 2147483655 2147483656 2147483662 2147483669 2147483796 2147483807 2147483808 2147483834 2147483841 2147483648 2147483651 2147483652 2147483653 2147483654 2147483655 2147483656 2147483662 2147483669 2147483796 2147483807 2147483808 2147483834 2147483841 2147483968 2147483969 2147483982 53 2147483968 2147483969 2147483982 
2147483920 2147483648 2147483651 2147483652 2147483653 2147483654 2147483655 2147483656 2147483662 2147483669 2147483796 2147483807 2147483808 2147483834 2147483841 2147483648 2147483651 2147483652 2147483653 2147483654 2147483655 2147483656 2147483662 2147483669 2147483796 2147483807 2147483808 2147483834 2147483841 2147483968 2147483969 2147483982 2147484043 53 2147483968 2147483969 2147483982 2147484043 
2147483922 2147483648 2147483651 2147483652 2147483653 2147483654 2147483655 2147483656 2147483662 2147483669 2147483796 2147483807 2147483808 2147483834 2147483841 2147483648 2147483651 2147483652 2147483653 2147483654 2147483655 2147483656 2147483662 2147483669 2147483796 2147483807 2147483808 2147483834 2147483841 2147483968 2147483969 2147483982 2147484043 2147483968 2147483969 2147483982 2147484043 
2147483924 2147483648 2147483651 2147483652 2147483653 2147483654 2147483655 2147483656 2147483662 2147483669 2147483796 2147483807 2147483808 2147483834 2147483841 2147483648 2147483651 2147483652 2147483653 2147483654 2147483655 2147483656 2147483662 2147483669 2147483796 2147483807 2147483808 2147483834 2147483841 2147483968 2147483969 2147483982 2147484043 53 2147483968 2147483969 2147483982 2147484043 
2147483926 2147483648 2147483651 2147483652 2147483653 2147483654 2147483655 2147483656 2147483662 2147483669 2147483796 2147483807 2147483808 2147483834 2147483841 2147483648 2147483651 2147483652 2147483653 2147483654 2147483655 2147483656 2147483662 2147483669 2147483796 2147483807 2147483808 2147483834 2147483841 2147483968 2147483969 2147483982 2147484043 2147483968 2147483969 2147483982 2147484043 
2147483928 2147483648 2147483651 2147483652 2147483653 2147483654 2147483655 2147483656 2147483662 2147483669 2147483796 2147483807 2147483808 2147483834 2147483841 2147483648 2147483651 2147483652 2147483653 2147483654 2147483655 2147483656 2147483662 2147483669 2147483796 2147483807 2147483808 2147483834 2147483841 2147483968 2147483969 2147483982 2147484043 53 2147483968 2147483969 2147483982 2147484043 
2147483931 2147483648 2147483651 2147483652 2147483653 2147483654 2147483655 2147483656 2147483662 2147483669 2147483744 2147483796 2147483807 2147483808 2147483834 2147483841 2147483648 2147483651 2147483652 2147483653 2147483654 2147483655 2147483656 2147483662 2147483669 2147483744 2147483796 2147483807 2147483808 2147483834 2147483841 2147483968 2147483969 2147483982 2147484043 57 53 2147483968 2147483969 2147483982 2147484043 
2147483933 2147483648 2147483651 2147483652 2147483653 2147483654 2147483655 2147483656 2147483662 2147483669 2147483796 2147483807 2147483808 2147483834 2147483841 2147483648 2147483651 2147483652 2147483653 2147483654 2147483655 2147483656 2147483662 2147483669 2147483796 2147483807 2147483808 2147483834 2147483841 2147483968 2147483969 2147483982 2147484043 53 2147483968 2147483969 2147483982 2147484043 
2147483938 2147483648 2147483651 2147483652 2147483653 2147483654 2147483655 2147483656 2147483662 2147483669 2147483796 2147483807 2147483808 2147483834 2147483841 2147483648 2147483651 2147483652 2147483653 2147483654 2147483655 2147483656 2147483662 2147483669 2147483796 2147483807 2147483808 2147483834 2147483841 2147483968 2147483969 2147483982 53 2147483968 2147483969 2147483982 
2147483940 2147483648 2147483651 2147483652 2147483653 2147483654 2147483655 2147483656 2147483662 2147483669 2147483746 2147483796 2147483807 2147483808 2147483834 2147483841 2147483648 2147483651 2147483652 2147483653 2147483654 2147483655 2147483656 2147483662 2147483669 2147483746 2147483796 2147483807 2147483808 2147483834 2147483841 2147483941 2147483944 2147483968 2147483969 2147483982 49 52 54 57 53 127 128 129 130 2147483941 2147483944 2147483968 2147483969 2147483982 
2147483941 2147483648 2147483651 2147483652 2147483653 2147483654 2147483655 2147483656 2147483662 2147483669 2147483796 2147483807 2147483808 2147483834 2147483841 2147483940 2147483648 2147483651 2147483652 2147483653 2147483654 2147483655 2147483656 2147483662 2147483669 2147483796 2147483807 2147483808 2147483834 2147483841 2147483940 2147483968 2147483969 2147483982 57 53 2147483968 2147483969 2147483982 
2147483944 2147483648 2147483651 2147483652 2147483653 2147483654 2147483655 2147483656 2147483662 2147483669 2147483796 2147483807 2147483808 2147483834 2147483841 2147483940 2147483648 2147483651 2147483652 2147483653 2147483654 2147483655 2147483656 2147483662 2147483669 2147483796 2147483807 2147483808 2147483834 2147483841 2147483940 2147483968 2147483969 2147483982 57 53 2147483968 2147483969 2147483982 
2147483964 2147483648 2147483651 2147483652 2147483653 2147483654 2147483655 2147483656 2147483662 2147483663 2147483753 2147483796 2147483807 2147483808 2147483841 2147483648 2147483651 2147483652 2147483653 2147483654 2147483655 2147483656 2147483662 2147483663 2147483753 2147483796 2147483807 2147483808 2147483841 2147483968 2147483969 2147483973 2147483982 2147484050 49 54 52 57 53 127 128 129 130 2147483968 2147483969 2147483973 2147483982 2147484050 
2147483968 2147483648 2147483651 2147483652 2147483653 2147483654 2147483655 2147483656 2147483662 2147483663 2147483669 2147483677 2147483678 2147483689 2147483690 2147483702 2147483703 2147483713 2147483714 2147483744 2147483746 2147483753 2147483759 2147483760 2147483770 2147483771 2147483772 2147483773 2147483796 2147483803 2147483804 2147483806 2147483807 2147483808 2147483811 2147483816 2147483819 2147483821 2147483826 2147483829 2147483832 2147483834 2147483841 2147483845 2147483847 2147483849 2147483850 2147483867 2147483869 2147483871 2147483872 2147483873 2147483874 2147483888 2147483890 2147483892 2147483893 2147483895 2147483896 2147483906 2147483907 2147483908 2147483909 2147483913 2147483915 2147483920 2147483922 2147483924 2147483926 2147483928 2147483931 2147483933 2147483938 2147483940 2147483941 2147483944 2147483964 2147483648 2147483651 2147483652 2147483653 2147483654 2147483655 2147483656 2147483662 2147483663 2147483669 2147483677 2147483678 2147483689 2147483690 2147483702 2147483703 2147483713 2147483714 2147483744 2147483746 2147483753 2147483759 2147483760 2147483770 2147483771 2147483772 2147483773 2147483796 2147483803 2147483804 2147483806 2147483807 2147483808 2147483811 2147483816 2147483819 2147483821 2147483826 2147483829 2147483832 2147483834 2147483841 2147483845 2147483847 2147483849 2147483850 2147483867 2147483869 2147483871 2147483872 2147483873 2147483874 2147483888 2147483890 2147483892 2147483893 2147483895 2147483896 2147483906 2147483907 2147483908 2147483909 2147483913 2147483915 2147483920 2147483922 2147483924 2147483926 2147483928 2147483931 2147483933 2147483938 2147483940 2147483941 2147483944 2147483964 2147483969 2147483973 2147483975 2147483977 2147483978 2147483982 2147483987 2147483989 2147483991 2147483992 2147483993 2147484001 2147484002 2147484003 2147484014 2147484037 2147484039 2147484041 2147484043 2147484050 2147484051 53 49 52 54 57 127 128 129 130 2147483969 2147483973 2147483975 2147483977 2147483978 2147483982 2147483987 2147483989 2147483991 2147483992 2147483993 2147484001 2147484002 2147484003 2147484014 2147484037 2147484039 2147484041 2147484043 2147484050 2147484051 
2147483969 2147483648 2147483651 2147483652 2147483653 2147483654 2147483655 2147483656 2147483662 2147483663 2147483669 2147483677 2147483678 2147483689 2147483690 2147483702 2147483703 2147483713 2147483714 2147483744 2147483746 2147483753 2147483759 2147483760 2147483770 2147483771 2147483772 2147483773 2147483796 2147483803 2147483804 2147483806 2147483807 2147483808 2147483811 2147483816 2147483819 2147483821 2147483826 2147483829 2147483832 2147483834 2147483841 2147483845 2147483847 2147483849 2147483850 2147483867 2147483869 2147483871 2147483872 2147483873 2147483874 2147483888 2147483890 2147483892 2147483893 2147483895 2147483896 2147483906 2147483907 2147483908 2147483909 2147483913 2147483915 2147483920 2147483922 2147483924 2147483926 2147483928 2147483931 2147483933 2147483938 2147483940 2147483941 2147483944 2147483964 2147483968 2147483648 2147483651 2147483652 2147483653 2147483654 2147483655 2147483656 2147483662 2147483663 2147483669 2147483677 2147483678 2147483689 2147483690 2147483702 2147483703 2147483713 2147483714 2147483744 2147483746 2147483753 2147483759 2147483760 2147483770 2147483771 2147483772 2147483773 2147483796 2147483803 2147483804 2147483806 2147483807 2147483808 2147483811 2147483816 2147483819 2147483821 2147483826 2147483829 2147483832 2147483834 2147483841 2147483845 2147483847 2147483849 2147483850 2147483867 2147483869 2147483871 2147483872 2147483873 2147483874 2147483888 2147483890 2147483892 2147483893 2147483895 2147483896 2147483906 2147483907 2147483908 2147483909 2147483913 2147483915 2147483920 2147483922 2147483924 2147483926 2147483928 2147483931 2147483933 2147483938 2147483940 2147483941 2147483944 2147483964 2147483968 2147483973 2147483975 2147483977 2147483978 2147483982 2147483987 2147483989 2147483991 2147483992 2147483993 2147484001 2147484002 2147484003 2147484014 2147484037 2147484039 2147484041 2147484043 2147484050 2147484051 53 57 49 52 54 127 128 129 130 2147483973 2147483975 2147483977 2147483978 2147483982 2147483987 2147483989 2147483991 2147483992 2147483993 2147484001 2147484002 2147484003 2147484014 2147484037 2147484039 2147484041 2147484043 2147484050 2147484051 
2147483973 2147483648 2147483651 2147483652 2147483653 2147483654 2147483655 2147483656 2147483662 2147483663 2147483753 2147483796 2147483807 2147483808 2147483841 2147483964 2147483968 2147483969 2147483648 2147483651 2147483652 2147483653 2147483654 2147483655 2147483656 2147483662 2147483663 2147483753 2147483796 2147483807 2147483808 2147483841 2147483964 2147483968 2147483969 2147483982 2147484050 2147483982 2147484050 
2147483975 2147483648 2147483651 2147483652 2147483653 2147483654 2147483655 2147483656 2147483662 2147483663 2147483796 2147483807 2147483808 2147483841 2147483968 2147483969 2147483648 2147483651 2147483652 2147483653 2147483654 2147483655 2147483656 2147483662 2147483663 2147483796 2147483807 2147483808 2147483841 2147483968 2147483969 2147483982 2147484050 2147483982 2147484050 
2147483977 2147483648 2147483651 2147483652 2147483653 2147483654 2147483655 2147483656 2147483662 2147483663 2147483796 2147483807 2147483808 2147483841 2147483968 2147483969 2147483648 2147483651 2147483652 2147483653 2147483654 2147483655 2147483656 2147483662 2147483663 2147483796 2147483807 2147483808 2147483841 2147483968 2147483969 2147483978 2147483982 2147483978 2147483982 
2147483978 2147483648 2147483651 2147483652 2147483653 2147483654 2147483655 2147483656 2147483662 2147483663 2147483796 2147483807 2147483808 2147483841 2147483968 2147483969 2147483977 2147483648 2147483651 2147483652 2147483653 2147483654 2147483655 2147483656 2147483662 2147483663 2147483796 2147483807 2147483808 2147483841 2147483968 2147483969 2147483977 2147483982 2147483982 
2147483982 2147483648 2147483651 2147483652 2147483653 2147483654 2147483655 2147483656 2147483662 2147483663 2147483669 2147483677 2147483678 2147483689 2147483690 2147483702 2147483703 2147483713 2147483714 2147483744 2147483746 2147483753 2147483759 2147483760 2147483770 2147483771 2147483772 2147483773 2147483796 2147483803 2147483804 2147483806 2147483807 2147483808 2147483811 2147483816 2147483819 2147483821 2147483826 2147483829 2147483832 2147483834 2147483841 2147483845 2147483847 2147483849 2147483850 2147483867 2147483869 2147483871 2147483872 2147483873 2147483874 2147483888 2147483890 2147483892 2147483893 2147483895 2147483896 2147483906 2147483907 2147483908 2147483909 2147483913 2147483915 2147483920 2147483922 2147483924 2147483926 2147483928 2147483931 2147483933 2147483938 2147483940 2147483941 2147483944 2147483964 2147483968 2147483969 2147483973 2147483975 2147483977 2147483978 2147483648 2147483651 2147483652 2147483653 2147483654 2147483655 2147483656 2147483662 2147483663 2147483669 2147483677 2147483678 2147483689 2147483690 2147483702 2147483703 2147483713 2147483714 2147483744 2147483746 2147483753 2147483759 2147483760 2147483770 2147483771 2147483772 2147483773 2147483796 2147483803 2147483804 2147483806 2147483807 2147483808 2147483811 2147483816 2147483819 2147483821 2147483826 2147483829 2147483832 2147483834 2147483841 2147483845 2147483847 2147483849 2147483850 2147483867 2147483869 2147483871 2147483872 2147483873 2147483874 2147483888 2147483890 2147483892 2147483893 2147483895 2147483896 2147483906 2147483907 2147483908 2147483909 2147483913 2147483915 2147483920 2147483922 2147483924 2147483926 2147483928 2147483931 2147483933 2147483938 2147483940 2147483941 2147483944 2147483964 2147483968 2147483969 2147483973 2147483975 2147483977 2147483978 2147483987 2147483989 2147483991 2147483992 2147483993 2147484001 2147484002 2147484003 2147484014 2147484037 2147484039 2147484041 2147484043 2147484050 2147484051 53 49 52 54 57 127 128 129 130 2147483987 2147483989 2147483991 2147483992 2147483993 2147484001 2147484002 2147484003 2147484014 2147484037 2147484039 2147484041 2147484043 2147484050 2147484051 
2147483987 2147483648 2147483651 2147483652 2147483653 2147483654 2147483655 2147483656 2147483662 2147483663 2147483759 2147483760 2147483796 2147483807 2147483808 2147483841 2147483968 2147483969 2147483982 2147483648 2147483651 2147483652 2147483653 2147483654 2147483655 2147483656 2147483662 2147483663 2147483759 2147483760 2147483796 2147483807 2147483808 2147483841 2147483968 2147483969 2147483982 2147484051 2147484051 
2147483989 2147483648 2147483651 2147483652 2147483653 2147483654 2147483655 2147483656 2147483662 2147483663 2147483796 2147483807 2147483808 2147483841 2147483968 2147483969 2147483982 2147483648 2147483651 2147483652 2147483653 2147483654 2147483655 2147483656 2147483662 2147483663 2147483796 2147483807 2147483808 2147483841 2147483968 2147483969 2147483982 2147484051 2147484051 
2147483991 2147483648 2147483651 2147483652 2147483653 2147483654 2147483655 2147483656 2147483662 2147483663 2147483796 2147483807 2147483808 2147483841 2147483968 2147483969 2147483982 2147483648 2147483651 2147483652 2147483653 2147483654 2147483655 2147483656 2147483662 2147483663 2147483796 2147483807 2147483808 2147483841 2147483968 2147483969 2147483982 2147483992 2147483992 
2147483992 2147483648 2147483651 2147483652 2147483653 2147483654 2147483655 2147483656 2147483662 2147483663 2147483796 2147483807 2147483808 2147483841 2147483968 2147483969 2147483982 2147483991 2147483648 2147483651 2147483652 2147483653 2147483654 2147483655 2147483656 2147483662 2147483663 2147483796 2147483807 2147483808 2147483841 2147483968 2147483969 2147483982 2147483991 
2147483993 2147483648 2147483651 2147483652 2147483653 2147483654 2147483655 2147483656 2147483662 2147483663 2147483796 2147483807 2147483808 2147483841 2147483968 2147483969 2147483982 2147483648 2147483651 2147483652 2147483653 2147483654 2147483655 2147483656 2147483662 2147483663 2147483796 2147483807 2147483808 2147483841 2147483968 2147483969 2147483982 
2147484001 2147483648 2147483651 2147483652 2147483653 2147483654 2147483655 2147483656 2147483662 2147483663 2147483796 2147483807 2147483808 2147483841 2147483968 2147483969 2147483982 2147483648 2147483651 2147483652 2147483653 2147483654 2147483655 2147483656 2147483662 2147483663 2147483796 2147483807 2147483808 2147483841 2147483968 2147483969 2147483982 2147484002 2147484003 52 53 49 54 57 127 128 129 130 2147484002 2147484003 
2147484002 2147483648 2147483651 2147483652 2147483653 2147483654 2147483655 2147483656 2147483662 2147483663 2147483796 2147483807 2147483808 2147483841 2147483968 2147483969 2147483982 2147484001 2147483648 2147483651 2147483652 2147483653 2147483654 2147483655 2147483656 2147483662 2147483663 2147483796 2147483807 2147483808 2147483841 2147483968 2147483969 2147483982 2147484001 2147484003 54 49 52 57 53 127 128 129 130 2147484003 
2147484003 2147483648 2147483651 2147483652 2147483653 2147483654 2147483655 2147483656 2147483662 2147483663 2147483796 2147483807 2147483808 2147483841 2147483968 2147483969 2147483982 2147484001 2147484002 2147483648 2147483651 2147483652 2147483653 2147483654 2147483655 2147483656 2147483662 2147483663 2147483796 2147483807 2147483808 2147483841 2147483968 2147483969 2147483982 2147484001 2147484002 52 54 57 53 
2147484014 2147483648 2147483651 2147483652 2147483653 2147483654 2147483655 2147483656 2147483662 2147483796 2147483807 2147483808 2147483841 2147483968 2147483969 2147483982 2147483648 2147483651 2147483652 2147483653 2147483654 2147483655 2147483656 2147483662 2147483796 2147483807 2147483808 2147483841 2147483968 2147483969 2147483982 53 
2147484026 2147483648 2147483796 2147483648 2147483796 53 
2147484027 2147483648 2147483796 2147483648 2147483796 
2147484028 2147483648 2147483796 2147483648 2147483796 53 
2147484029 2147483648 2147483796 2147483648 2147483796 2147484030 53 2147484030 
2147484030 2147483648 2147483796 2147484029 2147483648 2147483796 2147484029 57 53 
2147484031 2147483648 2147483796 2147483648 2147483796 2147484032 53 2147484032 
2147484032 2147483648 2147483796 2147484031 2147483648 2147483796 2147484031 57 53 
2147484033 2147483648 2147483796 2147483648 2147483796 53 
2147484034 2147483648 2147483796 2147483648 2147483796 
2147484037 2147483648 2147483651 2147483652 2147483653 2147483654 2147483655 2147483656 2147483662 2147483669 2147483677 2147483678 2147483796 2147483807 2147483808 2147483829 2147483834 2147483841 2147483845 2147483847 2147483968 2147483969 2147483982 2147483648 2147483651 2147483652 2147483653 2147483654 2147483655 2147483656 2147483662 2147483669 2147483677 2147483678 2147483796 2147483807 2147483808 2147483829 2147483834 2147483841 2147483845 2147483847 2147483968 2147483969 2147483982 
2147484039 2147483648 2147483651 2147483652 2147483653 2147483654 2147483655 2147483656 2147483662 2147483669 2147483689 2147483690 2147483796 2147483807 2147483808 2147483829 2147483834 2147483841 2147483867 2147483869 2147483968 2147483969 2147483982 2147483648 2147483651 2147483652 2147483653 2147483654 2147483655 2147483656 2147483662 2147483669 2147483689 2147483690 2147483796 2147483807 2147483808 2147483829 2147483834 2147483841 2147483867 2147483869 2147483968 2147483969 2147483982 
2147484041 2147483648 2147483651 2147483652 2147483653 2147483654 2147483655 2147483656 2147483662 2147483669 2147483702 2147483703 2147483796 2147483807 2147483808 2147483834 2147483841 2147483888 2147483890 2147483968 2147483969 2147483982 2147483648 2147483651 2147483652 2147483653 2147483654 2147483655 2147483656 2147483662 2147483669 2147483702 2147483703 2147483796 2147483807 2147483808 2147483834 2147483841 2147483888 2147483890 2147483968 2147483969 2147483982 
2147484043 2147483648 2147483651 2147483652 2147483653 2147483654 2147483655 2147483656 2147483662 2147483669 2147483744 2147483796 2147483807 2147483808 2147483834 2147483841 2147483920 2147483922 2147483924 2147483926 2147483928 2147483931 2147483933 2147483968 2147483969 2147483982 2147483648 2147483651 2147483652 2147483653 2147483654 2147483655 2147483656 2147483662 2147483669 2147483744 2147483796 2147483807 2147483808 2147483834 2147483841 2147483920 2147483922 2147483924 2147483926 2147483928 2147483931 2147483933 2147483968 2147483969 2147483982 53 49 52 54 57 127 128 129 130 
2147484045 2147483648 2147483652 2147483653 2147483654 2147483655 2147483656 2147483687 2147483700 2147483712 2147483730 2147483733 2147483750 2147483769 2147483784 2147483787 2147483792 2147483793 2147483648 2147483652 2147483653 2147483654 2147483655 2147483656 2147483687 2147483700 2147483712 2147483730 2147483733 2147483750 2147483769 2147483784 2147483787 2147483792 2147483793 49 53 52 54 57 127 128 129 130 
2147484050 2147483648 2147483651 2147483652 2147483653 2147483654 2147483655 2147483656 2147483662 2147483663 2147483753 2147483796 2147483807 2147483808 2147483841 2147483964 2147483968 2147483969 2147483973 2147483975 2147483982 2147483648 2147483651 2147483652 2147483653 2147483654 2147483655 2147483656 2147483662 2147483663 2147483753 2147483796 2147483807 2147483808 2147483841 2147483964 2147483968 2147483969 2147483973 2147483975 2147483982 
2147484051 2147483648 2147483651 2147483652 2147483653 2147483654 2147483655 2147483656 2147483662 2147483663 2147483759 2147483760 2147483796 2147483807 2147483808 2147483841 2147483968 2147483969 2147483982 2147483987 2147483989 2147483648 2147483651 2147483652 2147483653 2147483654 2147483655 2147483656 2147483662 2147483663 2147483759 2147483760 2147483796 2147483807 2147483808 2147483841 2147483968 2147483969 2147483982 2147483987 2147483989 
