22,1,22,-1,0,1,0,0,0,
23,1,23,-1,0,1,0,0,0,
24,1,24,-1,0,1,0,0,0,
25,1,25,-1,0,1,0,0,0,
26,1,26,-1,0,1,0,0,0,
27,1,27,-1,0,1,0,0,0,
32,1,32,-1,0,1,0,0,0,
49,1,49,-1,0,1,0,0,0,
50,1,50,-1,0,1,0,0,0,
51,1,51,-1,0,1,0,0,0,
52,1,52,-1,0,1,0,0,0,
53,1,53,-1,0,1,0,0,0,
54,1,54,-1,0,1,0,0,0,
57,1,57,-1,0,1,0,0,0,
127,1,127,-1,0,1,0,0,0,
128,1,128,-1,0,1,0,0,0,
129,1,129,-1,0,1,0,0,0,
130,1,130,-1,0,1,0,0,0,
131,1,131,-1,0,1,0,0,0,
132,1,132,-1,0,1,0,0,0,
133,1,133,-1,0,1,0,0,0,
134,1,134,-1,0,1,0,0,0,
263,1,263,-1,0,1,0,0,0,
264,1,264,-1,0,1,0,0,0,
265,1,265,-1,0,1,0,0,0,
266,1,266,-1,0,1,0,0,0,
267,1,267,-1,0,1,0,0,0,
268,1,268,-1,0,1,0,0,0,
269,1,269,-1,0,1,0,0,0,
270,1,270,-1,0,1,0,0,0,
2147483652,0,0,0.0677083,5,0,1,0,0,51 133 134 131 132 50
2147483658,0,0,0.020762,1,0,1,0,0,24 23 269 270 267 268
2147483663,0,0,0.0176833,3,0,1,0,0,51 133 134 131 132 50
2147483664,0,0,0.00144489,2,0,1,0,0,51 133 134 131 132 50
2147483665,0,0,0.00852002,2,0,1,0,0,51 133 134 131 132 50
2147483666,0,0,0.000448402,2,0,1,0,0,51 133 134 131 132 50
2147483669,0,0,inf,3,0,1,0,0,49 52 54 57 53 127 128 129 130 51 133 134 131 132 50
2147483671,0,0,inf,1,0,1,0,0,22 25 27 32 26 263 264 265 266 24 23 269 270 267 268
2147483675,0,0,0.0427083,1,0,1,0,0,49 52 54 57 127 128 129 130 51 133 134 131 132 50
2147483676,0,0,0.0462165,1,0,1,0,0,49 57 52 54 127 128 129 130 51 133 134 131 132 50
2147483677,0,0,inf,1,0,1,0,0,22 25 27 32 26 263 264 265 266 24 23 269 270 267 268
2147483680,0,0,inf,3,0,1,0,0,49 52 54 57 53 127 128 129 130 51 133 134 131 132 50
2147483682,0,0,inf,1,0,1,0,0,22 25 27 32 26 263 264 265 266 24 23 269 270 267 268
2147483683,0,0,0.044324,1,0,1,0,0,49 52 54 57 53 127 128 129 130 51 133 134 131 132 50
2147483687,0,0,inf,3,0,1,0,0,49 52 54 57 53 127 128 129 130 51 133 134 131 132 50
2147483691,0,0,0.00845424,1,0,1,0,0,53 49 52 54 57 127 128 129 130 51 133 134 131 132 50
2147483692,0,0,0.00538793,1,0,1,0,0,49 52 54 127 128 129 130 51 133 134 131 132 50
2147483693,0,0,inf,1,0,1,0,0,22 25 27 32 26 263 264 265 266 24 23 269 270 267 268
2147483695,0,0,0.0871995,1,0,1,0,0,53 49 52 54 57 127 128 129 130 51 133 134 131 132 50
2147483696,0,0,0.0537202,1,0,1,0,0,49 52 127 128 129 130 51 133 134 131 132 50
2147483697,0,0,0.0871995,1,0,1,0,0,49 53 52 54 57 127 128 129 130 51 133 134 131 132 50
2147483698,0,0,0.0575574,1,0,1,0,0,49 52 54 57 127 128 129 130 51 133 134 131 132 50
2147483699,0,0,0.058133,1,0,1,0,0,49 57 52 54 127 128 129 130 51 133 134 131 132 50
2147483700,0,0,inf,1,0,1,0,0,22 25 27 32 26 263 264 265 266 24 23 269 270 267 268
2147483701,0,0,0.0845424,1,0,1,0,0,53 49 52 54 57 127 128 129 130 51 133 134 131 132 50
2147483702,0,0,0.0538793,1,0,1,0,0,49 52 54 127 128 129 130 51 133 134 131 132 50
2147483703,0,0,inf,1,0,1,0,0,22 25 27 32 26 263 264 265 266 24 23 269 270 267 268
2147483707,0,0,inf,3,0,1,0,0,49 52 54 57 53 127 128 129 130 51 133 134 131 132 50
2147483709,0,0,inf,1,0,1,0,0,49 52 54 57 53 127 128 129 130 51 133 134 131 132 50
2147483711,0,0,0.00265705,1,0,1,0,0,53 49 52 54 57 127 128 129 130 51 133 134 131 132 50
2147483712,0,0,0.0016369,1,0,1,0,0,49 52 127 128 129 130 51 133 134 131 132 50
2147483713,0,0,0.00275546,1,0,1,0,0,49 53 52 54 57 127 128 129 130 51 133 134 131 132 50
2147483714,0,0,0.00181878,1,0,1,0,0,49 52 54 57 127 128 130
2147483715,0,0,0.00198413,1,0,1,0,0,49 52 54 57 53 127 128 129 130 51 133 134 131 132 50
2147483716,0,0,0.00133598,1,0,1,0,0,53 49 52 54 57 127 128 129 130 51 133 134 131 132 50
2147483717,0,0,0.00132275,1,0,1,0,0,49 52 54 57 127 128 130
2147483719,0,0,0.0636181,4,0,1,0,0,51 133 134 131 132 50
2147483720,0,0,0.0769258,4,0,1,0,0,53 49 52 54 57 127 128 129 130 51 133 134 131 132 50
2147483721,0,0,0.00457603,4,0,1,0,0,51 133 134 131 132 50
2147483722,0,0,0.00663265,3,0,1,0,0,49 52 54 57 53 127 128 129 130 51 133 134 131 132 50
2147483723,0,0,0.0866446,4,0,1,0,0,24 23 269 270 267 268
