22 2147483659 
23 
24 
25 2147483659 
26 2147483659 2147483684 
27 2147483659 2147483684 
32 2147483659 2147483684 
49 2147483657 2147483658 2147483660 2147483661 2147483685 2147483686 2147483688 
50 
51 
52 2147483657 2147483658 2147483660 2147483661 2147483685 2147483686 2147483688 
53 2147483657 2147483658 2147483660 2147483661 2147483663 2147483668 2147483671 2147483673 2147483675 2147483681 2147483685 2147483686 2147483688 
54 2147483657 2147483658 2147483660 2147483661 2147483685 2147483686 2147483688 
57 2147483657 2147483658 2147483660 2147483661 2147483685 2147483686 2147483688 
127 2147483657 2147483658 2147483660 2147483661 2147483685 2147483686 2147483688 
128 2147483657 2147483658 2147483660 2147483661 2147483685 2147483686 2147483688 
129 2147483657 2147483658 2147483660 2147483661 2147483685 2147483686 2147483688 
130 2147483657 2147483658 2147483660 2147483661 2147483685 2147483686 2147483688 
131 
132 
133 
134 
263 2147483659 
264 2147483659 
265 2147483659 
266 2147483659 
267 
268 
269 
270 
2147483657 2147483658 2147483659 2147483660 2147483661 2147483663 2147483668 2147483669 2147483671 2147483673 2147483675 2147483676 2147483681 2147483684 2147483685 2147483686 2147483688 53 49 52 54 57 127 128 129 130 2147483658 2147483659 2147483660 2147483661 2147483663 2147483668 2147483669 2147483671 2147483673 2147483675 2147483676 2147483681 2147483684 2147483685 2147483686 2147483688 
2147483658 2147483657 2147483657 2147483659 2147483660 2147483661 2147483663 2147483668 2147483669 2147483671 2147483673 2147483685 2147483686 53 57 49 52 54 127 128 129 130 2147483659 2147483660 2147483661 2147483663 2147483668 2147483669 2147483671 2147483673 2147483685 2147483686 
2147483659 2147483657 2147483658 2147483657 2147483658 2147483660 2147483661 2147483663 2147483668 2147483669 2147483671 2147483673 2147483675 2147483676 2147483681 2147483684 2147483685 2147483686 2147483688 27 22 25 32 26 263 264 265 266 2147483660 2147483661 2147483663 2147483668 2147483669 2147483671 2147483673 2147483675 2147483676 2147483681 2147483684 2147483685 2147483686 2147483688 
2147483660 2147483657 2147483658 2147483659 2147483657 2147483658 2147483659 2147483661 2147483663 2147483668 2147483669 2147483671 2147483673 2147483675 2147483676 2147483681 2147483684 2147483685 2147483686 2147483688 54 52 49 57 53 127 128 129 130 2147483661 2147483663 2147483668 2147483669 2147483671 2147483673 2147483675 2147483676 2147483681 2147483684 2147483685 2147483686 2147483688 
2147483661 2147483657 2147483658 2147483659 2147483660 2147483657 2147483658 2147483659 2147483660 2147483663 2147483668 2147483669 2147483671 2147483673 2147483675 2147483676 2147483681 2147483684 2147483685 2147483686 2147483688 127 49 52 54 57 53 128 129 130 2147483663 2147483668 2147483669 2147483671 2147483673 2147483675 2147483676 2147483681 2147483684 2147483685 2147483686 2147483688 
2147483663 2147483657 2147483658 2147483659 2147483660 2147483661 2147483657 2147483658 2147483659 2147483660 2147483661 53 
2147483668 2147483657 2147483658 2147483659 2147483660 2147483661 2147483657 2147483658 2147483659 2147483660 2147483661 2147483685 2147483686 53 2147483685 2147483686 
2147483669 2147483657 2147483658 2147483659 2147483660 2147483661 2147483657 2147483658 2147483659 2147483660 2147483661 2147483685 2147483686 2147483685 2147483686 
2147483671 2147483657 2147483658 2147483659 2147483660 2147483661 2147483657 2147483658 2147483659 2147483660 2147483661 2147483685 2147483686 53 2147483685 2147483686 
2147483673 2147483657 2147483658 2147483659 2147483660 2147483661 2147483657 2147483658 2147483659 2147483660 2147483661 2147483685 53 2147483685 
2147483675 2147483657 2147483659 2147483660 2147483661 2147483657 2147483659 2147483660 2147483661 2147483685 2147483688 53 2147483685 2147483688 
2147483676 2147483657 2147483659 2147483660 2147483661 2147483657 2147483659 2147483660 2147483661 2147483685 2147483688 2147483685 2147483688 
2147483681 2147483657 2147483659 2147483660 2147483661 2147483657 2147483659 2147483660 2147483661 2147483685 2147483688 53 2147483685 2147483688 
2147483684 2147483657 2147483659 2147483660 2147483661 2147483657 2147483659 2147483660 2147483661 2147483685 2147483688 27 32 26 2147483685 2147483688 
2147483685 2147483657 2147483658 2147483659 2147483660 2147483661 2147483668 2147483669 2147483671 2147483673 2147483675 2147483676 2147483681 2147483684 2147483657 2147483658 2147483659 2147483660 2147483661 2147483668 2147483669 2147483671 2147483673 2147483675 2147483676 2147483681 2147483684 2147483686 2147483688 49 52 54 57 53 127 128 129 130 2147483686 2147483688 
2147483686 2147483657 2147483658 2147483659 2147483660 2147483661 2147483668 2147483669 2147483671 2147483685 2147483657 2147483658 2147483659 2147483660 2147483661 2147483668 2147483669 2147483671 2147483685 49 53 52 54 57 127 128 129 130 
2147483688 2147483657 2147483659 2147483660 2147483661 2147483675 2147483676 2147483681 2147483684 2147483685 2147483657 2147483659 2147483660 2147483661 2147483675 2147483676 2147483681 2147483684 2147483685 49 53 57 52 54 127 128 129 130 
