22 
23 
24 
25 
26 2147483665 
27 2147483665 
32 2147483665 
49 2147483651 2147483652 2147483653 2147483654 2147483666 
50 
51 
52 2147483651 2147483652 2147483653 2147483654 2147483666 
53 2147483651 2147483652 2147483653 2147483654 2147483655 2147483657 2147483662 2147483666 
54 2147483651 2147483652 2147483653 2147483654 2147483666 
57 2147483651 2147483652 2147483653 2147483654 2147483666 
127 2147483651 2147483652 2147483653 2147483654 2147483666 
128 2147483651 2147483652 2147483653 2147483654 2147483666 
129 2147483651 2147483652 2147483653 2147483654 2147483666 
130 2147483651 2147483652 2147483653 2147483654 2147483666 
131 
132 
133 
134 
263 
264 
265 
266 
267 
268 
269 
270 
2147483651 2147483652 2147483653 2147483654 2147483655 2147483657 2147483658 2147483662 2147483665 2147483666 53 49 52 54 57 127 128 129 130 2147483652 2147483653 2147483654 2147483655 2147483657 2147483658 2147483662 2147483665 2147483666 
2147483652 2147483651 2147483651 2147483653 2147483654 2147483655 2147483657 2147483658 2147483662 2147483665 2147483666 53 57 49 52 54 127 128 129 130 2147483653 2147483654 2147483655 2147483657 2147483658 2147483662 2147483665 2147483666 
2147483653 2147483651 2147483652 2147483651 2147483652 2147483654 2147483655 2147483657 2147483658 2147483662 2147483665 2147483666 54 49 52 57 53 127 128 129 130 2147483654 2147483655 2147483657 2147483658 2147483662 2147483665 2147483666 
2147483654 2147483651 2147483652 2147483653 2147483651 2147483652 2147483653 2147483655 2147483657 2147483658 2147483662 2147483665 2147483666 127 52 49 54 57 53 128 129 130 2147483655 2147483657 2147483658 2147483662 2147483665 2147483666 
2147483655 2147483651 2147483652 2147483653 2147483654 2147483651 2147483652 2147483653 2147483654 53 
2147483657 2147483651 2147483652 2147483653 2147483654 2147483651 2147483652 2147483653 2147483654 2147483666 53 2147483666 
2147483658 2147483651 2147483652 2147483653 2147483654 2147483651 2147483652 2147483653 2147483654 2147483665 2147483666 2147483665 2147483666 
2147483662 2147483651 2147483652 2147483653 2147483654 2147483651 2147483652 2147483653 2147483654 2147483666 53 2147483666 
2147483665 2147483651 2147483652 2147483653 2147483654 2147483658 2147483651 2147483652 2147483653 2147483654 2147483658 2147483666 27 32 26 2147483666 
2147483666 2147483651 2147483652 2147483653 2147483654 2147483657 2147483658 2147483662 2147483665 2147483651 2147483652 2147483653 2147483654 2147483657 2147483658 2147483662 2147483665 49 53 57 52 54 127 128 129 130 
