22 
23 
24 
25 
26 
27 
32 
49 2147483655 2147483677 
50 
51 
52 2147483655 2147483677 
53 2147483655 2147483677 
54 2147483655 2147483677 
57 2147483655 2147483677 
127 2147483655 2147483677 
128 2147483655 2147483677 
129 2147483655 2147483677 
130 2147483655 2147483677 
131 
132 
133 
134 
151 
152 
153 
154 
155 
156 
157 
158 
159 
160 
161 
162 
163 
164 
165 
166 
263 
264 
265 
266 
267 
268 
269 
270 
2147483649 2147483651 2147483653 2147483660 2147483665 2147483669 2147483651 2147483653 2147483660 2147483665 2147483669 
2147483651 2147483649 2147483649 2147483665 2147483665 
2147483653 2147483649 2147483649 2147483669 2147483669 
2147483655 2147483677 53 49 52 54 57 127 128 129 130 2147483677 
2147483657 2147483660 2147483660 
2147483660 2147483649 2147483657 2147483649 2147483657 2147483662 2147483663 2147483662 2147483663 
2147483662 2147483660 2147483660 2147483663 2147483663 
2147483663 2147483660 2147483662 2147483660 2147483662 
2147483665 2147483649 2147483651 2147483649 2147483651 
2147483669 2147483649 2147483653 2147483649 2147483653 
2147483677 2147483655 2147483655 49 53 52 54 57 127 128 129 130 
2147483681 
