22 2147483654 2147483659 
23 
24 
25 2147483654 2147483659 
26 2147483654 2147483659 
27 2147483654 2147483659 
32 2147483654 2147483659 
49 2147483651 2147483652 2147483663 
50 
51 
52 2147483651 2147483652 2147483663 
53 2147483651 2147483652 2147483653 2147483656 2147483660 2147483663 
54 2147483651 2147483652 2147483663 
57 2147483651 2147483652 2147483653 2147483656 2147483660 2147483663 
127 2147483651 2147483652 2147483663 
128 2147483651 2147483652 2147483663 
129 2147483651 2147483652 2147483663 
130 2147483651 2147483652 2147483663 
131 
132 
133 
134 
263 2147483654 2147483659 
264 2147483654 2147483659 
265 2147483654 2147483659 
266 2147483654 2147483659 
267 
268 
269 
270 
2147483651 2147483652 2147483653 2147483654 2147483656 2147483659 2147483660 2147483663 53 49 52 54 57 127 128 129 130 2147483652 2147483653 2147483654 2147483656 2147483659 2147483660 2147483663 
2147483652 2147483651 2147483651 2147483653 2147483654 2147483656 2147483659 2147483660 2147483663 57 49 52 54 53 127 128 129 130 2147483653 2147483654 2147483656 2147483659 2147483660 2147483663 
2147483653 2147483651 2147483652 2147483651 2147483652 2147483654 2147483656 53 57 2147483654 2147483656 
2147483654 2147483651 2147483652 2147483653 2147483651 2147483652 2147483653 2147483656 2147483663 25 22 27 32 26 263 264 265 266 2147483656 2147483663 
2147483656 2147483651 2147483652 2147483653 2147483654 2147483651 2147483652 2147483653 2147483654 57 53 
2147483659 2147483651 2147483652 2147483651 2147483652 2147483660 2147483663 25 22 27 32 26 263 264 265 266 2147483660 2147483663 
2147483660 2147483651 2147483652 2147483659 2147483651 2147483652 2147483659 2147483663 57 53 2147483663 
2147483663 2147483651 2147483652 2147483654 2147483659 2147483660 2147483651 2147483652 2147483654 2147483659 2147483660 49 53 54 52 57 127 128 129 130 
