22 2147483680 
23 
24 
25 2147483680 
26 2147483680 2147483694 
27 2147483680 
32 2147483680 2147483694 
49 2147483648 2147483650 2147483677 2147483678 2147483679 2147483714 2147483732 2147483733 
50 
51 
52 2147483648 2147483650 2147483677 2147483678 2147483679 2147483714 2147483732 2147483733 
53 2147483648 2147483650 2147483668 2147483677 2147483678 2147483679 2147483682 2147483688 2147483707 2147483711 2147483714 2147483715 2147483718 2147483720 2147483732 2147483733 
54 2147483648 2147483650 2147483677 2147483678 2147483679 2147483711 2147483714 2147483720 2147483732 2147483733 
57 2147483648 2147483650 2147483668 2147483677 2147483678 2147483679 2147483688 2147483707 2147483711 2147483714 2147483715 2147483720 2147483732 2147483733 
127 2147483648 2147483650 2147483677 2147483678 2147483679 2147483714 2147483732 2147483733 
128 2147483648 2147483650 2147483677 2147483678 2147483679 2147483714 2147483732 2147483733 
129 2147483648 2147483650 2147483677 2147483678 2147483679 2147483714 2147483732 2147483733 
130 2147483648 2147483650 2147483677 2147483678 2147483679 2147483714 2147483732 2147483733 
131 
132 
133 
134 
263 2147483680 
264 2147483680 
265 2147483680 
266 2147483680 
267 
268 
269 
270 
2147483648 2147483650 2147483677 2147483678 2147483679 2147483680 2147483687 2147483688 2147483693 2147483694 2147483695 2147483700 2147483707 2147483710 2147483711 2147483732 57 49 52 54 53 127 128 129 130 2147483650 2147483677 2147483678 2147483679 2147483680 2147483687 2147483688 2147483693 2147483694 2147483695 2147483700 2147483707 2147483710 2147483711 2147483732 
2147483650 2147483648 2147483648 2147483677 2147483678 2147483679 2147483700 2147483707 2147483732 49 57 52 54 53 127 128 129 130 2147483677 2147483678 2147483679 2147483700 2147483707 2147483732 
2147483668 2147483678 2147483679 2147483718 2147483720 57 53 2147483678 2147483679 2147483718 2147483720 
2147483677 2147483648 2147483650 2147483648 2147483650 2147483678 2147483679 2147483680 2147483682 2147483687 2147483688 2147483693 2147483694 2147483695 2147483700 2147483707 2147483732 53 49 52 54 57 127 128 129 130 2147483678 2147483679 2147483680 2147483682 2147483687 2147483688 2147483693 2147483694 2147483695 2147483700 2147483707 2147483732 
2147483678 2147483648 2147483650 2147483668 2147483677 2147483648 2147483650 2147483668 2147483677 2147483679 2147483680 2147483682 2147483687 2147483688 2147483693 2147483694 2147483695 2147483700 2147483707 2147483710 2147483711 2147483715 2147483718 2147483720 2147483732 57 53 49 52 54 127 128 129 130 2147483679 2147483680 2147483682 2147483687 2147483688 2147483693 2147483694 2147483695 2147483700 2147483707 2147483710 2147483711 2147483715 2147483718 2147483720 2147483732 
2147483679 2147483648 2147483650 2147483668 2147483677 2147483678 2147483648 2147483650 2147483668 2147483677 2147483678 2147483680 2147483682 2147483687 2147483688 2147483693 2147483694 2147483695 2147483699 2147483700 2147483707 2147483710 2147483711 2147483714 2147483715 2147483718 2147483720 2147483725 2147483732 2147483733 54 53 57 49 52 127 128 129 130 2147483680 2147483682 2147483687 2147483688 2147483693 2147483694 2147483695 2147483699 2147483700 2147483707 2147483710 2147483711 2147483714 2147483715 2147483718 2147483720 2147483725 2147483732 2147483733 
2147483680 2147483648 2147483677 2147483678 2147483679 2147483648 2147483677 2147483678 2147483679 2147483682 2147483687 2147483688 2147483693 2147483732 25 22 27 32 26 263 264 265 266 2147483682 2147483687 2147483688 2147483693 2147483732 
2147483682 2147483677 2147483678 2147483679 2147483680 2147483677 2147483678 2147483679 2147483680 53 
2147483687 2147483648 2147483677 2147483678 2147483679 2147483680 2147483648 2147483677 2147483678 2147483679 2147483680 2147483688 2147483688 
2147483688 2147483648 2147483677 2147483678 2147483679 2147483680 2147483687 2147483648 2147483677 2147483678 2147483679 2147483680 2147483687 57 53 
2147483693 2147483648 2147483677 2147483678 2147483679 2147483680 2147483648 2147483677 2147483678 2147483679 2147483680 
2147483694 2147483648 2147483677 2147483678 2147483679 2147483648 2147483677 2147483678 2147483679 2147483695 32 26 2147483695 
2147483695 2147483648 2147483677 2147483678 2147483679 2147483694 2147483648 2147483677 2147483678 2147483679 2147483694 
2147483699 2147483679 2147483679 2147483714 2147483733 2147483714 2147483733 
2147483700 2147483648 2147483650 2147483677 2147483678 2147483679 2147483648 2147483650 2147483677 2147483678 2147483679 
2147483707 2147483648 2147483650 2147483677 2147483678 2147483679 2147483648 2147483650 2147483677 2147483678 2147483679 2147483732 57 53 2147483732 
2147483710 2147483648 2147483678 2147483679 2147483648 2147483678 2147483679 2147483711 2147483732 2147483711 2147483732 
2147483711 2147483648 2147483678 2147483679 2147483710 2147483648 2147483678 2147483679 2147483710 2147483732 54 57 53 2147483732 
2147483714 2147483679 2147483699 2147483679 2147483699 2147483732 2147483733 54 49 52 57 53 127 128 129 130 2147483732 2147483733 
2147483715 2147483678 2147483679 2147483678 2147483679 2147483732 57 53 2147483732 
2147483718 2147483668 2147483678 2147483679 2147483668 2147483678 2147483679 2147483720 53 2147483720 
2147483720 2147483668 2147483678 2147483679 2147483718 2147483668 2147483678 2147483679 2147483718 54 57 53 
2147483725 2147483679 2147483679 
2147483728 
2147483732 2147483648 2147483650 2147483677 2147483678 2147483679 2147483680 2147483707 2147483710 2147483711 2147483714 2147483715 2147483648 2147483650 2147483677 2147483678 2147483679 2147483680 2147483707 2147483710 2147483711 2147483714 2147483715 2147483733 53 49 54 52 57 127 128 129 130 2147483733 
2147483733 2147483679 2147483699 2147483714 2147483732 2147483679 2147483699 2147483714 2147483732 49 53 52 54 57 127 128 129 130 
