22,1,22,-1,0,1,0,0,0,
23,1,23,-1,0,1,0,0,0,
24,1,24,-1,0,1,0,0,0,
25,1,25,-1,0,1,0,0,0,
26,1,26,-1,0,1,0,0,0,
27,1,27,-1,0,1,0,0,0,
32,1,32,-1,0,1,0,0,0,
49,1,49,-1,0,1,0,0,0,
50,1,50,-1,0,1,0,0,0,
51,1,51,-1,0,1,0,0,0,
52,1,52,-1,0,1,0,0,255,
53,1,53,-1,0,1,0,0,0,
54,1,54,-1,0,1,0,0,0,
57,1,57,-1,0,1,0,0,0,
127,1,127,-1,0,1,0,0,0,
128,1,128,-1,0,1,0,0,0,
129,1,129,-1,0,1,0,0,247,
130,1,130,-1,0,1,0,0,0,
131,1,131,-1,0,1,0,0,0,
132,1,132,-1,0,1,0,0,0,
133,1,133,-1,0,1,0,0,0,
134,1,134,-1,0,1,0,0,0,
263,1,263,-1,0,1,0,0,255,
264,1,264,-1,0,1,0,0,0,
265,1,265,-1,0,1,0,0,1,
266,1,266,-1,0,1,0,0,0,
267,1,267,-1,0,1,0,0,0,
268,1,268,-1,0,1,0,0,255,
269,1,269,-1,0,1,0,0,255,
270,1,270,-1,0,1,0,0,255,
2147483648,0,0,0.00517822,1,0,1,0,0,53 49 52 54 57 127 128 129 130 51 133 134 131 132 50
2147483649,0,0,0.00162958,1,0,1,0,0,51 133 134 131 132 50
2147483651,0,0,0.00240441,2,0,1,0,0,49 52 54 57 53 127 128 129 130 51 133 134 131 132 50
2147483654,0,0,0.00334078,1,0,1,0,0,53 49 52 54 57 127 128 129 130 51 133 134 131 132 50
2147483657,0,0,4.5562e-09,1,0,1,0,0,53 49 52 54 57 127 128 129 130 51 133 134 131 132 50
2147483660,0,0,2.88259e-09,1,0,1,0,0,53 49 52 54 57 127 128 129 130 51 133 134 131 132 50
2147483666,0,0,0.0040415,3,0,1,0,0,51 133 134 131 132 50
2147483667,0,0,0.00315575,3,0,1,0,255,51 133 134 131 132 50
2147483668,0,0,0.00238258,3,0,1,0,0,51 133 134 131 132 50
2147483669,0,0,0.00332237,1,0,1,0,0,51 133 134 131 132 50
2147483670,0,0,inf,1,0,1,0,0,53 49 52 54 57 127 128 129 130 51 133 134 131 132 50
2147483671,0,0,0.00420833,1,0,1,0,0,57 49 52 54 127 128 129 130 51 133 134 131 132 50
2147483672,0,0,0.00420833,1,0,1,0,0,54 49 52 127 128 129 130 51 133 134 131 132 50
2147483676,0,0,inf,1,0,1,0,0,49 52 54 57 53 127 128 129 130 51 133 134 131 132 50
2147483678,0,0,0.000546419,2,0,1,0,0,51 133 134 131 132 50
2147483680,0,0,0.00416666,1,0,1,0,0,49 52 54 127 128 129 130 51 133 134 131 132 50
2147483682,0,0,inf,1,0,1,0,0,49 52 54 57 53 127 128 129 130 51 133 134 131 132 50
2147483683,0,0,0.00170056,1,0,1,0,0,49 54 52 127 128 129 130 51 133 134 131 132 50
2147483685,0,0,inf,1,0,1,0,0,49 52 54 57 53 127 128 129 130 51 133 134 131 132 50
2147483686,0,0,0.0016276,1,0,1,0,0,49 52 54 57 53 127 128 129 130 51 133 134 131 132 50
2147483687,0,0,0.000986327,1,0,1,0,0,53 49 52 54 57 127 128 129 130 51 133 134 131 132 50
2147483689,0,0,0.00197265,2,0,1,0,0,32 22 25 27 263 264 265 266 24 23 269 270 267 268
2147483697,0,0,0.00345214,2,0,1,0,255,49 52 54 57 53 127 128 129 130 51 133 134 131 132 50
2147483706,0,0,0.00133739,1,0,1,0,0,53 49 54 57 127 128 129 130 51 133 134 131 132 50
2147483707,0,0,0.00263021,1,0,1,0,0,57 49 52 54 127 128 129 130 51 133 134 131 132 50
2147483708,0,0,0.00263021,1,0,1,0,0,54 49 52 127 128 129 130 51 133 134 131 132 50
2147483716,0,0,0.00446428,1,0,1,0,0,49 52 54 57 127 128 129 130 51 133 134 131 132 50
2147483719,0,0,0.0892856,1,0,1,0,0,49 52 54 57 127 128 129 130 51 133 134 131 132 50
2147483720,0,0,0.112222,1,0,1,0,0,22 25 27 32 26 263 264 265 266 24 23 269 270 267 268
2147483723,0,0,0.0394531,1,0,1,0,0,49 52 54 57 53 127 128 129 130 51 133 134 131 132 50
2147483727,0,0,0.0940859,3,0,1,0,0,22 25 27 32 26 263 264 265 266 24 23 269 270 267 268
2147483729,0,0,inf,2,0,1,0,255,49 52 54 57 53 127 128 129 130 51 133 134 131 132 50
2147483730,0,0,0.0240476,1,0,1,0,255,51 133 134 131 132 50
2147483731,0,0,0.0287356,1,0,1,0,0,49 52 54 127 128 129 130 51 133 134 131 132 50
2147483741,0,0,0.0892856,1,0,1,0,0,49 52 54 57 127 128 129 130 51 133 134 131 132 50
2147483743,0,0,0.00220561,5,0,1,0,0,57 49 54 127 128 129 130 51 133 134 131 132 50
2147483744,0,0,0.112773,3,0,1,0,0,51 133 134 131 132 50
2147483745,0,0,3.34907e-09,3,0,1,0,0,51 133 134 131 132 50
