49 2147483663 2147483664 2147483682 2147483683 2147483685 
50 
51 
52 2147483663 2147483664 2147483682 2147483683 2147483685 
53 2147483649 2147483650 2147483654 2147483655 2147483659 2147483660 2147483663 2147483664 2147483677 2147483680 2147483681 2147483682 2147483683 2147483685 
54 2147483663 2147483664 2147483682 2147483683 2147483685 
57 2147483663 2147483664 2147483680 2147483682 2147483683 2147483685 
127 2147483663 2147483664 2147483682 2147483683 2147483685 
128 2147483663 2147483664 2147483682 2147483683 2147483685 
129 2147483663 2147483664 2147483682 2147483683 2147483685 
130 2147483663 2147483664 2147483682 2147483683 2147483685 
131 
132 
133 
134 
2147483649 2147483664 2147483665 2147483683 53 2147483664 2147483665 2147483683 
2147483650 2147483664 2147483666 2147483683 53 2147483664 2147483666 2147483683 
2147483653 2147483654 2147483664 2147483682 2147483683 2147483654 2147483664 2147483682 2147483683 
2147483654 2147483653 2147483653 2147483664 2147483669 2147483682 2147483683 53 2147483664 2147483669 2147483682 2147483683 
2147483655 2147483664 2147483670 2147483671 2147483682 2147483683 53 2147483664 2147483670 2147483671 2147483682 2147483683 
2147483658 2147483659 2147483664 2147483682 2147483683 2147483659 2147483664 2147483682 2147483683 
2147483659 2147483658 2147483658 2147483664 2147483673 2147483682 2147483683 53 2147483664 2147483673 2147483682 2147483683 
2147483660 2147483664 2147483674 2147483675 2147483682 2147483683 53 2147483664 2147483674 2147483675 2147483682 2147483683 
2147483663 2147483664 2147483677 2147483682 2147483683 2147483685 49 52 54 57 53 127 128 129 130 2147483664 2147483677 2147483682 2147483683 2147483685 
2147483664 2147483649 2147483650 2147483653 2147483654 2147483655 2147483658 2147483659 2147483660 2147483663 2147483649 2147483650 2147483653 2147483654 2147483655 2147483658 2147483659 2147483660 2147483663 2147483665 2147483666 2147483669 2147483670 2147483671 2147483672 2147483673 2147483674 2147483675 2147483676 2147483677 2147483680 2147483681 2147483682 2147483683 2147483685 53 49 52 54 57 127 128 129 130 2147483665 2147483666 2147483669 2147483670 2147483671 2147483672 2147483673 2147483674 2147483675 2147483676 2147483677 2147483680 2147483681 2147483682 2147483683 2147483685 
2147483665 2147483649 2147483664 2147483649 2147483664 2147483683 2147483683 
2147483666 2147483650 2147483664 2147483650 2147483664 2147483683 2147483683 
2147483669 2147483654 2147483664 2147483654 2147483664 2147483682 2147483683 2147483682 2147483683 
2147483670 2147483655 2147483664 2147483655 2147483664 2147483682 2147483683 2147483682 2147483683 
2147483671 2147483655 2147483664 2147483655 2147483664 2147483682 2147483683 2147483682 2147483683 
2147483672 2147483664 2147483664 2147483682 2147483683 2147483682 2147483683 
2147483673 2147483659 2147483664 2147483659 2147483664 2147483682 2147483683 2147483682 2147483683 
2147483674 2147483660 2147483664 2147483660 2147483664 2147483682 2147483683 2147483682 2147483683 
2147483675 2147483660 2147483664 2147483660 2147483664 2147483682 2147483683 2147483682 2147483683 
2147483676 2147483664 2147483664 2147483682 2147483683 2147483682 2147483683 
2147483677 2147483663 2147483664 2147483663 2147483664 2147483682 2147483683 2147483685 53 2147483682 2147483683 2147483685 
2147483680 2147483664 2147483664 2147483681 57 53 2147483681 
2147483681 2147483664 2147483680 2147483664 2147483680 53 
2147483682 2147483653 2147483654 2147483655 2147483658 2147483659 2147483660 2147483663 2147483664 2147483669 2147483670 2147483671 2147483672 2147483673 2147483674 2147483675 2147483676 2147483677 2147483653 2147483654 2147483655 2147483658 2147483659 2147483660 2147483663 2147483664 2147483669 2147483670 2147483671 2147483672 2147483673 2147483674 2147483675 2147483676 2147483677 2147483683 2147483685 49 52 54 57 53 127 128 129 130 2147483683 2147483685 
2147483683 2147483649 2147483650 2147483653 2147483654 2147483655 2147483658 2147483659 2147483660 2147483663 2147483664 2147483665 2147483666 2147483669 2147483670 2147483671 2147483672 2147483673 2147483674 2147483675 2147483676 2147483677 2147483682 2147483649 2147483650 2147483653 2147483654 2147483655 2147483658 2147483659 2147483660 2147483663 2147483664 2147483665 2147483666 2147483669 2147483670 2147483671 2147483672 2147483673 2147483674 2147483675 2147483676 2147483677 2147483682 2147483685 53 49 52 54 57 127 128 129 130 2147483685 
2147483685 2147483663 2147483664 2147483677 2147483682 2147483683 2147483663 2147483664 2147483677 2147483682 2147483683 49 52 54 57 53 127 128 129 130 
