2 
5 
11 
18 
19 
22 2147483669 2147483670 2147483671 2147483728 
24 
25 2147483669 2147483670 2147483671 2147483728 
26 2147483669 2147483670 2147483671 2147483684 2147483728 
27 2147483669 2147483670 2147483671 2147483728 
32 2147483669 2147483670 2147483671 2147483684 2147483728 
49 2147483652 2147483668 2147483672 2147483673 2147483683 2147483690 2147483691 2147483692 2147483751 2147483752 
51 
52 2147483652 2147483668 2147483672 2147483673 2147483683 2147483690 2147483691 2147483692 2147483751 2147483752 
53 2147483652 2147483668 2147483672 2147483673 2147483683 2147483690 2147483691 2147483692 2147483751 2147483752 
54 2147483652 2147483668 2147483672 2147483673 2147483683 2147483690 2147483691 2147483692 2147483751 2147483752 
57 2147483652 2147483668 2147483672 2147483673 2147483683 2147483690 2147483691 2147483692 2147483751 2147483752 
61 
127 2147483652 2147483668 2147483672 2147483673 2147483683 2147483690 2147483691 2147483692 2147483751 2147483752 
128 2147483652 2147483668 2147483672 2147483673 2147483683 2147483690 2147483691 2147483692 2147483751 2147483752 
129 2147483652 2147483668 2147483672 2147483673 2147483683 2147483690 2147483691 2147483692 2147483751 2147483752 
130 2147483652 2147483668 2147483672 2147483673 2147483683 2147483690 2147483691 2147483692 2147483751 2147483752 
131 
132 
133 
134 
247 
248 
249 
250 
251 
252 
253 
254 
263 2147483669 2147483670 2147483671 2147483728 
264 2147483669 2147483670 2147483671 2147483728 
265 2147483669 2147483670 2147483671 2147483728 
266 2147483669 2147483670 2147483671 2147483728 
267 
268 
269 
270 
2147483652 2147483668 2147483669 2147483670 2147483671 2147483672 2147483673 2147483683 2147483684 2147483690 2147483691 2147483692 2147483695 2147483751 2147483752 49 57 52 54 53 127 128 129 130 2147483668 2147483669 2147483670 2147483671 2147483672 2147483673 2147483683 2147483684 2147483690 2147483691 2147483692 2147483695 2147483751 2147483752 
2147483660 2147483672 2147483673 2147483728 2147483755 2147483672 2147483673 2147483728 2147483755 
2147483665 2147483672 2147483673 2147483728 2147483755 2147483672 2147483673 2147483728 2147483755 
2147483668 2147483652 2147483652 2147483669 2147483670 2147483671 2147483672 2147483673 2147483674 2147483683 2147483684 2147483690 2147483691 2147483692 2147483695 2147483751 2147483752 53 49 52 54 57 127 128 129 130 2147483669 2147483670 2147483671 2147483672 2147483673 2147483674 2147483683 2147483684 2147483690 2147483691 2147483692 2147483695 2147483751 2147483752 
2147483669 2147483652 2147483668 2147483652 2147483668 2147483670 2147483671 2147483672 2147483673 2147483674 2147483683 2147483684 2147483690 2147483691 2147483692 2147483695 2147483728 2147483751 2147483752 2147483755 32 25 22 27 26 263 264 265 266 2147483670 2147483671 2147483672 2147483673 2147483674 2147483683 2147483684 2147483690 2147483691 2147483692 2147483695 2147483728 2147483751 2147483752 2147483755 
2147483670 2147483652 2147483668 2147483669 2147483652 2147483668 2147483669 2147483671 2147483672 2147483673 2147483674 2147483683 2147483684 2147483690 2147483691 2147483692 2147483695 2147483728 2147483751 2147483752 2147483755 27 22 25 32 26 263 264 265 266 2147483671 2147483672 2147483673 2147483674 2147483683 2147483684 2147483690 2147483691 2147483692 2147483695 2147483728 2147483751 2147483752 2147483755 
2147483671 2147483652 2147483668 2147483669 2147483670 2147483652 2147483668 2147483669 2147483670 2147483672 2147483673 2147483674 2147483683 2147483684 2147483690 2147483691 2147483692 2147483695 2147483728 2147483751 2147483752 2147483755 25 22 27 32 26 263 264 265 266 2147483672 2147483673 2147483674 2147483683 2147483684 2147483690 2147483691 2147483692 2147483695 2147483728 2147483751 2147483752 2147483755 
2147483672 2147483652 2147483660 2147483665 2147483668 2147483669 2147483670 2147483671 2147483652 2147483660 2147483665 2147483668 2147483669 2147483670 2147483671 2147483673 2147483674 2147483683 2147483684 2147483690 2147483691 2147483692 2147483695 2147483703 2147483708 2147483709 2147483710 2147483716 2147483717 2147483728 2147483731 2147483732 2147483733 2147483739 2147483751 2147483752 2147483755 127 49 52 54 57 53 128 129 130 2147483673 2147483674 2147483683 2147483684 2147483690 2147483691 2147483692 2147483695 2147483703 2147483708 2147483709 2147483710 2147483716 2147483717 2147483728 2147483731 2147483732 2147483733 2147483739 2147483751 2147483752 2147483755 
2147483673 2147483652 2147483660 2147483665 2147483668 2147483669 2147483670 2147483671 2147483672 2147483652 2147483660 2147483665 2147483668 2147483669 2147483670 2147483671 2147483672 2147483674 2147483683 2147483684 2147483690 2147483691 2147483692 2147483695 2147483703 2147483708 2147483709 2147483710 2147483716 2147483717 2147483728 2147483731 2147483732 2147483733 2147483739 2147483751 2147483752 2147483755 128 49 52 54 57 53 127 129 130 2147483674 2147483683 2147483684 2147483690 2147483691 2147483692 2147483695 2147483703 2147483708 2147483709 2147483710 2147483716 2147483717 2147483728 2147483731 2147483732 2147483733 2147483739 2147483751 2147483752 2147483755 
2147483674 2147483668 2147483669 2147483670 2147483671 2147483672 2147483673 2147483668 2147483669 2147483670 2147483671 2147483672 2147483673 2147483751 2147483752 2147483751 2147483752 
2147483683 2147483652 2147483668 2147483669 2147483670 2147483671 2147483672 2147483673 2147483652 2147483668 2147483669 2147483670 2147483671 2147483672 2147483673 2147483684 2147483690 2147483691 2147483692 2147483695 2147483751 2147483752 49 52 54 57 53 127 128 129 130 2147483684 2147483690 2147483691 2147483692 2147483695 2147483751 2147483752 
2147483684 2147483652 2147483668 2147483669 2147483670 2147483671 2147483672 2147483673 2147483683 2147483652 2147483668 2147483669 2147483670 2147483671 2147483672 2147483673 2147483683 2147483752 32 26 2147483752 
2147483690 2147483652 2147483668 2147483669 2147483670 2147483671 2147483672 2147483673 2147483683 2147483652 2147483668 2147483669 2147483670 2147483671 2147483672 2147483673 2147483683 2147483691 2147483692 2147483695 2147483752 49 52 54 57 53 127 128 129 130 2147483691 2147483692 2147483695 2147483752 
2147483691 2147483652 2147483668 2147483669 2147483670 2147483671 2147483672 2147483673 2147483683 2147483690 2147483652 2147483668 2147483669 2147483670 2147483671 2147483672 2147483673 2147483683 2147483690 2147483692 2147483695 2147483752 49 52 54 57 53 127 128 129 130 2147483692 2147483695 2147483752 
2147483692 2147483652 2147483668 2147483669 2147483670 2147483671 2147483672 2147483673 2147483683 2147483690 2147483691 2147483652 2147483668 2147483669 2147483670 2147483671 2147483672 2147483673 2147483683 2147483690 2147483691 2147483695 2147483752 53 49 52 54 57 127 128 129 130 2147483695 2147483752 
2147483695 2147483652 2147483668 2147483669 2147483670 2147483671 2147483672 2147483673 2147483683 2147483690 2147483691 2147483692 2147483652 2147483668 2147483669 2147483670 2147483671 2147483672 2147483673 2147483683 2147483690 2147483691 2147483692 
2147483703 2147483672 2147483673 2147483672 2147483673 2147483728 2147483752 2147483755 2147483728 2147483752 2147483755 
2147483708 2147483672 2147483673 2147483672 2147483673 2147483728 2147483752 2147483728 2147483752 
2147483709 2147483672 2147483673 2147483672 2147483673 2147483728 2147483752 2147483728 2147483752 
2147483710 2147483672 2147483673 2147483672 2147483673 2147483728 2147483752 2147483728 2147483752 
2147483716 2147483672 2147483673 2147483672 2147483673 2147483728 2147483752 2147483755 2147483728 2147483752 2147483755 
2147483717 2147483672 2147483673 2147483672 2147483673 2147483728 2147483752 2147483755 2147483728 2147483752 2147483755 
2147483728 2147483660 2147483665 2147483669 2147483670 2147483671 2147483672 2147483673 2147483703 2147483708 2147483709 2147483710 2147483716 2147483717 2147483660 2147483665 2147483669 2147483670 2147483671 2147483672 2147483673 2147483703 2147483708 2147483709 2147483710 2147483716 2147483717 2147483731 2147483732 2147483733 2147483739 2147483752 2147483755 22 25 27 32 26 263 264 265 266 2147483731 2147483732 2147483733 2147483739 2147483752 2147483755 
2147483731 2147483672 2147483673 2147483728 2147483672 2147483673 2147483728 2147483752 2147483752 
2147483732 2147483672 2147483673 2147483728 2147483672 2147483673 2147483728 2147483752 2147483752 
2147483733 2147483672 2147483673 2147483728 2147483672 2147483673 2147483728 2147483752 2147483752 
2147483739 2147483672 2147483673 2147483728 2147483672 2147483673 2147483728 2147483752 2147483755 2147483752 2147483755 
2147483751 2147483652 2147483668 2147483669 2147483670 2147483671 2147483672 2147483673 2147483674 2147483683 2147483652 2147483668 2147483669 2147483670 2147483671 2147483672 2147483673 2147483674 2147483683 2147483752 49 52 54 57 53 127 128 129 130 2147483752 
2147483752 2147483652 2147483668 2147483669 2147483670 2147483671 2147483672 2147483673 2147483674 2147483683 2147483684 2147483690 2147483691 2147483692 2147483703 2147483708 2147483709 2147483710 2147483716 2147483717 2147483728 2147483731 2147483732 2147483733 2147483739 2147483751 2147483652 2147483668 2147483669 2147483670 2147483671 2147483672 2147483673 2147483674 2147483683 2147483684 2147483690 2147483691 2147483692 2147483703 2147483708 2147483709 2147483710 2147483716 2147483717 2147483728 2147483731 2147483732 2147483733 2147483739 2147483751 2147483755 53 49 57 52 54 127 128 129 130 2147483755 
2147483755 2147483660 2147483665 2147483669 2147483670 2147483671 2147483672 2147483673 2147483703 2147483716 2147483717 2147483728 2147483739 2147483752 2147483660 2147483665 2147483669 2147483670 2147483671 2147483672 2147483673 2147483703 2147483716 2147483717 2147483728 2147483739 2147483752 
