49 
50 
51 
52 
53 2147483649 2147483650 2147483651 2147483657 2147483658 
54 2147483651 
57 2147483650 2147483651 2147483658 
127 
128 
129 
130 
131 
132 
133 
134 
2147483648 2147483649 2147483650 2147483651 2147483657 2147483658 2147483649 2147483650 2147483651 2147483657 2147483658 
2147483649 2147483648 2147483648 2147483650 2147483651 2147483657 2147483658 53 2147483650 2147483651 2147483657 2147483658 
2147483650 2147483648 2147483649 2147483648 2147483649 2147483651 2147483657 2147483658 57 53 2147483651 2147483657 2147483658 
2147483651 2147483648 2147483649 2147483650 2147483648 2147483649 2147483650 2147483657 2147483658 54 57 53 2147483657 2147483658 
2147483657 2147483648 2147483649 2147483650 2147483651 2147483648 2147483649 2147483650 2147483651 2147483658 53 2147483658 
2147483658 2147483648 2147483649 2147483650 2147483651 2147483657 2147483648 2147483649 2147483650 2147483651 2147483657 57 53 
