22 
23 
24 
25 
26 
27 
32 
49 2147483664 2147483671 
50 
51 
52 2147483664 2147483671 
53 2147483664 2147483671 
54 2147483664 2147483671 
57 2147483664 2147483671 
127 2147483664 2147483671 
128 2147483664 2147483671 
129 2147483664 2147483671 
130 2147483664 2147483671 
131 
132 
133 
134 
151 
152 
153 
154 
155 
156 
157 
158 
159 
160 
161 
162 
163 
164 
165 
166 
263 
264 
265 
266 
267 
268 
269 
270 
2147483656 2147483671 2147483671 
2147483659 
2147483664 2147483665 2147483666 2147483667 2147483668 2147483671 49 52 54 57 53 127 128 129 130 2147483665 2147483666 2147483667 2147483668 2147483671 
2147483665 2147483664 2147483664 2147483671 2147483671 
2147483666 2147483664 2147483664 2147483671 2147483671 
2147483667 2147483664 2147483664 2147483671 2147483671 
2147483668 2147483664 2147483664 2147483671 2147483671 
2147483669 2147483671 2147483671 
2147483671 2147483656 2147483664 2147483665 2147483666 2147483667 2147483668 2147483669 2147483656 2147483664 2147483665 2147483666 2147483667 2147483668 2147483669 53 49 52 54 57 127 128 129 130 
