2 
5 
8 
11 
18 
19 
22 2147483656 2147483657 2147483667 2147483686 2147483766 
23 
24 
25 2147483656 2147483657 2147483667 2147483686 2147483766 
26 2147483656 2147483657 2147483667 2147483686 2147483766 
27 2147483656 2147483657 2147483667 2147483686 2147483766 
32 2147483656 2147483657 2147483667 2147483686 2147483766 
49 2147483648 2147483661 2147483681 2147483697 2147483730 2147483737 2147483985 2147484064 
50 
51 
52 2147483648 2147483661 2147483681 2147483697 2147483730 2147483737 2147483985 2147484064 
53 2147483648 2147483661 2147483672 2147483681 2147483691 2147483697 2147483730 2147483737 2147483790 2147483791 2147483807 2147483842 2147483894 2147483905 2147483985 2147483989 2147484021 2147484045 2147484057 2147484064 2147484067 
54 2147483648 2147483661 2147483681 2147483697 2147483730 2147483737 2147483985 2147484045 2147484057 2147484064 2147484067 
57 2147483648 2147483661 2147483681 2147483697 2147483730 2147483737 2147483791 2147483842 2147483894 2147483985 2147484045 2147484057 2147484064 2147484067 
61 
127 2147483648 2147483661 2147483681 2147483697 2147483730 2147483737 2147483985 2147484064 
128 2147483648 2147483661 2147483681 2147483697 2147483730 2147483737 2147483985 2147484064 
129 2147483648 2147483661 2147483681 2147483697 2147483730 2147483737 2147483985 2147484064 
130 2147483648 2147483661 2147483681 2147483697 2147483730 2147483737 2147483985 2147484064 
131 
132 
133 
134 
151 2147483988 
152 2147483988 
153 2147483988 
154 2147483988 
155 2147483988 
156 2147483988 
157 2147483988 
158 2147483988 
159 2147483988 
160 2147483988 
161 2147483988 
162 2147483988 
163 2147483988 
164 2147483988 
165 2147483988 
166 2147483988 
247 
248 
249 
250 
251 
252 
253 
254 
263 2147483656 2147483657 2147483667 2147483686 2147483766 
264 2147483656 2147483657 2147483667 2147483686 2147483766 
265 2147483656 2147483657 2147483667 2147483686 2147483766 
266 2147483656 2147483657 2147483667 2147483686 2147483766 
267 
268 
269 
270 
2147483648 2147483652 2147483653 2147483656 2147483657 2147483661 2147483662 2147483663 2147483667 2147483672 2147483678 2147483679 2147483680 2147483681 2147483686 2147483691 2147483697 2147483698 2147483699 2147483703 2147483708 2147483709 2147483710 2147483711 2147483712 2147483737 2147483742 2147483743 2147483745 2147483746 2147483747 2147483748 2147483749 2147483750 2147483751 2147483755 2147483760 2147483762 2147483764 2147483766 2147483768 2147483769 2147483770 2147483771 2147483772 2147483773 2147483776 2147483780 2147483786 2147483788 2147483789 2147483790 2147483791 2147483798 2147483805 2147483807 2147483827 2147483833 2147483834 2147483835 2147483837 2147483838 2147483840 2147483842 2147483845 2147483852 2147483859 2147483863 2147483870 2147483871 2147483873 2147483874 2147483875 2147483879 2147483885 2147483886 2147483887 2147483889 2147483890 2147483892 2147483894 2147483897 2147483899 2147483900 2147483901 2147483904 2147483905 2147483923 2147483925 2147483926 2147483932 2147483933 2147483934 2147483935 2147483937 2147483938 2147483940 2147483941 2147483943 2147483944 2147483945 2147483946 2147483947 2147483948 2147483952 2147483957 2147483960 2147483961 2147483962 2147483963 2147483965 2147483966 2147483967 2147483970 2147483971 2147483972 2147483973 2147483974 2147483975 2147483977 2147483978 2147483979 2147483984 2147483985 2147483987 2147483988 2147483989 2147483995 2147483999 2147484002 2147484042 2147484043 2147484044 2147484045 2147484047 2147484048 2147484049 2147484052 2147484054 2147484055 2147484056 2147484057 2147484058 2147484059 2147484061 2147484062 49 52 54 57 53 127 128 129 130 2147483652 2147483653 2147483656 2147483657 2147483661 2147483662 2147483663 2147483667 2147483672 2147483678 2147483679 2147483680 2147483681 2147483686 2147483691 2147483697 2147483698 2147483699 2147483703 2147483708 2147483709 2147483710 2147483711 2147483712 2147483737 2147483742 2147483743 2147483745 2147483746 2147483747 2147483748 2147483749 2147483750 2147483751 2147483755 2147483760 2147483762 2147483764 2147483766 2147483768 2147483769 2147483770 2147483771 2147483772 2147483773 2147483776 2147483780 2147483786 2147483788 2147483789 2147483790 2147483791 2147483798 2147483805 2147483807 2147483827 2147483833 2147483834 2147483835 2147483837 2147483838 2147483840 2147483842 2147483845 2147483852 2147483859 2147483863 2147483870 2147483871 2147483873 2147483874 2147483875 2147483879 2147483885 2147483886 2147483887 2147483889 2147483890 2147483892 2147483894 2147483897 2147483899 2147483900 2147483901 2147483904 2147483905 2147483923 2147483925 2147483926 2147483932 2147483933 2147483934 2147483935 2147483937 2147483938 2147483940 2147483941 2147483943 2147483944 2147483945 2147483946 2147483947 2147483948 2147483952 2147483957 2147483960 2147483961 2147483962 2147483963 2147483965 2147483966 2147483967 2147483970 2147483971 2147483972 2147483973 2147483974 2147483975 2147483977 2147483978 2147483979 2147483984 2147483985 2147483987 2147483988 2147483989 2147483995 2147483999 2147484002 2147484042 2147484043 2147484044 2147484045 2147484047 2147484048 2147484049 2147484052 2147484054 2147484055 2147484056 2147484057 2147484058 2147484059 2147484061 2147484062 
2147483652 2147483648 2147483648 2147483737 2147483743 2147483745 2147483737 2147483743 2147483745 
2147483653 2147483648 2147483648 2147483766 2147483768 2147483771 2147483772 2147483773 2147483776 2147483780 2147483766 2147483768 2147483771 2147483772 2147483773 2147483776 2147483780 
2147483656 2147483648 2147483648 2147483657 2147483661 2147483662 2147483663 2147483667 2147483678 2147483679 2147483680 2147483681 2147483686 2147483691 2147483697 2147483698 2147483699 2147483703 2147483708 2147483709 2147483710 2147483711 2147483712 2147483737 2147483798 2147483805 2147483807 2147483827 2147483852 2147483859 2147483863 2147483870 2147483871 2147483873 2147483874 2147483875 2147483879 2147483885 2147483886 2147483887 2147483889 2147483890 2147483892 2147483894 2147483897 2147483899 2147483900 2147483901 2147483904 2147483905 2147483923 2147483925 2147483926 2147483932 2147483933 2147483934 2147483935 2147483937 2147483938 2147483940 2147483941 2147483943 2147483944 2147483945 2147483946 2147483947 2147483948 2147483952 2147483957 2147483960 2147483961 2147483962 2147483963 2147483965 2147483966 2147483967 2147483970 2147483971 2147483972 2147483973 2147483974 2147483975 2147483977 2147483978 2147483979 2147483984 2147483985 2147483987 2147483988 2147483989 2147484044 2147484045 2147484047 2147484052 2147484054 2147484055 2147484056 2147484057 2147484058 2147484059 2147484061 2147484062 22 25 27 32 26 263 264 265 266 2147483657 2147483661 2147483662 2147483663 2147483667 2147483678 2147483679 2147483680 2147483681 2147483686 2147483691 2147483697 2147483698 2147483699 2147483703 2147483708 2147483709 2147483710 2147483711 2147483712 2147483737 2147483798 2147483805 2147483807 2147483827 2147483852 2147483859 2147483863 2147483870 2147483871 2147483873 2147483874 2147483875 2147483879 2147483885 2147483886 2147483887 2147483889 2147483890 2147483892 2147483894 2147483897 2147483899 2147483900 2147483901 2147483904 2147483905 2147483923 2147483925 2147483926 2147483932 2147483933 2147483934 2147483935 2147483937 2147483938 2147483940 2147483941 2147483943 2147483944 2147483945 2147483946 2147483947 2147483948 2147483952 2147483957 2147483960 2147483961 2147483962 2147483963 2147483965 2147483966 2147483967 2147483970 2147483971 2147483972 2147483973 2147483974 2147483975 2147483977 2147483978 2147483979 2147483984 2147483985 2147483987 2147483988 2147483989 2147484044 2147484045 2147484047 2147484052 2147484054 2147484055 2147484056 2147484057 2147484058 2147484059 2147484061 2147484062 
2147483657 2147483648 2147483656 2147483648 2147483656 2147483678 2147483679 2147483680 2147483681 2147483686 2147483691 2147483737 2147483798 2147483852 2147483859 2147483863 2147483870 2147483871 2147483873 2147483874 2147483875 2147483879 2147483885 2147483886 2147483887 2147483889 2147483890 2147483892 2147483894 2147483897 2147483899 2147483900 2147483901 2147484044 2147484052 2147484054 2147484055 2147484056 22 25 27 32 26 263 264 265 266 2147483678 2147483679 2147483680 2147483681 2147483686 2147483691 2147483737 2147483798 2147483852 2147483859 2147483863 2147483870 2147483871 2147483873 2147483874 2147483875 2147483879 2147483885 2147483886 2147483887 2147483889 2147483890 2147483892 2147483894 2147483897 2147483899 2147483900 2147483901 2147484044 2147484052 2147484054 2147484055 2147484056 
2147483661 2147483648 2147483656 2147483648 2147483656 2147483662 2147483663 2147483737 2147484045 49 54 52 57 53 127 128 129 130 2147483662 2147483663 2147483737 2147484045 
2147483662 2147483648 2147483656 2147483661 2147483648 2147483656 2147483661 2147483663 2147483737 2147483663 2147483737 
2147483663 2147483648 2147483656 2147483661 2147483662 2147483648 2147483656 2147483661 2147483662 2147483737 2147483737 
2147483667 2147483648 2147483656 2147483648 2147483656 2147483672 2147483737 2147483827 2147483833 2147483834 2147483835 2147483837 2147483838 2147483840 2147483842 2147483845 2147484047 2147484048 2147484049 22 25 27 32 26 263 264 265 266 2147483672 2147483737 2147483827 2147483833 2147483834 2147483835 2147483837 2147483838 2147483840 2147483842 2147483845 2147484047 2147484048 2147484049 
2147483672 2147483648 2147483667 2147483648 2147483667 2147483737 2147483837 2147483838 2147483840 2147483842 2147484048 53 2147483737 2147483837 2147483838 2147483840 2147483842 2147484048 
2147483678 2147483648 2147483656 2147483657 2147483648 2147483656 2147483657 2147483679 2147483680 2147483681 2147483737 2147483852 2147483679 2147483680 2147483681 2147483737 2147483852 
2147483679 2147483648 2147483656 2147483657 2147483678 2147483648 2147483656 2147483657 2147483678 2147483680 2147483681 2147483737 2147483852 2147483680 2147483681 2147483737 2147483852 
2147483680 2147483648 2147483656 2147483657 2147483678 2147483679 2147483648 2147483656 2147483657 2147483678 2147483679 2147483681 2147483737 2147483852 2147483859 2147483863 2147483873 2147483874 2147483875 2147483681 2147483737 2147483852 2147483859 2147483863 2147483873 2147483874 2147483875 
2147483681 2147483648 2147483656 2147483657 2147483678 2147483679 2147483680 2147483648 2147483656 2147483657 2147483678 2147483679 2147483680 2147483737 2147483852 2147483859 2147483863 2147483870 2147483871 2147484052 49 52 54 57 53 127 128 129 130 2147483737 2147483852 2147483859 2147483863 2147483870 2147483871 2147484052 
2147483686 2147483648 2147483656 2147483657 2147483648 2147483656 2147483657 2147483691 2147483737 2147483879 2147483885 2147483886 2147483887 2147483889 2147483890 2147483892 2147483894 2147483897 2147484054 2147484055 2147484056 22 25 27 32 26 263 264 265 266 2147483691 2147483737 2147483879 2147483885 2147483886 2147483887 2147483889 2147483890 2147483892 2147483894 2147483897 2147484054 2147484055 2147484056 
2147483691 2147483648 2147483656 2147483657 2147483686 2147483648 2147483656 2147483657 2147483686 2147483737 2147483889 2147483890 2147483892 2147483894 2147484055 53 2147483737 2147483889 2147483890 2147483892 2147483894 2147484055 
2147483697 2147483648 2147483656 2147483648 2147483656 2147483698 2147483699 2147483737 2147484057 54 49 52 57 53 127 128 129 130 2147483698 2147483699 2147483737 2147484057 
2147483698 2147483648 2147483656 2147483697 2147483648 2147483656 2147483697 2147483699 2147483737 2147483699 2147483737 
2147483699 2147483648 2147483656 2147483697 2147483698 2147483648 2147483656 2147483697 2147483698 2147483737 2147483737 
2147483703 2147483648 2147483656 2147483648 2147483656 2147483737 2147483974 2147483975 2147483977 2147484059 2147483737 2147483974 2147483975 2147483977 2147484059 
2147483708 2147483648 2147483656 2147483648 2147483656 2147483709 2147483710 2147483711 2147483737 2147483933 2147483934 2147483935 2147483937 2147483938 2147483940 2147483709 2147483710 2147483711 2147483737 2147483933 2147483934 2147483935 2147483937 2147483938 2147483940 
2147483709 2147483648 2147483656 2147483708 2147483648 2147483656 2147483708 2147483737 2147483933 2147483934 2147483935 2147483937 2147483737 2147483933 2147483934 2147483935 2147483937 
2147483710 2147483648 2147483656 2147483708 2147483648 2147483656 2147483708 2147483711 2147483737 2147483935 2147483938 2147483940 2147483711 2147483737 2147483935 2147483938 2147483940 
2147483711 2147483648 2147483656 2147483708 2147483710 2147483648 2147483656 2147483708 2147483710 2147483737 2147483935 2147483940 2147483737 2147483935 2147483940 
2147483712 2147483648 2147483656 2147483648 2147483656 2147483962 2147483963 2147483965 2147484061 2147483962 2147483963 2147483965 2147484061 
2147483720 2147483721 2147483737 2147483766 2147484011 2147484063 2147484064 2147483721 2147483737 2147483766 2147484011 2147484063 2147484064 
2147483721 2147483720 2147483720 2147483737 2147483766 2147484063 2147484064 2147483737 2147483766 2147484063 2147484064 
2147483730 2147483731 2147483732 2147483766 2147484067 49 54 52 57 53 127 128 129 130 2147483731 2147483732 2147483766 2147484067 
2147483731 2147483730 2147483730 2147483732 2147483766 2147483732 2147483766 
2147483732 2147483730 2147483731 2147483730 2147483731 2147483766 2147483766 
2147483737 2147483648 2147483652 2147483656 2147483657 2147483661 2147483662 2147483663 2147483667 2147483672 2147483678 2147483679 2147483680 2147483681 2147483686 2147483691 2147483697 2147483698 2147483699 2147483703 2147483708 2147483709 2147483710 2147483711 2147483720 2147483721 2147483648 2147483652 2147483656 2147483657 2147483661 2147483662 2147483663 2147483667 2147483672 2147483678 2147483679 2147483680 2147483681 2147483686 2147483691 2147483697 2147483698 2147483699 2147483703 2147483708 2147483709 2147483710 2147483711 2147483720 2147483721 2147483742 2147483743 2147483745 2147483748 2147483749 2147483766 2147483769 2147483770 2147483788 2147483789 2147483790 2147483791 2147483798 2147483805 2147483807 2147483827 2147483833 2147483834 2147483835 2147483837 2147483838 2147483840 2147483842 2147483847 2147483848 2147483852 2147483859 2147483863 2147483870 2147483871 2147483873 2147483874 2147483875 2147483879 2147483885 2147483886 2147483887 2147483889 2147483890 2147483892 2147483894 2147483897 2147483899 2147483900 2147483901 2147483904 2147483905 2147483923 2147483925 2147483926 2147483932 2147483933 2147483934 2147483935 2147483937 2147483938 2147483940 2147483943 2147483944 2147483945 2147483960 2147483961 2147483970 2147483971 2147483972 2147483973 2147483974 2147483975 2147483977 2147483978 2147483979 2147483984 2147483985 2147483995 2147483999 2147484002 2147484008 2147484011 2147484013 2147484014 2147484018 2147484042 2147484044 2147484045 2147484047 2147484048 2147484049 2147484052 2147484054 2147484055 2147484056 2147484057 2147484058 2147484059 2147484063 2147484064 2147484066 53 57 49 52 54 127 128 129 130 2147483742 2147483743 2147483745 2147483748 2147483749 2147483766 2147483769 2147483770 2147483788 2147483789 2147483790 2147483791 2147483798 2147483805 2147483807 2147483827 2147483833 2147483834 2147483835 2147483837 2147483838 2147483840 2147483842 2147483847 2147483848 2147483852 2147483859 2147483863 2147483870 2147483871 2147483873 2147483874 2147483875 2147483879 2147483885 2147483886 2147483887 2147483889 2147483890 2147483892 2147483894 2147483897 2147483899 2147483900 2147483901 2147483904 2147483905 2147483923 2147483925 2147483926 2147483932 2147483933 2147483934 2147483935 2147483937 2147483938 2147483940 2147483943 2147483944 2147483945 2147483960 2147483961 2147483970 2147483971 2147483972 2147483973 2147483974 2147483975 2147483977 2147483978 2147483979 2147483984 2147483985 2147483995 2147483999 2147484002 2147484008 2147484011 2147484013 2147484014 2147484018 2147484042 2147484044 2147484045 2147484047 2147484048 2147484049 2147484052 2147484054 2147484055 2147484056 2147484057 2147484058 2147484059 2147484063 2147484064 2147484066 
2147483742 2147483648 2147483737 2147483648 2147483737 
2147483743 2147483648 2147483652 2147483737 2147483648 2147483652 2147483737 
2147483745 2147483648 2147483652 2147483737 2147483648 2147483652 2147483737 
2147483746 2147483648 2147483648 2147483747 2147483750 2147483751 2147483755 2147483760 2147483762 2147484043 2147483747 2147483750 2147483751 2147483755 2147483760 2147483762 2147484043 
2147483747 2147483648 2147483746 2147483648 2147483746 
2147483748 2147483648 2147483737 2147483648 2147483737 2147483749 2147483749 
2147483749 2147483648 2147483737 2147483748 2147483648 2147483737 2147483748 
2147483750 2147483648 2147483746 2147483648 2147483746 2147483751 2147483755 2147484043 2147483751 2147483755 2147484043 
2147483751 2147483648 2147483746 2147483750 2147483648 2147483746 2147483750 2147483755 2147483755 
2147483755 2147483648 2147483746 2147483750 2147483751 2147483648 2147483746 2147483750 2147483751 
2147483760 2147483648 2147483746 2147483648 2147483746 2147483762 2147483762 
2147483762 2147483648 2147483746 2147483760 2147483648 2147483746 2147483760 
2147483764 2147483648 2147483648 
2147483766 2147483648 2147483653 2147483720 2147483721 2147483730 2147483731 2147483732 2147483737 2147483648 2147483653 2147483720 2147483721 2147483730 2147483731 2147483732 2147483737 2147483768 2147483773 2147483776 2147484008 2147484011 2147484013 2147484014 2147484018 2147484021 2147484063 2147484064 2147484066 2147484067 22 25 27 32 26 263 264 265 266 2147483768 2147483773 2147483776 2147484008 2147484011 2147484013 2147484014 2147484018 2147484021 2147484063 2147484064 2147484066 2147484067 
2147483768 2147483648 2147483653 2147483766 2147483648 2147483653 2147483766 2147483773 2147483776 2147483773 2147483776 
2147483769 2147483648 2147483737 2147483648 2147483737 2147483770 2147483770 
2147483770 2147483648 2147483737 2147483769 2147483648 2147483737 2147483769 
2147483771 2147483648 2147483653 2147483648 2147483653 2147483772 2147483772 
2147483772 2147483648 2147483653 2147483771 2147483648 2147483653 2147483771 
2147483773 2147483648 2147483653 2147483766 2147483768 2147483648 2147483653 2147483766 2147483768 2147483776 2147483776 
2147483776 2147483648 2147483653 2147483766 2147483768 2147483773 2147483648 2147483653 2147483766 2147483768 2147483773 
2147483780 2147483648 2147483653 2147483648 2147483653 
2147483786 2147483648 2147483648 
2147483788 2147483648 2147483737 2147483648 2147483737 2147483789 2147483789 
2147483789 2147483648 2147483737 2147483788 2147483648 2147483737 2147483788 2147483790 2147483791 2147483790 2147483791 
2147483790 2147483648 2147483737 2147483789 2147483648 2147483737 2147483789 2147483791 53 2147483791 
2147483791 2147483648 2147483737 2147483789 2147483790 2147483648 2147483737 2147483789 2147483790 57 53 
2147483798 2147483648 2147483656 2147483657 2147483737 2147483648 2147483656 2147483657 2147483737 2147484044 2147484044 
2147483805 2147483648 2147483656 2147483737 2147483648 2147483656 2147483737 
2147483807 2147483648 2147483656 2147483737 2147483648 2147483656 2147483737 53 
2147483827 2147483648 2147483656 2147483667 2147483737 2147483648 2147483656 2147483667 2147483737 
2147483833 2147483648 2147483667 2147483737 2147483648 2147483667 2147483737 
2147483834 2147483648 2147483667 2147483737 2147483648 2147483667 2147483737 2147484047 2147484047 
2147483835 2147483648 2147483667 2147483737 2147483648 2147483667 2147483737 2147484049 2147484049 
2147483837 2147483648 2147483667 2147483672 2147483737 2147483648 2147483667 2147483672 2147483737 2147484048 2147484048 
2147483838 2147483648 2147483667 2147483672 2147483737 2147483648 2147483667 2147483672 2147483737 2147483840 2147484048 2147483840 2147484048 
2147483840 2147483648 2147483667 2147483672 2147483737 2147483838 2147483648 2147483667 2147483672 2147483737 2147483838 2147483842 2147484048 2147483842 2147484048 
2147483842 2147483648 2147483667 2147483672 2147483737 2147483840 2147483648 2147483667 2147483672 2147483737 2147483840 57 53 
2147483845 2147483648 2147483667 2147483648 2147483667 2147484049 2147484049 
2147483847 2147483737 2147483737 
2147483848 2147483737 2147483737 2147483849 2147483849 
2147483849 2147483848 2147483848 
2147483852 2147483648 2147483656 2147483657 2147483678 2147483679 2147483680 2147483681 2147483737 2147483648 2147483656 2147483657 2147483678 2147483679 2147483680 2147483681 2147483737 
2147483859 2147483648 2147483656 2147483657 2147483680 2147483681 2147483737 2147483648 2147483656 2147483657 2147483680 2147483681 2147483737 2147483863 2147483863 
2147483863 2147483648 2147483656 2147483657 2147483680 2147483681 2147483737 2147483859 2147483648 2147483656 2147483657 2147483680 2147483681 2147483737 2147483859 
2147483870 2147483648 2147483656 2147483657 2147483681 2147483737 2147483648 2147483656 2147483657 2147483681 2147483737 2147484052 2147484052 
2147483871 2147483648 2147483656 2147483657 2147483681 2147483737 2147483648 2147483656 2147483657 2147483681 2147483737 
2147483873 2147483648 2147483656 2147483657 2147483680 2147483737 2147483648 2147483656 2147483657 2147483680 2147483737 
2147483874 2147483648 2147483656 2147483657 2147483680 2147483737 2147483648 2147483656 2147483657 2147483680 2147483737 
2147483875 2147483648 2147483656 2147483657 2147483680 2147483737 2147483648 2147483656 2147483657 2147483680 2147483737 
2147483879 2147483648 2147483656 2147483657 2147483686 2147483737 2147483648 2147483656 2147483657 2147483686 2147483737 
2147483885 2147483648 2147483656 2147483657 2147483686 2147483737 2147483648 2147483656 2147483657 2147483686 2147483737 
2147483886 2147483648 2147483656 2147483657 2147483686 2147483737 2147483648 2147483656 2147483657 2147483686 2147483737 2147484054 2147484054 
2147483887 2147483648 2147483656 2147483657 2147483686 2147483737 2147483648 2147483656 2147483657 2147483686 2147483737 2147484056 2147484056 
2147483889 2147483648 2147483656 2147483657 2147483686 2147483691 2147483737 2147483648 2147483656 2147483657 2147483686 2147483691 2147483737 2147484055 2147484055 
2147483890 2147483648 2147483656 2147483657 2147483686 2147483691 2147483737 2147483648 2147483656 2147483657 2147483686 2147483691 2147483737 2147483892 2147484055 2147483892 2147484055 
2147483892 2147483648 2147483656 2147483657 2147483686 2147483691 2147483737 2147483890 2147483648 2147483656 2147483657 2147483686 2147483691 2147483737 2147483890 2147483894 2147484055 2147483894 2147484055 
2147483894 2147483648 2147483656 2147483657 2147483686 2147483691 2147483737 2147483892 2147483648 2147483656 2147483657 2147483686 2147483691 2147483737 2147483892 57 53 
2147483897 2147483648 2147483656 2147483657 2147483686 2147483737 2147483648 2147483656 2147483657 2147483686 2147483737 2147484056 2147484056 
2147483899 2147483648 2147483656 2147483657 2147483737 2147483648 2147483656 2147483657 2147483737 
2147483900 2147483648 2147483656 2147483657 2147483737 2147483648 2147483656 2147483657 2147483737 2147483901 2147483901 
2147483901 2147483648 2147483656 2147483657 2147483737 2147483900 2147483648 2147483656 2147483657 2147483737 2147483900 
2147483904 2147483648 2147483656 2147483737 2147483648 2147483656 2147483737 
2147483905 2147483648 2147483656 2147483737 2147483648 2147483656 2147483737 53 
2147483923 2147483648 2147483656 2147483737 2147483648 2147483656 2147483737 
2147483925 2147483648 2147483656 2147483737 2147483648 2147483656 2147483737 2147484058 2147484058 
2147483926 2147483648 2147483656 2147483737 2147483648 2147483656 2147483737 2147484058 2147484058 
2147483932 2147483648 2147483656 2147483737 2147483648 2147483656 2147483737 
2147483933 2147483648 2147483656 2147483708 2147483709 2147483737 2147483648 2147483656 2147483708 2147483709 2147483737 2147483934 2147483934 
2147483934 2147483648 2147483656 2147483708 2147483709 2147483737 2147483933 2147483648 2147483656 2147483708 2147483709 2147483737 2147483933 
2147483935 2147483648 2147483656 2147483708 2147483709 2147483710 2147483711 2147483737 2147483648 2147483656 2147483708 2147483709 2147483710 2147483711 2147483737 2147483937 2147483938 2147483937 2147483938 
2147483937 2147483648 2147483656 2147483708 2147483709 2147483737 2147483935 2147483648 2147483656 2147483708 2147483709 2147483737 2147483935 
2147483938 2147483648 2147483656 2147483708 2147483710 2147483737 2147483935 2147483648 2147483656 2147483708 2147483710 2147483737 2147483935 
2147483940 2147483648 2147483656 2147483708 2147483710 2147483711 2147483737 2147483648 2147483656 2147483708 2147483710 2147483711 2147483737 
2147483941 2147483648 2147483656 2147483648 2147483656 2147483947 2147483957 2147483947 2147483957 
2147483943 2147483648 2147483656 2147483737 2147483648 2147483656 2147483737 
2147483944 2147483648 2147483656 2147483737 2147483648 2147483656 2147483737 2147483945 2147483945 
2147483945 2147483648 2147483656 2147483737 2147483944 2147483648 2147483656 2147483737 2147483944 
2147483946 2147483648 2147483656 2147483648 2147483656 2147483947 2147483948 2147483952 2147484062 2147483947 2147483948 2147483952 2147484062 
2147483947 2147483648 2147483656 2147483941 2147483946 2147483648 2147483656 2147483941 2147483946 2147483948 2147483952 2147483957 2147484062 2147483948 2147483952 2147483957 2147484062 
2147483948 2147483648 2147483656 2147483946 2147483947 2147483648 2147483656 2147483946 2147483947 2147483952 2147483952 
2147483952 2147483648 2147483656 2147483946 2147483947 2147483948 2147483648 2147483656 2147483946 2147483947 2147483948 
2147483957 2147483648 2147483656 2147483941 2147483947 2147483648 2147483656 2147483941 2147483947 
2147483960 2147483648 2147483656 2147483737 2147483648 2147483656 2147483737 2147483961 2147483961 
2147483961 2147483648 2147483656 2147483737 2147483960 2147483648 2147483656 2147483737 2147483960 
2147483962 2147483648 2147483656 2147483712 2147483648 2147483656 2147483712 2147484061 2147484061 
2147483963 2147483648 2147483656 2147483712 2147483648 2147483656 2147483712 2147483965 2147484061 2147483965 2147484061 
2147483965 2147483648 2147483656 2147483712 2147483963 2147483648 2147483656 2147483712 2147483963 2147484061 2147484061 
2147483966 2147483648 2147483656 2147483648 2147483656 2147484061 2147484061 
2147483967 2147483648 2147483656 2147483648 2147483656 2147484061 2147484061 
2147483970 2147483648 2147483656 2147483737 2147483648 2147483656 2147483737 
2147483971 2147483648 2147483656 2147483737 2147483648 2147483656 2147483737 
2147483972 2147483648 2147483656 2147483737 2147483648 2147483656 2147483737 2147483973 2147483973 
2147483973 2147483648 2147483656 2147483737 2147483972 2147483648 2147483656 2147483737 2147483972 
2147483974 2147483648 2147483656 2147483703 2147483737 2147483648 2147483656 2147483703 2147483737 2147484059 2147484059 
2147483975 2147483648 2147483656 2147483703 2147483737 2147483648 2147483656 2147483703 2147483737 2147483977 2147484059 2147483977 2147484059 
2147483977 2147483648 2147483656 2147483703 2147483737 2147483975 2147483648 2147483656 2147483703 2147483737 2147483975 2147484059 2147484059 
2147483978 2147483648 2147483656 2147483737 2147483648 2147483656 2147483737 2147483985 2147484059 2147483985 2147484059 
2147483979 2147483648 2147483656 2147483737 2147483648 2147483656 2147483737 2147483985 2147484059 2147483985 2147484059 
2147483984 2147483648 2147483656 2147483737 2147483648 2147483656 2147483737 2147483985 2147483985 
2147483985 2147483648 2147483656 2147483737 2147483978 2147483979 2147483984 2147483648 2147483656 2147483737 2147483978 2147483979 2147483984 2147483987 2147483988 2147483989 2147484059 54 49 52 57 53 127 128 129 130 2147483987 2147483988 2147483989 2147484059 
2147483987 2147483648 2147483656 2147483985 2147483648 2147483656 2147483985 
2147483988 2147483648 2147483656 2147483985 2147483648 2147483656 2147483985 2147483989 151 152 153 154 155 156 157 158 159 160 161 162 163 164 165 166 2147483989 
2147483989 2147483648 2147483656 2147483985 2147483988 2147483648 2147483656 2147483985 2147483988 53 
2147483995 2147483648 2147483737 2147483648 2147483737 2147484042 2147484042 
2147483999 2147483648 2147483737 2147483648 2147483737 
2147484002 2147483648 2147483737 2147483648 2147483737 
2147484008 2147483737 2147483766 2147483737 2147483766 
2147484011 2147483720 2147483737 2147483766 2147483720 2147483737 2147483766 
2147484013 2147483737 2147483766 2147483737 2147483766 2147484064 2147484064 
2147484014 2147483737 2147483766 2147483737 2147483766 2147484064 2147484064 
2147484018 2147483737 2147483766 2147483737 2147483766 2147484064 2147484066 2147484064 2147484066 
2147484021 2147483766 2147483766 2147484064 53 2147484064 
2147484042 2147483648 2147483737 2147483995 2147483648 2147483737 2147483995 
2147484043 2147483648 2147483746 2147483750 2147483648 2147483746 2147483750 
2147484044 2147483648 2147483656 2147483657 2147483737 2147483798 2147483648 2147483656 2147483657 2147483737 2147483798 
2147484045 2147483648 2147483656 2147483661 2147483737 2147483648 2147483656 2147483661 2147483737 54 57 53 
2147484047 2147483648 2147483656 2147483667 2147483737 2147483834 2147483648 2147483656 2147483667 2147483737 2147483834 
2147484048 2147483648 2147483667 2147483672 2147483737 2147483837 2147483838 2147483840 2147483648 2147483667 2147483672 2147483737 2147483837 2147483838 2147483840 
2147484049 2147483648 2147483667 2147483737 2147483835 2147483845 2147483648 2147483667 2147483737 2147483835 2147483845 
2147484052 2147483648 2147483656 2147483657 2147483681 2147483737 2147483870 2147483648 2147483656 2147483657 2147483681 2147483737 2147483870 
2147484054 2147483648 2147483656 2147483657 2147483686 2147483737 2147483886 2147483648 2147483656 2147483657 2147483686 2147483737 2147483886 
2147484055 2147483648 2147483656 2147483657 2147483686 2147483691 2147483737 2147483889 2147483890 2147483892 2147483648 2147483656 2147483657 2147483686 2147483691 2147483737 2147483889 2147483890 2147483892 
2147484056 2147483648 2147483656 2147483657 2147483686 2147483737 2147483887 2147483897 2147483648 2147483656 2147483657 2147483686 2147483737 2147483887 2147483897 
2147484057 2147483648 2147483656 2147483697 2147483737 2147483648 2147483656 2147483697 2147483737 54 57 53 
2147484058 2147483648 2147483656 2147483737 2147483925 2147483926 2147483648 2147483656 2147483737 2147483925 2147483926 
2147484059 2147483648 2147483656 2147483703 2147483737 2147483974 2147483975 2147483977 2147483978 2147483979 2147483985 2147483648 2147483656 2147483703 2147483737 2147483974 2147483975 2147483977 2147483978 2147483979 2147483985 
2147484061 2147483648 2147483656 2147483712 2147483962 2147483963 2147483965 2147483966 2147483967 2147483648 2147483656 2147483712 2147483962 2147483963 2147483965 2147483966 2147483967 
2147484062 2147483648 2147483656 2147483946 2147483947 2147483648 2147483656 2147483946 2147483947 
2147484063 2147483720 2147483721 2147483737 2147483766 2147483720 2147483721 2147483737 2147483766 2147484064 2147484064 
2147484064 2147483720 2147483721 2147483737 2147483766 2147484013 2147484014 2147484018 2147484021 2147484063 2147483720 2147483721 2147483737 2147483766 2147484013 2147484014 2147484018 2147484021 2147484063 2147484066 53 49 52 54 57 127 128 129 130 2147484066 
2147484066 2147483737 2147483766 2147484018 2147484064 2147483737 2147483766 2147484018 2147484064 
2147484067 2147483730 2147483766 2147483730 2147483766 54 57 53 
