22 
23 
24 
25 
26 
27 
32 
49 2147483648 2147483655 2147483692 2147483693 2147483696 
50 
51 
52 2147483648 2147483655 2147483692 2147483693 2147483696 
53 2147483648 2147483655 2147483671 2147483674 2147483682 2147483683 2147483685 2147483692 2147483693 2147483696 
54 2147483648 2147483655 2147483692 2147483693 2147483696 
57 2147483648 2147483655 2147483674 2147483683 2147483692 2147483693 2147483696 
127 2147483648 2147483655 2147483692 2147483693 2147483696 
128 2147483648 2147483655 2147483692 2147483693 2147483696 
129 2147483648 2147483655 2147483692 2147483693 2147483696 
130 2147483648 2147483655 2147483692 2147483693 2147483696 
131 
132 
133 
134 
263 
264 
265 
266 
267 
268 
269 
270 
2147483648 2147483655 2147483656 2147483662 2147483671 2147483673 2147483674 2147483679 2147483681 2147483682 2147483683 2147483685 2147483692 2147483693 2147483694 2147483695 2147483696 53 49 52 54 57 127 128 129 130 2147483655 2147483656 2147483662 2147483671 2147483673 2147483674 2147483679 2147483681 2147483682 2147483683 2147483685 2147483692 2147483693 2147483694 2147483695 2147483696 
2147483655 2147483648 2147483648 2147483656 2147483671 2147483673 2147483674 2147483692 2147483693 49 52 54 57 53 127 128 129 130 2147483656 2147483671 2147483673 2147483674 2147483692 2147483693 
2147483656 2147483648 2147483655 2147483648 2147483655 2147483671 2147483692 2147483693 2147483671 2147483692 2147483693 
2147483662 2147483648 2147483648 2147483685 2147483685 
2147483671 2147483648 2147483655 2147483656 2147483648 2147483655 2147483656 2147483692 2147483693 53 2147483692 2147483693 
2147483673 2147483648 2147483655 2147483648 2147483655 2147483674 2147483692 2147483693 2147483674 2147483692 2147483693 
2147483674 2147483648 2147483655 2147483673 2147483648 2147483655 2147483673 2147483692 2147483693 57 53 2147483692 2147483693 
2147483679 2147483648 2147483648 2147483692 2147483694 2147483692 2147483694 
2147483681 2147483648 2147483648 2147483682 2147483683 2147483682 2147483683 
2147483682 2147483648 2147483681 2147483648 2147483681 2147483683 53 2147483683 
2147483683 2147483648 2147483681 2147483682 2147483648 2147483681 2147483682 57 53 
2147483685 2147483648 2147483662 2147483648 2147483662 53 
2147483689 
2147483692 2147483648 2147483655 2147483656 2147483671 2147483673 2147483674 2147483679 2147483648 2147483655 2147483656 2147483671 2147483673 2147483674 2147483679 2147483693 2147483694 2147483695 49 52 54 57 53 127 128 129 130 2147483693 2147483694 2147483695 
2147483693 2147483648 2147483655 2147483656 2147483671 2147483673 2147483674 2147483692 2147483648 2147483655 2147483656 2147483671 2147483673 2147483674 2147483692 2147483694 2147483695 57 49 52 54 53 127 128 129 130 2147483694 2147483695 
2147483694 2147483648 2147483679 2147483692 2147483693 2147483648 2147483679 2147483692 2147483693 2147483695 2147483695 
2147483695 2147483648 2147483692 2147483693 2147483694 2147483648 2147483692 2147483693 2147483694 
2147483696 2147483648 2147483648 49 53 52 54 57 127 128 129 130 
