2 
5 
8 
11 
18 
19 
22 
23 
24 
25 
26 
27 
32 
49 2147483648 2147483649 2147483651 2147483652 2147483668 2147483669 2147483683 2147483684 2147483687 2147483688 2147483702 2147483703 2147483706 2147483707 2147483708 2147483709 2147483723 2147483724 2147483725 2147483726 2147483762 2147483763 2147483765 2147483778 2147484014 2147484015 2147484031 
50 
51 
52 2147483648 2147483649 2147483651 2147483652 2147483668 2147483669 2147483683 2147483684 2147483687 2147483688 2147483702 2147483703 2147483706 2147483707 2147483708 2147483709 2147483723 2147483724 2147483725 2147483726 2147483762 2147483763 2147483765 2147483778 2147484014 2147484015 2147484031 
53 2147483648 2147483649 2147483651 2147483652 2147483668 2147483669 2147483683 2147483684 2147483687 2147483688 2147483702 2147483703 2147483706 2147483707 2147483708 2147483709 2147483723 2147483724 2147483725 2147483726 2147483762 2147483763 2147483765 2147483778 2147483779 2147483786 2147483793 2147483800 2147483804 2147483811 2147483816 2147483824 2147483829 2147483837 2147483842 2147483850 2147483855 2147483863 2147483868 2147483876 2147483883 2147483891 2147483898 2147483904 2147483935 2147483971 2147484001 2147484011 2147484014 2147484015 2147484031 
54 2147483648 2147483649 2147483651 2147483652 2147483668 2147483669 2147483683 2147483684 2147483687 2147483688 2147483702 2147483703 2147483706 2147483707 2147483708 2147483709 2147483723 2147483724 2147483725 2147483726 2147483762 2147483763 2147483765 2147483778 2147484014 2147484015 2147484031 
57 2147483648 2147483649 2147483651 2147483652 2147483668 2147483669 2147483683 2147483684 2147483687 2147483688 2147483702 2147483703 2147483706 2147483707 2147483708 2147483709 2147483723 2147483724 2147483725 2147483726 2147483762 2147483763 2147483765 2147483777 2147483778 2147483779 2147483786 2147483791 2147483793 2147483800 2147483803 2147483804 2147483809 2147483811 2147483816 2147483822 2147483824 2147483829 2147483835 2147483837 2147483842 2147483848 2147483850 2147483855 2147483861 2147483863 2147483868 2147483874 2147483876 2147483883 2147483889 2147483891 2147483898 2147483903 2147483904 2147483934 2147483935 2147483969 2147483971 2147483999 2147484001 2147484011 2147484014 2147484015 2147484031 
61 
127 2147483648 2147483649 2147483651 2147483652 2147483668 2147483669 2147483683 2147483684 2147483687 2147483688 2147483702 2147483703 2147483706 2147483707 2147483708 2147483709 2147483723 2147483724 2147483725 2147483726 2147483762 2147483763 2147483765 2147483778 2147484014 2147484015 2147484031 
128 2147483648 2147483649 2147483651 2147483652 2147483668 2147483669 2147483683 2147483684 2147483687 2147483688 2147483702 2147483703 2147483706 2147483707 2147483708 2147483709 2147483723 2147483724 2147483725 2147483726 2147483762 2147483763 2147483765 2147483778 2147484014 2147484015 2147484031 
129 2147483648 2147483649 2147483651 2147483652 2147483668 2147483669 2147483683 2147483684 2147483687 2147483688 2147483702 2147483703 2147483706 2147483707 2147483708 2147483709 2147483723 2147483724 2147483725 2147483726 2147483762 2147483763 2147483765 2147483778 2147484014 2147484015 2147484031 
130 2147483648 2147483649 2147483651 2147483652 2147483668 2147483669 2147483683 2147483684 2147483687 2147483688 2147483702 2147483703 2147483706 2147483707 2147483708 2147483709 2147483723 2147483724 2147483725 2147483726 2147483762 2147483763 2147483765 2147483778 2147484014 2147484015 2147484031 
131 
132 
133 
134 
247 
248 
249 
250 
251 
252 
253 
254 
263 
264 
265 
266 
267 
268 
269 
270 
2147483648 2147483649 2147483650 2147483765 2147483777 2147483778 2147483779 2147484031 57 49 52 54 53 127 128 129 130 2147483649 2147483650 2147483765 2147483777 2147483778 2147483779 2147484031 
2147483649 2147483648 2147483648 2147483650 2147483765 2147483777 2147483778 2147483779 2147483786 2147484031 49 53 52 54 57 127 128 129 130 2147483650 2147483765 2147483777 2147483778 2147483779 2147483786 2147484031 
2147483650 2147483648 2147483649 2147483648 2147483649 2147483765 2147483778 2147483786 2147483765 2147483778 2147483786 
2147483651 2147483652 2147483653 2147483765 2147483778 2147483791 2147483793 2147484031 57 49 52 54 53 127 128 129 130 2147483652 2147483653 2147483765 2147483778 2147483791 2147483793 2147484031 
2147483652 2147483651 2147483651 2147483653 2147483765 2147483778 2147483791 2147483793 2147483800 2147484031 49 53 52 54 57 127 128 129 130 2147483653 2147483765 2147483778 2147483791 2147483793 2147483800 2147484031 
2147483653 2147483651 2147483652 2147483651 2147483652 2147483765 2147483778 2147483800 2147483765 2147483778 2147483800 
2147483668 2147483669 2147483670 2147483674 2147483683 2147483684 2147483765 2147483903 2147483904 2147483912 2147483918 2147483919 2147483920 2147483921 2147483923 2147484018 2147484019 2147484031 57 49 52 54 53 127 128 129 130 2147483669 2147483670 2147483674 2147483683 2147483684 2147483765 2147483903 2147483904 2147483912 2147483918 2147483919 2147483920 2147483921 2147483923 2147484018 2147484019 2147484031 
2147483669 2147483668 2147483668 2147483670 2147483674 2147483683 2147483684 2147483765 2147483903 2147483904 2147483912 2147483918 2147483919 2147483920 2147483921 2147483923 2147484018 2147484019 2147484031 49 53 52 54 57 127 128 129 130 2147483670 2147483674 2147483683 2147483684 2147483765 2147483903 2147483904 2147483912 2147483918 2147483919 2147483920 2147483921 2147483923 2147484018 2147484019 2147484031 
2147483670 2147483668 2147483669 2147483668 2147483669 2147483765 2147483912 2147483765 2147483912 
2147483674 2147483668 2147483669 2147483668 2147483669 2147483765 2147483912 2147483918 2147483919 2147483920 2147483921 2147484018 2147484019 2147483765 2147483912 2147483918 2147483919 2147483920 2147483921 2147484018 2147484019 
2147483683 2147483668 2147483669 2147483668 2147483669 2147483684 2147483765 2147484031 57 49 52 54 53 127 128 129 130 2147483684 2147483765 2147484031 
2147483684 2147483668 2147483669 2147483683 2147483668 2147483669 2147483683 2147483765 2147484031 49 53 52 54 57 127 128 129 130 2147483765 2147484031 
2147483687 2147483688 2147483689 2147483693 2147483702 2147483703 2147483765 2147483934 2147483935 2147483943 2147483949 2147483950 2147483951 2147483952 2147483954 2147484022 2147484023 2147484031 57 49 52 54 53 127 128 129 130 2147483688 2147483689 2147483693 2147483702 2147483703 2147483765 2147483934 2147483935 2147483943 2147483949 2147483950 2147483951 2147483952 2147483954 2147484022 2147484023 2147484031 
2147483688 2147483687 2147483687 2147483689 2147483693 2147483702 2147483703 2147483765 2147483934 2147483935 2147483943 2147483949 2147483950 2147483951 2147483952 2147483954 2147484022 2147484023 2147484031 49 53 52 54 57 127 128 129 130 2147483689 2147483693 2147483702 2147483703 2147483765 2147483934 2147483935 2147483943 2147483949 2147483950 2147483951 2147483952 2147483954 2147484022 2147484023 2147484031 
2147483689 2147483687 2147483688 2147483687 2147483688 2147483765 2147483943 2147483765 2147483943 
2147483693 2147483687 2147483688 2147483687 2147483688 2147483765 2147483943 2147483949 2147483950 2147483951 2147483952 2147484022 2147484023 2147483765 2147483943 2147483949 2147483950 2147483951 2147483952 2147484022 2147484023 
2147483702 2147483687 2147483688 2147483687 2147483688 2147483703 2147483765 2147484031 57 49 52 54 53 127 128 129 130 2147483703 2147483765 2147484031 
2147483703 2147483687 2147483688 2147483702 2147483687 2147483688 2147483702 2147483765 2147484031 49 53 52 54 57 127 128 129 130 2147483765 2147484031 
2147483706 2147483707 2147483708 2147483709 2147483710 2147483765 2147483969 2147483970 2147483971 2147484031 57 49 52 54 53 127 128 129 130 2147483707 2147483708 2147483709 2147483710 2147483765 2147483969 2147483970 2147483971 2147484031 
2147483707 2147483706 2147483706 2147483708 2147483709 2147483710 2147483714 2147483765 2147483969 2147483970 2147483971 2147483981 2147483987 2147483988 2147483989 2147483990 2147483992 2147484026 2147484027 2147484031 49 53 52 54 57 127 128 129 130 2147483708 2147483709 2147483710 2147483714 2147483765 2147483969 2147483970 2147483971 2147483981 2147483987 2147483988 2147483989 2147483990 2147483992 2147484026 2147484027 2147484031 
2147483708 2147483706 2147483707 2147483706 2147483707 2147483709 2147483765 2147484031 57 49 52 54 53 127 128 129 130 2147483709 2147483765 2147484031 
2147483709 2147483706 2147483707 2147483708 2147483706 2147483707 2147483708 2147483710 2147483714 2147483765 2147483969 2147483970 2147483971 2147483981 2147483987 2147483988 2147483989 2147483990 2147483992 2147484026 2147484027 2147484031 49 53 52 54 57 127 128 129 130 2147483710 2147483714 2147483765 2147483969 2147483970 2147483971 2147483981 2147483987 2147483988 2147483989 2147483990 2147483992 2147484026 2147484027 2147484031 
2147483710 2147483706 2147483707 2147483709 2147483706 2147483707 2147483709 2147483765 2147483981 2147483765 2147483981 
2147483714 2147483707 2147483709 2147483707 2147483709 2147483765 2147483981 2147483987 2147483988 2147483989 2147483990 2147484026 2147484027 2147483765 2147483981 2147483987 2147483988 2147483989 2147483990 2147484026 2147484027 
2147483723 2147483724 2147483765 2147484031 57 49 52 54 53 127 128 129 130 2147483724 2147483765 2147484031 
2147483724 2147483723 2147483723 2147483765 2147484031 53 49 52 54 57 127 128 129 130 2147483765 2147484031 
2147483725 2147483726 2147483727 2147483765 2147483999 2147484000 2147484001 2147484031 57 49 52 54 53 127 128 129 130 2147483726 2147483727 2147483765 2147483999 2147484000 2147484001 2147484031 
2147483726 2147483725 2147483725 2147483727 2147483765 2147483999 2147484000 2147484001 2147484011 2147484031 49 53 52 54 57 127 128 129 130 2147483727 2147483765 2147483999 2147484000 2147484001 2147484011 2147484031 
2147483727 2147483725 2147483726 2147483725 2147483726 2147483765 2147484011 2147483765 2147484011 
2147483752 2147483765 2147483778 2147483842 2147484014 2147484015 2147483765 2147483778 2147483842 2147484014 2147484015 
2147483755 2147483765 2147483778 2147483855 2147484014 2147484015 2147483765 2147483778 2147483855 2147484014 2147484015 
2147483758 2147483765 2147483778 2147483868 2147484014 2147484015 2147483765 2147483778 2147483868 2147484014 2147484015 
2147483761 2147483765 2147483883 2147484014 2147484015 2147483765 2147483883 2147484014 2147484015 
2147483762 2147483763 2147483765 2147483889 2147483890 2147483891 2147483893 2147484031 57 49 52 54 53 127 128 129 130 2147483763 2147483765 2147483889 2147483890 2147483891 2147483893 2147484031 
2147483763 2147483762 2147483762 2147483765 2147483889 2147483890 2147483891 2147483893 2147483898 2147484031 49 53 52 54 57 127 128 129 130 2147483765 2147483889 2147483890 2147483891 2147483893 2147483898 2147484031 
2147483765 2147483648 2147483649 2147483650 2147483651 2147483652 2147483653 2147483668 2147483669 2147483670 2147483674 2147483683 2147483684 2147483687 2147483688 2147483689 2147483693 2147483702 2147483703 2147483706 2147483707 2147483708 2147483709 2147483710 2147483714 2147483723 2147483724 2147483725 2147483726 2147483727 2147483752 2147483755 2147483758 2147483761 2147483762 2147483763 2147483648 2147483649 2147483650 2147483651 2147483652 2147483653 2147483668 2147483669 2147483670 2147483674 2147483683 2147483684 2147483687 2147483688 2147483689 2147483693 2147483702 2147483703 2147483706 2147483707 2147483708 2147483709 2147483710 2147483714 2147483723 2147483724 2147483725 2147483726 2147483727 2147483752 2147483755 2147483758 2147483761 2147483762 2147483763 2147483766 2147483767 2147483768 2147483769 2147483770 2147483772 2147483773 2147483774 2147483777 2147483778 2147483779 2147483786 2147483791 2147483793 2147483800 2147483803 2147483804 2147483806 2147483809 2147483811 2147483813 2147483816 2147483819 2147483822 2147483824 2147483826 2147483829 2147483832 2147483835 2147483837 2147483842 2147483845 2147483848 2147483850 2147483855 2147483858 2147483861 2147483863 2147483868 2147483871 2147483874 2147483876 2147483883 2147483886 2147483889 2147483890 2147483891 2147483893 2147483898 2147483903 2147483904 2147483912 2147483918 2147483919 2147483920 2147483921 2147483923 2147483934 2147483935 2147483943 2147483949 2147483950 2147483951 2147483952 2147483954 2147483969 2147483970 2147483971 2147483981 2147483987 2147483988 2147483989 2147483990 2147483992 2147483999 2147484000 2147484001 2147484011 2147484014 2147484015 2147484018 2147484019 2147484022 2147484023 2147484026 2147484027 53 49 52 54 57 127 128 129 130 2147483766 2147483767 2147483768 2147483769 2147483770 2147483772 2147483773 2147483774 2147483777 2147483778 2147483779 2147483786 2147483791 2147483793 2147483800 2147483803 2147483804 2147483806 2147483809 2147483811 2147483813 2147483816 2147483819 2147483822 2147483824 2147483826 2147483829 2147483832 2147483835 2147483837 2147483842 2147483845 2147483848 2147483850 2147483855 2147483858 2147483861 2147483863 2147483868 2147483871 2147483874 2147483876 2147483883 2147483886 2147483889 2147483890 2147483891 2147483893 2147483898 2147483903 2147483904 2147483912 2147483918 2147483919 2147483920 2147483921 2147483923 2147483934 2147483935 2147483943 2147483949 2147483950 2147483951 2147483952 2147483954 2147483969 2147483970 2147483971 2147483981 2147483987 2147483988 2147483989 2147483990 2147483992 2147483999 2147484000 2147484001 2147484011 2147484014 2147484015 2147484018 2147484019 2147484022 2147484023 2147484026 2147484027 
2147483766 2147483765 2147483765 2147483767 2147483768 2147483769 2147483770 2147483772 2147483767 2147483768 2147483769 2147483770 2147483772 
2147483767 2147483765 2147483766 2147483765 2147483766 
2147483768 2147483765 2147483766 2147483765 2147483766 2147483769 2147483770 2147483772 2147483773 2147483769 2147483770 2147483772 2147483773 
2147483769 2147483765 2147483766 2147483768 2147483765 2147483766 2147483768 
2147483770 2147483765 2147483766 2147483768 2147483765 2147483766 2147483768 
2147483772 2147483765 2147483766 2147483768 2147483765 2147483766 2147483768 
2147483773 2147483765 2147483768 2147483765 2147483768 
2147483774 2147483765 2147483765 
2147483777 2147483648 2147483649 2147483765 2147483648 2147483649 2147483765 2147483778 2147483779 57 2147483778 2147483779 
2147483778 2147483648 2147483649 2147483650 2147483651 2147483652 2147483653 2147483752 2147483755 2147483758 2147483765 2147483777 2147483648 2147483649 2147483650 2147483651 2147483652 2147483653 2147483752 2147483755 2147483758 2147483765 2147483777 2147483779 2147483786 2147483791 2147483793 2147483800 2147483803 2147483804 2147483806 2147483809 2147483811 2147483813 2147483816 2147483819 2147483822 2147483824 2147483826 2147483829 2147483832 2147483835 2147483837 2147483842 2147483845 2147483848 2147483850 2147483855 2147483858 2147483861 2147483863 2147483868 2147483871 2147483874 2147484014 2147484015 49 52 54 57 53 127 128 129 130 2147483779 2147483786 2147483791 2147483793 2147483800 2147483803 2147483804 2147483806 2147483809 2147483811 2147483813 2147483816 2147483819 2147483822 2147483824 2147483826 2147483829 2147483832 2147483835 2147483837 2147483842 2147483845 2147483848 2147483850 2147483855 2147483858 2147483861 2147483863 2147483868 2147483871 2147483874 2147484014 2147484015 
2147483779 2147483648 2147483649 2147483765 2147483777 2147483778 2147483648 2147483649 2147483765 2147483777 2147483778 57 53 
2147483786 2147483649 2147483650 2147483765 2147483778 2147483649 2147483650 2147483765 2147483778 57 53 
2147483791 2147483651 2147483652 2147483765 2147483778 2147483651 2147483652 2147483765 2147483778 2147483793 57 2147483793 
2147483793 2147483651 2147483652 2147483765 2147483778 2147483791 2147483651 2147483652 2147483765 2147483778 2147483791 57 53 
2147483800 2147483652 2147483653 2147483765 2147483778 2147483652 2147483653 2147483765 2147483778 57 53 
2147483803 2147483765 2147483778 2147483765 2147483778 2147483804 57 2147483804 
2147483804 2147483765 2147483778 2147483803 2147483765 2147483778 2147483803 57 53 
2147483806 2147483765 2147483778 2147483765 2147483778 
2147483809 2147483765 2147483778 2147483765 2147483778 2147483811 2147484014 2147484015 57 2147483811 2147484014 2147484015 
2147483811 2147483765 2147483778 2147483809 2147483765 2147483778 2147483809 2147484014 2147484015 57 53 2147484014 2147484015 
2147483813 2147483765 2147483778 2147483765 2147483778 2147483816 2147484014 2147484015 2147483816 2147484014 2147484015 
2147483816 2147483765 2147483778 2147483813 2147483765 2147483778 2147483813 2147484015 57 53 2147484015 
2147483819 2147483765 2147483778 2147483765 2147483778 2147484015 2147484015 
2147483822 2147483765 2147483778 2147483765 2147483778 2147483824 2147484014 2147484015 57 2147483824 2147484014 2147484015 
2147483824 2147483765 2147483778 2147483822 2147483765 2147483778 2147483822 2147484014 2147484015 57 53 2147484014 2147484015 
2147483826 2147483765 2147483778 2147483765 2147483778 2147483829 2147484014 2147484015 2147483829 2147484014 2147484015 
2147483829 2147483765 2147483778 2147483826 2147483765 2147483778 2147483826 2147484015 57 53 2147484015 
2147483832 2147483765 2147483778 2147483765 2147483778 2147484015 2147484015 
2147483835 2147483765 2147483778 2147483765 2147483778 2147483837 2147484014 2147484015 57 2147483837 2147484014 2147484015 
2147483837 2147483765 2147483778 2147483835 2147483765 2147483778 2147483835 2147484014 2147484015 57 53 2147484014 2147484015 
2147483842 2147483752 2147483765 2147483778 2147483752 2147483765 2147483778 2147484015 57 53 2147484015 
2147483845 2147483765 2147483778 2147483765 2147483778 2147484015 2147484015 
2147483848 2147483765 2147483778 2147483765 2147483778 2147483850 2147484014 2147484015 57 2147483850 2147484014 2147484015 
2147483850 2147483765 2147483778 2147483848 2147483765 2147483778 2147483848 2147484014 2147484015 57 53 2147484014 2147484015 
2147483855 2147483755 2147483765 2147483778 2147483755 2147483765 2147483778 2147484015 57 53 2147484015 
2147483858 2147483765 2147483778 2147483765 2147483778 2147484015 2147484015 
2147483861 2147483765 2147483778 2147483765 2147483778 2147483863 2147484014 2147484015 57 2147483863 2147484014 2147484015 
2147483863 2147483765 2147483778 2147483861 2147483765 2147483778 2147483861 2147484014 2147484015 57 53 2147484014 2147484015 
2147483868 2147483758 2147483765 2147483778 2147483758 2147483765 2147483778 2147484015 57 53 2147484015 
2147483871 2147483765 2147483778 2147483765 2147483778 2147484015 2147484015 
2147483874 2147483765 2147483778 2147483765 2147483778 2147483876 2147484014 2147484015 57 2147483876 2147484014 2147484015 
2147483876 2147483765 2147483874 2147483765 2147483874 2147484014 2147484015 57 53 2147484014 2147484015 
2147483883 2147483761 2147483765 2147483761 2147483765 2147484015 57 53 2147484015 
2147483886 2147483765 2147483765 2147484015 2147484015 
2147483889 2147483762 2147483763 2147483765 2147483762 2147483763 2147483765 2147483890 2147483891 57 2147483890 2147483891 
2147483890 2147483762 2147483763 2147483765 2147483889 2147483762 2147483763 2147483765 2147483889 
2147483891 2147483762 2147483763 2147483765 2147483889 2147483762 2147483763 2147483765 2147483889 57 53 
2147483893 2147483762 2147483763 2147483765 2147483762 2147483763 2147483765 2147483898 2147483898 
2147483898 2147483763 2147483765 2147483893 2147483763 2147483765 2147483893 57 53 
2147483903 2147483668 2147483669 2147483765 2147483668 2147483669 2147483765 2147483904 57 2147483904 
2147483904 2147483668 2147483669 2147483765 2147483903 2147483668 2147483669 2147483765 2147483903 57 53 
2147483912 2147483668 2147483669 2147483670 2147483674 2147483765 2147483668 2147483669 2147483670 2147483674 2147483765 2147484018 2147484019 2147484018 2147484019 
2147483918 2147483668 2147483669 2147483674 2147483765 2147483668 2147483669 2147483674 2147483765 2147484018 2147484019 2147484018 2147484019 
2147483919 2147483668 2147483669 2147483674 2147483765 2147483668 2147483669 2147483674 2147483765 2147484018 2147484019 2147484018 2147484019 
2147483920 2147483668 2147483669 2147483674 2147483765 2147483668 2147483669 2147483674 2147483765 2147484018 2147484019 2147484018 2147484019 
2147483921 2147483668 2147483669 2147483674 2147483765 2147483668 2147483669 2147483674 2147483765 2147484018 2147484019 2147484018 2147484019 
2147483923 2147483668 2147483669 2147483765 2147483668 2147483669 2147483765 2147484018 2147484019 2147484018 2147484019 
2147483930 
2147483934 2147483687 2147483688 2147483765 2147483687 2147483688 2147483765 2147483935 57 2147483935 
2147483935 2147483687 2147483688 2147483765 2147483934 2147483687 2147483688 2147483765 2147483934 57 53 
2147483943 2147483687 2147483688 2147483689 2147483693 2147483765 2147483687 2147483688 2147483689 2147483693 2147483765 2147484022 2147484023 2147484022 2147484023 
2147483949 2147483687 2147483688 2147483693 2147483765 2147483687 2147483688 2147483693 2147483765 2147484022 2147484023 2147484022 2147484023 
2147483950 2147483687 2147483688 2147483693 2147483765 2147483687 2147483688 2147483693 2147483765 2147484022 2147484023 2147484022 2147484023 
2147483951 2147483687 2147483688 2147483693 2147483765 2147483687 2147483688 2147483693 2147483765 2147484022 2147484023 2147484022 2147484023 
2147483952 2147483687 2147483688 2147483693 2147483765 2147483687 2147483688 2147483693 2147483765 2147484022 2147484023 2147484022 2147484023 
2147483954 2147483687 2147483688 2147483765 2147483687 2147483688 2147483765 2147484022 2147484023 2147484022 2147484023 
2147483961 
2147483969 2147483706 2147483707 2147483709 2147483765 2147483706 2147483707 2147483709 2147483765 2147483970 2147483971 57 2147483970 2147483971 
2147483970 2147483706 2147483707 2147483709 2147483765 2147483969 2147483706 2147483707 2147483709 2147483765 2147483969 
2147483971 2147483706 2147483707 2147483709 2147483765 2147483969 2147483706 2147483707 2147483709 2147483765 2147483969 57 53 
2147483981 2147483707 2147483709 2147483710 2147483714 2147483765 2147483707 2147483709 2147483710 2147483714 2147483765 2147484026 2147484027 2147484026 2147484027 
2147483987 2147483707 2147483709 2147483714 2147483765 2147483707 2147483709 2147483714 2147483765 2147484026 2147484027 2147484026 2147484027 
2147483988 2147483707 2147483709 2147483714 2147483765 2147483707 2147483709 2147483714 2147483765 2147484026 2147484027 2147484026 2147484027 
2147483989 2147483707 2147483709 2147483714 2147483765 2147483707 2147483709 2147483714 2147483765 2147484026 2147484027 2147484026 2147484027 
2147483990 2147483707 2147483709 2147483714 2147483765 2147483707 2147483709 2147483714 2147483765 2147484026 2147484027 2147484026 2147484027 
2147483992 2147483707 2147483709 2147483765 2147483707 2147483709 2147483765 2147484026 2147484027 2147484026 2147484027 
2147483999 2147483725 2147483726 2147483765 2147483725 2147483726 2147483765 2147484000 2147484001 57 2147484000 2147484001 
2147484000 2147483725 2147483726 2147483765 2147483999 2147483725 2147483726 2147483765 2147483999 
2147484001 2147483725 2147483726 2147483765 2147483999 2147483725 2147483726 2147483765 2147483999 57 53 
2147484007 
2147484011 2147483726 2147483727 2147483765 2147483726 2147483727 2147483765 57 53 
2147484014 2147483752 2147483755 2147483758 2147483761 2147483765 2147483778 2147483809 2147483811 2147483813 2147483822 2147483824 2147483826 2147483835 2147483837 2147483848 2147483850 2147483861 2147483863 2147483874 2147483876 2147483752 2147483755 2147483758 2147483761 2147483765 2147483778 2147483809 2147483811 2147483813 2147483822 2147483824 2147483826 2147483835 2147483837 2147483848 2147483850 2147483861 2147483863 2147483874 2147483876 2147484015 2147484031 57 49 52 54 53 127 128 129 130 2147484015 2147484031 
2147484015 2147483752 2147483755 2147483758 2147483761 2147483765 2147483778 2147483809 2147483811 2147483813 2147483816 2147483819 2147483822 2147483824 2147483826 2147483829 2147483832 2147483835 2147483837 2147483842 2147483845 2147483848 2147483850 2147483855 2147483858 2147483861 2147483863 2147483868 2147483871 2147483874 2147483876 2147483883 2147483886 2147484014 2147483752 2147483755 2147483758 2147483761 2147483765 2147483778 2147483809 2147483811 2147483813 2147483816 2147483819 2147483822 2147483824 2147483826 2147483829 2147483832 2147483835 2147483837 2147483842 2147483845 2147483848 2147483850 2147483855 2147483858 2147483861 2147483863 2147483868 2147483871 2147483874 2147483876 2147483883 2147483886 2147484014 2147484031 49 53 52 54 57 127 128 129 130 2147484031 
2147484018 2147483668 2147483669 2147483674 2147483765 2147483912 2147483918 2147483919 2147483920 2147483921 2147483923 2147483668 2147483669 2147483674 2147483765 2147483912 2147483918 2147483919 2147483920 2147483921 2147483923 2147484019 2147484019 
2147484019 2147483668 2147483669 2147483674 2147483765 2147483912 2147483918 2147483919 2147483920 2147483921 2147483923 2147484018 2147483668 2147483669 2147483674 2147483765 2147483912 2147483918 2147483919 2147483920 2147483921 2147483923 2147484018 
2147484022 2147483687 2147483688 2147483693 2147483765 2147483943 2147483949 2147483950 2147483951 2147483952 2147483954 2147483687 2147483688 2147483693 2147483765 2147483943 2147483949 2147483950 2147483951 2147483952 2147483954 2147484023 2147484023 
2147484023 2147483687 2147483688 2147483693 2147483765 2147483943 2147483949 2147483950 2147483951 2147483952 2147483954 2147484022 2147483687 2147483688 2147483693 2147483765 2147483943 2147483949 2147483950 2147483951 2147483952 2147483954 2147484022 
2147484026 2147483707 2147483709 2147483714 2147483765 2147483981 2147483987 2147483988 2147483989 2147483990 2147483992 2147483707 2147483709 2147483714 2147483765 2147483981 2147483987 2147483988 2147483989 2147483990 2147483992 2147484027 2147484027 
2147484027 2147483707 2147483709 2147483714 2147483765 2147483981 2147483987 2147483988 2147483989 2147483990 2147483992 2147484026 2147483707 2147483709 2147483714 2147483765 2147483981 2147483987 2147483988 2147483989 2147483990 2147483992 2147484026 
2147484031 2147483648 2147483649 2147483651 2147483652 2147483668 2147483669 2147483683 2147483684 2147483687 2147483688 2147483702 2147483703 2147483706 2147483707 2147483708 2147483709 2147483723 2147483724 2147483725 2147483726 2147483762 2147483763 2147484014 2147484015 2147483648 2147483649 2147483651 2147483652 2147483668 2147483669 2147483683 2147483684 2147483687 2147483688 2147483702 2147483703 2147483706 2147483707 2147483708 2147483709 2147483723 2147483724 2147483725 2147483726 2147483762 2147483763 2147484014 2147484015 49 53 52 54 57 127 128 129 130 
