3,1,3,-1,0,1,0,0,0,
6,1,6,-1,0,1,0,0,0,
9,1,9,-1,0,1,0,0,0,
13,1,13,-1,0,1,0,0,0,
16,1,16,-1,0,1,0,0,0,
21,1,21,-1,0,1,0,0,0,
22,1,22,-1,0,1,0,0,0,
23,1,23,-1,0,1,0,0,0,
24,1,24,-1,0,1,0,0,0,
25,1,25,-1,0,1,0,0,0,
26,1,26,-1,0,1,0,0,0,
27,1,27,-1,0,1,0,0,0,
32,1,32,-1,0,1,0,0,0,
49,1,49,-1,0,1,0,0,0,
50,1,50,-1,0,1,0,0,0,
51,1,51,-1,0,1,0,0,0,
52,1,52,-1,0,1,0,0,0,
53,1,53,-1,0,1,0,0,0,
54,1,54,-1,0,1,0,0,0,
57,1,57,-1,0,1,0,0,0,
59,1,59,-1,0,1,0,0,0,
127,1,127,-1,0,1,0,0,0,
128,1,128,-1,0,1,0,0,0,
129,1,129,-1,0,1,0,0,0,
130,1,130,-1,0,1,0,0,0,
131,1,131,-1,0,1,0,0,0,
132,1,132,-1,0,1,0,0,0,
133,1,133,-1,0,1,0,0,0,
134,1,134,-1,0,1,0,0,0,
151,1,151,-1,0,1,0,0,0,
152,1,152,-1,0,1,0,0,0,
153,1,153,-1,0,1,0,0,0,
154,1,154,-1,0,1,0,0,0,
155,1,155,-1,0,1,0,0,0,
156,1,156,-1,0,1,0,0,0,
157,1,157,-1,0,1,0,0,0,
158,1,158,-1,0,1,0,0,0,
159,1,159,-1,0,1,0,0,0,
160,1,160,-1,0,1,0,0,0,
161,1,161,-1,0,1,0,0,0,
162,1,162,-1,0,1,0,0,0,
163,1,163,-1,0,1,0,0,0,
164,1,164,-1,0,1,0,0,0,
165,1,165,-1,0,1,0,0,0,
166,1,166,-1,0,1,0,0,0,
263,1,263,-1,0,1,0,0,0,
264,1,264,-1,0,1,0,0,0,
265,1,265,-1,0,1,0,0,0,
266,1,266,-1,0,1,0,0,0,
267,1,267,-1,0,1,0,0,0,
268,1,268,-1,0,1,0,0,0,
269,1,269,-1,0,1,0,0,0,
270,1,270,-1,0,1,0,0,0,
271,1,271,-1,0,1,0,0,0,
272,1,272,-1,0,1,0,0,0,
273,1,273,-1,0,1,0,0,0,
274,1,274,-1,0,1,0,0,0,
275,1,275,-1,0,1,0,0,0,
276,1,276,-1,0,1,0,0,0,
277,1,277,-1,0,1,0,0,0,
278,1,278,-1,0,1,0,0,0,
2147483648,0,0,0.000420698,8,0,1,0,0,51 133 134 131 132 50
2147483650,0,0,0.00258911,2,0,1,0,0,54 49 52 127 128 129 130 51 133 134 131 132 50
2147483653,0,0,0.00523426,2,0,1,0,0,49 52 54 57 53 127 128 129 130 51 133 134 131 132 50
2147483658,0,0,0.0143803,1,0,1,0,0,49 52 54 57 53 127 128 129 130 51 133 134 131 132 50
2147483661,0,0,2.48213e-05,8,0,1,0,0,51 133 134 131 132 50
2147483662,0,0,0.000674884,1,0,1,0,0,49 54 52 127 128 129 130 51 133 134 131 132 50
2147483664,0,0,0.000220188,2,0,1,0,0,54 49 52 127 128 129 130 51 133 134 131 132 50
2147483669,0,0,0.0010374,1,0,1,0,0,49 53 52 54 57 127 128 129 130 51 133 134 131 132 50
2147483670,0,0,0.00139669,3,0,1,0,0,51 133 134 131 132 50
2147483671,0,0,9.42333e-05,8,0,1,0,0,51 133 134 131 132 50
2147483677,0,0,0.00736331,6,0,1,0,0,51 133 134 131 132 50
2147483679,0,0,0.000793941,2,0,1,0,0,51 133 134 131 132 50
2147483680,0,0,0.000562615,1,0,1,0,0,51 133 134 131 132 50
2147483681,0,0,0.000271379,1,0,1,0,0,22 32 25 27 263 264 265 266 24 23 269 270 267 268
2147483683,0,0,0.000762515,6,0,1,0,0,51 133 134 131 132 50
2147483684,0,0,0.0123305,1,0,1,0,0,49 52 54 57 53 127 128 129 130 51 133 134 131 132 50
2147483691,0,0,0.00180705,5,0,1,0,0,24 23 269 270 267 268
2147483692,0,0,0.00243132,4,0,1,0,0,51 133 134 131 132 50
2147483709,0,0,0.00224253,3,0,1,0,0,24 23 269 270 267 268
2147483721,0,0,0.000326396,1,0,1,0,0,51 133 134 131 132 50
2147483728,0,0,6.49262e-05,2,0,1,0,0,51 133 134 131 132 50
2147483729,0,0,8.69946e-05,2,0,1,0,0,51 133 134 131 132 50
2147483730,0,0,8.17588e-05,2,0,1,0,0,51 133 134 131 132 50
2147483731,0,0,0.000134808,2,0,1,0,0,51 133 134 131 132 50
2147483743,0,0,3.39552e-10,1,0,1,0,0,51 133 134 131 132 50
2147483748,0,0,2.53113e-05,5,0,1,0,0,51 133 134 131 132 50
2147483750,0,0,0.000339206,7,0,1,0,0,51 133 134 131 132 50
2147483751,0,0,0.00412247,2,0,1,0,255,49 52 54 57 53 127 128 129 130 51 133 134 131 132 50
2147483756,0,0,0.00895285,1,0,1,0,0,49 52 54 57 53 127 128 129 130 51 133 134 131 132 50
2147483757,0,0,0.00086505,1,0,1,0,0,49 54 52 127 128 129 130 51 133 134 131 132 50
2147483759,0,0,0.000137084,2,0,1,0,0,54 49 52 127 128 129 130 51 133 134 131 132 50
2147483764,0,0,0.00117994,1,0,1,0,0,49 53 52 54 57 127 128 129 130 51 133 134 131 132 50
2147483765,0,0,0.00154032,3,0,1,0,0,51 133 134 131 132 50
2147483773,0,0,0.00107251,2,0,1,0,0,51 133 134 131 132 50
2147483774,0,0,0.00074199,1,0,1,0,0,51 133 134 131 132 50
2147483775,0,0,0.000523758,1,0,1,0,0,22 32 25 27 263 264 265 266 24 23 269 270 267 268
2147483777,0,0,0.000905715,5,0,1,0,0,51 133 134 131 132 50
2147483793,0,0,0.000410043,2,0,1,0,0,51 133 134 131 132 50
2147483794,0,0,0.000456372,2,0,1,0,0,51 133 134 131 132 50
2147483795,0,0,0.000510619,2,0,1,0,0,51 133 134 131 132 50
2147483796,0,0,0.000688621,2,0,1,0,0,51 133 134 131 132 50
2147483807,0,0,1.05775e-09,1,0,1,0,0,51 133 134 131 132 50
2147483814,0,0,6.64292e-05,1,0,1,0,0,49 52 54 57 53 127 128 129 130 51 133 134 131 132 50
2147483820,0,0,0.000659337,15,0,1,0,0,51 133 134 131 132 50
2147483821,0,0,6.03804e-05,10,0,1,0,0,51 133 134 131 132 50
2147483822,0,0,0.000170185,10,0,1,0,0,51 133 134 131 132 50
2147483823,0,0,0.00420833,1,0,1,0,0,49 54 52 127 128 129 130 51 133 134 131 132 50
2147483826,0,0,0.00462963,1,0,1,0,0,49 52 54 57 53 127 128 129 130 51 133 134 131 132 50
2147483830,0,0,0.00269397,1,0,1,0,0,49 52 54 57 127 128 129 130 51 133 134 131 132 50
2147483836,0,0,0.00202733,1,0,1,0,0,49 52 54 57 53 127 128 129 130 51 133 134 131 132 50
2147483837,0,0,0.00167531,1,0,1,0,0,53 49 52 54 57 127 128 129 130 51 133 134 131 132 50
2147483838,0,0,0.00167531,1,0,1,0,0,57 49 52 54 127 128 129 130 51 133 134 131 132 50
2147483839,0,0,0.00162604,1,0,1,0,0,52 49 127 128 129 130 51 133 134 131 132 50
2147483840,0,0,0.00162604,1,0,1,0,0,127 49 128 129 130 51 133 134 131 132 50
2147483844,0,0,0.00157958,1,0,1,0,0,52 49 127 128 129 130 51 133 134 131 132 50
2147483847,0,0,0.000674885,1,0,1,0,0,128 49 129 130 51 133 134 131 132 50
2147483853,0,0,0.000866186,1,0,1,0,0,49 52 54 57 53 127 128 129 130 51 133 134 131 132 50
2147483857,0,0,0.00075442,1,0,1,0,0,49 52 54 127 128 129 130 51 133 134 131 132 50
2147483861,0,0,0.00050403,1,0,1,0,0,49 52 54 57 127 128 129 130 51 133 134 131 132 50
2147483877,0,0,0.000320378,2,0,1,0,0,54 49 52 127 128 129 130 51 133 134 131 132 50
2147483881,0,0,0.000304518,1,0,1,0,0,49 52 54 127 128 129 130 51 133 134 131 132 50
2147483884,0,0,0.000304517,1,0,1,0,0,49 52 54 127 128 129 130 51 133 134 131 132 50
2147483893,0,0,inf,1,0,1,0,0,49 52 54 57 53 127 128 129 130 51 133 134 131 132 50
2147483898,0,0,0.00494904,1,0,1,0,0,22 25 27 32 26 263 264 265 266 24 23 269 270 267 268
2147483901,0,0,0.00309315,1,0,1,0,0,22 25 27 32 26 263 264 265 266 24 23 269 270 267 268
2147483902,0,0,inf,1,0,1,0,0,22 25 27 32 26 263 264 265 266 24 23 269 270 267 268
2147483907,0,0,0.000991218,1,0,1,0,0,49 52 54 57 53 127 128 129 130 51 133 134 131 132 50
2147483909,0,0,inf,1,0,1,0,0,49 52 54 57 53 127 128 129 130 51 133 134 131 132 50
2147483910,0,0,0.00231487,1,0,1,0,0,52 49 127 128 129 130 51 133 134 131 132 50
2147483914,0,0,inf,1,0,1,0,0,22 25 27 32 26 263 264 265 266 24 23 269 270 267 268
2147483919,0,0,0.00362075,3,0,1,0,0,53 49 52 54 57 127 128 129 130 51 133 134 131 132 50
2147483922,0,0,0.00271556,2,0,1,0,0,54 49 52 127 128 129 130 51 133 134 131 132 50
2147483927,0,0,inf,1,0,1,0,0,22 25 27 32 26 263 264 265 266 24 23 269 270 267 268
2147483934,0,0,0.00143765,3,0,1,0,0,53 49 52 54 57 127 128 129 130 51 133 134 131 132 50
2147483935,0,0,0.000857546,2,0,1,0,0,54 49 52 127 128 129 130 51 133 134 131 132 50
2147483939,0,0,0.00133246,3,0,1,0,0,51 133 134 131 132 50
2147483943,0,0,inf,1,0,1,0,0,22 25 27 32 26 263 264 265 266 24 23 269 270 267 268
2147483948,0,0,0.000123669,3,0,1,0,0,53 49 52 54 57 127 128 129 130 51 133 134 131 132 50
2147483949,0,0,7.37674e-05,2,0,1,0,0,54 49 52 127 128 129 130 51 133 134 131 132 50
2147483955,0,0,0.000169807,1,0,1,0,0,57 49 52 54 127 128 129 130 51 133 134 131 132 50
2147483957,0,0,inf,1,0,1,0,0,49 52 54 57 53 127 128 129 130 51 133 134 131 132 50
2147483958,0,0,0.000122638,1,0,1,0,0,54 49 52 127 128 129 130 51 133 134 131 132 50
2147483959,0,0,0.000122638,1,0,1,0,0,52 49 127 128 129 130 51 133 134 131 132 50
2147483960,0,0,0.000122638,1,0,1,0,0,263 22 264 265 266 24 23 269 270 267 268
2147483961,0,0,0.000150733,1,0,1,0,0,49 52 54 57 53 127 128 129 130 51 133 134 131 132 50
2147483971,0,0,2.98085e-10,5,0,1,0,0,51 133 134 131 132 50
2147483973,0,0,inf,1,0,1,0,0,49 52 54 57 53 127 128 129 130 51 133 134 131 132 50
2147483974,0,0,7.71992e-10,1,0,1,0,0,49 52 54 57 53 127 128 129 130 51 133 134 131 132 50
2147483975,0,0,6.37946e-10,1,0,1,0,0,53 49 52 54 57 127 128 129 130 51 133 134 131 132 50
2147483976,0,0,6.37946e-10,1,0,1,0,0,57 49 52 54 127 128 129 130 51 133 134 131 132 50
2147483977,0,0,6.19183e-10,1,0,1,0,0,52 49 127 128 129 130 51 133 134 131 132 50
2147483978,0,0,6.19183e-10,1,0,1,0,0,127 49 128 129 130 51 133 134 131 132 50
2147483981,0,0,5.23036e-10,1,0,1,0,0,53 49 52 57 127 128 129 130 51 133 134 131 132 50
2147483982,0,0,5.26305e-10,1,0,1,0,0,52 49 127 128 129 130 51 133 134 131 132 50
2147483983,0,0,7.1875e-10,1,0,1,0,0,49 52 54 57 53 127 128 129 130 51 133 134 131 132 50
2147483985,0,0,inf,1,0,0,0,1,151 152 153 154 155 156 157 158 159 160 161 162 163 164 165 166
2147483995,0,0,0.00162129,1,0,1,0,0,49 52 54 57 127 128 129 130 51 133 134 131 132 50
2147484001,0,0,0.00126217,1,0,1,0,0,49 52 54 57 53 127 128 129 130 51 133 134 131 132 50
2147484002,0,0,0.0010756,1,0,1,0,0,53 49 52 54 57 127 128 129 130 51 133 134 131 132 50
2147484003,0,0,0.0010756,1,0,1,0,0,57 49 52 54 127 128 129 130 51 133 134 131 132 50
2147484004,0,0,0.00104301,1,0,1,0,0,52 49 127 128 129 130 51 133 134 131 132 50
2147484005,0,0,0.00104301,1,0,1,0,0,127 49 128 129 130 51 133 134 131 132 50
2147484008,0,0,0.0011103,1,0,1,0,0,52 49 127 128 129 130 51 133 134 131 132 50
2147484011,0,0,0.000445633,1,0,1,0,0,128 49 129 130 51 133 134 131 132 50
2147484017,0,0,0.000539268,1,0,1,0,0,49 52 54 57 53 127 128 129 130 51 133 134 131 132 50
2147484019,0,0,0.000469685,1,0,1,0,0,49 52 54 127 128 129 130 51 133 134 131 132 50
2147484023,0,0,0.000470173,1,0,1,0,0,49 52 54 57 127 128 129 130 51 133 134 131 132 50
2147484039,0,0,0.000309163,2,0,1,0,0,54 49 52 127 128 129 130 51 133 134 131 132 50
2147484043,0,0,0.000284378,1,0,1,0,0,49 52 54 127 128 129 130 51 133 134 131 132 50
2147484046,0,0,0.000284378,1,0,1,0,0,49 52 54 127 128 129 130 51 133 134 131 132 50
2147484051,0,0,0.000933204,2,0,1,0,0,22 25 27 32 26 263 264 265 266 24 23 269 270 267 268
2147484054,0,0,0.000583252,1,0,1,0,0,22 25 27 32 26 263 264 265 266 24 23 269 270 267 268
2147484061,0,0,inf,1,0,1,0,0,49 52 54 57 53 127 128 129 130 51 133 134 131 132 50
2147484066,0,0,inf,1,0,1,0,0,22 25 27 32 26 263 264 265 266 24 23 269 270 267 268
2147484071,0,0,0.000291491,3,0,1,0,0,53 49 52 54 57 127 128 129 130 51 133 134 131 132 50
2147484072,0,0,0.000173872,2,0,1,0,0,54 49 52 127 128 129 130 51 133 134 131 132 50
2147484075,0,0,0.0080657,3,0,1,0,0,51 133 134 131 132 50
2147484083,0,0,0.00028631,2,0,1,0,0,54 49 52 127 128 129 130 51 133 134 131 132 50
2147484089,0,0,0.000534135,1,0,1,0,0,57 49 52 54 127 128 129 130 51 133 134 131 132 50
2147484091,0,0,inf,1,0,1,0,0,49 52 54 57 53 127 128 129 130 51 133 134 131 132 50
2147484092,0,0,0.000386612,1,0,1,0,0,54 49 52 127 128 129 130 51 133 134 131 132 50
2147484093,0,0,0.000386612,1,0,1,0,0,52 49 127 128 129 130 51 133 134 131 132 50
2147484094,0,0,0.000386612,1,0,1,0,0,263 22 264 265 266 24 23 269 270 267 268
2147484095,0,0,0.000461981,1,0,1,0,0,49 52 54 57 53 127 128 129 130 51 133 134 131 132 50
2147484105,0,0,9.13601e-10,5,0,1,0,0,51 133 134 131 132 50
2147484107,0,0,inf,1,0,1,0,0,49 52 54 57 53 127 128 129 130 51 133 134 131 132 50
2147484108,0,0,2.36608e-09,1,0,1,0,0,49 52 54 57 53 127 128 129 130 51 133 134 131 132 50
2147484109,0,0,1.95524e-09,1,0,1,0,0,53 49 52 54 57 127 128 129 130 51 133 134 131 132 50
2147484110,0,0,1.95524e-09,1,0,1,0,0,57 49 52 54 127 128 129 130 51 133 134 131 132 50
2147484111,0,0,1.89774e-09,1,0,1,0,0,52 49 127 128 129 130 51 133 134 131 132 50
2147484112,0,0,1.89774e-09,1,0,1,0,0,127 49 128 129 130 51 133 134 131 132 50
2147484115,0,0,1.61307e-09,1,0,1,0,0,52 49 127 128 129 130 51 133 134 131 132 50
2147484116,0,0,2.2029e-09,1,0,1,0,0,49 52 54 57 53 127 128 129 130 51 133 134 131 132 50
2147484118,0,0,inf,1,0,0,0,1,151 152 153 154 155 156 157 158 159 160 161 162 163 164 165 166
2147484130,0,0,4.3062e-05,1,0,1,0,0,49 52 54 57 53 127 128 129 130 51 133 134 131 132 50
2147484131,0,0,3.55849e-05,1,0,1,0,167,53 49 52 54 57 127 128 129 130 51 133 134 131 132 50
2147484132,0,0,3.55849e-05,1,0,1,0,0,57 49 52 54 127 128 129 130 51 133 134 131 132 50
2147484133,0,0,3.45383e-05,1,0,1,0,0,52 49 127 128 129 130 51 133 134 131 132 50
2147484134,0,0,3.45383e-05,1,0,1,0,214,127 49 128 129 130 51 133 134 131 132 50
2147484137,0,0,3.55848e-05,1,0,1,0,0,52 49 127 128 129 130 51 133 134 131 132 50
2147484141,0,0,2.97873e-05,1,0,1,0,0,53 49 52 57 127 128 129 130 51 133 134 131 132 50
2147484145,0,0,0.00296621,5,0,1,0,255,22 25 27 32 26 263 264 265 266 24 23 269 270 267 268
2147484146,0,0,6.07117e-05,1,0,1,0,0,49 52 54 57 53 127 128 129 130 51 133 134 131 132 50
2147484147,0,0,5.01699e-05,1,0,1,0,0,53 49 52 54 57 127 128 129 130 51 133 134 131 132 50
2147484148,0,0,5.01699e-05,1,0,1,0,0,57 49 52 54 127 128 129 130 51 133 134 131 132 50
2147484149,0,0,4.86944e-05,1,0,1,0,0,52 49 127 128 129 130 51 133 134 131 132 50
2147484150,0,0,4.86944e-05,1,0,1,0,0,127 49 128 129 130 51 133 134 131 132 50
2147484154,0,0,4.7303e-05,1,0,1,0,0,52 49 127 128 129 130 51 133 134 131 132 50
2147484159,0,0,0.000704276,1,0,1,0,0,49 52 54 57 53 127 128 129 130 51 133 134 131 132 50
2147484160,0,0,0.000581988,1,0,1,0,0,53 49 52 54 57 127 128 129 130 51 133 134 131 132 50
2147484161,0,0,0.000581988,1,0,1,0,0,57 49 52 54 127 128 129 130 51 133 134 131 132 50
2147484162,0,0,0.000564871,1,0,1,0,0,52 49 127 128 129 130 51 133 134 131 132 50
2147484163,0,0,0.000564871,1,0,1,0,0,127 49 128 129 130 51 133 134 131 132 50
2147484167,0,0,0.000548731,1,0,1,0,0,52 49 127 128 129 130 51 133 134 131 132 50
2147484172,0,0,1.53474e-08,1,0,1,0,0,49 52 54 57 127 128 129 130 51 133 134 131 132 50
2147484174,0,0,1.70868e-14,1,0,1,0,0,49 53 52 54 57 127 128 129 130 51 133 134 131 132 50
2147484179,0,0,0.00275514,1,0,1,0,0,49 52 54 57 127 128 129 130 51 133 134 131 132 50
2147484186,0,0,0.0281107,3,0,1,0,0,49 52 54 57 53 127 128 129 130 51 133 134 131 132 50
2147484187,0,0,0.0231587,3,0,1,0,0,3 13 21 59 16 271 272 273 274 9 6 277 278 275 276
2147484189,0,0,0.000653927,5,0,1,0,0,57 49 52 54 127 128 129 130 51 133 134 131 132 50
2147484192,0,0,0.000403508,5,0,1,0,0,53 49 52 54 57 127 128 129 130 51 133 134 131 132 50
2147484195,0,0,0.00207563,7,0,1,0,0,51 133 134 131 132 50
2147484210,0,0,0.0175011,3,0,1,0,0,49 52 54 57 53 127 128 129 130 51 133 134 131 132 50
2147484211,0,0,0.0144181,3,0,1,0,0,3 13 21 59 16 271 272 273 274 9 6 277 278 275 276
2147484213,0,0,0.000444913,5,0,1,0,0,57 49 52 54 127 128 129 130 51 133 134 131 132 50
2147484216,0,0,0.000408436,5,0,1,0,0,53 49 52 54 57 127 128 129 130 51 133 134 131 132 50
2147484217,0,0,0.00770292,7,0,1,0,0,51 133 134 131 132 50
2147484220,0,0,0.000378244,5,0,1,0,0,53 49 52 54 57 127 128 129 130 51 133 134 131 132 50
2147484221,0,0,0.00015919,3,0,1,0,0,49 52 54 57 53 127 128 129 130 51 133 134 131 132 50
2147484229,0,0,0.000181545,21,0,1,0,0,51 133 134 131 132 50
2147484230,0,0,4.75664e-09,22,0,1,0,0,51 133 134 131 132 50
2147484231,0,0,0.00131714,3,0,1,0,0,49 52 54 57 53 127 128 129 130 51 133 134 131 132 50
2147484232,0,0,0.00204157,3,0,1,0,0,49 52 54 57 53 127 128 129 130 51 133 134 131 132 50
2147484234,0,0,0.000726202,3,0,1,0,0,49 52 54 57 53 127 128 129 130 51 133 134 131 132 50
2147484235,0,0,0.0166172,6,0,1,0,0,51 133 134 131 132 50
2147484236,0,0,6.2469e-05,3,0,1,0,0,49 52 54 57 53 127 128 129 130 51 133 134 131 132 50
2147484237,0,0,0.00210698,3,0,1,0,0,51 133 134 131 132 50
2147484238,0,0,0.000251496,4,0,1,0,0,49 52 54 57 53 127 128 129 130 51 133 134 131 132 50
2147484239,0,0,0.00503244,3,0,1,0,0,51 133 134 131 132 50
