2 
5 
8 
11 
18 
19 
22 2147483673 
23 
24 
25 2147483673 
26 2147483673 2147483681 
27 2147483673 2147483681 
32 2147483673 2147483681 
49 2147483648 2147483667 2147483668 2147483669 2147483705 2147483706 2147483709 
50 
51 
52 2147483648 2147483667 2147483668 2147483669 2147483705 2147483706 2147483709 
53 2147483648 2147483667 2147483668 2147483669 2147483670 2147483680 2147483705 2147483706 2147483709 
54 2147483648 2147483667 2147483668 2147483669 2147483705 2147483706 2147483709 
57 2147483648 2147483667 2147483668 2147483669 2147483705 2147483706 2147483709 
61 
127 2147483648 2147483667 2147483668 2147483669 2147483705 2147483706 2147483709 
128 2147483648 2147483667 2147483668 2147483669 2147483705 2147483706 2147483709 
129 2147483648 2147483667 2147483668 2147483669 2147483705 2147483706 2147483709 
130 2147483648 2147483667 2147483668 2147483669 2147483705 2147483706 2147483709 
131 
132 
133 
134 
247 
248 
249 
250 
251 
252 
253 
254 
263 2147483673 
264 2147483673 
265 2147483673 
266 2147483673 
267 
268 
269 
270 
2147483648 2147483667 2147483668 2147483669 2147483671 2147483673 2147483679 2147483680 2147483681 2147483698 2147483700 2147483702 2147483705 2147483706 2147483707 2147483709 2147483711 53 49 52 54 57 127 128 129 130 2147483667 2147483668 2147483669 2147483671 2147483673 2147483679 2147483680 2147483681 2147483698 2147483700 2147483702 2147483705 2147483706 2147483707 2147483709 2147483711 
2147483667 2147483648 2147483648 2147483668 2147483669 2147483670 2147483671 2147483673 2147483679 2147483680 2147483681 2147483698 2147483700 2147483702 2147483705 2147483706 2147483707 2147483709 2147483711 53 49 52 54 57 127 128 129 130 2147483668 2147483669 2147483670 2147483671 2147483673 2147483679 2147483680 2147483681 2147483698 2147483700 2147483702 2147483705 2147483706 2147483707 2147483709 2147483711 
2147483668 2147483648 2147483667 2147483648 2147483667 2147483669 2147483670 2147483671 2147483673 2147483679 2147483680 2147483681 2147483698 2147483700 2147483702 2147483705 2147483706 2147483707 2147483709 2147483711 54 53 57 49 52 127 128 129 130 2147483669 2147483670 2147483671 2147483673 2147483679 2147483680 2147483681 2147483698 2147483700 2147483702 2147483705 2147483706 2147483707 2147483709 2147483711 
2147483669 2147483648 2147483667 2147483668 2147483648 2147483667 2147483668 2147483670 2147483671 2147483673 2147483679 2147483680 2147483681 2147483698 2147483700 2147483702 2147483705 2147483706 2147483707 2147483709 2147483711 54 49 52 57 53 127 128 129 130 2147483670 2147483671 2147483673 2147483679 2147483680 2147483681 2147483698 2147483700 2147483702 2147483705 2147483706 2147483707 2147483709 2147483711 
2147483670 2147483667 2147483668 2147483669 2147483667 2147483668 2147483669 53 
2147483671 2147483648 2147483667 2147483668 2147483669 2147483648 2147483667 2147483668 2147483669 
2147483673 2147483648 2147483667 2147483668 2147483669 2147483648 2147483667 2147483668 2147483669 2147483679 2147483680 2147483681 2147483698 2147483700 2147483702 2147483705 2147483706 2147483707 2147483709 2147483711 22 25 27 32 26 263 264 265 266 2147483679 2147483680 2147483681 2147483698 2147483700 2147483702 2147483705 2147483706 2147483707 2147483709 2147483711 
2147483679 2147483648 2147483667 2147483668 2147483669 2147483673 2147483648 2147483667 2147483668 2147483669 2147483673 2147483705 2147483706 2147483705 2147483706 
2147483680 2147483648 2147483667 2147483668 2147483669 2147483673 2147483648 2147483667 2147483668 2147483669 2147483673 2147483681 2147483705 2147483706 53 2147483681 2147483705 2147483706 
2147483681 2147483648 2147483667 2147483668 2147483669 2147483673 2147483680 2147483648 2147483667 2147483668 2147483669 2147483673 2147483680 2147483705 2147483706 27 32 26 2147483705 2147483706 
2147483698 2147483648 2147483667 2147483668 2147483669 2147483673 2147483648 2147483667 2147483668 2147483669 2147483673 2147483705 2147483706 2147483707 2147483709 2147483711 2147483705 2147483706 2147483707 2147483709 2147483711 
2147483700 2147483648 2147483667 2147483668 2147483669 2147483673 2147483648 2147483667 2147483668 2147483669 2147483673 2147483705 2147483706 2147483707 2147483709 2147483705 2147483706 2147483707 2147483709 
2147483702 2147483648 2147483667 2147483668 2147483669 2147483673 2147483648 2147483667 2147483668 2147483669 2147483673 2147483705 2147483706 2147483705 2147483706 
2147483705 2147483648 2147483667 2147483668 2147483669 2147483673 2147483679 2147483680 2147483681 2147483698 2147483700 2147483702 2147483648 2147483667 2147483668 2147483669 2147483673 2147483679 2147483680 2147483681 2147483698 2147483700 2147483702 2147483706 2147483707 2147483709 2147483711 49 52 54 57 53 127 128 129 130 2147483706 2147483707 2147483709 2147483711 
2147483706 2147483648 2147483667 2147483668 2147483669 2147483673 2147483679 2147483680 2147483681 2147483698 2147483700 2147483702 2147483705 2147483648 2147483667 2147483668 2147483669 2147483673 2147483679 2147483680 2147483681 2147483698 2147483700 2147483702 2147483705 2147483707 2147483709 2147483711 49 52 54 57 53 127 128 129 130 2147483707 2147483709 2147483711 
2147483707 2147483648 2147483667 2147483668 2147483669 2147483673 2147483698 2147483700 2147483705 2147483706 2147483648 2147483667 2147483668 2147483669 2147483673 2147483698 2147483700 2147483705 2147483706 2147483709 2147483711 2147483709 2147483711 
2147483709 2147483648 2147483667 2147483668 2147483669 2147483673 2147483698 2147483700 2147483705 2147483706 2147483707 2147483648 2147483667 2147483668 2147483669 2147483673 2147483698 2147483700 2147483705 2147483706 2147483707 2147483711 49 52 54 57 53 127 128 129 130 2147483711 
2147483711 2147483648 2147483667 2147483668 2147483669 2147483673 2147483698 2147483705 2147483706 2147483707 2147483709 2147483648 2147483667 2147483668 2147483669 2147483673 2147483698 2147483705 2147483706 2147483707 2147483709 
