2 
5 
8 
11 
18 
19 
22 2147483672 2147483683 
23 
24 
25 2147483672 2147483683 
26 2147483672 2147483683 2147483713 2147483717 2147483721 2147483725 2147483750 2147483754 2147483758 2147483762 2147483819 2147483829 2147483834 2147483852 2147483856 2147483862 
27 2147483672 2147483683 
32 2147483672 2147483683 2147483713 2147483717 2147483721 2147483725 2147483750 2147483754 2147483758 2147483762 2147483852 2147483856 
49 2147483648 2147483649 2147483652 2147483682 2147483689 2147483824 2147483887 2147483888 2147483889 2147483890 
50 
51 
52 2147483648 2147483649 2147483652 2147483682 2147483689 2147483824 2147483887 2147483888 2147483889 2147483890 
53 2147483648 2147483649 2147483652 2147483682 2147483689 2147483692 2147483702 2147483728 2147483739 2147483765 2147483824 2147483887 2147483888 2147483889 2147483890 
54 2147483648 2147483649 2147483650 2147483651 2147483652 2147483682 2147483689 2147483702 2147483739 2147483824 2147483887 2147483888 2147483889 2147483890 
57 2147483648 2147483649 2147483650 2147483651 2147483652 2147483682 2147483687 2147483689 2147483695 2147483701 2147483702 2147483712 2147483716 2147483720 2147483724 2147483731 2147483738 2147483739 2147483749 2147483753 2147483757 2147483761 2147483824 2147483887 2147483888 2147483889 2147483890 
61 
127 2147483648 2147483649 2147483652 2147483682 2147483689 2147483824 2147483887 2147483888 2147483889 2147483890 
128 2147483648 2147483649 2147483652 2147483682 2147483689 2147483824 2147483887 2147483888 2147483889 2147483890 
129 2147483648 2147483649 2147483652 2147483682 2147483689 2147483824 2147483887 2147483888 2147483889 2147483890 
130 2147483648 2147483649 2147483652 2147483682 2147483689 2147483824 2147483887 2147483888 2147483889 2147483890 
131 
132 
133 
134 
247 
248 
249 
250 
251 
252 
253 
254 
263 2147483672 2147483683 
264 2147483672 2147483683 
265 2147483672 2147483683 
266 2147483672 2147483683 
267 
268 
269 
270 
2147483648 2147483649 2147483650 2147483682 2147483683 2147483687 2147483689 2147483692 2147483695 2147483697 2147483698 2147483700 2147483701 2147483702 2147483704 2147483706 2147483712 2147483713 2147483716 2147483717 2147483720 2147483721 2147483724 2147483725 2147483728 2147483731 2147483733 2147483735 2147483737 2147483738 2147483739 57 49 52 54 53 127 128 129 130 2147483649 2147483650 2147483682 2147483683 2147483687 2147483689 2147483692 2147483695 2147483697 2147483698 2147483700 2147483701 2147483702 2147483704 2147483706 2147483712 2147483713 2147483716 2147483717 2147483720 2147483721 2147483724 2147483725 2147483728 2147483731 2147483733 2147483735 2147483737 2147483738 2147483739 
2147483649 2147483648 2147483648 2147483650 2147483682 2147483683 2147483695 2147483697 2147483698 2147483700 2147483701 2147483702 2147483704 2147483706 2147483712 2147483713 2147483716 2147483717 2147483720 2147483721 2147483724 2147483725 2147483728 2147483731 2147483733 2147483735 2147483737 2147483738 2147483739 53 54 49 52 57 127 128 129 130 2147483650 2147483682 2147483683 2147483695 2147483697 2147483698 2147483700 2147483701 2147483702 2147483704 2147483706 2147483712 2147483713 2147483716 2147483717 2147483720 2147483721 2147483724 2147483725 2147483728 2147483731 2147483733 2147483735 2147483737 2147483738 2147483739 
2147483650 2147483648 2147483649 2147483648 2147483649 2147483682 2147483683 54 57 2147483682 2147483683 
2147483651 2147483682 2147483683 54 57 2147483682 2147483683 
2147483652 2147483669 2147483672 2147483683 2147483771 2147483775 2147483776 2147483780 2147483781 2147483784 2147483785 2147483807 2147483813 2147483815 2147483819 2147483823 2147483824 2147483827 2147483829 2147483832 2147483834 2147483887 2147483888 2147483889 2147483890 2147483895 49 53 52 54 57 127 128 129 130 2147483669 2147483672 2147483683 2147483771 2147483775 2147483776 2147483780 2147483781 2147483784 2147483785 2147483807 2147483813 2147483815 2147483819 2147483823 2147483824 2147483827 2147483829 2147483832 2147483834 2147483887 2147483888 2147483889 2147483890 2147483895 
2147483669 2147483652 2147483652 2147483683 2147483887 2147483888 2147483889 2147483890 2147483683 2147483887 2147483888 2147483889 2147483890 
2147483672 2147483652 2147483652 2147483683 2147483839 2147483842 2147483848 2147483850 2147483851 2147483852 2147483854 2147483855 2147483856 2147483862 2147483887 2147483888 2147483889 2147483890 26 22 32 25 27 263 264 265 266 2147483683 2147483839 2147483842 2147483848 2147483850 2147483851 2147483852 2147483854 2147483855 2147483856 2147483862 2147483887 2147483888 2147483889 2147483890 
2147483682 2147483648 2147483649 2147483650 2147483651 2147483648 2147483649 2147483650 2147483651 2147483683 2147483685 2147483687 2147483689 2147483692 2147483695 2147483697 2147483698 2147483700 2147483701 2147483702 2147483704 2147483706 2147483712 2147483713 2147483716 2147483717 2147483720 2147483721 2147483724 2147483725 2147483728 2147483731 2147483733 2147483735 2147483737 2147483738 2147483739 2147483741 2147483743 2147483749 2147483750 2147483753 2147483754 2147483757 2147483758 2147483761 2147483762 2147483765 53 49 52 54 57 127 128 129 130 2147483683 2147483685 2147483687 2147483689 2147483692 2147483695 2147483697 2147483698 2147483700 2147483701 2147483702 2147483704 2147483706 2147483712 2147483713 2147483716 2147483717 2147483720 2147483721 2147483724 2147483725 2147483728 2147483731 2147483733 2147483735 2147483737 2147483738 2147483739 2147483741 2147483743 2147483749 2147483750 2147483753 2147483754 2147483757 2147483758 2147483761 2147483762 2147483765 
2147483683 2147483648 2147483649 2147483650 2147483651 2147483652 2147483669 2147483672 2147483682 2147483648 2147483649 2147483650 2147483651 2147483652 2147483669 2147483672 2147483682 2147483685 2147483687 2147483689 2147483692 2147483695 2147483697 2147483698 2147483700 2147483701 2147483702 2147483704 2147483706 2147483712 2147483713 2147483716 2147483717 2147483720 2147483721 2147483724 2147483725 2147483728 2147483731 2147483733 2147483735 2147483737 2147483738 2147483739 2147483741 2147483743 2147483749 2147483750 2147483753 2147483754 2147483757 2147483758 2147483761 2147483762 2147483765 2147483771 2147483775 2147483776 2147483780 2147483781 2147483784 2147483785 2147483788 2147483789 2147483792 2147483807 2147483813 2147483815 2147483819 2147483823 2147483824 2147483827 2147483829 2147483832 2147483834 2147483839 2147483842 2147483848 2147483850 2147483851 2147483852 2147483854 2147483855 2147483856 2147483862 2147483868 2147483887 2147483888 2147483889 2147483890 2147483892 2147483894 2147483895 32 22 25 27 26 263 264 265 266 2147483685 2147483687 2147483689 2147483692 2147483695 2147483697 2147483698 2147483700 2147483701 2147483702 2147483704 2147483706 2147483712 2147483713 2147483716 2147483717 2147483720 2147483721 2147483724 2147483725 2147483728 2147483731 2147483733 2147483735 2147483737 2147483738 2147483739 2147483741 2147483743 2147483749 2147483750 2147483753 2147483754 2147483757 2147483758 2147483761 2147483762 2147483765 2147483771 2147483775 2147483776 2147483780 2147483781 2147483784 2147483785 2147483788 2147483789 2147483792 2147483807 2147483813 2147483815 2147483819 2147483823 2147483824 2147483827 2147483829 2147483832 2147483834 2147483839 2147483842 2147483848 2147483850 2147483851 2147483852 2147483854 2147483855 2147483856 2147483862 2147483868 2147483887 2147483888 2147483889 2147483890 2147483892 2147483894 2147483895 
2147483685 2147483682 2147483683 2147483682 2147483683 
2147483687 2147483648 2147483682 2147483683 2147483648 2147483682 2147483683 57 
2147483689 2147483648 2147483682 2147483683 2147483648 2147483682 2147483683 2147483692 53 49 54 52 57 127 128 129 130 2147483692 
2147483692 2147483648 2147483682 2147483683 2147483689 2147483648 2147483682 2147483683 2147483689 53 
2147483695 2147483648 2147483649 2147483682 2147483683 2147483648 2147483649 2147483682 2147483683 57 
2147483697 2147483648 2147483649 2147483682 2147483683 2147483648 2147483649 2147483682 2147483683 
2147483698 2147483648 2147483649 2147483682 2147483683 2147483648 2147483649 2147483682 2147483683 
2147483700 2147483648 2147483649 2147483682 2147483683 2147483648 2147483649 2147483682 2147483683 
2147483701 2147483648 2147483649 2147483682 2147483683 2147483648 2147483649 2147483682 2147483683 57 
2147483702 2147483648 2147483649 2147483682 2147483683 2147483648 2147483649 2147483682 2147483683 54 57 53 
2147483704 2147483648 2147483649 2147483682 2147483683 2147483648 2147483649 2147483682 2147483683 
2147483706 2147483648 2147483649 2147483682 2147483683 2147483648 2147483649 2147483682 2147483683 
2147483712 2147483648 2147483649 2147483682 2147483683 2147483648 2147483649 2147483682 2147483683 2147483713 57 2147483713 
2147483713 2147483648 2147483649 2147483682 2147483683 2147483712 2147483648 2147483649 2147483682 2147483683 2147483712 32 26 
2147483716 2147483648 2147483649 2147483682 2147483683 2147483648 2147483649 2147483682 2147483683 2147483717 57 2147483717 
2147483717 2147483648 2147483649 2147483682 2147483683 2147483716 2147483648 2147483649 2147483682 2147483683 2147483716 32 26 
2147483720 2147483648 2147483649 2147483682 2147483683 2147483648 2147483649 2147483682 2147483683 2147483721 57 2147483721 
2147483721 2147483648 2147483649 2147483682 2147483683 2147483720 2147483648 2147483649 2147483682 2147483683 2147483720 32 26 
2147483724 2147483648 2147483649 2147483682 2147483683 2147483648 2147483649 2147483682 2147483683 2147483725 57 2147483725 
2147483725 2147483648 2147483649 2147483682 2147483683 2147483724 2147483648 2147483649 2147483682 2147483683 2147483724 32 26 
2147483728 2147483648 2147483649 2147483682 2147483683 2147483648 2147483649 2147483682 2147483683 53 
2147483731 2147483648 2147483649 2147483682 2147483683 2147483648 2147483649 2147483682 2147483683 57 
2147483733 2147483648 2147483649 2147483682 2147483683 2147483648 2147483649 2147483682 2147483683 
2147483735 2147483648 2147483649 2147483682 2147483683 2147483648 2147483649 2147483682 2147483683 
2147483737 2147483648 2147483649 2147483682 2147483683 2147483648 2147483649 2147483682 2147483683 
2147483738 2147483648 2147483649 2147483682 2147483683 2147483648 2147483649 2147483682 2147483683 57 
2147483739 2147483648 2147483649 2147483682 2147483683 2147483648 2147483649 2147483682 2147483683 54 57 53 
2147483741 2147483682 2147483683 2147483682 2147483683 
2147483743 2147483682 2147483683 2147483682 2147483683 
2147483749 2147483682 2147483683 2147483682 2147483683 2147483750 57 2147483750 
2147483750 2147483682 2147483683 2147483749 2147483682 2147483683 2147483749 32 26 
2147483753 2147483682 2147483683 2147483682 2147483683 2147483754 57 2147483754 
2147483754 2147483682 2147483683 2147483753 2147483682 2147483683 2147483753 32 26 
2147483757 2147483682 2147483683 2147483682 2147483683 2147483758 57 2147483758 
2147483758 2147483682 2147483683 2147483757 2147483682 2147483683 2147483757 32 26 
2147483761 2147483682 2147483683 2147483682 2147483683 2147483762 57 2147483762 
2147483762 2147483682 2147483683 2147483761 2147483682 2147483683 2147483761 32 26 
2147483765 2147483682 2147483683 2147483682 2147483683 53 
2147483771 2147483652 2147483683 2147483652 2147483683 2147483775 2147483775 
2147483775 2147483652 2147483683 2147483771 2147483652 2147483683 2147483771 
2147483776 2147483652 2147483683 2147483652 2147483683 
2147483780 2147483652 2147483683 2147483652 2147483683 2147483784 2147483784 
2147483781 2147483652 2147483683 2147483652 2147483683 
2147483784 2147483652 2147483683 2147483780 2147483652 2147483683 2147483780 
2147483785 2147483652 2147483683 2147483652 2147483683 2147483895 2147483895 
2147483788 2147483683 2147483683 2147483792 2147483792 
2147483789 2147483683 2147483683 
2147483792 2147483683 2147483788 2147483683 2147483788 
2147483795 
2147483799 
2147483803 
2147483807 2147483652 2147483683 2147483652 2147483683 2147483895 2147483895 
2147483813 2147483652 2147483683 2147483652 2147483683 
2147483815 2147483652 2147483683 2147483652 2147483683 2147483887 2147483890 2147483887 2147483890 
2147483819 2147483652 2147483683 2147483652 2147483683 2147483890 26 2147483890 
2147483823 2147483652 2147483683 2147483652 2147483683 2147483824 2147483824 
2147483824 2147483652 2147483683 2147483823 2147483652 2147483683 2147483823 2147483890 53 49 52 54 57 127 128 129 130 2147483890 
2147483827 2147483652 2147483683 2147483652 2147483683 2147483889 2147483890 2147483889 2147483890 
2147483829 2147483652 2147483683 2147483652 2147483683 2147483889 2147483890 26 2147483889 2147483890 
2147483832 2147483652 2147483683 2147483652 2147483683 2147483888 2147483889 2147483890 2147483888 2147483889 2147483890 
2147483834 2147483652 2147483683 2147483652 2147483683 2147483888 2147483889 2147483890 26 2147483888 2147483889 2147483890 
2147483839 2147483672 2147483683 2147483672 2147483683 2147483848 2147483887 2147483888 2147483889 2147483890 2147483848 2147483887 2147483888 2147483889 2147483890 
2147483842 2147483672 2147483683 2147483672 2147483683 2147483887 2147483888 2147483889 2147483890 2147483887 2147483888 2147483889 2147483890 
2147483848 2147483672 2147483683 2147483839 2147483672 2147483683 2147483839 2147483887 2147483888 2147483889 2147483890 2147483887 2147483888 2147483889 2147483890 
2147483850 2147483672 2147483683 2147483672 2147483683 2147483887 2147483888 2147483889 2147483890 2147483887 2147483888 2147483889 2147483890 
2147483851 2147483672 2147483683 2147483672 2147483683 2147483852 2147483887 2147483888 2147483852 2147483887 2147483888 
2147483852 2147483672 2147483683 2147483851 2147483672 2147483683 2147483851 2147483887 2147483888 32 26 2147483887 2147483888 
2147483854 2147483672 2147483683 2147483672 2147483683 2147483887 2147483888 2147483889 2147483887 2147483888 2147483889 
2147483855 2147483672 2147483683 2147483672 2147483683 2147483856 2147483887 2147483888 2147483856 2147483887 2147483888 
2147483856 2147483672 2147483683 2147483855 2147483672 2147483683 2147483855 2147483887 2147483888 32 26 2147483887 2147483888 
2147483860 
2147483862 2147483672 2147483683 2147483672 2147483683 2147483887 2147483888 26 2147483887 2147483888 
2147483868 2147483683 2147483683 2147483887 2147483888 2147483892 2147483894 2147483887 2147483888 2147483892 2147483894 
2147483876 2147483888 2147483894 2147483888 2147483894 
2147483877 2147483888 2147483894 2147483888 2147483894 
2147483881 
2147483885 2147483894 2147483894 
2147483887 2147483652 2147483669 2147483672 2147483683 2147483815 2147483839 2147483842 2147483848 2147483850 2147483851 2147483852 2147483854 2147483855 2147483856 2147483862 2147483868 2147483652 2147483669 2147483672 2147483683 2147483815 2147483839 2147483842 2147483848 2147483850 2147483851 2147483852 2147483854 2147483855 2147483856 2147483862 2147483868 2147483888 2147483889 2147483890 2147483892 2147483894 49 52 54 57 53 127 128 129 130 2147483888 2147483889 2147483890 2147483892 2147483894 
2147483888 2147483652 2147483669 2147483672 2147483683 2147483832 2147483834 2147483839 2147483842 2147483848 2147483850 2147483851 2147483852 2147483854 2147483855 2147483856 2147483862 2147483868 2147483876 2147483877 2147483887 2147483652 2147483669 2147483672 2147483683 2147483832 2147483834 2147483839 2147483842 2147483848 2147483850 2147483851 2147483852 2147483854 2147483855 2147483856 2147483862 2147483868 2147483876 2147483877 2147483887 2147483889 2147483890 2147483892 2147483894 49 52 54 57 53 127 128 129 130 2147483889 2147483890 2147483892 2147483894 
2147483889 2147483652 2147483669 2147483672 2147483683 2147483827 2147483829 2147483832 2147483834 2147483839 2147483842 2147483848 2147483850 2147483854 2147483887 2147483888 2147483652 2147483669 2147483672 2147483683 2147483827 2147483829 2147483832 2147483834 2147483839 2147483842 2147483848 2147483850 2147483854 2147483887 2147483888 2147483890 53 49 52 54 57 127 128 129 130 2147483890 
2147483890 2147483652 2147483669 2147483672 2147483683 2147483815 2147483819 2147483824 2147483827 2147483829 2147483832 2147483834 2147483839 2147483842 2147483848 2147483850 2147483887 2147483888 2147483889 2147483652 2147483669 2147483672 2147483683 2147483815 2147483819 2147483824 2147483827 2147483829 2147483832 2147483834 2147483839 2147483842 2147483848 2147483850 2147483887 2147483888 2147483889 53 49 52 54 57 127 128 129 130 
2147483892 2147483683 2147483868 2147483887 2147483888 2147483683 2147483868 2147483887 2147483888 2147483894 2147483894 
2147483894 2147483683 2147483868 2147483876 2147483877 2147483885 2147483887 2147483888 2147483892 2147483683 2147483868 2147483876 2147483877 2147483885 2147483887 2147483888 2147483892 
2147483895 2147483652 2147483683 2147483785 2147483807 2147483652 2147483683 2147483785 2147483807 
