2 
5 
8 
11 
18 
19 
22 2147483667 
23 
24 
25 2147483667 
26 2147483667 
27 2147483667 
32 2147483667 
49 2147483648 2147483653 2147483658 2147483659 2147483660 2147483685 2147483686 2147483737 
50 
51 
52 2147483648 2147483653 2147483658 2147483659 2147483660 2147483685 2147483686 2147483720 2147483729 2147483732 2147483737 
53 2147483648 2147483652 2147483653 2147483658 2147483659 2147483660 2147483681 2147483685 2147483686 2147483692 2147483720 2147483722 2147483723 2147483724 2147483728 2147483729 2147483732 2147483733 2147483734 2147483737 
54 2147483648 2147483653 2147483658 2147483659 2147483660 2147483685 2147483686 2147483720 2147483724 2147483729 2147483732 2147483734 2147483737 
57 2147483648 2147483653 2147483658 2147483659 2147483660 2147483685 2147483686 2147483708 2147483720 2147483723 2147483724 2147483728 2147483729 2147483732 2147483733 2147483734 2147483737 
61 
127 2147483648 2147483653 2147483658 2147483659 2147483660 2147483685 2147483686 2147483737 
128 2147483648 2147483653 2147483658 2147483659 2147483660 2147483685 2147483686 2147483737 
129 2147483648 2147483653 2147483658 2147483659 2147483660 2147483685 2147483686 2147483737 
130 2147483648 2147483653 2147483658 2147483659 2147483660 2147483685 2147483686 2147483737 
131 
132 
133 
134 
247 
248 
249 
250 
251 
252 
253 
254 
263 2147483667 
264 2147483667 
265 2147483667 
266 2147483667 
267 
268 
269 
270 
2147483648 2147483649 2147483658 2147483659 2147483660 2147483668 2147483673 2147483680 2147483681 2147483682 2147483685 2147483686 2147483687 2147483692 2147483739 53 49 52 54 57 127 128 129 130 2147483649 2147483658 2147483659 2147483660 2147483668 2147483673 2147483680 2147483681 2147483682 2147483685 2147483686 2147483687 2147483692 2147483739 
2147483649 2147483648 2147483648 2147483658 2147483659 2147483660 2147483658 2147483659 2147483660 
2147483652 2147483658 2147483659 2147483660 2147483667 2147483695 2147483698 53 2147483658 2147483659 2147483660 2147483667 2147483695 2147483698 
2147483653 2147483658 2147483659 2147483660 2147483667 2147483702 2147483703 2147483704 2147483706 2147483708 2147483717 2147483737 49 52 54 57 53 127 128 129 130 2147483658 2147483659 2147483660 2147483667 2147483702 2147483703 2147483704 2147483706 2147483708 2147483717 2147483737 
2147483658 2147483648 2147483649 2147483652 2147483653 2147483648 2147483649 2147483652 2147483653 2147483659 2147483660 2147483663 2147483667 2147483668 2147483673 2147483680 2147483681 2147483682 2147483685 2147483686 2147483687 2147483690 2147483695 2147483698 2147483702 2147483703 2147483704 2147483706 2147483739 53 49 52 54 57 127 128 129 130 2147483659 2147483660 2147483663 2147483667 2147483668 2147483673 2147483680 2147483681 2147483682 2147483685 2147483686 2147483687 2147483690 2147483695 2147483698 2147483702 2147483703 2147483704 2147483706 2147483739 
2147483659 2147483648 2147483649 2147483652 2147483653 2147483658 2147483648 2147483649 2147483652 2147483653 2147483658 2147483660 2147483663 2147483667 2147483668 2147483673 2147483680 2147483681 2147483682 2147483685 2147483686 2147483687 2147483690 2147483695 2147483698 2147483702 2147483739 57 49 52 54 53 127 128 129 130 2147483660 2147483663 2147483667 2147483668 2147483673 2147483680 2147483681 2147483682 2147483685 2147483686 2147483687 2147483690 2147483695 2147483698 2147483702 2147483739 
2147483660 2147483648 2147483649 2147483652 2147483653 2147483658 2147483659 2147483648 2147483649 2147483652 2147483653 2147483658 2147483659 2147483663 2147483667 2147483668 2147483673 2147483680 2147483681 2147483682 2147483685 2147483686 2147483687 2147483690 2147483695 2147483698 2147483702 2147483703 2147483704 2147483706 2147483708 2147483717 2147483718 2147483719 2147483720 2147483721 2147483722 2147483723 2147483724 2147483726 2147483728 2147483729 2147483732 2147483733 2147483734 2147483736 2147483737 2147483739 54 49 52 57 53 127 128 129 130 2147483663 2147483667 2147483668 2147483673 2147483680 2147483681 2147483682 2147483685 2147483686 2147483687 2147483690 2147483695 2147483698 2147483702 2147483703 2147483704 2147483706 2147483708 2147483717 2147483718 2147483719 2147483720 2147483721 2147483722 2147483723 2147483724 2147483726 2147483728 2147483729 2147483732 2147483733 2147483734 2147483736 2147483737 2147483739 
2147483663 2147483658 2147483659 2147483660 2147483658 2147483659 2147483660 
2147483667 2147483652 2147483653 2147483658 2147483659 2147483660 2147483652 2147483653 2147483658 2147483659 2147483660 2147483695 2147483698 2147483702 2147483703 2147483704 2147483706 2147483708 2147483717 2147483718 2147483719 2147483720 2147483721 2147483722 2147483723 2147483724 2147483726 2147483728 2147483729 2147483732 2147483733 2147483734 2147483736 2147483737 22 25 27 32 26 263 264 265 266 2147483695 2147483698 2147483702 2147483703 2147483704 2147483706 2147483708 2147483717 2147483718 2147483719 2147483720 2147483721 2147483722 2147483723 2147483724 2147483726 2147483728 2147483729 2147483732 2147483733 2147483734 2147483736 2147483737 
2147483668 2147483648 2147483658 2147483659 2147483660 2147483648 2147483658 2147483659 2147483660 2147483739 2147483739 
2147483673 2147483648 2147483658 2147483659 2147483660 2147483648 2147483658 2147483659 2147483660 2147483739 2147483739 
2147483680 2147483648 2147483658 2147483659 2147483660 2147483648 2147483658 2147483659 2147483660 
2147483681 2147483648 2147483658 2147483659 2147483660 2147483648 2147483658 2147483659 2147483660 53 
2147483682 2147483648 2147483658 2147483659 2147483660 2147483648 2147483658 2147483659 2147483660 
2147483685 2147483648 2147483658 2147483659 2147483660 2147483648 2147483658 2147483659 2147483660 2147483686 49 57 52 54 53 127 128 129 130 2147483686 
2147483686 2147483648 2147483658 2147483659 2147483660 2147483685 2147483648 2147483658 2147483659 2147483660 2147483685 2147483687 49 57 52 54 53 127 128 129 130 2147483687 
2147483687 2147483648 2147483658 2147483659 2147483660 2147483686 2147483648 2147483658 2147483659 2147483660 2147483686 
2147483690 2147483658 2147483659 2147483660 2147483658 2147483659 2147483660 
2147483692 2147483648 2147483648 53 
2147483695 2147483652 2147483658 2147483659 2147483660 2147483667 2147483652 2147483658 2147483659 2147483660 2147483667 
2147483698 2147483652 2147483658 2147483659 2147483660 2147483667 2147483652 2147483658 2147483659 2147483660 2147483667 
2147483702 2147483653 2147483658 2147483659 2147483660 2147483667 2147483653 2147483658 2147483659 2147483660 2147483667 
2147483703 2147483653 2147483658 2147483660 2147483667 2147483653 2147483658 2147483660 2147483667 
2147483704 2147483653 2147483658 2147483660 2147483667 2147483653 2147483658 2147483660 2147483667 
2147483706 2147483653 2147483658 2147483660 2147483667 2147483653 2147483658 2147483660 2147483667 
2147483708 2147483653 2147483660 2147483667 2147483653 2147483660 2147483667 57 
2147483717 2147483653 2147483660 2147483667 2147483653 2147483660 2147483667 2147483737 2147483737 
2147483718 2147483660 2147483667 2147483660 2147483667 2147483737 2147483737 
2147483719 2147483660 2147483667 2147483660 2147483667 2147483720 2147483737 2147483720 2147483737 
2147483720 2147483660 2147483667 2147483719 2147483660 2147483667 2147483719 2147483721 2147483722 2147483723 2147483724 2147483737 52 54 57 53 2147483721 2147483722 2147483723 2147483724 2147483737 
2147483721 2147483660 2147483667 2147483720 2147483660 2147483667 2147483720 2147483722 2147483723 2147483724 2147483737 2147483722 2147483723 2147483724 2147483737 
2147483722 2147483660 2147483667 2147483720 2147483721 2147483660 2147483667 2147483720 2147483721 2147483723 2147483724 2147483737 53 2147483723 2147483724 2147483737 
2147483723 2147483660 2147483667 2147483720 2147483721 2147483722 2147483660 2147483667 2147483720 2147483721 2147483722 2147483724 2147483737 57 53 2147483724 2147483737 
2147483724 2147483660 2147483667 2147483720 2147483721 2147483722 2147483723 2147483660 2147483667 2147483720 2147483721 2147483722 2147483723 2147483737 54 57 53 2147483737 
2147483726 2147483660 2147483667 2147483660 2147483667 2147483737 2147483737 
2147483728 2147483660 2147483667 2147483660 2147483667 2147483729 2147483737 57 53 2147483729 2147483737 
2147483729 2147483660 2147483667 2147483728 2147483660 2147483667 2147483728 2147483737 52 54 57 53 2147483737 
2147483732 2147483660 2147483667 2147483660 2147483667 2147483733 2147483734 52 54 57 53 2147483733 2147483734 
2147483733 2147483660 2147483667 2147483732 2147483660 2147483667 2147483732 2147483734 57 53 2147483734 
2147483734 2147483660 2147483667 2147483732 2147483733 2147483660 2147483667 2147483732 2147483733 54 57 53 
2147483736 2147483660 2147483667 2147483660 2147483667 
2147483737 2147483653 2147483660 2147483667 2147483717 2147483718 2147483719 2147483720 2147483721 2147483722 2147483723 2147483724 2147483726 2147483728 2147483729 2147483653 2147483660 2147483667 2147483717 2147483718 2147483719 2147483720 2147483721 2147483722 2147483723 2147483724 2147483726 2147483728 2147483729 49 52 54 57 53 127 128 129 130 
2147483739 2147483648 2147483658 2147483659 2147483660 2147483668 2147483673 2147483648 2147483658 2147483659 2147483660 2147483668 2147483673 
