22 
23 
24 
25 
26 
27 
32 
49 2147483648 2147483649 2147483650 2147483651 2147483652 2147483656 2147483660 2147483664 2147483668 2147483672 2147483676 2147483680 2147483684 2147483688 2147483692 2147483701 2147483702 2147483707 2147483710 2147483712 2147483718 2147483719 2147483720 2147483721 2147483722 2147483729 2147483730 2147483731 2147483741 2147483760 2147483777 
50 
51 
52 2147483648 2147483649 2147483650 2147483651 2147483652 2147483656 2147483660 2147483664 2147483668 2147483672 2147483676 2147483680 2147483684 2147483688 2147483692 2147483701 2147483702 2147483707 2147483710 2147483712 2147483718 2147483719 2147483720 2147483721 2147483722 2147483729 2147483730 2147483731 2147483741 2147483760 2147483777 
53 2147483648 2147483649 2147483650 2147483651 2147483652 2147483656 2147483660 2147483664 2147483668 2147483672 2147483676 2147483680 2147483684 2147483688 2147483692 2147483701 2147483702 2147483704 2147483707 2147483709 2147483710 2147483712 2147483718 2147483719 2147483720 2147483721 2147483722 2147483723 2147483724 2147483725 2147483726 2147483727 2147483729 2147483730 2147483731 2147483732 2147483733 2147483734 2147483735 2147483736 2147483739 2147483741 2147483742 2147483743 2147483746 2147483749 2147483750 2147483760 2147483762 2147483766 2147483767 2147483777 2147483779 2147483783 2147483784 2147483794 2147483795 2147483804 2147483805 2147483814 2147483815 2147483825 2147483829 2147483830 2147483841 2147483845 2147483846 2147483857 2147483861 2147483862 2147483873 2147483877 2147483878 2147483889 2147483893 2147483894 
54 2147483648 2147483649 2147483650 2147483651 2147483652 2147483656 2147483660 2147483664 2147483668 2147483672 2147483676 2147483680 2147483684 2147483688 2147483692 2147483701 2147483702 2147483707 2147483710 2147483712 2147483718 2147483719 2147483720 2147483721 2147483722 2147483729 2147483730 2147483731 2147483741 2147483760 2147483777 
57 2147483648 2147483649 2147483650 2147483651 2147483652 2147483656 2147483660 2147483664 2147483668 2147483672 2147483676 2147483680 2147483684 2147483688 2147483692 2147483701 2147483702 2147483704 2147483707 2147483709 2147483710 2147483712 2147483718 2147483719 2147483720 2147483721 2147483722 2147483723 2147483724 2147483725 2147483726 2147483729 2147483730 2147483731 2147483733 2147483734 2147483735 2147483741 2147483742 2147483746 2147483750 2147483760 2147483762 2147483767 2147483777 2147483779 2147483784 2147483795 2147483805 2147483815 2147483825 2147483830 2147483841 2147483846 2147483857 2147483862 2147483873 2147483878 2147483889 2147483894 
127 2147483648 2147483649 2147483650 2147483651 2147483652 2147483656 2147483660 2147483664 2147483668 2147483672 2147483676 2147483680 2147483684 2147483688 2147483692 2147483701 2147483702 2147483707 2147483710 2147483712 2147483718 2147483719 2147483720 2147483721 2147483722 2147483729 2147483730 2147483731 2147483741 2147483749 2147483750 2147483760 2147483766 2147483767 2147483777 2147483783 2147483784 2147483794 2147483795 2147483804 2147483805 2147483814 2147483815 2147483829 2147483830 2147483845 2147483846 2147483861 2147483862 2147483877 2147483878 2147483893 2147483894 
128 2147483648 2147483649 2147483650 2147483651 2147483652 2147483656 2147483660 2147483664 2147483668 2147483672 2147483676 2147483680 2147483684 2147483688 2147483692 2147483701 2147483702 2147483707 2147483710 2147483712 2147483718 2147483719 2147483720 2147483721 2147483722 2147483729 2147483730 2147483731 2147483741 2147483749 2147483750 2147483760 2147483766 2147483767 2147483777 2147483783 2147483784 2147483794 2147483795 2147483804 2147483805 2147483814 2147483815 2147483829 2147483830 2147483845 2147483846 2147483861 2147483862 2147483877 2147483878 2147483893 2147483894 
129 2147483648 2147483649 2147483650 2147483651 2147483652 2147483656 2147483660 2147483664 2147483668 2147483672 2147483676 2147483680 2147483684 2147483688 2147483692 2147483701 2147483702 2147483707 2147483710 2147483712 2147483718 2147483719 2147483720 2147483721 2147483722 2147483729 2147483730 2147483731 2147483741 2147483760 2147483777 
130 2147483648 2147483649 2147483650 2147483651 2147483652 2147483656 2147483660 2147483664 2147483668 2147483672 2147483676 2147483680 2147483684 2147483688 2147483692 2147483701 2147483702 2147483707 2147483710 2147483712 2147483718 2147483719 2147483720 2147483721 2147483722 2147483729 2147483730 2147483731 2147483741 2147483760 2147483777 
131 
132 
133 
134 
263 
264 
265 
266 
267 
268 
269 
270 
2147483648 2147483649 2147483650 2147483651 2147483652 2147483656 2147483660 2147483664 2147483668 2147483672 2147483676 2147483701 2147483718 2147483729 2147483730 2147483731 2147483732 2147483733 2147483734 2147483735 2147483736 2147483738 2147483739 2147483741 2147483742 2147483743 2147483746 2147483749 2147483750 2147483758 2147483760 2147483762 2147483766 2147483767 2147483775 2147483777 2147483779 2147483783 2147483784 2147483792 2147483794 2147483795 2147483803 2147483804 2147483805 2147483813 2147483814 2147483815 2147483823 2147483825 2147483829 2147483830 2147483838 2147483841 2147483904 2147483905 2147483906 2147483907 2147483908 2147483909 2147483910 52 49 54 57 53 127 128 129 130 2147483649 2147483650 2147483651 2147483652 2147483656 2147483660 2147483664 2147483668 2147483672 2147483676 2147483701 2147483718 2147483729 2147483730 2147483731 2147483732 2147483733 2147483734 2147483735 2147483736 2147483738 2147483739 2147483741 2147483742 2147483743 2147483746 2147483749 2147483750 2147483758 2147483760 2147483762 2147483766 2147483767 2147483775 2147483777 2147483779 2147483783 2147483784 2147483792 2147483794 2147483795 2147483803 2147483804 2147483805 2147483813 2147483814 2147483815 2147483823 2147483825 2147483829 2147483830 2147483838 2147483841 2147483904 2147483905 2147483906 2147483907 2147483908 2147483909 2147483910 
2147483649 2147483648 2147483648 2147483650 2147483651 2147483652 2147483656 2147483660 2147483664 2147483668 2147483672 2147483676 2147483680 2147483701 2147483718 2147483738 2147483739 2147483741 2147483742 2147483743 2147483746 2147483749 2147483750 2147483758 2147483760 2147483762 2147483766 2147483767 2147483775 2147483777 2147483779 2147483783 2147483784 2147483792 2147483794 2147483795 2147483803 2147483804 2147483805 2147483813 2147483814 2147483815 2147483823 2147483825 2147483829 2147483830 2147483838 2147483841 2147483845 2147483846 2147483854 2147483857 2147483904 2147483905 2147483906 2147483907 2147483908 2147483909 2147483910 2147483911 49 52 54 57 53 127 128 129 130 2147483650 2147483651 2147483652 2147483656 2147483660 2147483664 2147483668 2147483672 2147483676 2147483680 2147483701 2147483718 2147483738 2147483739 2147483741 2147483742 2147483743 2147483746 2147483749 2147483750 2147483758 2147483760 2147483762 2147483766 2147483767 2147483775 2147483777 2147483779 2147483783 2147483784 2147483792 2147483794 2147483795 2147483803 2147483804 2147483805 2147483813 2147483814 2147483815 2147483823 2147483825 2147483829 2147483830 2147483838 2147483841 2147483845 2147483846 2147483854 2147483857 2147483904 2147483905 2147483906 2147483907 2147483908 2147483909 2147483910 2147483911 
2147483650 2147483648 2147483649 2147483648 2147483649 2147483651 2147483652 2147483656 2147483660 2147483664 2147483668 2147483672 2147483676 2147483680 2147483684 2147483701 2147483718 2147483741 2147483742 2147483743 2147483746 2147483749 2147483750 2147483758 2147483760 2147483762 2147483766 2147483767 2147483775 2147483777 2147483779 2147483783 2147483784 2147483792 2147483794 2147483795 2147483803 2147483804 2147483805 2147483813 2147483814 2147483815 2147483823 2147483825 2147483829 2147483830 2147483838 2147483841 2147483845 2147483846 2147483854 2147483857 2147483861 2147483862 2147483870 2147483873 2147483904 2147483905 2147483906 2147483907 2147483908 2147483909 2147483910 2147483911 2147483912 49 52 54 57 53 127 128 129 130 2147483651 2147483652 2147483656 2147483660 2147483664 2147483668 2147483672 2147483676 2147483680 2147483684 2147483701 2147483718 2147483741 2147483742 2147483743 2147483746 2147483749 2147483750 2147483758 2147483760 2147483762 2147483766 2147483767 2147483775 2147483777 2147483779 2147483783 2147483784 2147483792 2147483794 2147483795 2147483803 2147483804 2147483805 2147483813 2147483814 2147483815 2147483823 2147483825 2147483829 2147483830 2147483838 2147483841 2147483845 2147483846 2147483854 2147483857 2147483861 2147483862 2147483870 2147483873 2147483904 2147483905 2147483906 2147483907 2147483908 2147483909 2147483910 2147483911 2147483912 
2147483651 2147483648 2147483649 2147483650 2147483648 2147483649 2147483650 2147483652 2147483656 2147483660 2147483664 2147483668 2147483672 2147483676 2147483680 2147483684 2147483688 2147483718 2147483746 2147483749 2147483750 2147483758 2147483760 2147483762 2147483766 2147483767 2147483775 2147483777 2147483779 2147483783 2147483784 2147483792 2147483794 2147483795 2147483803 2147483804 2147483805 2147483813 2147483814 2147483815 2147483823 2147483825 2147483829 2147483830 2147483838 2147483841 2147483845 2147483846 2147483854 2147483857 2147483861 2147483862 2147483870 2147483873 2147483877 2147483878 2147483886 2147483889 2147483904 2147483905 2147483906 2147483907 2147483908 2147483909 2147483910 2147483911 2147483912 2147483913 49 52 54 57 53 127 128 129 130 2147483652 2147483656 2147483660 2147483664 2147483668 2147483672 2147483676 2147483680 2147483684 2147483688 2147483718 2147483746 2147483749 2147483750 2147483758 2147483760 2147483762 2147483766 2147483767 2147483775 2147483777 2147483779 2147483783 2147483784 2147483792 2147483794 2147483795 2147483803 2147483804 2147483805 2147483813 2147483814 2147483815 2147483823 2147483825 2147483829 2147483830 2147483838 2147483841 2147483845 2147483846 2147483854 2147483857 2147483861 2147483862 2147483870 2147483873 2147483877 2147483878 2147483886 2147483889 2147483904 2147483905 2147483906 2147483907 2147483908 2147483909 2147483910 2147483911 2147483912 2147483913 
2147483652 2147483648 2147483649 2147483650 2147483651 2147483648 2147483649 2147483650 2147483651 2147483749 2147483750 2147483758 2147483904 49 53 57 52 54 127 128 129 130 2147483749 2147483750 2147483758 2147483904 
2147483656 2147483648 2147483649 2147483650 2147483651 2147483648 2147483649 2147483650 2147483651 2147483766 2147483767 2147483775 2147483905 49 53 57 52 54 127 128 129 130 2147483766 2147483767 2147483775 2147483905 
2147483660 2147483648 2147483649 2147483650 2147483651 2147483648 2147483649 2147483650 2147483651 2147483783 2147483784 2147483792 2147483906 49 53 57 52 54 127 128 129 130 2147483783 2147483784 2147483792 2147483906 
2147483664 2147483648 2147483649 2147483650 2147483651 2147483648 2147483649 2147483650 2147483651 2147483794 2147483795 2147483803 2147483907 57 49 52 54 53 127 128 129 130 2147483794 2147483795 2147483803 2147483907 
2147483668 2147483648 2147483649 2147483650 2147483651 2147483648 2147483649 2147483650 2147483651 2147483804 2147483805 2147483813 2147483908 57 49 52 54 53 127 128 129 130 2147483804 2147483805 2147483813 2147483908 
2147483672 2147483648 2147483649 2147483650 2147483651 2147483648 2147483649 2147483650 2147483651 2147483814 2147483815 2147483823 2147483909 57 49 52 54 53 127 128 129 130 2147483814 2147483815 2147483823 2147483909 
2147483676 2147483648 2147483649 2147483650 2147483651 2147483648 2147483649 2147483650 2147483651 2147483829 2147483830 2147483838 2147483910 49 53 57 52 54 127 128 129 130 2147483829 2147483830 2147483838 2147483910 
2147483680 2147483649 2147483650 2147483651 2147483649 2147483650 2147483651 2147483845 2147483846 2147483854 2147483911 49 53 57 52 54 127 128 129 130 2147483845 2147483846 2147483854 2147483911 
2147483684 2147483650 2147483651 2147483650 2147483651 2147483861 2147483862 2147483870 2147483912 49 53 57 52 54 127 128 129 130 2147483861 2147483862 2147483870 2147483912 
2147483688 2147483651 2147483651 2147483877 2147483878 2147483886 2147483913 49 53 57 52 54 127 128 129 130 2147483877 2147483878 2147483886 2147483913 
2147483692 2147483893 2147483894 2147483902 2147483914 49 53 57 52 54 127 128 129 130 2147483893 2147483894 2147483902 2147483914 
2147483696 
2147483698 
2147483699 
2147483700 
2147483701 2147483648 2147483649 2147483650 2147483648 2147483649 2147483650 2147483702 2147483704 2147483707 2147483709 2147483710 2147483712 2147483714 2147483715 2147483716 2147483718 2147483719 2147483720 2147483721 2147483722 2147483723 2147483724 2147483725 2147483726 2147483727 2147483729 2147483730 2147483731 2147483732 2147483733 2147483734 2147483735 2147483736 2147483738 2147483739 2147483741 2147483742 57 49 52 54 53 127 128 129 130 2147483702 2147483704 2147483707 2147483709 2147483710 2147483712 2147483714 2147483715 2147483716 2147483718 2147483719 2147483720 2147483721 2147483722 2147483723 2147483724 2147483725 2147483726 2147483727 2147483729 2147483730 2147483731 2147483732 2147483733 2147483734 2147483735 2147483736 2147483738 2147483739 2147483741 2147483742 
2147483702 2147483701 2147483701 2147483704 2147483707 2147483709 52 49 54 57 53 127 128 129 130 2147483704 2147483707 2147483709 
2147483704 2147483701 2147483702 2147483701 2147483702 57 53 
2147483707 2147483701 2147483702 2147483701 2147483702 2147483709 2147483710 2147483712 49 52 54 57 53 127 128 129 130 2147483709 2147483710 2147483712 
2147483709 2147483701 2147483702 2147483707 2147483701 2147483702 2147483707 57 53 
2147483710 2147483701 2147483707 2147483701 2147483707 2147483712 49 52 54 57 53 127 128 129 130 2147483712 
2147483712 2147483701 2147483707 2147483710 2147483701 2147483707 2147483710 2147483714 53 49 52 54 57 127 128 129 130 2147483714 
2147483714 2147483701 2147483712 2147483701 2147483712 
2147483715 2147483701 2147483701 
2147483716 2147483701 2147483701 
2147483718 2147483648 2147483649 2147483650 2147483651 2147483701 2147483648 2147483649 2147483650 2147483651 2147483701 2147483719 2147483720 2147483721 2147483722 2147483723 2147483724 2147483725 2147483726 2147483727 2147483729 2147483730 2147483731 2147483732 2147483733 2147483734 2147483735 2147483736 2147483738 2147483739 2147483741 2147483742 2147483743 2147483746 49 52 54 57 53 127 128 129 130 2147483719 2147483720 2147483721 2147483722 2147483723 2147483724 2147483725 2147483726 2147483727 2147483729 2147483730 2147483731 2147483732 2147483733 2147483734 2147483735 2147483736 2147483738 2147483739 2147483741 2147483742 2147483743 2147483746 
2147483719 2147483701 2147483718 2147483701 2147483718 2147483720 2147483721 2147483722 2147483723 2147483724 2147483725 2147483726 2147483727 53 49 52 54 57 127 128 129 130 2147483720 2147483721 2147483722 2147483723 2147483724 2147483725 2147483726 2147483727 
2147483720 2147483701 2147483718 2147483719 2147483701 2147483718 2147483719 2147483721 2147483722 2147483723 2147483724 2147483725 2147483726 57 49 52 54 53 127 128 129 130 2147483721 2147483722 2147483723 2147483724 2147483725 2147483726 
2147483721 2147483701 2147483718 2147483719 2147483720 2147483701 2147483718 2147483719 2147483720 2147483722 2147483723 2147483724 2147483725 57 49 52 54 53 127 128 129 130 2147483722 2147483723 2147483724 2147483725 
2147483722 2147483701 2147483718 2147483719 2147483720 2147483721 2147483701 2147483718 2147483719 2147483720 2147483721 2147483723 2147483724 57 49 52 54 53 127 128 129 130 2147483723 2147483724 
2147483723 2147483701 2147483718 2147483719 2147483720 2147483721 2147483722 2147483701 2147483718 2147483719 2147483720 2147483721 2147483722 57 53 
2147483724 2147483701 2147483718 2147483719 2147483720 2147483721 2147483722 2147483701 2147483718 2147483719 2147483720 2147483721 2147483722 57 53 
2147483725 2147483701 2147483718 2147483719 2147483720 2147483721 2147483701 2147483718 2147483719 2147483720 2147483721 57 53 
2147483726 2147483701 2147483718 2147483719 2147483720 2147483701 2147483718 2147483719 2147483720 57 53 
2147483727 2147483701 2147483718 2147483719 2147483701 2147483718 2147483719 53 
2147483729 2147483648 2147483701 2147483718 2147483648 2147483701 2147483718 2147483730 2147483731 2147483732 2147483733 2147483734 2147483735 2147483736 53 49 52 54 57 127 128 129 130 2147483730 2147483731 2147483732 2147483733 2147483734 2147483735 2147483736 
2147483730 2147483648 2147483701 2147483718 2147483729 2147483648 2147483701 2147483718 2147483729 2147483731 2147483732 2147483733 2147483734 2147483735 57 49 52 54 53 127 128 129 130 2147483731 2147483732 2147483733 2147483734 2147483735 
2147483731 2147483648 2147483701 2147483718 2147483729 2147483730 2147483648 2147483701 2147483718 2147483729 2147483730 2147483732 2147483733 2147483734 57 49 52 54 53 127 128 129 130 2147483732 2147483733 2147483734 
2147483732 2147483648 2147483701 2147483718 2147483729 2147483730 2147483731 2147483648 2147483701 2147483718 2147483729 2147483730 2147483731 2147483733 53 2147483733 
2147483733 2147483648 2147483701 2147483718 2147483729 2147483730 2147483731 2147483732 2147483648 2147483701 2147483718 2147483729 2147483730 2147483731 2147483732 57 53 
2147483734 2147483648 2147483701 2147483718 2147483729 2147483730 2147483731 2147483648 2147483701 2147483718 2147483729 2147483730 2147483731 57 53 
2147483735 2147483648 2147483701 2147483718 2147483729 2147483730 2147483648 2147483701 2147483718 2147483729 2147483730 57 53 
2147483736 2147483648 2147483701 2147483718 2147483729 2147483648 2147483701 2147483718 2147483729 53 
2147483738 2147483648 2147483649 2147483701 2147483718 2147483648 2147483649 2147483701 2147483718 2147483739 2147483739 
2147483739 2147483648 2147483649 2147483701 2147483718 2147483738 2147483648 2147483649 2147483701 2147483718 2147483738 53 
2147483741 2147483648 2147483649 2147483650 2147483701 2147483718 2147483648 2147483649 2147483650 2147483701 2147483718 2147483742 2147483743 53 49 52 54 57 127 128 129 130 2147483742 2147483743 
2147483742 2147483648 2147483649 2147483650 2147483701 2147483718 2147483741 2147483648 2147483649 2147483650 2147483701 2147483718 2147483741 57 53 
2147483743 2147483648 2147483649 2147483650 2147483718 2147483741 2147483648 2147483649 2147483650 2147483718 2147483741 53 
2147483746 2147483648 2147483649 2147483650 2147483651 2147483718 2147483648 2147483649 2147483650 2147483651 2147483718 57 53 
2147483749 2147483648 2147483649 2147483650 2147483651 2147483652 2147483648 2147483649 2147483650 2147483651 2147483652 2147483750 53 127 128 2147483750 
2147483750 2147483648 2147483649 2147483650 2147483651 2147483652 2147483749 2147483648 2147483649 2147483650 2147483651 2147483652 2147483749 57 53 127 128 
2147483758 2147483648 2147483649 2147483650 2147483651 2147483652 2147483648 2147483649 2147483650 2147483651 2147483652 
2147483760 2147483648 2147483649 2147483650 2147483651 2147483648 2147483649 2147483650 2147483651 2147483762 52 49 54 57 53 127 128 129 130 2147483762 
2147483762 2147483648 2147483649 2147483650 2147483651 2147483760 2147483648 2147483649 2147483650 2147483651 2147483760 57 53 
2147483766 2147483648 2147483649 2147483650 2147483651 2147483656 2147483648 2147483649 2147483650 2147483651 2147483656 2147483767 53 127 128 2147483767 
2147483767 2147483648 2147483649 2147483650 2147483651 2147483656 2147483766 2147483648 2147483649 2147483650 2147483651 2147483656 2147483766 57 53 127 128 
2147483775 2147483648 2147483649 2147483650 2147483651 2147483656 2147483648 2147483649 2147483650 2147483651 2147483656 
2147483777 2147483648 2147483649 2147483650 2147483651 2147483648 2147483649 2147483650 2147483651 2147483779 52 49 54 57 53 127 128 129 130 2147483779 
2147483779 2147483648 2147483649 2147483650 2147483651 2147483777 2147483648 2147483649 2147483650 2147483651 2147483777 57 53 
2147483783 2147483648 2147483649 2147483650 2147483651 2147483660 2147483648 2147483649 2147483650 2147483651 2147483660 2147483784 53 127 128 2147483784 
2147483784 2147483648 2147483649 2147483650 2147483651 2147483660 2147483783 2147483648 2147483649 2147483650 2147483651 2147483660 2147483783 57 53 127 128 
2147483792 2147483648 2147483649 2147483650 2147483651 2147483660 2147483648 2147483649 2147483650 2147483651 2147483660 
2147483794 2147483648 2147483649 2147483650 2147483651 2147483664 2147483648 2147483649 2147483650 2147483651 2147483664 2147483795 53 127 128 2147483795 
2147483795 2147483648 2147483649 2147483650 2147483651 2147483664 2147483794 2147483648 2147483649 2147483650 2147483651 2147483664 2147483794 57 53 127 128 
2147483803 2147483648 2147483649 2147483650 2147483651 2147483664 2147483648 2147483649 2147483650 2147483651 2147483664 
2147483804 2147483648 2147483649 2147483650 2147483651 2147483668 2147483648 2147483649 2147483650 2147483651 2147483668 2147483805 53 127 128 2147483805 
2147483805 2147483648 2147483649 2147483650 2147483651 2147483668 2147483804 2147483648 2147483649 2147483650 2147483651 2147483668 2147483804 57 53 127 128 
2147483813 2147483648 2147483649 2147483650 2147483651 2147483668 2147483648 2147483649 2147483650 2147483651 2147483668 
2147483814 2147483648 2147483649 2147483650 2147483651 2147483672 2147483648 2147483649 2147483650 2147483651 2147483672 2147483815 53 127 128 2147483815 
2147483815 2147483648 2147483649 2147483650 2147483651 2147483672 2147483814 2147483648 2147483649 2147483650 2147483651 2147483672 2147483814 57 53 127 128 
2147483823 2147483648 2147483649 2147483650 2147483651 2147483672 2147483648 2147483649 2147483650 2147483651 2147483672 
2147483825 2147483648 2147483649 2147483650 2147483651 2147483648 2147483649 2147483650 2147483651 57 53 
2147483829 2147483648 2147483649 2147483650 2147483651 2147483676 2147483648 2147483649 2147483650 2147483651 2147483676 2147483830 53 127 128 2147483830 
2147483830 2147483648 2147483649 2147483650 2147483651 2147483676 2147483829 2147483648 2147483649 2147483650 2147483651 2147483676 2147483829 57 53 127 128 
2147483838 2147483648 2147483649 2147483650 2147483651 2147483676 2147483648 2147483649 2147483650 2147483651 2147483676 
2147483841 2147483648 2147483649 2147483650 2147483651 2147483648 2147483649 2147483650 2147483651 57 53 
2147483845 2147483649 2147483650 2147483651 2147483680 2147483649 2147483650 2147483651 2147483680 2147483846 53 127 128 2147483846 
2147483846 2147483649 2147483650 2147483651 2147483680 2147483845 2147483649 2147483650 2147483651 2147483680 2147483845 57 53 127 128 
2147483854 2147483649 2147483650 2147483651 2147483680 2147483649 2147483650 2147483651 2147483680 
2147483857 2147483649 2147483650 2147483651 2147483649 2147483650 2147483651 57 53 
2147483861 2147483650 2147483651 2147483684 2147483650 2147483651 2147483684 2147483862 53 127 128 2147483862 
2147483862 2147483650 2147483651 2147483684 2147483861 2147483650 2147483651 2147483684 2147483861 57 53 127 128 
2147483870 2147483650 2147483651 2147483684 2147483650 2147483651 2147483684 
2147483873 2147483650 2147483651 2147483650 2147483651 57 53 
2147483877 2147483651 2147483688 2147483651 2147483688 2147483878 53 127 128 2147483878 
2147483878 2147483651 2147483688 2147483877 2147483651 2147483688 2147483877 57 53 127 128 
2147483886 2147483651 2147483688 2147483651 2147483688 
2147483889 2147483651 2147483651 57 53 
2147483893 2147483692 2147483692 2147483894 53 127 128 2147483894 
2147483894 2147483692 2147483893 2147483692 2147483893 57 53 127 128 
2147483902 2147483692 2147483692 
2147483904 2147483648 2147483649 2147483650 2147483651 2147483652 2147483648 2147483649 2147483650 2147483651 2147483652 
2147483905 2147483648 2147483649 2147483650 2147483651 2147483656 2147483648 2147483649 2147483650 2147483651 2147483656 
2147483906 2147483648 2147483649 2147483650 2147483651 2147483660 2147483648 2147483649 2147483650 2147483651 2147483660 
2147483907 2147483648 2147483649 2147483650 2147483651 2147483664 2147483648 2147483649 2147483650 2147483651 2147483664 
2147483908 2147483648 2147483649 2147483650 2147483651 2147483668 2147483648 2147483649 2147483650 2147483651 2147483668 
2147483909 2147483648 2147483649 2147483650 2147483651 2147483672 2147483648 2147483649 2147483650 2147483651 2147483672 
2147483910 2147483648 2147483649 2147483650 2147483651 2147483676 2147483648 2147483649 2147483650 2147483651 2147483676 
2147483911 2147483649 2147483650 2147483651 2147483680 2147483649 2147483650 2147483651 2147483680 
2147483912 2147483650 2147483651 2147483684 2147483650 2147483651 2147483684 
2147483913 2147483651 2147483688 2147483651 2147483688 
2147483914 2147483692 2147483692 
