2 
5 
8 
11 
18 
19 
22 2147483649 
23 
24 
25 2147483649 
26 2147483649 
27 2147483649 
32 2147483649 
49 2147483650 2147483651 2147483652 2147483653 2147483659 2147483660 2147483697 2147483699 
50 
51 
52 2147483650 2147483651 2147483652 2147483653 2147483659 2147483660 2147483684 2147483697 2147483699 
53 2147483650 2147483651 2147483652 2147483653 2147483659 2147483660 2147483674 2147483676 2147483681 2147483683 2147483684 2147483689 2147483697 2147483699 
54 2147483650 2147483651 2147483652 2147483653 2147483659 2147483660 2147483684 2147483697 2147483699 
57 2147483650 2147483651 2147483652 2147483653 2147483659 2147483660 2147483681 2147483684 2147483689 2147483697 2147483699 
61 
127 2147483650 2147483651 2147483652 2147483653 2147483659 2147483660 2147483684 2147483697 2147483699 
128 2147483650 2147483651 2147483652 2147483653 2147483659 2147483660 2147483697 2147483699 
129 2147483650 2147483651 2147483652 2147483653 2147483659 2147483660 2147483697 2147483699 
130 2147483650 2147483651 2147483652 2147483653 2147483659 2147483660 2147483697 2147483699 
131 
132 
133 
134 
247 
248 
249 
250 
251 
252 
253 
254 
263 2147483649 
264 2147483649 
265 2147483649 
266 2147483649 
267 
268 
269 
270 
2147483649 2147483650 2147483651 2147483652 2147483653 2147483659 2147483660 2147483674 2147483676 2147483681 32 22 25 27 26 263 264 265 266 2147483650 2147483651 2147483652 2147483653 2147483659 2147483660 2147483674 2147483676 2147483681 
2147483650 2147483649 2147483649 2147483651 2147483652 2147483653 2147483659 2147483660 2147483676 2147483681 2147483683 2147483684 2147483689 49 52 54 57 53 127 128 129 130 2147483651 2147483652 2147483653 2147483659 2147483660 2147483676 2147483681 2147483683 2147483684 2147483689 
2147483651 2147483649 2147483650 2147483649 2147483650 2147483652 2147483653 2147483659 2147483660 2147483676 2147483683 2147483684 49 52 54 57 53 127 128 129 130 2147483652 2147483653 2147483659 2147483660 2147483676 2147483683 2147483684 
2147483652 2147483649 2147483650 2147483651 2147483649 2147483650 2147483651 2147483653 2147483659 2147483660 2147483681 2147483683 2147483684 2147483689 49 127 52 54 57 53 128 129 130 2147483653 2147483659 2147483660 2147483681 2147483683 2147483684 2147483689 
2147483653 2147483649 2147483650 2147483651 2147483652 2147483649 2147483650 2147483651 2147483652 2147483659 2147483660 2147483683 2147483684 49 52 54 57 53 127 128 129 130 2147483659 2147483660 2147483683 2147483684 
2147483659 2147483649 2147483650 2147483651 2147483652 2147483653 2147483649 2147483650 2147483651 2147483652 2147483653 2147483660 2147483663 2147483664 2147483667 2147483673 2147483674 2147483676 2147483683 2147483693 2147483694 2147483698 2147483699 53 57 49 52 54 127 128 129 130 2147483660 2147483663 2147483664 2147483667 2147483673 2147483674 2147483676 2147483683 2147483693 2147483694 2147483698 2147483699 
2147483660 2147483649 2147483650 2147483651 2147483652 2147483653 2147483659 2147483649 2147483650 2147483651 2147483652 2147483653 2147483659 2147483663 2147483664 2147483667 2147483673 2147483674 2147483676 2147483683 2147483684 2147483693 2147483694 2147483696 2147483697 2147483698 2147483699 53 57 49 54 52 127 128 129 130 2147483663 2147483664 2147483667 2147483673 2147483674 2147483676 2147483683 2147483684 2147483693 2147483694 2147483696 2147483697 2147483698 2147483699 
2147483663 2147483659 2147483660 2147483659 2147483660 2147483699 2147483699 
2147483664 2147483659 2147483660 2147483659 2147483660 2147483673 2147483699 2147483673 2147483699 
2147483667 2147483659 2147483660 2147483659 2147483660 2147483699 2147483699 
2147483673 2147483659 2147483660 2147483664 2147483659 2147483660 2147483664 2147483699 2147483699 
2147483674 2147483649 2147483659 2147483660 2147483649 2147483659 2147483660 53 
2147483676 2147483649 2147483650 2147483651 2147483659 2147483660 2147483649 2147483650 2147483651 2147483659 2147483660 53 
2147483681 2147483649 2147483650 2147483652 2147483649 2147483650 2147483652 57 53 
2147483683 2147483650 2147483651 2147483652 2147483653 2147483659 2147483660 2147483650 2147483651 2147483652 2147483653 2147483659 2147483660 53 
2147483684 2147483650 2147483651 2147483652 2147483653 2147483660 2147483650 2147483651 2147483652 2147483653 2147483660 2147483689 52 54 57 53 127 2147483689 
2147483689 2147483650 2147483652 2147483684 2147483650 2147483652 2147483684 57 53 
2147483693 2147483659 2147483660 2147483659 2147483660 
2147483694 2147483659 2147483660 2147483659 2147483660 
2147483696 2147483660 2147483660 2147483697 2147483697 
2147483697 2147483660 2147483696 2147483660 2147483696 49 53 52 54 57 127 128 129 130 
2147483698 2147483659 2147483660 2147483659 2147483660 
2147483699 2147483659 2147483660 2147483663 2147483664 2147483667 2147483673 2147483659 2147483660 2147483663 2147483664 2147483667 2147483673 49 52 54 57 53 127 128 129 130 
