2,1,2,-1,0,1,0,0,0,
5,1,5,-1,0,1,0,0,0,
8,1,8,-1,0,1,0,0,255,
11,1,11,-1,0,1,0,0,0,
18,1,18,-1,0,1,0,0,0,
19,1,19,-1,0,1,0,0,0,
22,1,22,-1,0,1,0,0,0,
23,1,23,-1,0,1,0,0,0,
24,1,24,-1,0,1,0,0,0,
25,1,25,-1,0,1,0,0,0,
26,1,26,-1,0,1,0,0,0,
27,1,27,-1,0,1,0,0,0,
32,1,32,-1,0,1,0,0,0,
49,1,49,-1,0,1,0,0,0,
50,1,50,-1,0,1,0,0,0,
51,1,51,-1,0,1,0,0,0,
52,1,52,-1,0,1,0,0,0,
53,1,53,-1,0,1,0,0,0,
54,1,54,-1,0,1,0,0,0,
57,1,57,-1,0,1,0,0,0,
61,1,61,-1,0,1,0,0,0,
127,1,127,-1,0,1,0,0,0,
128,1,128,-1,0,1,0,0,0,
129,1,129,-1,0,1,0,0,0,
130,1,130,-1,0,1,0,0,0,
131,1,131,-1,0,1,0,0,0,
132,1,132,-1,0,1,0,0,0,
133,1,133,-1,0,1,0,0,0,
134,1,134,-1,0,1,0,0,0,
247,1,247,-1,0,1,0,0,0,
248,1,248,-1,0,1,0,0,0,
249,1,249,-1,0,1,0,0,0,
250,1,250,-1,0,1,0,0,0,
251,1,251,-1,0,1,0,0,255,
252,1,252,-1,0,1,0,0,0,
253,1,253,-1,0,1,0,0,255,
254,1,254,-1,0,1,0,0,255,
263,1,263,-1,0,1,0,0,0,
264,1,264,-1,0,1,0,0,0,
265,1,265,-1,0,1,0,0,0,
266,1,266,-1,0,1,0,0,0,
267,1,267,-1,0,1,0,0,0,
268,1,268,-1,0,1,0,0,0,
269,1,269,-1,0,1,0,0,0,
270,1,270,-1,0,1,0,0,0,
2147483648,0,0,0.00192447,5,0,1,0,0,49 52 54 57 53 127 128 129 130 51 133 134 131 132 50
2147483649,0,0,0.00186582,8,0,1,0,0,49 52 54 57 53 127 128 129 130 51 133 134 131 132 50
2147483651,0,0,0.000219094,3,0,1,0,0,53 49 52 54 57 127 128 129 130 51 133 134 131 132 50
2147483653,0,0,0.000103005,1,0,1,0,0,53 49 52 54 57 127 128 129 130 51 133 134 131 132 50
2147483654,0,0,8.76973e-05,3,0,1,0,0,53 49 52 54 57 127 128 129 130 51 133 134 131 132 50
2147483656,0,0,0.000219094,3,0,1,0,0,53 49 52 54 57 127 128 129 130 51 133 134 131 132 50
2147483658,0,0,0.000206574,1,0,1,0,0,53 49 52 54 57 127 128 129 130 51 133 134 131 132 50
2147483659,0,0,0.000165654,1,0,1,0,0,53 49 52 54 57 127 128 129 130 51 133 134 131 132 50
2147483660,0,0,0.000141573,3,0,1,0,0,53 49 52 54 57 127 128 129 130 51 133 134 131 132 50
2147483662,0,0,7.30312e-05,3,0,1,0,0,53 49 52 54 57 127 128 129 130 51 133 134 131 132 50
2147483664,0,0,6.8858e-05,1,0,1,0,0,53 49 52 54 57 127 128 129 130 51 133 134 131 132 50
2147483665,0,0,5.77665e-05,3,0,1,0,0,53 49 52 54 57 127 128 129 130 51 133 134 131 132 50
2147483667,0,0,0.000117707,6,0,1,0,0,24 23 269 270 267 268
2147483669,0,0,0.00065744,5,0,1,0,0,51 133 134 131 132 50
2147483671,0,0,inf,1,0,1,0,0,49 52 54 57 53 127 128 129 130 51 133 134 131 132 50
2147483675,0,0,0.000940787,19,0,1,0,0,51 133 134 131 132 50
2147483683,0,0,0.00173836,2,0,1,0,0,49 52 54 57 53 127 128 129 130 51 133 134 131 132 50
2147483691,0,0,inf,1,0,1,0,0,49 52 54 57 53 127 128 129 130 51 133 134 131 132 50
2147483699,0,0,inf,1,0,1,0,0,2 11 19 61 18 247 248 249 250 5 8 253 254 251 252
2147483705,0,0,0.00102787,35,0,1,0,255,22 25 27 32 26 263 264 265 266 24 23 269 270 267 268
2147483713,0,0,inf,1,0,1,0,0,2 11 19 61 18 247 248 249 250 5 8 253 254 251 252
2147483715,0,0,4.45371e-05,1,0,1,0,255,2 11 19 61 18 247 248 249 250 5 8 253 254 251 252
2147483720,0,0,inf,1,0,1,0,255,2 11 19 61 18 247 248 249 250 5 8 253 254 251 252
2147483725,0,0,inf,1,0,1,0,255,2 11 19 61 18 247 248 249 250 5 8 253 254 251 252
2147483727,0,0,0.00021645,1,0,1,0,0,2 11 19 61 18 247 248 249 250 5 8 253 254 251 252
2147483732,0,0,1.86768e-05,1,0,1,0,0,2 11 19 61 18 247 248 249 250 5 8 253 254 251 252
2147483737,0,0,inf,1,0,1,0,0,2 11 19 61 18 247 248 249 250 5 8 253 254 251 252
2147483742,0,0,inf,1,0,1,0,0,2 11 19 61 18 247 248 249 250 5 8 253 254 251 252
2147483747,0,0,2.80152e-05,1,0,1,0,0,2 11 19 61 18 247 248 249 250 5 8 253 254 251 252
2147483752,0,0,inf,1,0,1,0,0,2 11 19 61 18 247 248 249 250 5 8 253 254 251 252
2147483757,0,0,inf,1,0,1,0,0,2 11 19 61 18 247 248 249 250 5 8 253 254 251 252
2147483759,0,0,0.000530892,4,0,1,0,0,53 49 52 54 57 127 128 129 130 51 133 134 131 132 50
