22 2147483783 2147483797 
23 
24 
25 2147483783 2147483797 
26 2147483783 2147483797 
27 2147483783 2147483797 
32 2147483783 2147483797 
49 2147483754 2147483784 2147483796 2147483801 2147483813 2147483817 
50 
51 
52 2147483754 2147483784 2147483796 2147483801 2147483813 2147483817 
53 2147483754 2147483784 2147483796 2147483801 2147483813 2147483817 
54 2147483754 2147483784 2147483796 2147483801 2147483813 2147483817 
57 2147483754 2147483784 2147483796 2147483801 2147483813 2147483817 
127 2147483754 2147483784 2147483796 2147483801 2147483813 2147483817 
128 2147483754 2147483784 2147483796 2147483801 2147483813 2147483817 
129 2147483754 2147483784 2147483796 2147483801 2147483813 2147483817 
130 2147483754 2147483784 2147483796 2147483801 2147483813 2147483817 
131 
132 
133 
134 
263 2147483783 2147483797 
264 2147483783 2147483797 
265 2147483783 2147483797 
266 2147483783 2147483797 
267 
268 
269 
270 
2147483648 
2147483680 
2147483681 2147483754 2147483754 
2147483713 2147483754 2147483801 2147483813 2147483815 2147483817 2147483754 2147483801 2147483813 2147483815 2147483817 
2147483720 
2147483721 
2147483722 
2147483723 
2147483724 
2147483725 
2147483726 
2147483727 
2147483728 
2147483729 
2147483730 
2147483732 2147483784 2147483784 
2147483735 2147483784 2147483785 2147483797 2147483784 2147483785 2147483797 
2147483741 2147483783 2147483784 2147483797 2147483783 2147483784 2147483797 
2147483744 2147483783 2147483784 2147483796 2147483797 2147483783 2147483784 2147483796 2147483797 
2147483745 2147483783 2147483784 2147483796 2147483797 2147483783 2147483784 2147483796 2147483797 
2147483746 2147483748 2147483783 2147483784 2147483796 2147483797 2147483748 2147483783 2147483784 2147483796 2147483797 
2147483748 2147483746 2147483746 2147483783 2147483784 2147483796 2147483797 2147483783 2147483784 2147483796 2147483797 
2147483749 2147483783 2147483784 2147483796 2147483797 2147483783 2147483784 2147483796 2147483797 
2147483753 
2147483754 2147483681 2147483713 2147483681 2147483713 2147483759 2147483762 2147483768 2147483801 2147483802 2147483813 2147483814 2147483815 2147483817 53 49 52 54 57 127 128 129 130 2147483759 2147483762 2147483768 2147483801 2147483802 2147483813 2147483814 2147483815 2147483817 
2147483755 
2147483756 
2147483759 2147483754 2147483754 2147483801 2147483801 
2147483762 2147483754 2147483754 2147483801 2147483802 2147483814 2147483801 2147483802 2147483814 
2147483768 2147483754 2147483754 2147483801 2147483814 2147483801 2147483814 
2147483776 
2147483783 2147483741 2147483744 2147483745 2147483746 2147483748 2147483749 2147483741 2147483744 2147483745 2147483746 2147483748 2147483749 2147483784 2147483785 2147483796 2147483797 22 25 27 32 26 263 264 265 266 2147483784 2147483785 2147483796 2147483797 
2147483784 2147483732 2147483735 2147483741 2147483744 2147483745 2147483746 2147483748 2147483749 2147483783 2147483732 2147483735 2147483741 2147483744 2147483745 2147483746 2147483748 2147483749 2147483783 2147483785 2147483796 2147483797 49 52 54 57 53 127 128 129 130 2147483785 2147483796 2147483797 
2147483785 2147483735 2147483783 2147483784 2147483735 2147483783 2147483784 2147483796 2147483797 2147483796 2147483797 
2147483796 2147483744 2147483745 2147483746 2147483748 2147483749 2147483783 2147483784 2147483785 2147483744 2147483745 2147483746 2147483748 2147483749 2147483783 2147483784 2147483785 2147483797 49 52 54 57 53 127 128 129 130 2147483797 
2147483797 2147483735 2147483741 2147483744 2147483745 2147483746 2147483748 2147483749 2147483783 2147483784 2147483785 2147483796 2147483735 2147483741 2147483744 2147483745 2147483746 2147483748 2147483749 2147483783 2147483784 2147483785 2147483796 22 25 27 32 26 263 264 265 266 
2147483801 2147483713 2147483754 2147483759 2147483762 2147483768 2147483713 2147483754 2147483759 2147483762 2147483768 2147483802 2147483813 2147483814 2147483815 2147483817 49 52 54 57 53 127 128 129 130 2147483802 2147483813 2147483814 2147483815 2147483817 
2147483802 2147483754 2147483762 2147483801 2147483754 2147483762 2147483801 2147483813 2147483814 2147483813 2147483814 
2147483813 2147483713 2147483754 2147483801 2147483802 2147483713 2147483754 2147483801 2147483802 2147483814 2147483815 2147483817 49 52 54 57 53 127 128 129 130 2147483814 2147483815 2147483817 
2147483814 2147483754 2147483762 2147483768 2147483801 2147483802 2147483813 2147483754 2147483762 2147483768 2147483801 2147483802 2147483813 2147483815 2147483815 
2147483815 2147483713 2147483754 2147483801 2147483813 2147483814 2147483713 2147483754 2147483801 2147483813 2147483814 2147483817 2147483817 
2147483817 2147483713 2147483754 2147483801 2147483813 2147483815 2147483713 2147483754 2147483801 2147483813 2147483815 49 52 54 57 53 127 128 129 130 
