22,1,22,-1,0,1,0,0,0,
23,1,23,-1,0,1,0,0,0,
24,1,24,-1,0,1,0,0,0,
25,1,25,-1,0,1,0,0,0,
26,1,26,-1,0,1,0,0,0,
27,1,27,-1,0,1,0,0,0,
32,1,32,-1,0,1,0,0,0,
49,1,49,-1,0,1,0,0,0,
50,1,50,-1,0,1,0,0,0,
51,1,51,-1,0,1,0,0,0,
52,1,52,-1,0,1,0,0,0,
53,1,53,-1,0,1,0,0,0,
54,1,54,-1,0,1,0,0,0,
57,1,57,-1,0,1,0,0,0,
127,1,127,-1,0,1,0,0,0,
128,1,128,-1,0,1,0,0,0,
129,1,129,-1,0,1,0,0,0,
130,1,130,-1,0,1,0,0,0,
131,1,131,-1,0,1,0,0,0,
132,1,132,-1,0,1,0,0,0,
133,1,133,-1,0,1,0,0,0,
134,1,134,-1,0,1,0,0,0,
263,1,263,-1,0,1,0,0,0,
264,1,264,-1,0,1,0,0,0,
265,1,265,-1,0,1,0,0,0,
266,1,266,-1,0,1,0,0,0,
267,1,267,-1,0,1,0,0,0,
268,1,268,-1,0,1,0,0,0,
269,1,269,-1,0,1,0,0,0,
270,1,270,-1,0,1,0,0,0,
2147483659,0,0,0.00119077,7,0,1,0,0,51 133 134 131 132 50
2147483660,0,0,0.00145664,9,0,1,0,0,51 133 134 131 132 50
2147483661,0,0,0.00463158,6,0,1,0,0,51 133 134 131 132 50
2147483662,0,0,0.00180158,4,0,1,0,0,51 133 134 131 132 50
2147483670,0,0,0.0117033,1,0,1,0,0,51 133 134 131 132 50
2147483683,0,0,0.000586961,1,0,1,0,0,51 133 134 131 132 50
2147483693,0,0,0.00718654,1,0,1,0,0,51 133 134 131 132 50
2147483698,0,0,0.02799,3,0,1,0,0,51 133 134 131 132 50
2147483737,0,0,0.00204935,3,0,1,0,0,51 133 134 131 132 50
2147483738,0,0,0.000892877,4,0,1,0,0,51 133 134 131 132 50
2147483740,0,0,inf,1,0,1,0,0,49 52 54 57 53 127 128 129 130 51 133 134 131 132 50
2147483748,0,0,0.00480769,3,0,1,0,0,51 133 134 131 132 50
2147483750,0,0,inf,1,0,1,0,0,49 52 54 57 53 127 128 129 130 51 133 134 131 132 50
2147483758,0,0,0.00480769,3,0,1,0,0,51 133 134 131 132 50
2147483766,0,0,0.00128459,2,0,1,0,0,51 133 134 131 132 50
2147483767,0,0,inf,1,0,1,0,0,49 52 54 57 53 127 128 129 130 51 133 134 131 132 50
2147483768,0,0,inf,1,0,1,0,0,49 52 54 57 53 127 128 129 130 51 133 134 131 132 50
2147483775,0,0,0.00160744,2,0,1,0,0,51 133 134 131 132 50
2147483776,0,0,inf,1,0,1,0,0,49 52 54 57 53 127 128 129 130 51 133 134 131 132 50
2147483777,0,0,inf,1,0,1,0,0,49 52 54 57 53 127 128 129 130 51 133 134 131 132 50
2147483778,0,0,0.00109007,1,0,1,0,0,57 49 52 54 127 128 129 130 51 133 134 131 132 50
2147483779,0,0,0.00109833,1,0,1,0,0,22 25 27 32 26 263 264 265 266 24 23 269 270 267 268
2147483780,0,0,inf,2,0,1,0,0,49 52 54 57 53 127 128 129 130 51 133 134 131 132 50
2147483788,0,0,0.0293756,2,0,1,0,0,51 133 134 131 132 50
2147483789,0,0,inf,1,0,1,0,255,49 52 54 57 53 127 128 129 130 51 133 134 131 132 50
2147483790,0,0,inf,1,0,1,0,255,49 52 54 57 53 127 128 129 130 51 133 134 131 132 50
2147483797,0,0,0.0346528,2,0,1,0,0,51 133 134 131 132 50
2147483798,0,0,inf,1,0,1,0,0,49 52 54 57 53 127 128 129 130 51 133 134 131 132 50
2147483805,0,0,0.352304,2,0,1,0,0,51 133 134 131 132 50
2147483806,0,0,inf,1,0,1,0,0,49 52 54 57 53 127 128 129 130 51 133 134 131 132 50
2147483807,0,0,inf,1,0,1,0,0,49 52 54 57 53 127 128 129 130 51 133 134 131 132 50
2147483808,0,0,0.231946,1,0,1,0,0,53 49 52 54 57 127 128 129 130 51 133 134 131 132 50
2147483809,0,0,inf,1,0,1,0,0,22 25 27 32 26 263 264 265 266 24 23 269 270 267 268
2147483816,0,0,0.283486,2,0,1,0,0,51 133 134 131 132 50
2147483817,0,0,inf,1,0,1,0,0,49 52 54 57 53 127 128 129 130 51 133 134 131 132 50
2147483824,0,0,0.00913882,2,0,1,0,0,51 133 134 131 132 50
2147483825,0,0,inf,1,0,1,0,0,49 52 54 57 53 127 128 129 130 51 133 134 131 132 50
2147483838,0,0,0.0236482,2,0,1,0,0,51 133 134 131 132 50
2147483839,0,0,inf,1,0,1,0,0,49 52 54 57 53 127 128 129 130 51 133 134 131 132 50
2147483849,0,0,0.0209225,4,0,1,0,0,51 133 134 131 132 50
2147483850,0,0,inf,1,0,1,0,0,49 52 54 57 53 127 128 129 130 51 133 134 131 132 50
2147483857,0,0,0.0346528,2,0,1,0,0,51 133 134 131 132 50
2147483858,0,0,inf,1,0,1,0,0,49 52 54 57 53 127 128 129 130 51 133 134 131 132 50
2147483865,0,0,0.0346528,2,0,1,0,0,51 133 134 131 132 50
2147483866,0,0,inf,1,0,1,0,0,49 52 54 57 53 127 128 129 130 51 133 134 131 132 50
2147483873,0,0,0.00128117,2,0,1,0,0,51 133 134 131 132 50
2147483874,0,0,inf,1,0,1,0,0,49 52 54 57 53 127 128 129 130 51 133 134 131 132 50
2147483875,0,0,inf,1,0,1,0,0,49 52 54 57 53 127 128 129 130 51 133 134 131 132 50
2147483876,0,0,0.00104052,1,0,1,0,0,53 49 52 54 57 127 128 129 130 51 133 134 131 132 50
2147483877,0,0,0.00104052,1,0,1,0,0,57 49 52 54 127 128 129 130 51 133 134 131 132 50
2147483878,0,0,inf,1,0,1,0,0,22 25 27 32 26 263 264 265 266 24 23 269 270 267 268
2147483879,0,0,inf,1,0,1,0,0,49 52 54 57 53 127 128 129 130 51 133 134 131 132 50
2147483880,0,0,inf,1,0,1,0,0,49 52 54 57 53 127 128 129 130 51 133 134 131 132 50
2147483887,0,0,0.028188,2,0,1,0,0,51 133 134 131 132 50
2147483888,0,0,inf,1,0,1,0,0,49 52 54 57 53 127 128 129 130 51 133 134 131 132 50
2147483895,0,0,0.033248,2,0,1,0,0,51 133 134 131 132 50
2147483896,0,0,inf,1,0,1,0,0,49 52 54 57 53 127 128 129 130 51 133 134 131 132 50
2147483897,0,0,inf,1,0,1,0,0,49 52 54 57 53 127 128 129 130 51 133 134 131 132 50
2147483898,0,0,inf,1,0,1,0,0,49 52 54 57 53 127 128 129 130 51 133 134 131 132 50
2147483899,0,0,inf,1,0,1,0,0,49 52 54 57 53 127 128 129 130 51 133 134 131 132 50
2147483900,0,0,0.00406627,3,0,1,0,0,49 52 54 57 53 127 128 129 130 51 133 134 131 132 50
2147483902,0,0,0.00406627,3,0,1,0,0,49 52 54 57 53 127 128 129 130 51 133 134 131 132 50
2147483904,0,0,0.00151225,3,0,1,0,0,49 52 54 57 53 127 128 129 130 51 133 134 131 132 50
2147483907,0,0,0.0238671,6,0,1,0,0,49 52 54 57 53 127 128 129 130 51 133 134 131 132 50
2147483910,0,0,0.00177204,5,0,1,0,0,49 52 54 57 53 127 128 129 130 51 133 134 131 132 50
2147483912,0,0,0.0308697,3,0,1,0,0,49 52 54 57 53 127 128 129 130 51 133 134 131 132 50
2147483913,0,0,0.0771095,6,0,1,0,0,51 133 134 131 132 50
2147483917,0,0,0.370406,4,0,1,0,0,49 52 54 57 53 127 128 129 130 51 133 134 131 132 50
2147483919,0,0,0.114513,25,0,1,0,0,49 52 54 57 53 127 128 129 130 51 133 134 131 132 50
2147483927,0,0,0.0845734,6,0,1,0,0,51 133 134 131 132 50
