22 2147483676 
23 
24 
25 2147483676 
26 2147483650 2147483676 
27 2147483676 
32 2147483676 
49 2147483663 2147483677 2147483716 
50 
51 
52 2147483663 2147483677 2147483716 
53 2147483663 2147483677 2147483716 
54 2147483663 2147483677 2147483716 
57 2147483663 2147483677 2147483716 
127 2147483663 2147483677 2147483716 
128 2147483663 2147483677 2147483716 
129 2147483663 2147483677 2147483716 
130 2147483663 2147483677 2147483716 
131 
132 
133 
134 
263 2147483676 
264 2147483676 
265 2147483676 
266 2147483676 
267 
268 
269 
270 
2147483649 2147483676 2147483677 2147483676 2147483677 
2147483650 2147483676 2147483677 2147483684 2147483710 26 2147483676 2147483677 2147483684 2147483710 
2147483663 2147483666 2147483677 2147483704 2147483706 2147483707 2147483710 2147483716 2147483719 49 52 54 57 53 127 128 129 130 2147483666 2147483677 2147483704 2147483706 2147483707 2147483710 2147483716 2147483719 
2147483666 2147483663 2147483663 2147483677 2147483716 2147483677 2147483716 
2147483676 2147483649 2147483650 2147483649 2147483650 2147483677 2147483678 2147483680 2147483681 2147483684 2147483687 2147483693 2147483710 2147483711 26 32 22 25 27 263 264 265 266 2147483677 2147483678 2147483680 2147483681 2147483684 2147483687 2147483693 2147483710 2147483711 
2147483677 2147483649 2147483650 2147483663 2147483666 2147483676 2147483649 2147483650 2147483663 2147483666 2147483676 2147483678 2147483680 2147483681 2147483684 2147483687 2147483693 2147483704 2147483706 2147483710 2147483711 2147483716 2147483719 57 49 52 54 53 127 128 129 130 2147483678 2147483680 2147483681 2147483684 2147483687 2147483693 2147483704 2147483706 2147483710 2147483711 2147483716 2147483719 
2147483678 2147483676 2147483677 2147483676 2147483677 
2147483680 2147483676 2147483677 2147483676 2147483677 
2147483681 2147483676 2147483677 2147483676 2147483677 
2147483684 2147483650 2147483676 2147483677 2147483650 2147483676 2147483677 2147483710 2147483710 
2147483687 2147483676 2147483677 2147483676 2147483677 2147483693 2147483710 2147483711 2147483693 2147483710 2147483711 
2147483693 2147483676 2147483677 2147483687 2147483676 2147483677 2147483687 2147483710 2147483711 2147483710 2147483711 
2147483704 2147483663 2147483677 2147483663 2147483677 2147483716 2147483719 2147483716 2147483719 
2147483706 2147483663 2147483677 2147483663 2147483677 2147483716 2147483716 
2147483707 2147483663 2147483663 2147483716 2147483716 
2147483710 2147483650 2147483663 2147483676 2147483677 2147483684 2147483687 2147483693 2147483650 2147483663 2147483676 2147483677 2147483684 2147483687 2147483693 2147483711 2147483711 
2147483711 2147483676 2147483677 2147483687 2147483693 2147483710 2147483676 2147483677 2147483687 2147483693 2147483710 
2147483716 2147483663 2147483666 2147483677 2147483704 2147483706 2147483707 2147483663 2147483666 2147483677 2147483704 2147483706 2147483707 2147483719 49 53 52 54 57 127 128 129 130 2147483719 
2147483719 2147483663 2147483677 2147483704 2147483716 2147483663 2147483677 2147483704 2147483716 
