2,1,2,-1,0,1,0,0,0,
5,1,5,-1,0,1,0,0,0,
8,1,8,-1,0,1,0,0,0,
11,1,11,-1,0,1,0,0,0,
18,1,18,-1,0,1,0,0,0,
19,1,19,-1,0,1,0,0,0,
49,1,49,-1,0,1,0,0,0,
50,1,50,-1,0,1,0,0,0,
51,1,51,-1,0,1,0,0,0,
52,1,52,-1,0,1,0,0,0,
53,1,53,-1,0,1,0,0,0,
54,1,54,-1,0,1,0,0,0,
57,1,57,-1,0,1,0,0,0,
61,1,61,-1,0,1,0,0,0,
127,1,127,-1,0,1,0,0,0,
128,1,128,-1,0,1,0,0,0,
129,1,129,-1,0,1,0,0,0,
130,1,130,-1,0,1,0,0,0,
131,1,131,-1,0,1,0,0,0,
132,1,132,-1,0,1,0,0,0,
133,1,133,-1,0,1,0,0,0,
134,1,134,-1,0,1,0,0,0,
247,1,247,-1,0,1,0,0,0,
248,1,248,-1,0,1,0,0,0,
249,1,249,-1,0,1,0,0,0,
250,1,250,-1,0,1,0,0,0,
251,1,251,-1,0,1,0,0,0,
252,1,252,-1,0,1,0,0,0,
253,1,253,-1,0,1,0,0,0,
254,1,254,-1,0,1,0,0,0,
2147483651,0,0,0.000313199,1,0,1,0,0,49 52 54 57 53 127 128 129 130 51 133 134 131 132 50
2147483656,0,0,0.000156599,1,0,1,0,0,49 52 54 57 53 127 128 129 130 51 133 134 131 132 50
2147483660,0,0,0.000530374,2,0,1,0,0,49 52 54 57 53 127 128 129 130 51 133 134 131 132 50
2147483661,0,0,0.000331484,2,0,1,0,0,49 52 54 57 53 127 128 129 130 51 133 134 131 132 50
2147483662,0,0,inf,1,0,1,0,0,49 52 54 57 53 127 128 129 130 51 133 134 131 132 50
2147483669,0,0,0.0031118,2,0,1,0,0,51 133 134 131 132 50
2147483670,0,0,0.00085239,4,0,1,0,0,51 133 134 131 132 50
2147483672,0,0,0.00467593,1,0,1,0,0,53 49 52 54 57 127 128 129 130 51 133 134 131 132 50
2147483673,0,0,0.00443848,3,0,1,0,0,49 52 54 57 53 127 128 129 130 51 133 134 131 132 50
2147483675,0,0,0.000876736,1,0,1,0,0,53 49 52 54 57 127 128 129 130 51 133 134 131 132 50
2147483676,0,0,inf,1,0,1,0,0,49 52 54 57 53 127 128 129 130 51 133 134 131 132 50
2147483678,0,0,0.00054796,1,0,1,0,0,53 49 52 54 57 127 128 129 130 51 133 134 131 132 50
2147483679,0,0,inf,1,0,1,0,0,49 52 54 57 53 127 128 129 130 51 133 134 131 132 50
2147483681,0,0,inf,1,0,1,0,0,49 52 54 57 53 127 128 129 130 51 133 134 131 132 50
2147483686,0,0,0.00027398,1,0,1,0,0,53 49 52 54 57 127 128 129 130 51 133 134 131 132 50
2147483688,0,0,9.90731e-05,1,0,1,0,0,57 49 52 54 127 128 129 130 51 133 134 131 132 50
2147483689,0,0,inf,1,0,1,0,0,2 11 19 61 18 247 248 249 250 5 8 253 254 251 252
2147483691,0,0,3.85284e-05,1,0,1,0,0,53 49 52 54 57 127 128 129 130 51 133 134 131 132 50
2147483692,0,0,inf,1,0,1,0,0,49 52 54 57 53 127 128 129 130 51 133 134 131 132 50
2147483697,0,0,0.00013699,1,0,1,0,0,53 49 52 54 57 127 128 129 130 51 133 134 131 132 50
2147483699,0,0,4.95366e-05,1,0,1,0,0,57 49 52 54 127 128 129 130 51 133 134 131 132 50
2147483700,0,0,inf,1,0,1,0,0,2 11 19 61 18 247 248 249 250 5 8 253 254 251 252
2147483702,0,0,1.92642e-05,1,0,1,0,0,53 49 52 54 57 127 128 129 130 51 133 134 131 132 50
2147483703,0,0,inf,1,0,1,0,0,49 52 54 57 53 127 128 129 130 51 133 134 131 132 50
2147483704,0,0,0.000375744,1,0,1,0,0,53 49 52 54 127 128 129 130 51 133 134 131 132 50
2147483709,0,0,0.000415296,1,0,1,0,0,53 49 52 54 127 128 129 130 51 133 134 131 132 50
2147483713,0,0,0.000187872,1,0,1,0,0,53 49 52 54 127 128 129 130 51 133 134 131 132 50
2147483718,0,0,inf,1,0,1,0,0,49 52 54 57 53 127 128 129 130 51 133 134 131 132 50
2147483721,0,0,9.3936e-05,1,0,1,0,0,53 49 52 54 127 128 129 130 51 133 134 131 132 50
2147483727,0,0,0.000110877,2,0,1,0,0,49 52 54 57 53 127 128 129 130 51 133 134 131 132 50
2147483739,0,0,0.000392764,7,0,1,0,0,51 133 134 131 132 50
2147483740,0,0,0.000196382,7,0,1,0,0,51 133 134 131 132 50
2147483741,0,0,8.94854e-05,7,0,1,0,0,49 52 54 57 53 127 128 129 130 51 133 134 131 132 50
2147483742,0,0,0.000716866,5,0,1,0,0,51 133 134 131 132 50
