49 2147483650 2147483653 2147483658 
50 
51 
52 2147483650 2147483653 2147483658 
53 2147483650 2147483652 2147483653 2147483658 
54 2147483650 2147483653 2147483658 
57 2147483650 2147483653 2147483658 
127 2147483650 2147483653 2147483658 
128 2147483650 2147483653 2147483658 
129 2147483650 2147483653 2147483658 
130 2147483650 2147483653 2147483658 
131 
132 
133 
134 
2147483648 2147483652 2147483653 2147483654 2147483652 2147483653 2147483654 
2147483650 2147483653 2147483658 2147483660 2147483661 2147483663 2147483664 49 57 52 54 53 127 128 129 130 2147483653 2147483658 2147483660 2147483661 2147483663 2147483664 
2147483651 2147483652 2147483653 2147483652 2147483653 
2147483652 2147483648 2147483651 2147483648 2147483651 2147483653 2147483654 53 2147483653 2147483654 
2147483653 2147483648 2147483650 2147483651 2147483652 2147483648 2147483650 2147483651 2147483652 2147483654 2147483658 2147483660 2147483661 54 57 49 52 53 127 128 129 130 2147483654 2147483658 2147483660 2147483661 
2147483654 2147483648 2147483652 2147483653 2147483648 2147483652 2147483653 
2147483658 2147483650 2147483653 2147483650 2147483653 2147483660 2147483661 53 57 49 52 54 127 128 129 130 2147483660 2147483661 
2147483660 2147483650 2147483653 2147483658 2147483650 2147483653 2147483658 
2147483661 2147483650 2147483653 2147483658 2147483650 2147483653 2147483658 
2147483663 2147483650 2147483650 
2147483664 2147483650 2147483650 
