22 2147483709 2147483711 
23 
24 
25 2147483709 2147483711 
26 2147483709 2147483711 
27 2147483709 2147483711 
32 2147483709 2147483711 
49 2147483649 
50 
51 
52 2147483649 
53 2147483649 
54 2147483649 
57 2147483649 
127 2147483649 
128 2147483649 
129 2147483649 
130 2147483649 
131 
132 
133 
134 
263 2147483709 2147483711 
264 2147483709 2147483711 
265 2147483709 2147483711 
266 2147483709 2147483711 
267 
268 
269 
270 
2147483648 2147483674 2147483674 
2147483649 2147483653 2147483689 2147483690 2147483692 2147483700 2147483701 2147483705 2147483709 2147483710 2147483711 2147483717 49 52 54 57 53 127 128 129 130 2147483653 2147483689 2147483690 2147483692 2147483700 2147483701 2147483705 2147483709 2147483710 2147483711 2147483717 
2147483653 2147483649 2147483649 2147483709 2147483710 2147483711 2147483709 2147483710 2147483711 
2147483664 2147483715 2147483715 
2147483674 2147483648 2147483648 
2147483689 2147483649 2147483649 2147483709 2147483710 2147483711 2147483709 2147483710 2147483711 
2147483690 2147483649 2147483649 2147483709 2147483710 2147483711 2147483709 2147483710 2147483711 
2147483692 2147483649 2147483649 2147483709 2147483710 2147483711 2147483709 2147483710 2147483711 
2147483700 2147483649 2147483649 2147483701 2147483705 2147483710 2147483711 2147483717 2147483701 2147483705 2147483710 2147483711 2147483717 
2147483701 2147483649 2147483700 2147483649 2147483700 2147483711 2147483711 
2147483705 2147483649 2147483700 2147483649 2147483700 2147483710 2147483711 2147483717 2147483710 2147483711 2147483717 
2147483708 
2147483709 2147483649 2147483653 2147483689 2147483690 2147483692 2147483649 2147483653 2147483689 2147483690 2147483692 2147483710 2147483711 22 25 27 32 26 263 264 265 266 2147483710 2147483711 
2147483710 2147483649 2147483653 2147483689 2147483690 2147483692 2147483700 2147483705 2147483709 2147483649 2147483653 2147483689 2147483690 2147483692 2147483700 2147483705 2147483709 2147483711 2147483717 2147483711 2147483717 
2147483711 2147483649 2147483653 2147483689 2147483690 2147483692 2147483700 2147483701 2147483705 2147483709 2147483710 2147483649 2147483653 2147483689 2147483690 2147483692 2147483700 2147483701 2147483705 2147483709 2147483710 2147483717 32 22 25 27 26 263 264 265 266 2147483717 
2147483715 2147483664 2147483664 
2147483717 2147483649 2147483700 2147483705 2147483710 2147483711 2147483649 2147483700 2147483705 2147483710 2147483711 
