22 2147483726 2147483742 
23 
24 
25 2147483726 2147483742 
26 2147483684 2147483712 2147483726 2147483742 
27 2147483684 2147483726 2147483742 
32 2147483684 2147483712 2147483726 2147483742 
49 2147483678 2147483681 2147483682 2147483728 2147483741 
50 
51 
52 2147483678 2147483681 2147483682 2147483728 2147483741 
53 2147483678 2147483681 2147483682 2147483683 2147483728 2147483741 
54 2147483678 2147483681 2147483682 2147483728 2147483741 
57 2147483678 2147483681 2147483682 2147483683 2147483728 2147483741 
127 2147483678 2147483681 2147483682 2147483728 2147483741 
128 2147483678 2147483681 2147483682 2147483728 2147483741 
129 2147483678 2147483681 2147483682 2147483728 2147483741 
130 2147483678 2147483681 2147483682 2147483728 2147483741 
131 
132 
133 
134 
263 2147483726 2147483742 
264 2147483726 2147483742 
265 2147483726 2147483742 
266 2147483726 2147483742 
267 
268 
269 
270 
2147483678 2147483681 2147483726 2147483728 2147483729 2147483741 2147483742 53 57 49 52 54 127 128 129 130 2147483681 2147483726 2147483728 2147483729 2147483741 2147483742 
2147483681 2147483678 2147483678 2147483682 2147483683 2147483684 2147483691 2147483692 2147483695 2147483701 2147483704 2147483706 2147483712 2147483726 2147483728 2147483729 2147483730 2147483741 2147483742 53 52 49 54 57 127 128 129 130 2147483682 2147483683 2147483684 2147483691 2147483692 2147483695 2147483701 2147483704 2147483706 2147483712 2147483726 2147483728 2147483729 2147483730 2147483741 2147483742 
2147483682 2147483681 2147483681 2147483683 2147483684 57 49 52 54 53 127 128 129 130 2147483683 2147483684 
2147483683 2147483681 2147483682 2147483681 2147483682 2147483684 57 53 2147483684 
2147483684 2147483681 2147483682 2147483683 2147483681 2147483682 2147483683 27 32 26 
2147483691 2147483681 2147483681 
2147483692 2147483681 2147483681 2147483728 2147483728 
2147483695 2147483681 2147483681 2147483728 2147483730 2147483742 2147483728 2147483730 2147483742 
2147483701 2147483681 2147483681 2147483726 2147483728 2147483729 2147483742 2147483726 2147483728 2147483729 2147483742 
2147483704 2147483681 2147483681 2147483706 2147483726 2147483728 2147483729 2147483741 2147483742 2147483706 2147483726 2147483728 2147483729 2147483741 2147483742 
2147483706 2147483681 2147483704 2147483681 2147483704 2147483726 2147483728 2147483729 2147483741 2147483742 2147483726 2147483728 2147483729 2147483741 2147483742 
2147483712 2147483681 2147483681 2147483726 2147483728 2147483741 2147483742 32 26 2147483726 2147483728 2147483741 2147483742 
2147483726 2147483678 2147483681 2147483701 2147483704 2147483706 2147483712 2147483678 2147483681 2147483701 2147483704 2147483706 2147483712 2147483728 2147483729 2147483730 2147483741 2147483742 22 25 27 32 26 263 264 265 266 2147483728 2147483729 2147483730 2147483741 2147483742 
2147483728 2147483678 2147483681 2147483692 2147483695 2147483701 2147483704 2147483706 2147483712 2147483726 2147483678 2147483681 2147483692 2147483695 2147483701 2147483704 2147483706 2147483712 2147483726 2147483729 2147483730 2147483741 2147483742 49 52 54 57 53 127 128 129 130 2147483729 2147483730 2147483741 2147483742 
2147483729 2147483678 2147483681 2147483701 2147483704 2147483706 2147483726 2147483728 2147483678 2147483681 2147483701 2147483704 2147483706 2147483726 2147483728 2147483730 2147483741 2147483742 2147483730 2147483741 2147483742 
2147483730 2147483681 2147483695 2147483726 2147483728 2147483729 2147483681 2147483695 2147483726 2147483728 2147483729 2147483741 2147483742 2147483741 2147483742 
2147483741 2147483678 2147483681 2147483704 2147483706 2147483712 2147483726 2147483728 2147483729 2147483730 2147483678 2147483681 2147483704 2147483706 2147483712 2147483726 2147483728 2147483729 2147483730 2147483742 49 52 54 57 53 127 128 129 130 2147483742 
2147483742 2147483678 2147483681 2147483695 2147483701 2147483704 2147483706 2147483712 2147483726 2147483728 2147483729 2147483730 2147483741 2147483678 2147483681 2147483695 2147483701 2147483704 2147483706 2147483712 2147483726 2147483728 2147483729 2147483730 2147483741 22 25 27 32 26 263 264 265 266 
