2 
5 
8 
11 
18 
19 
22 2147483700 2147483731 
23 
24 
25 2147483700 2147483731 
26 2147483700 2147483731 2147483751 2147483798 
27 2147483700 2147483731 
32 2147483700 2147483731 2147483798 
49 2147483682 2147483684 2147483694 2147483699 2147483758 2147483786 2147483804 2147483805 2147483809 2147483811 2147483814 2147483815 2147483816 2147483818 2147483819 
50 
51 
52 2147483682 2147483684 2147483694 2147483699 2147483758 2147483786 2147483804 2147483805 2147483809 2147483811 2147483814 2147483815 2147483816 2147483818 2147483819 
53 2147483682 2147483684 2147483694 2147483698 2147483699 2147483718 2147483747 2147483758 2147483766 2147483786 2147483793 2147483804 2147483805 2147483809 2147483811 2147483814 2147483815 2147483816 2147483818 2147483819 
54 2147483682 2147483684 2147483694 2147483698 2147483699 2147483758 2147483786 2147483804 2147483805 2147483809 2147483811 2147483814 2147483815 2147483816 2147483818 2147483819 
57 2147483682 2147483684 2147483694 2147483698 2147483699 2147483718 2147483747 2147483758 2147483786 2147483793 2147483804 2147483805 2147483809 2147483811 2147483814 2147483815 2147483816 2147483818 2147483819 
61 
127 2147483682 2147483684 2147483694 2147483699 2147483758 2147483786 2147483804 2147483805 2147483809 2147483811 2147483814 2147483815 2147483816 2147483818 2147483819 
128 2147483682 2147483684 2147483694 2147483699 2147483758 2147483786 2147483804 2147483805 2147483809 2147483811 2147483814 2147483815 2147483816 2147483818 2147483819 
129 2147483682 2147483684 2147483694 2147483699 2147483758 2147483786 2147483804 2147483805 2147483809 2147483811 2147483814 2147483815 2147483816 2147483818 2147483819 
130 2147483682 2147483684 2147483694 2147483699 2147483758 2147483786 2147483804 2147483805 2147483809 2147483811 2147483814 2147483815 2147483816 2147483818 2147483819 
131 
132 
133 
134 
151 
152 
153 
154 
155 
156 
157 
158 
159 
160 
161 
162 
163 
164 
165 
166 
247 
248 
249 
250 
251 
252 
253 
254 
263 2147483700 2147483731 
264 2147483700 2147483731 
265 2147483700 2147483731 
266 2147483700 2147483731 
267 
268 
269 
270 
2147483648 2147483699 2147483700 2147483702 2147483704 2147483708 2147483804 2147483807 2147483699 2147483700 2147483702 2147483704 2147483708 2147483804 2147483807 
2147483677 2147483699 2147483700 2147483731 2147483809 2147483811 2147483812 2147483819 2147483699 2147483700 2147483731 2147483809 2147483811 2147483812 2147483819 
2147483682 2147483684 2147483699 2147483758 2147483816 57 49 52 54 53 127 128 129 130 2147483684 2147483699 2147483758 2147483816 
2147483684 2147483682 2147483682 2147483699 2147483758 2147483816 53 54 49 52 57 127 128 129 130 2147483699 2147483758 2147483816 
2147483694 2147483699 2147483700 2147483814 2147483815 2147483816 53 54 49 52 57 127 128 129 130 2147483699 2147483700 2147483814 2147483815 2147483816 
2147483698 2147483699 2147483816 54 57 53 2147483699 2147483816 
2147483699 2147483648 2147483677 2147483682 2147483684 2147483694 2147483698 2147483648 2147483677 2147483682 2147483684 2147483694 2147483698 2147483700 2147483702 2147483704 2147483708 2147483716 2147483718 2147483723 2147483727 2147483730 2147483731 2147483734 2147483737 2147483744 2147483745 2147483747 2147483751 2147483753 2147483758 2147483766 2147483769 2147483770 2147483786 2147483790 2147483791 2147483793 2147483798 2147483804 2147483805 2147483807 2147483809 2147483811 2147483812 2147483814 2147483815 2147483816 2147483818 2147483819 53 49 57 52 54 127 128 129 130 2147483700 2147483702 2147483704 2147483708 2147483716 2147483718 2147483723 2147483727 2147483730 2147483731 2147483734 2147483737 2147483744 2147483745 2147483747 2147483751 2147483753 2147483758 2147483766 2147483769 2147483770 2147483786 2147483790 2147483791 2147483793 2147483798 2147483804 2147483805 2147483807 2147483809 2147483811 2147483812 2147483814 2147483815 2147483816 2147483818 2147483819 
2147483700 2147483648 2147483677 2147483694 2147483699 2147483648 2147483677 2147483694 2147483699 2147483702 2147483704 2147483708 2147483716 2147483718 2147483723 2147483727 2147483730 2147483731 2147483734 2147483737 2147483744 2147483745 2147483747 2147483751 2147483753 2147483766 2147483769 2147483770 2147483786 2147483790 2147483791 2147483793 2147483804 2147483805 2147483807 2147483809 2147483811 2147483812 2147483814 2147483815 2147483816 2147483818 2147483819 32 22 25 27 26 263 264 265 266 2147483702 2147483704 2147483708 2147483716 2147483718 2147483723 2147483727 2147483730 2147483731 2147483734 2147483737 2147483744 2147483745 2147483747 2147483751 2147483753 2147483766 2147483769 2147483770 2147483786 2147483790 2147483791 2147483793 2147483804 2147483805 2147483807 2147483809 2147483811 2147483812 2147483814 2147483815 2147483816 2147483818 2147483819 
2147483702 2147483648 2147483699 2147483700 2147483648 2147483699 2147483700 
2147483704 2147483648 2147483699 2147483700 2147483648 2147483699 2147483700 
2147483708 2147483648 2147483699 2147483700 2147483648 2147483699 2147483700 2147483804 2147483804 
2147483716 2147483699 2147483700 2147483699 2147483700 2147483805 2147483805 
2147483718 2147483699 2147483700 2147483699 2147483700 2147483805 2147483816 57 53 2147483805 2147483816 
2147483723 2147483699 2147483700 2147483699 2147483700 2147483807 2147483807 
2147483727 2147483699 2147483700 2147483699 2147483700 2147483809 2147483809 
2147483730 2147483699 2147483700 2147483699 2147483700 2147483809 2147483811 2147483809 2147483811 
2147483731 2147483677 2147483699 2147483700 2147483677 2147483699 2147483700 2147483734 2147483737 2147483744 2147483745 2147483747 2147483809 2147483811 2147483812 2147483816 2147483819 22 25 27 32 26 263 264 265 266 2147483734 2147483737 2147483744 2147483745 2147483747 2147483809 2147483811 2147483812 2147483816 2147483819 
2147483734 2147483699 2147483700 2147483731 2147483699 2147483700 2147483731 2147483811 2147483811 
2147483737 2147483699 2147483700 2147483731 2147483699 2147483700 2147483731 2147483811 2147483811 
2147483744 2147483699 2147483700 2147483731 2147483699 2147483700 2147483731 2147483809 2147483811 2147483819 2147483809 2147483811 2147483819 
2147483745 2147483699 2147483700 2147483731 2147483699 2147483700 2147483731 2147483809 2147483811 2147483819 2147483809 2147483811 2147483819 
2147483747 2147483699 2147483700 2147483731 2147483699 2147483700 2147483731 2147483809 2147483811 2147483816 57 53 2147483809 2147483811 2147483816 
2147483751 2147483699 2147483700 2147483699 2147483700 2147483809 2147483816 26 2147483809 2147483816 
2147483753 2147483699 2147483700 2147483699 2147483700 2147483758 2147483758 
2147483758 2147483682 2147483684 2147483699 2147483753 2147483682 2147483684 2147483699 2147483753 2147483816 54 49 52 57 53 127 128 129 130 2147483816 
2147483766 2147483699 2147483700 2147483699 2147483700 53 
2147483769 2147483699 2147483700 2147483699 2147483700 2147483815 2147483815 
2147483770 2147483699 2147483700 2147483699 2147483700 
2147483786 2147483699 2147483700 2147483699 2147483700 2147483790 2147483791 2147483793 2147483816 2147483818 53 57 49 52 54 127 128 129 130 2147483790 2147483791 2147483793 2147483816 2147483818 
2147483790 2147483699 2147483700 2147483786 2147483699 2147483700 2147483786 2147483818 2147483818 
2147483791 2147483699 2147483700 2147483786 2147483699 2147483700 2147483786 2147483818 2147483818 
2147483793 2147483699 2147483700 2147483786 2147483699 2147483700 2147483786 2147483816 57 53 2147483816 
2147483798 2147483699 2147483699 2147483816 32 26 2147483816 
2147483804 2147483648 2147483699 2147483700 2147483708 2147483648 2147483699 2147483700 2147483708 2147483805 57 49 52 54 53 127 128 129 130 2147483805 
2147483805 2147483699 2147483700 2147483716 2147483718 2147483804 2147483699 2147483700 2147483716 2147483718 2147483804 2147483816 57 49 52 54 53 127 128 129 130 2147483816 
2147483807 2147483648 2147483699 2147483700 2147483723 2147483648 2147483699 2147483700 2147483723 2147483809 2147483811 2147483809 2147483811 
2147483809 2147483677 2147483699 2147483700 2147483727 2147483730 2147483731 2147483744 2147483745 2147483747 2147483751 2147483807 2147483677 2147483699 2147483700 2147483727 2147483730 2147483731 2147483744 2147483745 2147483747 2147483751 2147483807 2147483811 2147483812 2147483816 2147483819 53 49 52 54 57 127 128 129 130 2147483811 2147483812 2147483816 2147483819 
2147483811 2147483677 2147483699 2147483700 2147483730 2147483731 2147483734 2147483737 2147483744 2147483745 2147483747 2147483807 2147483809 2147483677 2147483699 2147483700 2147483730 2147483731 2147483734 2147483737 2147483744 2147483745 2147483747 2147483807 2147483809 2147483812 2147483816 2147483819 57 53 49 52 54 127 128 129 130 2147483812 2147483816 2147483819 
2147483812 2147483677 2147483699 2147483700 2147483731 2147483809 2147483811 2147483677 2147483699 2147483700 2147483731 2147483809 2147483811 2147483819 2147483819 
2147483814 2147483694 2147483699 2147483700 2147483694 2147483699 2147483700 2147483815 2147483816 54 49 52 57 53 127 128 129 130 2147483815 2147483816 
2147483815 2147483694 2147483699 2147483700 2147483769 2147483814 2147483694 2147483699 2147483700 2147483769 2147483814 2147483816 57 49 52 54 53 127 128 129 130 2147483816 
2147483816 2147483682 2147483684 2147483694 2147483698 2147483699 2147483700 2147483718 2147483731 2147483747 2147483751 2147483758 2147483786 2147483793 2147483798 2147483805 2147483809 2147483811 2147483814 2147483815 2147483682 2147483684 2147483694 2147483698 2147483699 2147483700 2147483718 2147483731 2147483747 2147483751 2147483758 2147483786 2147483793 2147483798 2147483805 2147483809 2147483811 2147483814 2147483815 2147483818 2147483819 53 49 54 52 57 127 128 129 130 2147483818 2147483819 
2147483818 2147483699 2147483700 2147483786 2147483790 2147483791 2147483816 2147483699 2147483700 2147483786 2147483790 2147483791 2147483816 49 52 54 57 53 127 128 129 130 
2147483819 2147483677 2147483699 2147483700 2147483731 2147483744 2147483745 2147483809 2147483811 2147483812 2147483816 2147483677 2147483699 2147483700 2147483731 2147483744 2147483745 2147483809 2147483811 2147483812 2147483816 49 52 54 57 53 127 128 129 130 
