22,1,22,-1,0,1,0,0,0,
23,1,23,-1,0,1,0,0,0,
24,1,24,-1,0,1,0,0,0,
25,1,25,-1,0,1,0,0,0,
26,1,26,-1,0,1,0,0,0,
27,1,27,-1,0,1,0,0,0,
32,1,32,-1,0,1,0,0,0,
49,1,49,-1,0,1,0,0,0,
50,1,50,-1,0,1,0,0,0,
51,1,51,-1,0,1,0,0,0,
52,1,52,-1,0,1,0,0,0,
53,1,53,-1,0,1,0,0,0,
54,1,54,-1,0,1,0,0,0,
57,1,57,-1,0,1,0,0,0,
127,1,127,-1,0,1,0,0,0,
128,1,128,-1,0,1,0,0,0,
129,1,129,-1,0,1,0,0,0,
130,1,130,-1,0,1,0,0,0,
131,1,131,-1,0,1,0,0,0,
132,1,132,-1,0,1,0,0,0,
133,1,133,-1,0,1,0,0,0,
134,1,134,-1,0,1,0,0,0,
263,1,263,-1,0,1,0,0,0,
264,1,264,-1,0,1,0,0,0,
265,1,265,-1,0,1,0,0,0,
266,1,266,-1,0,1,0,0,0,
267,1,267,-1,0,1,0,0,0,
268,1,268,-1,0,1,0,0,0,
269,1,269,-1,0,1,0,0,0,
270,1,270,-1,0,1,0,0,0,
2147483648,0,0,0.0010516,8,0,1,0,0,51 133 134 131 132 50
2147483649,0,0,0.00062307,8,0,1,0,0,24 23 269 270 267 268
2147483650,0,0,0.000506445,8,0,1,0,0,51 133 134 131 132 50
2147483656,0,0,0.00358749,2,0,1,0,0,24 23 269 270 267 268
2147483667,0,0,0.00136224,2,0,1,0,0,24 23 269 270 267 268
2147483678,0,0,0.000510363,2,0,1,0,0,24 23 269 270 267 268
2147483688,0,0,0.000309525,2,0,1,0,0,24 23 269 270 267 268
2147483698,0,0,0.000883441,2,0,1,0,0,51 133 134 131 132 50
2147483700,0,0,0.000333348,3,0,1,0,0,51 133 134 131 132 50
2147483702,0,0,0.00236579,2,0,1,0,0,24 23 269 270 267 268
2147483712,0,0,0.00185258,2,0,1,0,0,49 52 54 57 53 127 128 129 130 51 133 134 131 132 50
2147483715,0,0,0.000708575,3,0,1,0,0,51 133 134 131 132 50
2147483717,0,0,0.000714122,2,0,1,0,0,51 133 134 131 132 50
2147483718,0,0,0.000267007,3,0,1,0,0,51 133 134 131 132 50
2147483720,0,0,0.00191527,2,0,1,0,0,24 23 269 270 267 268
2147483731,0,0,0.000401051,8,0,1,0,0,51 133 134 131 132 50
2147483733,0,0,0.00119496,3,0,1,0,0,24 23 269 270 267 268
2147483734,0,0,0.000668793,5,0,1,0,0,24 23 269 270 267 268
2147483735,0,0,0.000462659,7,0,1,0,0,24 23 269 270 267 268
2147483737,0,0,0.000524484,1,0,1,0,0,22 25 27 32 26 263 264 265 266 24 23 269 270 267 268
2147483741,0,0,0.000529729,1,0,1,0,0,53 49 52 54 57 127 128 129 130 51 133 134 131 132 50
2147483743,0,0,0.000529729,1,0,1,0,0,57 49 52 54 127 128 129 130 51 133 134 131 132 50
2147483746,0,0,0.00206221,1,0,1,0,0,49 52 54 57 53 127 128 129 130 51 133 134 131 132 50
2147483748,0,0,0.000195641,1,0,1,0,0,22 25 27 32 26 263 264 265 266 24 23 269 270 267 268
2147483752,0,0,0.000197597,1,0,1,0,255,53 49 52 54 57 127 128 129 130 51 133 134 131 132 50
2147483754,0,0,0.000197597,1,0,1,0,255,57 49 52 54 127 128 129 130 51 133 134 131 132 50
2147483757,0,0,0.000641036,1,0,1,0,0,49 52 54 57 53 127 128 129 130 51 133 134 131 132 50
2147483759,0,0,7.2845e-05,1,0,1,0,0,22 25 27 32 26 263 264 265 266 24 23 269 270 267 268
2147483763,0,0,7.35735e-05,1,0,1,0,0,53 49 52 54 57 127 128 129 130 51 133 134 131 132 50
2147483765,0,0,7.35735e-05,1,0,1,0,0,57 49 52 54 127 128 129 130 51 133 134 131 132 50
2147483768,0,0,0.000184305,1,0,1,0,0,49 52 54 57 53 127 128 129 130 51 133 134 131 132 50
2147483770,0,0,4.3707e-05,1,0,1,0,0,22 25 27 32 26 263 264 265 266 24 23 269 270 267 268
2147483774,0,0,4.41441e-05,1,0,1,0,0,53 49 52 54 57 127 128 129 130 51 133 134 131 132 50
2147483776,0,0,4.41441e-05,1,0,1,0,0,57 49 52 54 127 128 129 130 51 133 134 131 132 50
2147483779,0,0,inf,1,0,1,0,0,49 52 54 57 53 127 128 129 130 51 133 134 131 132 50
2147483781,0,0,0.0014304,1,0,1,0,0,53 49 52 54 57 127 128 129 130 51 133 134 131 132 50
2147483782,0,0,0.0014304,1,0,1,0,0,32 22 25 27 263 264 265 266 24 23 269 270 267 268
2147483783,0,0,inf,1,0,1,0,0,22 25 27 32 26 263 264 265 266 24 23 269 270 267 268
2147483787,0,0,0.000364225,1,0,1,0,0,22 25 27 32 26 263 264 265 266 24 23 269 270 267 268
2147483791,0,0,0.000367867,1,0,1,0,0,53 49 52 54 57 127 128 129 130 51 133 134 131 132 50
2147483793,0,0,0.000367867,1,0,1,0,0,57 49 52 54 127 128 129 130 51 133 134 131 132 50
2147483797,0,0,0.00115419,2,0,1,0,0,53 49 52 54 57 127 128 129 130 51 133 134 131 132 50
2147483800,0,0,inf,1,0,1,0,0,49 52 54 57 53 127 128 129 130 51 133 134 131 132 50
2147483801,0,0,0.000412961,1,0,1,0,0,52 49 127 128 129 130 51 133 134 131 132 50
2147483803,0,0,0.00047414,1,0,1,0,0,49 52 54 57 53 127 128 129 130 51 133 134 131 132 50
2147483805,0,0,0.00162596,13,0,1,0,0,49 52 54 57 53 127 128 129 130 51 133 134 131 132 50
2147483807,0,0,inf,1,0,1,0,0,49 52 54 57 53 127 128 129 130 51 133 134 131 132 50
2147483809,0,0,inf,1,0,1,0,0,49 52 54 57 53 127 128 129 130 51 133 134 131 132 50
2147483810,0,0,0.00234424,1,0,1,0,0,49 52 54 57 53 127 128 129 130 51 133 134 131 132 50
2147483811,0,0,inf,1,0,1,0,0,49 52 54 57 53 127 128 129 130 51 133 134 131 132 50
2147483815,0,0,0.000293461,1,0,1,0,0,22 25 27 32 26 263 264 265 266 24 23 269 270 267 268
2147483819,0,0,0.000296396,1,0,1,0,0,53 49 52 54 57 127 128 129 130 51 133 134 131 132 50
2147483821,0,0,0.000296396,1,0,1,0,0,57 49 52 54 127 128 129 130 51 133 134 131 132 50
2147483825,0,0,0.000934734,2,0,1,0,0,53 49 52 54 57 127 128 129 130 51 133 134 131 132 50
2147483828,0,0,inf,1,0,1,0,0,49 52 54 57 53 127 128 129 130 51 133 134 131 132 50
2147483829,0,0,0.000334302,1,0,1,0,0,52 49 127 128 129 130 51 133 134 131 132 50
2147483831,0,0,0.000383828,1,0,1,0,0,49 52 54 57 53 127 128 129 130 51 133 134 131 132 50
2147483834,0,0,0.0286565,4,0,1,0,0,22 25 27 32 26 263 264 265 266 24 23 269 270 267 268
2147483836,0,0,0.00166074,4,0,1,0,0,49 52 54 57 53 127 128 129 130 51 133 134 131 132 50
2147483837,0,0,0.0107458,4,0,1,0,0,22 25 27 32 26 263 264 265 266 24 23 269 270 267 268
2147483839,0,0,0.000533532,4,0,1,0,0,49 52 54 57 53 127 128 129 130 51 133 134 131 132 50
2147483840,0,0,0.00402642,4,0,1,0,0,22 25 27 32 26 263 264 265 266 24 23 269 270 267 268
2147483842,0,0,0.000163694,4,0,1,0,0,49 52 54 57 53 127 128 129 130 51 133 134 131 132 50
2147483843,0,0,0.00241516,4,0,1,0,0,22 25 27 32 26 263 264 265 266 24 23 269 270 267 268
2147483845,0,0,7.64182e-05,4,0,1,0,0,49 52 54 57 53 127 128 129 130 51 133 134 131 132 50
2147483846,0,0,0.0198413,4,0,1,0,0,22 25 27 32 26 263 264 265 266 24 23 269 270 267 268
2147483848,0,0,0.000623533,4,0,1,0,0,49 52 54 57 53 127 128 129 130 51 133 134 131 132 50
2147483849,0,0,0.00137283,3,0,1,0,0,49 52 54 57 53 127 128 129 130 51 133 134 131 132 50
2147483850,0,0,0.0160633,4,0,1,0,0,22 25 27 32 26 263 264 265 266 24 23 269 270 267 268
2147483852,0,0,0.000503309,4,0,1,0,0,49 52 54 57 53 127 128 129 130 51 133 134 131 132 50
2147483854,0,0,0.00111072,3,0,1,0,0,49 52 54 57 53 127 128 129 130 51 133 134 131 132 50
2147483856,0,0,0.00130544,2,0,1,0,0,49 52 54 57 53 127 128 129 130 51 133 134 131 132 50
2147483858,0,0,0.0256896,2,0,1,0,0,51 133 134 131 132 50
2147483859,0,0,0.00041599,3,0,1,0,0,49 52 54 57 53 127 128 129 130 51 133 134 131 132 50
2147483861,0,0,0.000488032,2,0,1,0,0,49 52 54 57 53 127 128 129 130 51 133 134 131 132 50
2147483863,0,0,0.00963391,2,0,1,0,0,51 133 134 131 132 50
2147483866,0,0,0.000193875,2,0,1,0,0,49 52 54 57 53 127 128 129 130 51 133 134 131 132 50
2147483868,0,0,0.00361012,2,0,1,0,0,51 133 134 131 132 50
2147483869,0,0,0.000166307,6,0,1,0,0,49 52 54 57 53 127 128 129 130 51 133 134 131 132 50
2147483871,0,0,0.000115228,2,0,1,0,0,49 52 54 57 53 127 128 129 130 51 133 134 131 132 50
2147483873,0,0,0.00216532,2,0,1,0,0,51 133 134 131 132 50
2147483874,0,0,0.000751801,3,0,1,0,0,49 52 54 57 53 127 128 129 130 51 133 134 131 132 50
2147483875,0,0,0.000760676,3,0,1,0,0,51 133 134 131 132 50
2147483877,0,0,0.000880211,2,0,1,0,0,49 52 54 57 53 127 128 129 130 51 133 134 131 132 50
2147483879,0,0,0.0177859,2,0,1,0,0,51 133 134 131 132 50
2147483880,0,0,0.000608044,3,0,1,0,0,49 52 54 57 53 127 128 129 130 51 133 134 131 132 50
2147483881,0,0,0.000621408,4,0,1,0,0,51 133 134 131 132 50
2147483883,0,0,0.000710875,2,0,1,0,0,49 52 54 57 53 127 128 129 130 51 133 134 131 132 50
2147483885,0,0,0.0144003,2,0,1,0,0,51 133 134 131 132 50
