22,1,22,-1,0,1,0,0,128,
23,1,23,-1,0,1,0,0,128,
24,1,24,-1,0,1,0,0,0,
25,1,25,-1,0,1,0,0,0,
26,1,26,-1,0,1,0,0,0,
27,1,27,-1,0,1,0,0,0,
32,1,32,-1,0,1,0,0,0,
49,1,49,-1,0,1,0,0,0,
50,1,50,-1,0,1,0,0,0,
51,1,51,-1,0,1,0,0,255,
52,1,52,-1,0,1,0,0,0,
53,1,53,-1,0,1,0,0,0,
54,1,54,-1,0,1,0,0,0,
57,1,57,-1,0,1,0,0,0,
127,1,127,-1,0,1,0,0,0,
128,1,128,-1,0,1,0,0,0,
129,1,129,-1,0,1,0,0,0,
130,1,130,-1,0,1,0,0,0,
131,1,131,-1,0,1,0,0,0,
132,1,132,-1,0,1,0,0,0,
133,1,133,-1,0,1,0,0,0,
134,1,134,-1,0,1,0,0,0,
151,1,151,-1,0,1,0,0,0,
152,1,152,-1,0,1,0,0,0,
153,1,153,-1,0,1,0,0,0,
154,1,154,-1,0,1,0,0,0,
155,1,155,-1,0,1,0,0,0,
156,1,156,-1,0,1,0,0,0,
157,1,157,-1,0,1,0,0,0,
158,1,158,-1,0,1,0,0,0,
159,1,159,-1,0,1,0,0,0,
160,1,160,-1,0,1,0,0,0,
161,1,161,-1,0,1,0,0,0,
162,1,162,-1,0,1,0,0,0,
163,1,163,-1,0,1,0,0,0,
164,1,164,-1,0,1,0,0,0,
165,1,165,-1,0,1,0,0,0,
166,1,166,-1,0,1,0,0,0,
263,1,263,-1,0,1,0,0,0,
264,1,264,-1,0,1,0,0,0,
265,1,265,-1,0,1,0,0,0,
266,1,266,-1,0,1,0,0,128,
267,1,267,-1,0,1,0,0,0,
268,1,268,-1,0,1,0,0,0,
269,1,269,-1,0,1,0,0,0,
270,1,270,-1,0,1,0,0,0,
2147483648,0,0,0.000616063,3,0,1,0,0,24 23 269 270 267 268
2147483649,0,0,0.0312215,1,0,1,0,0,51 133 134 131 132 50
2147483652,0,0,0.0513663,1,0,1,0,0,51 133 134 131 132 50
2147483667,0,0,1.31354,1,0,1,0,0,22 25 27 32 26 263 264 265 266 24 23 269 270 267 268
2147483668,0,0,2.2156,2,0,1,0,64,22 25 27 32 26 263 264 265 266 24 23 269 270 267 268
2147483671,0,0,9.51156,5,0,1,0,64,49 52 54 57 53 127 128 129 130 51 133 134 131 132 50
2147483673,0,0,7.3541,10,0,1,0,0,22 25 27 32 26 263 264 265 266 24 23 269 270 267 268
2147483674,0,0,21.875,2,0,1,0,0,49 52 54 57 53 127 128 129 130 51 133 134 131 132 50
2147483679,0,0,1.78387,5,0,1,0,0,22 25 27 32 26 263 264 265 266 24 23 269 270 267 268
2147483680,0,0,1.32984,5,0,1,0,255,22 25 27 32 26 263 264 265 266 24 23 269 270 267 268
2147483681,0,0,1.01679,2,0,1,0,0,22 25 27 32 26 263 264 265 266 24 23 269 270 267 268
2147483682,0,0,16.7562,15,0,1,0,0,22 25 27 32 26 263 264 265 266 24 23 269 270 267 268
2147483683,0,0,12.1695,17,0,1,0,0,22 25 27 32 26 263 264 265 266 24 23 269 270 267 268
2147483684,0,0,9.58981,17,0,1,0,255,22 25 27 32 26 263 264 265 266 24 23 269 270 267 268
2147483685,0,0,8.0463,14,0,1,0,0,22 25 27 32 26 263 264 265 266 24 23 269 270 267 268
2147483692,0,0,3.43323,1,0,1,0,0,22 25 27 32 26 263 264 265 266 24 23 269 270 267 268
2147483709,0,0,0.0164721,1,0,1,0,0,49 54 57 53 127 128 129 130 51 133 134 131 132 50
2147483711,0,0,0.00128074,1,0,0,1,0,151 152 153 154 155 156 157 158 159 160 161 162 163 164 165 166
2147483714,0,0,0.00471953,3,0,0,1,0,151 152 153 154 155 156 157 158 159 160 161 162 163 164 165 166
2147483722,0,0,1.34699,1,0,1,0,0,51 133 134 131 132 50
2147483723,0,0,0.0299271,1,0,1,0,0,51 133 134 131 132 50
2147483724,0,0,0.00450893,1,0,1,0,0,27 22 25 263 264 265 266 24 23 269 270 267 268
2147483725,0,0,0.000269535,1,0,1,0,0,24 23 269 270 267 268
2147483726,0,0,0.00299407,1,0,1,0,0,263 22 264 265 266 24 23 269 270 267 268
2147483727,0,0,0.002525,1,0,1,0,0,24 23 269 270 267 268
2147483728,0,0,0.00413223,1,0,1,0,0,49 52 54 57 53 127 128 129 130 51 133 134 131 132 50
2147483729,0,0,inf,1,0,1,0,0,49 52 54 57 53 127 128 129 130 51 133 134 131 132 50
2147483730,0,0,inf,1,0,1,0,0,49 52 54 57 53 127 128 129 130 51 133 134 131 132 50
2147483731,0,0,0.00551471,2,0,1,0,0,52 57 53 127 128 129 130 51 133 134 131 132 50
2147483732,0,0,inf,1,0,1,0,0,49 52 54 57 53 127 128 129 130 51 133 134 131 132 50
2147483733,0,0,inf,1,0,1,0,0,49 52 54 57 53 127 128 129 130 51 133 134 131 132 50
2147483734,0,0,0.00901786,2,0,1,0,0,22 25 27 32 26 263 264 265 266 24 23 269 270 267 268
2147483735,0,0,0.0110746,2,0,1,0,0,25 32 26 263 264 265 266 24 23 269 270 267 268
2147483737,0,0,inf,3,0,1,0,0,22 25 27 32 26 263 264 265 266 24 23 269 270 267 268
2147483739,0,0,0.00918182,2,0,1,0,255,22 25 27 32 26 263 264 265 266 24 23 269 270 267 268
2147483741,0,0,0.00925926,2,0,1,0,0,22 25 27 32 26 263 264 265 266 24 23 269 270 267 268
2147483743,0,0,0.00976562,2,0,1,0,0,22 25 27 32 26 263 264 265 266 24 23 269 270 267 268
2147483744,0,0,0.00769231,1,0,1,0,0,49 52 54 57 53 127 128 129 130 51 133 134 131 132 50
2147483745,0,0,0.000385274,4,0,1,0,0,51 133 134 131 132 50
2147483746,0,0,inf,1,0,1,0,0,49 52 54 57 53 127 128 129 130 51 133 134 131 132 50
2147483747,0,0,0.0326374,1,0,1,0,0,51 133 134 131 132 50
2147483748,0,0,inf,1,0,1,0,0,49 52 54 57 53 127 128 129 130 51 133 134 131 132 50
2147483749,0,0,0.00724638,2,0,1,0,0,22 25 27 32 26 263 264 265 266 24 23 269 270 267 268
2147483750,0,0,inf,1,0,1,0,0,49 52 54 57 53 127 128 129 130 51 133 134 131 132 50
2147483752,0,0,0.00295898,2,0,1,0,0,54 49 52 127 128 129 130 51 133 134 131 132 50
2147483757,0,0,0.138889,1,0,1,0,0,49 52 54 57 53 127 128 129 130 51 133 134 131 132 50
2147483759,0,0,0.132895,2,0,1,0,0,54 49 52 127 128 129 130 51 133 134 131 132 50
2147483761,0,0,0.0343363,2,0,1,0,0,51 133 134 131 132 50
2147483762,0,0,inf,1,0,1,0,0,49 52 54 57 53 127 128 129 130 51 133 134 131 132 50
2147483763,0,0,0.144286,2,0,1,0,0,52 49 127 128 129 130 51 133 134 131 132 50
2147483764,0,0,0.184756,2,0,1,0,0,127 49 128 129 130 51 133 134 131 132 50
2147483765,0,0,0.0789063,1,0,1,0,0,264 22 265 266 24 23 269 270 267 268
2147483766,0,0,inf,1,0,1,0,0,49 52 54 57 53 127 128 129 130 51 133 134 131 132 50
2147483768,0,0,inf,1,0,1,0,0,49 52 54 57 53 127 128 129 130 51 133 134 131 132 50
2147483770,0,0,0.344748,5,0,1,0,0,49 52 54 57 53 127 128 129 130 51 133 134 131 132 50
2147483773,0,0,inf,2,0,1,0,0,49 52 54 57 53 127 128 129 130 51 133 134 131 132 50
2147483774,0,0,inf,1,0,1,0,0,49 52 54 57 53 127 128 129 130 51 133 134 131 132 50
2147483788,0,0,9.6639,4,0,1,0,0,49 52 54 57 53 127 128 129 130 51 133 134 131 132 50
2147483790,0,0,31.5625,2,0,1,0,0,49 52 54 57 53 127 128 129 130 51 133 134 131 132 50
2147483792,0,0,12.7885,5,0,1,0,0,49 52 54 57 53 127 128 129 130 51 133 134 131 132 50
2147483794,0,0,20.5592,1,0,1,0,0,49 52 54 57 53 127 128 129 130 51 133 134 131 132 50
2147483796,0,0,25.6696,3,0,1,0,0,22 25 27 32 26 263 264 265 266 24 23 269 270 267 268
2147483801,0,0,inf,1,0,1,0,0,22 25 27 32 26 263 264 265 266 24 23 269 270 267 268
2147483803,0,0,inf,2,0,1,0,0,22 25 27 32 26 263 264 265 266 24 23 269 270 267 268
2147483805,0,0,inf,2,0,1,0,0,22 25 27 32 26 263 264 265 266 24 23 269 270 267 268
2147483809,0,0,inf,2,0,1,0,0,22 25 27 32 26 263 264 265 266 24 23 269 270 267 268
2147483811,0,0,2.74658,1,0,1,0,0,49 52 54 57 53 127 128 129 130 51 133 134 131 132 50
2147483812,0,0,2.81701,1,0,1,0,0,49 52 54 57 53 127 128 129 130 51 133 134 131 132 50
2147483813,0,0,2.21946,1,0,1,0,128,22 25 27 32 26 263 264 265 266 24 23 269 270 267 268
2147483825,0,0,1.37329,1,0,1,0,128,49 52 54 57 53 127 128 129 130 51 133 134 131 132 50
2147483826,0,0,1.4085,1,0,1,0,0,49 52 54 57 53 127 128 129 130 51 133 134 131 132 50
2147483827,0,0,1.10973,1,0,1,0,0,22 25 27 32 26 263 264 265 266 24 23 269 270 267 268
2147483837,0,0,inf,1,0,1,0,0,22 25 27 32 26 263 264 265 266 24 23 269 270 267 268
2147483841,0,0,2.74658,1,0,1,0,0,49 52 54 57 53 127 128 129 130 51 133 134 131 132 50
2147483842,0,0,2.81701,1,0,1,0,0,49 52 54 57 53 127 128 129 130 51 133 134 131 132 50
2147483843,0,0,2.21946,1,0,1,0,0,22 25 27 32 26 263 264 265 266 24 23 269 270 267 268
2147483858,0,0,2.74658,1,0,1,0,0,49 52 54 57 53 127 128 129 130 51 133 134 131 132 50
2147483859,0,0,2.81701,1,0,1,0,0,49 52 54 57 53 127 128 129 130 51 133 134 131 132 50
2147483860,0,0,2.21946,1,0,1,0,0,22 25 27 32 26 263 264 265 266 24 23 269 270 267 268
2147483869,0,0,5.17004,1,0,1,0,0,49 52 54 57 53 127 128 129 130 51 133 134 131 132 50
2147483870,0,0,3.75601,1,0,1,0,0,49 52 54 57 53 127 128 129 130 51 133 134 131 132 50
2147483871,0,0,2.95928,1,0,1,0,0,22 25 27 32 26 263 264 265 266 24 23 269 270 267 268
2147483880,0,0,3.75601,1,0,1,0,0,49 52 54 57 53 127 128 129 130 51 133 134 131 132 50
2147483881,0,0,2.95928,1,0,1,0,0,22 25 27 32 26 263 264 265 266 24 23 269 270 267 268
2147483889,0,0,3.75601,1,0,1,0,0,49 52 54 57 53 127 128 129 130 51 133 134 131 132 50
2147483890,0,0,2.95928,1,0,1,0,0,22 25 27 32 26 263 264 265 266 24 23 269 270 267 268
2147483898,0,0,3.75601,1,0,1,0,0,49 52 54 57 53 127 128 129 130 51 133 134 131 132 50
2147483899,0,0,2.95928,1,0,1,0,0,22 25 27 32 26 263 264 265 266 24 23 269 270 267 268
2147483907,0,0,10.6534,1,0,1,0,0,49 52 54 57 53 127 128 129 130 51 133 134 131 132 50
2147483908,0,0,inf,1,0,1,0,0,22 25 27 32 26 263 264 265 266 24 23 269 270 267 268
2147483911,0,0,0.447993,1,0,1,0,0,24 23 269 270 267 268
2147483922,0,0,inf,1,0,0,1,0,151 152 153 154 155 156 157 158 159 160 161 162 163 164 165 166
2147483923,0,0,inf,1,0,1,0,0,22 25 27 32 26 263 264 265 266 24 23 269 270 267 268
2147483924,0,0,0.00120192,1,0,0,1,0,151 152 153 154 155 156 157 158 159 160 161 162 163 164 165 166
2147483925,0,0,0.000558036,1,0,0,1,0,151 152 153 154 155 156 157 158 159 160 161 162 163 164 165 166
2147483927,0,0,inf,2,0,0,1,0,151 152 153 154 155 156 157 158 159 160 161 162 163 164 165 166
2147483932,0,0,0.0462963,1,0,1,0,0,49 52 54 57 53 127 128 129 130 51 133 134 131 132 50
2147483933,0,0,0.0462963,1,0,1,0,0,49 52 54 57 53 127 128 129 130 51 133 134 131 132 50
2147483934,0,0,0.0446429,1,0,1,0,0,22 25 27 32 26 263 264 265 266 24 23 269 270 267 268
2147483938,0,0,inf,1,0,1,0,0,49 52 54 57 53 127 128 129 130 51 133 134 131 132 50
2147483947,0,0,0.107422,5,0,1,0,0,49 54 57 53 127 128 129 130 51 133 134 131 132 50
2147483949,0,0,0.0415296,2,0,1,0,0,49 54 57 53 127 128 129 130 51 133 134 131 132 50
2147483957,0,0,0.116039,7,0,1,0,0,49 54 57 53 127 128 129 130 51 133 134 131 132 50
2147483959,0,0,0.0493164,2,0,1,0,0,52 49 54 57 53 127 128 129 130 51 133 134 131 132 50
2147483960,0,0,inf,2,0,0,1,0,151 152 153 154 155 156 157 158 159 160 161 162 163 164 165 166
2147483961,0,0,0.0710227,5,0,0,1,0,151 152 153 154 155 156 157 158 159 160 161 162 163 164 165 166
2147483963,0,0,0.0244141,1,0,1,0,0,49 52 54 57 53 127 128 129 130 51 133 134 131 132 50
2147483964,0,0,inf,1,0,1,0,0,49 52 54 57 53 127 128 129 130 51 133 134 131 132 50
2147483967,0,0,0.0520833,2,0,0,1,0,151 152 153 154 155 156 157 158 159 160 161 162 163 164 165 166
2147483968,0,0,inf,1,0,1,0,0,49 52 54 57 53 127 128 129 130 51 133 134 131 132 50
2147483979,0,0,0.00566369,4,0,1,0,0,51 133 134 131 132 50
2147483983,0,0,1.95819,4,0,1,0,0,51 133 134 131 132 50
2147483985,0,0,5.26445,3,0,1,0,0,22 25 27 32 26 263 264 265 266 24 23 269 270 267 268
2147483991,0,0,5.56915,8,0,1,0,0,49 52 54 57 53 127 128 129 130 51 133 134 131 132 50
2147483994,0,0,0.38857,7,0,1,0,0,49 52 54 57 53 127 128 129 130 51 133 134 131 132 50
2147483995,0,0,4.10904,5,0,1,0,0,22 25 27 32 26 263 264 265 266 24 23 269 270 267 268
2147483997,0,0,0.00305284,3,0,0,1,0,151 152 153 154 155 156 157 158 159 160 161 162 163 164 165 166
2147483999,0,0,0.0643816,3,0,1,0,0,49 54 57 53 127 128 129 130 51 133 134 131 132 50
2147484000,0,0,0.0174595,4,0,1,0,0,22 25 27 32 26 263 264 265 266 24 23 269 270 267 268
2147484007,0,0,7.76106,8,0,1,0,0,49 52 54 57 53 127 128 129 130 51 133 134 131 132 50
2147484009,0,0,7.96787,5,0,1,0,0,49 52 54 57 53 127 128 129 130 51 133 134 131 132 50
