2 
5 
8 
11 
18 
19 
22 
23 
24 
25 2147483650 2147483651 2147483669 2147483701 2147483709 2147483734 2147483739 2147483770 2147483773 
26 
27 
32 
49 
50 
51 
52 2147483697 2147483698 2147483814 2147483820 
53 2147483698 
54 
57 
61 
127 
128 
129 
130 
131 
132 
133 
134 
247 
248 
249 
250 
251 
252 
253 
254 
263 
264 
265 
266 
267 
268 
269 
270 
2147483650 2147483651 2147483697 2147483698 2147483701 2147483709 2147483814 2147483816 25 2147483651 2147483697 2147483698 2147483701 2147483709 2147483814 2147483816 
2147483651 2147483650 2147483650 2147483657 2147483658 2147483697 2147483698 2147483701 2147483709 2147483713 2147483714 2147483716 2147483717 2147483720 2147483721 2147483722 2147483723 2147483724 2147483725 2147483726 2147483727 2147483731 2147483732 2147483802 2147483814 2147483816 2147483817 25 2147483657 2147483658 2147483697 2147483698 2147483701 2147483709 2147483713 2147483714 2147483716 2147483717 2147483720 2147483721 2147483722 2147483723 2147483724 2147483725 2147483726 2147483727 2147483731 2147483732 2147483802 2147483814 2147483816 2147483817 
2147483657 2147483651 2147483651 2147483658 2147483697 2147483698 2147483713 2147483716 2147483717 2147483802 2147483817 2147483658 2147483697 2147483698 2147483713 2147483716 2147483717 2147483802 2147483817 
2147483658 2147483651 2147483657 2147483651 2147483657 2147483697 2147483698 2147483713 2147483716 2147483717 2147483802 2147483817 2147483697 2147483698 2147483713 2147483716 2147483717 2147483802 2147483817 
2147483669 2147483673 2147483674 2147483697 2147483698 2147483734 2147483739 2147483743 2147483744 2147483746 2147483747 2147483750 2147483751 2147483752 2147483753 2147483754 2147483755 2147483756 2147483757 2147483760 2147483761 2147483807 2147483814 2147483819 2147483820 25 2147483673 2147483674 2147483697 2147483698 2147483734 2147483739 2147483743 2147483744 2147483746 2147483747 2147483750 2147483751 2147483752 2147483753 2147483754 2147483755 2147483756 2147483757 2147483760 2147483761 2147483807 2147483814 2147483819 2147483820 
2147483673 2147483669 2147483669 2147483674 2147483697 2147483698 2147483743 2147483746 2147483747 2147483807 2147483820 2147483674 2147483697 2147483698 2147483743 2147483746 2147483747 2147483807 2147483820 
2147483674 2147483669 2147483673 2147483669 2147483673 2147483697 2147483698 2147483743 2147483746 2147483747 2147483807 2147483820 2147483697 2147483698 2147483743 2147483746 2147483747 2147483807 2147483820 
2147483688 2147483689 2147483698 2147483770 2147483776 2147483779 2147483780 2147483811 2147483821 2147483689 2147483698 2147483770 2147483776 2147483779 2147483780 2147483811 2147483821 
2147483689 2147483688 2147483688 2147483698 2147483770 2147483776 2147483779 2147483780 2147483811 2147483821 2147483698 2147483770 2147483776 2147483779 2147483780 2147483811 2147483821 
2147483697 2147483650 2147483651 2147483657 2147483658 2147483669 2147483673 2147483674 2147483650 2147483651 2147483657 2147483658 2147483669 2147483673 2147483674 2147483698 2147483701 2147483709 2147483713 2147483714 2147483716 2147483717 2147483720 2147483721 2147483722 2147483723 2147483724 2147483725 2147483726 2147483727 2147483731 2147483732 2147483734 2147483739 2147483743 2147483744 2147483746 2147483747 2147483750 2147483751 2147483752 2147483753 2147483754 2147483755 2147483756 2147483757 2147483760 2147483761 2147483773 2147483802 2147483807 2147483814 2147483816 2147483817 2147483819 2147483820 52 2147483698 2147483701 2147483709 2147483713 2147483714 2147483716 2147483717 2147483720 2147483721 2147483722 2147483723 2147483724 2147483725 2147483726 2147483727 2147483731 2147483732 2147483734 2147483739 2147483743 2147483744 2147483746 2147483747 2147483750 2147483751 2147483752 2147483753 2147483754 2147483755 2147483756 2147483757 2147483760 2147483761 2147483773 2147483802 2147483807 2147483814 2147483816 2147483817 2147483819 2147483820 
2147483698 2147483650 2147483651 2147483657 2147483658 2147483669 2147483673 2147483674 2147483688 2147483689 2147483697 2147483650 2147483651 2147483657 2147483658 2147483669 2147483673 2147483674 2147483688 2147483689 2147483697 2147483701 2147483709 2147483713 2147483714 2147483716 2147483717 2147483720 2147483721 2147483722 2147483723 2147483724 2147483725 2147483726 2147483727 2147483731 2147483732 2147483734 2147483739 2147483743 2147483744 2147483746 2147483747 2147483750 2147483751 2147483752 2147483753 2147483754 2147483755 2147483756 2147483757 2147483760 2147483761 2147483767 2147483770 2147483773 2147483774 2147483776 2147483777 2147483779 2147483780 2147483783 2147483784 2147483785 2147483786 2147483787 2147483788 2147483789 2147483790 2147483793 2147483794 2147483796 2147483797 2147483798 2147483800 2147483802 2147483807 2147483811 2147483814 2147483816 2147483817 2147483819 2147483820 2147483821 2147483822 2147483823 52 53 2147483701 2147483709 2147483713 2147483714 2147483716 2147483717 2147483720 2147483721 2147483722 2147483723 2147483724 2147483725 2147483726 2147483727 2147483731 2147483732 2147483734 2147483739 2147483743 2147483744 2147483746 2147483747 2147483750 2147483751 2147483752 2147483753 2147483754 2147483755 2147483756 2147483757 2147483760 2147483761 2147483767 2147483770 2147483773 2147483774 2147483776 2147483777 2147483779 2147483780 2147483783 2147483784 2147483785 2147483786 2147483787 2147483788 2147483789 2147483790 2147483793 2147483794 2147483796 2147483797 2147483798 2147483800 2147483802 2147483807 2147483811 2147483814 2147483816 2147483817 2147483819 2147483820 2147483821 2147483822 2147483823 
2147483701 2147483650 2147483651 2147483697 2147483698 2147483650 2147483651 2147483697 2147483698 2147483709 2147483814 2147483816 25 2147483709 2147483814 2147483816 
2147483709 2147483650 2147483651 2147483697 2147483698 2147483701 2147483650 2147483651 2147483697 2147483698 2147483701 2147483814 25 2147483814 
2147483713 2147483651 2147483657 2147483658 2147483697 2147483698 2147483651 2147483657 2147483658 2147483697 2147483698 2147483714 2147483716 2147483717 2147483720 2147483721 2147483722 2147483723 2147483724 2147483725 2147483726 2147483727 2147483802 2147483817 2147483714 2147483716 2147483717 2147483720 2147483721 2147483722 2147483723 2147483724 2147483725 2147483726 2147483727 2147483802 2147483817 
2147483714 2147483651 2147483697 2147483698 2147483713 2147483651 2147483697 2147483698 2147483713 2147483817 2147483817 
2147483716 2147483651 2147483657 2147483658 2147483697 2147483698 2147483713 2147483651 2147483657 2147483658 2147483697 2147483698 2147483713 2147483717 2147483802 2147483817 2147483717 2147483802 2147483817 
2147483717 2147483651 2147483657 2147483658 2147483697 2147483698 2147483713 2147483716 2147483651 2147483657 2147483658 2147483697 2147483698 2147483713 2147483716 2147483802 2147483817 2147483802 2147483817 
2147483720 2147483651 2147483697 2147483698 2147483713 2147483651 2147483697 2147483698 2147483713 2147483721 2147483817 2147483721 2147483817 
2147483721 2147483651 2147483697 2147483698 2147483713 2147483720 2147483651 2147483697 2147483698 2147483713 2147483720 2147483817 2147483817 
2147483722 2147483651 2147483697 2147483698 2147483713 2147483651 2147483697 2147483698 2147483713 2147483723 2147483817 2147483723 2147483817 
2147483723 2147483651 2147483697 2147483698 2147483713 2147483722 2147483651 2147483697 2147483698 2147483713 2147483722 2147483817 2147483817 
2147483724 2147483651 2147483697 2147483698 2147483713 2147483651 2147483697 2147483698 2147483713 2147483725 2147483817 2147483725 2147483817 
2147483725 2147483651 2147483697 2147483698 2147483713 2147483724 2147483651 2147483697 2147483698 2147483713 2147483724 2147483817 2147483817 
2147483726 2147483651 2147483697 2147483698 2147483713 2147483651 2147483697 2147483698 2147483713 2147483727 2147483817 2147483727 2147483817 
2147483727 2147483651 2147483697 2147483698 2147483713 2147483726 2147483651 2147483697 2147483698 2147483713 2147483726 2147483817 2147483817 
2147483731 2147483651 2147483697 2147483698 2147483651 2147483697 2147483698 2147483732 2147483732 
2147483732 2147483651 2147483697 2147483698 2147483731 2147483651 2147483697 2147483698 2147483731 
2147483734 2147483669 2147483697 2147483698 2147483669 2147483697 2147483698 2147483739 2147483814 2147483819 2147483820 25 2147483739 2147483814 2147483819 2147483820 
2147483739 2147483669 2147483697 2147483698 2147483734 2147483669 2147483697 2147483698 2147483734 2147483814 2147483820 25 2147483814 2147483820 
2147483743 2147483669 2147483673 2147483674 2147483697 2147483698 2147483669 2147483673 2147483674 2147483697 2147483698 2147483744 2147483746 2147483747 2147483750 2147483751 2147483752 2147483753 2147483754 2147483755 2147483756 2147483757 2147483807 2147483820 2147483744 2147483746 2147483747 2147483750 2147483751 2147483752 2147483753 2147483754 2147483755 2147483756 2147483757 2147483807 2147483820 
2147483744 2147483669 2147483697 2147483698 2147483743 2147483669 2147483697 2147483698 2147483743 2147483820 2147483820 
2147483746 2147483669 2147483673 2147483674 2147483697 2147483698 2147483743 2147483669 2147483673 2147483674 2147483697 2147483698 2147483743 2147483747 2147483807 2147483820 2147483747 2147483807 2147483820 
2147483747 2147483669 2147483673 2147483674 2147483697 2147483698 2147483743 2147483746 2147483669 2147483673 2147483674 2147483697 2147483698 2147483743 2147483746 2147483807 2147483820 2147483807 2147483820 
2147483750 2147483669 2147483697 2147483698 2147483743 2147483669 2147483697 2147483698 2147483743 2147483751 2147483820 2147483751 2147483820 
2147483751 2147483669 2147483697 2147483698 2147483743 2147483750 2147483669 2147483697 2147483698 2147483743 2147483750 2147483820 2147483820 
2147483752 2147483669 2147483697 2147483698 2147483743 2147483669 2147483697 2147483698 2147483743 2147483753 2147483820 2147483753 2147483820 
2147483753 2147483669 2147483697 2147483698 2147483743 2147483752 2147483669 2147483697 2147483698 2147483743 2147483752 2147483820 2147483820 
2147483754 2147483669 2147483697 2147483698 2147483743 2147483669 2147483697 2147483698 2147483743 2147483755 2147483820 2147483755 2147483820 
2147483755 2147483669 2147483697 2147483698 2147483743 2147483754 2147483669 2147483697 2147483698 2147483743 2147483754 2147483820 2147483820 
2147483756 2147483669 2147483697 2147483698 2147483743 2147483669 2147483697 2147483698 2147483743 2147483757 2147483820 2147483757 2147483820 
2147483757 2147483669 2147483697 2147483698 2147483743 2147483756 2147483669 2147483697 2147483698 2147483743 2147483756 2147483820 2147483820 
2147483760 2147483669 2147483697 2147483698 2147483669 2147483697 2147483698 2147483761 2147483761 
2147483761 2147483669 2147483697 2147483698 2147483760 2147483669 2147483697 2147483698 2147483760 
2147483767 2147483698 2147483698 2147483770 2147483773 2147483770 2147483773 
2147483770 2147483688 2147483689 2147483698 2147483767 2147483688 2147483689 2147483698 2147483767 2147483773 2147483774 2147483776 2147483777 2147483779 2147483780 2147483783 2147483784 2147483785 2147483786 2147483787 2147483788 2147483789 2147483790 2147483793 2147483794 2147483811 2147483821 25 2147483773 2147483774 2147483776 2147483777 2147483779 2147483780 2147483783 2147483784 2147483785 2147483786 2147483787 2147483788 2147483789 2147483790 2147483793 2147483794 2147483811 2147483821 
2147483773 2147483697 2147483698 2147483767 2147483770 2147483697 2147483698 2147483767 2147483770 2147483814 25 2147483814 
2147483774 2147483698 2147483770 2147483698 2147483770 
2147483776 2147483688 2147483689 2147483698 2147483770 2147483688 2147483689 2147483698 2147483770 2147483777 2147483779 2147483780 2147483783 2147483784 2147483785 2147483786 2147483787 2147483788 2147483789 2147483790 2147483811 2147483821 2147483777 2147483779 2147483780 2147483783 2147483784 2147483785 2147483786 2147483787 2147483788 2147483789 2147483790 2147483811 2147483821 
2147483777 2147483698 2147483770 2147483776 2147483698 2147483770 2147483776 2147483821 2147483821 
2147483779 2147483688 2147483689 2147483698 2147483770 2147483776 2147483688 2147483689 2147483698 2147483770 2147483776 2147483780 2147483811 2147483821 2147483780 2147483811 2147483821 
2147483780 2147483688 2147483689 2147483698 2147483770 2147483776 2147483779 2147483688 2147483689 2147483698 2147483770 2147483776 2147483779 2147483811 2147483821 2147483811 2147483821 
2147483783 2147483698 2147483770 2147483776 2147483698 2147483770 2147483776 2147483784 2147483821 2147483784 2147483821 
2147483784 2147483698 2147483770 2147483776 2147483783 2147483698 2147483770 2147483776 2147483783 2147483821 2147483821 
2147483785 2147483698 2147483770 2147483776 2147483698 2147483770 2147483776 2147483786 2147483821 2147483786 2147483821 
2147483786 2147483698 2147483770 2147483776 2147483785 2147483698 2147483770 2147483776 2147483785 2147483821 2147483821 
2147483787 2147483698 2147483770 2147483776 2147483698 2147483770 2147483776 2147483788 2147483821 2147483788 2147483821 
2147483788 2147483698 2147483770 2147483776 2147483787 2147483698 2147483770 2147483776 2147483787 2147483821 2147483821 
2147483789 2147483698 2147483770 2147483776 2147483698 2147483770 2147483776 2147483790 2147483821 2147483790 2147483821 
2147483790 2147483698 2147483770 2147483776 2147483789 2147483698 2147483770 2147483776 2147483789 2147483821 2147483821 
2147483793 2147483698 2147483770 2147483698 2147483770 2147483794 2147483794 
2147483794 2147483698 2147483770 2147483793 2147483698 2147483770 2147483793 
2147483796 2147483698 2147483698 2147483822 2147483822 
2147483797 2147483698 2147483698 2147483798 2147483798 
2147483798 2147483698 2147483797 2147483698 2147483797 
2147483800 2147483698 2147483698 2147483823 2147483823 
2147483802 2147483651 2147483657 2147483658 2147483697 2147483698 2147483713 2147483716 2147483717 2147483651 2147483657 2147483658 2147483697 2147483698 2147483713 2147483716 2147483717 2147483817 2147483817 
2147483807 2147483669 2147483673 2147483674 2147483697 2147483698 2147483743 2147483746 2147483747 2147483669 2147483673 2147483674 2147483697 2147483698 2147483743 2147483746 2147483747 2147483820 2147483820 
2147483811 2147483688 2147483689 2147483698 2147483770 2147483776 2147483779 2147483780 2147483688 2147483689 2147483698 2147483770 2147483776 2147483779 2147483780 2147483821 2147483821 
2147483814 2147483650 2147483651 2147483669 2147483697 2147483698 2147483701 2147483709 2147483734 2147483739 2147483773 2147483650 2147483651 2147483669 2147483697 2147483698 2147483701 2147483709 2147483734 2147483739 2147483773 2147483816 2147483819 2147483820 52 2147483816 2147483819 2147483820 
2147483816 2147483650 2147483651 2147483697 2147483698 2147483701 2147483814 2147483650 2147483651 2147483697 2147483698 2147483701 2147483814 
2147483817 2147483651 2147483657 2147483658 2147483697 2147483698 2147483713 2147483714 2147483716 2147483717 2147483720 2147483721 2147483722 2147483723 2147483724 2147483725 2147483726 2147483727 2147483802 2147483651 2147483657 2147483658 2147483697 2147483698 2147483713 2147483714 2147483716 2147483717 2147483720 2147483721 2147483722 2147483723 2147483724 2147483725 2147483726 2147483727 2147483802 
2147483819 2147483669 2147483697 2147483698 2147483734 2147483814 2147483669 2147483697 2147483698 2147483734 2147483814 2147483820 2147483820 
2147483820 2147483669 2147483673 2147483674 2147483697 2147483698 2147483734 2147483739 2147483743 2147483744 2147483746 2147483747 2147483750 2147483751 2147483752 2147483753 2147483754 2147483755 2147483756 2147483757 2147483807 2147483814 2147483819 2147483669 2147483673 2147483674 2147483697 2147483698 2147483734 2147483739 2147483743 2147483744 2147483746 2147483747 2147483750 2147483751 2147483752 2147483753 2147483754 2147483755 2147483756 2147483757 2147483807 2147483814 2147483819 52 
2147483821 2147483688 2147483689 2147483698 2147483770 2147483776 2147483777 2147483779 2147483780 2147483783 2147483784 2147483785 2147483786 2147483787 2147483788 2147483789 2147483790 2147483811 2147483688 2147483689 2147483698 2147483770 2147483776 2147483777 2147483779 2147483780 2147483783 2147483784 2147483785 2147483786 2147483787 2147483788 2147483789 2147483790 2147483811 
2147483822 2147483698 2147483796 2147483698 2147483796 
2147483823 2147483698 2147483800 2147483698 2147483800 
