22 
23 
24 
25 2147483677 
26 2147483677 
27 2147483677 
32 2147483677 
49 
50 
51 
52 2147483789 
53 2147483785 2147483787 2147483788 2147483789 
54 2147483788 2147483789 
57 2147483787 2147483788 2147483789 
127 
128 
129 
130 
131 
132 
133 
134 
263 2147483677 
264 
265 
266 
267 
268 
269 
270 
2147483649 2147483650 2147483651 2147483679 2147483680 2147483684 2147483688 2147483690 2147483696 2147483698 2147483702 2147483704 2147483707 2147483711 2147483713 2147483719 2147483721 2147483725 2147483727 2147483730 2147483734 2147483736 2147483742 2147483744 2147483748 2147483750 2147483753 2147483757 2147483759 2147483765 2147483767 2147483771 2147483773 2147483776 2147483782 2147483783 2147483784 2147483785 2147483787 2147483788 2147483789 2147483790 2147483792 2147483650 2147483651 2147483679 2147483680 2147483684 2147483688 2147483690 2147483696 2147483698 2147483702 2147483704 2147483707 2147483711 2147483713 2147483719 2147483721 2147483725 2147483727 2147483730 2147483734 2147483736 2147483742 2147483744 2147483748 2147483750 2147483753 2147483757 2147483759 2147483765 2147483767 2147483771 2147483773 2147483776 2147483782 2147483783 2147483784 2147483785 2147483787 2147483788 2147483789 2147483790 2147483792 
2147483650 2147483649 2147483649 2147483651 2147483679 2147483680 2147483684 2147483688 2147483690 2147483696 2147483698 2147483702 2147483704 2147483707 2147483711 2147483713 2147483719 2147483721 2147483725 2147483727 2147483730 2147483734 2147483736 2147483742 2147483744 2147483748 2147483750 2147483753 2147483757 2147483759 2147483765 2147483767 2147483771 2147483773 2147483776 2147483782 2147483783 2147483784 2147483785 2147483787 2147483788 2147483789 2147483790 2147483792 2147483651 2147483679 2147483680 2147483684 2147483688 2147483690 2147483696 2147483698 2147483702 2147483704 2147483707 2147483711 2147483713 2147483719 2147483721 2147483725 2147483727 2147483730 2147483734 2147483736 2147483742 2147483744 2147483748 2147483750 2147483753 2147483757 2147483759 2147483765 2147483767 2147483771 2147483773 2147483776 2147483782 2147483783 2147483784 2147483785 2147483787 2147483788 2147483789 2147483790 2147483792 
2147483651 2147483649 2147483650 2147483649 2147483650 2147483680 2147483684 2147483688 2147483690 2147483696 2147483698 2147483702 2147483704 2147483707 2147483711 2147483713 2147483719 2147483721 2147483725 2147483727 2147483730 2147483734 2147483736 2147483742 2147483744 2147483748 2147483750 2147483753 2147483757 2147483759 2147483765 2147483767 2147483771 2147483773 2147483776 2147483782 2147483783 2147483784 2147483785 2147483787 2147483788 2147483789 2147483790 2147483792 2147483680 2147483684 2147483688 2147483690 2147483696 2147483698 2147483702 2147483704 2147483707 2147483711 2147483713 2147483719 2147483721 2147483725 2147483727 2147483730 2147483734 2147483736 2147483742 2147483744 2147483748 2147483750 2147483753 2147483757 2147483759 2147483765 2147483767 2147483771 2147483773 2147483776 2147483782 2147483783 2147483784 2147483785 2147483787 2147483788 2147483789 2147483790 2147483792 
2147483677 2147483679 2147483680 2147483784 2147483785 2147483787 2147483788 2147483789 25 27 32 26 263 2147483679 2147483680 2147483784 2147483785 2147483787 2147483788 2147483789 
2147483679 2147483649 2147483650 2147483677 2147483649 2147483650 2147483677 2147483680 2147483681 2147483784 2147483785 2147483787 2147483788 2147483789 2147483792 2147483680 2147483681 2147483784 2147483785 2147483787 2147483788 2147483789 2147483792 
2147483680 2147483649 2147483650 2147483651 2147483677 2147483679 2147483649 2147483650 2147483651 2147483677 2147483679 2147483681 2147483684 2147483688 2147483690 2147483696 2147483698 2147483702 2147483704 2147483707 2147483711 2147483713 2147483719 2147483721 2147483725 2147483727 2147483730 2147483734 2147483736 2147483742 2147483744 2147483748 2147483750 2147483753 2147483757 2147483759 2147483765 2147483767 2147483771 2147483773 2147483776 2147483782 2147483783 2147483784 2147483785 2147483787 2147483788 2147483789 2147483790 2147483792 2147483681 2147483684 2147483688 2147483690 2147483696 2147483698 2147483702 2147483704 2147483707 2147483711 2147483713 2147483719 2147483721 2147483725 2147483727 2147483730 2147483734 2147483736 2147483742 2147483744 2147483748 2147483750 2147483753 2147483757 2147483759 2147483765 2147483767 2147483771 2147483773 2147483776 2147483782 2147483783 2147483784 2147483785 2147483787 2147483788 2147483789 2147483790 2147483792 
2147483681 2147483679 2147483680 2147483679 2147483680 2147483784 2147483785 2147483787 2147483788 2147483789 2147483792 2147483784 2147483785 2147483787 2147483788 2147483789 2147483792 
2147483684 2147483649 2147483650 2147483651 2147483680 2147483649 2147483650 2147483651 2147483680 2147483688 2147483690 2147483696 2147483698 2147483702 2147483704 2147483707 2147483711 2147483713 2147483719 2147483721 2147483725 2147483727 2147483730 2147483734 2147483736 2147483742 2147483744 2147483748 2147483750 2147483753 2147483757 2147483759 2147483765 2147483767 2147483771 2147483773 2147483776 2147483782 2147483783 2147483784 2147483785 2147483787 2147483788 2147483789 2147483790 2147483688 2147483690 2147483696 2147483698 2147483702 2147483704 2147483707 2147483711 2147483713 2147483719 2147483721 2147483725 2147483727 2147483730 2147483734 2147483736 2147483742 2147483744 2147483748 2147483750 2147483753 2147483757 2147483759 2147483765 2147483767 2147483771 2147483773 2147483776 2147483782 2147483783 2147483784 2147483785 2147483787 2147483788 2147483789 2147483790 
2147483688 2147483649 2147483650 2147483651 2147483680 2147483684 2147483649 2147483650 2147483651 2147483680 2147483684 2147483690 2147483782 2147483783 2147483784 2147483785 2147483787 2147483788 2147483789 2147483790 2147483690 2147483782 2147483783 2147483784 2147483785 2147483787 2147483788 2147483789 2147483790 
2147483690 2147483649 2147483650 2147483651 2147483680 2147483684 2147483688 2147483649 2147483650 2147483651 2147483680 2147483684 2147483688 2147483782 2147483783 2147483784 2147483785 2147483787 2147483788 2147483789 2147483790 2147483782 2147483783 2147483784 2147483785 2147483787 2147483788 2147483789 2147483790 
2147483696 2147483649 2147483650 2147483651 2147483680 2147483684 2147483649 2147483650 2147483651 2147483680 2147483684 2147483698 2147483704 2147483782 2147483783 2147483784 2147483785 2147483787 2147483788 2147483789 2147483790 2147483698 2147483704 2147483782 2147483783 2147483784 2147483785 2147483787 2147483788 2147483789 2147483790 
2147483698 2147483649 2147483650 2147483651 2147483680 2147483684 2147483696 2147483649 2147483650 2147483651 2147483680 2147483684 2147483696 2147483704 2147483782 2147483783 2147483784 2147483785 2147483787 2147483788 2147483789 2147483790 2147483704 2147483782 2147483783 2147483784 2147483785 2147483787 2147483788 2147483789 2147483790 
2147483702 2147483649 2147483650 2147483651 2147483680 2147483684 2147483649 2147483650 2147483651 2147483680 2147483684 2147483704 2147483782 2147483783 2147483784 2147483785 2147483787 2147483788 2147483789 2147483790 2147483704 2147483782 2147483783 2147483784 2147483785 2147483787 2147483788 2147483789 2147483790 
2147483704 2147483649 2147483650 2147483651 2147483680 2147483684 2147483696 2147483698 2147483702 2147483649 2147483650 2147483651 2147483680 2147483684 2147483696 2147483698 2147483702 2147483782 2147483783 2147483784 2147483785 2147483787 2147483788 2147483789 2147483790 2147483782 2147483783 2147483784 2147483785 2147483787 2147483788 2147483789 2147483790 
2147483707 2147483649 2147483650 2147483651 2147483680 2147483684 2147483649 2147483650 2147483651 2147483680 2147483684 2147483782 2147483783 2147483784 2147483785 2147483787 2147483788 2147483789 2147483790 2147483782 2147483783 2147483784 2147483785 2147483787 2147483788 2147483789 2147483790 
2147483711 2147483649 2147483650 2147483651 2147483680 2147483684 2147483649 2147483650 2147483651 2147483680 2147483684 2147483713 2147483782 2147483783 2147483784 2147483785 2147483787 2147483788 2147483789 2147483790 2147483713 2147483782 2147483783 2147483784 2147483785 2147483787 2147483788 2147483789 2147483790 
2147483713 2147483649 2147483650 2147483651 2147483680 2147483684 2147483711 2147483649 2147483650 2147483651 2147483680 2147483684 2147483711 2147483782 2147483783 2147483784 2147483785 2147483787 2147483788 2147483789 2147483790 2147483782 2147483783 2147483784 2147483785 2147483787 2147483788 2147483789 2147483790 
2147483719 2147483649 2147483650 2147483651 2147483680 2147483684 2147483649 2147483650 2147483651 2147483680 2147483684 2147483721 2147483727 2147483782 2147483783 2147483784 2147483785 2147483787 2147483788 2147483789 2147483790 2147483721 2147483727 2147483782 2147483783 2147483784 2147483785 2147483787 2147483788 2147483789 2147483790 
2147483721 2147483649 2147483650 2147483651 2147483680 2147483684 2147483719 2147483649 2147483650 2147483651 2147483680 2147483684 2147483719 2147483727 2147483782 2147483783 2147483784 2147483785 2147483787 2147483788 2147483789 2147483790 2147483727 2147483782 2147483783 2147483784 2147483785 2147483787 2147483788 2147483789 2147483790 
2147483725 2147483649 2147483650 2147483651 2147483680 2147483684 2147483649 2147483650 2147483651 2147483680 2147483684 2147483727 2147483782 2147483783 2147483784 2147483785 2147483787 2147483788 2147483789 2147483790 2147483727 2147483782 2147483783 2147483784 2147483785 2147483787 2147483788 2147483789 2147483790 
2147483727 2147483649 2147483650 2147483651 2147483680 2147483684 2147483719 2147483721 2147483725 2147483649 2147483650 2147483651 2147483680 2147483684 2147483719 2147483721 2147483725 2147483782 2147483783 2147483784 2147483785 2147483787 2147483788 2147483789 2147483790 2147483782 2147483783 2147483784 2147483785 2147483787 2147483788 2147483789 2147483790 
2147483730 2147483649 2147483650 2147483651 2147483680 2147483684 2147483649 2147483650 2147483651 2147483680 2147483684 2147483782 2147483783 2147483784 2147483785 2147483787 2147483788 2147483789 2147483790 2147483782 2147483783 2147483784 2147483785 2147483787 2147483788 2147483789 2147483790 
2147483734 2147483649 2147483650 2147483651 2147483680 2147483684 2147483649 2147483650 2147483651 2147483680 2147483684 2147483736 2147483782 2147483783 2147483784 2147483785 2147483787 2147483788 2147483789 2147483790 2147483736 2147483782 2147483783 2147483784 2147483785 2147483787 2147483788 2147483789 2147483790 
2147483736 2147483649 2147483650 2147483651 2147483680 2147483684 2147483734 2147483649 2147483650 2147483651 2147483680 2147483684 2147483734 2147483782 2147483783 2147483784 2147483785 2147483787 2147483788 2147483789 2147483790 2147483782 2147483783 2147483784 2147483785 2147483787 2147483788 2147483789 2147483790 
2147483742 2147483649 2147483650 2147483651 2147483680 2147483684 2147483649 2147483650 2147483651 2147483680 2147483684 2147483744 2147483750 2147483782 2147483783 2147483784 2147483785 2147483787 2147483788 2147483789 2147483790 2147483744 2147483750 2147483782 2147483783 2147483784 2147483785 2147483787 2147483788 2147483789 2147483790 
2147483744 2147483649 2147483650 2147483651 2147483680 2147483684 2147483742 2147483649 2147483650 2147483651 2147483680 2147483684 2147483742 2147483750 2147483782 2147483783 2147483784 2147483785 2147483787 2147483788 2147483789 2147483790 2147483750 2147483782 2147483783 2147483784 2147483785 2147483787 2147483788 2147483789 2147483790 
2147483748 2147483649 2147483650 2147483651 2147483680 2147483684 2147483649 2147483650 2147483651 2147483680 2147483684 2147483750 2147483782 2147483783 2147483784 2147483785 2147483787 2147483788 2147483789 2147483790 2147483750 2147483782 2147483783 2147483784 2147483785 2147483787 2147483788 2147483789 2147483790 
2147483750 2147483649 2147483650 2147483651 2147483680 2147483684 2147483742 2147483744 2147483748 2147483649 2147483650 2147483651 2147483680 2147483684 2147483742 2147483744 2147483748 2147483782 2147483783 2147483784 2147483785 2147483787 2147483788 2147483789 2147483790 2147483782 2147483783 2147483784 2147483785 2147483787 2147483788 2147483789 2147483790 
2147483753 2147483649 2147483650 2147483651 2147483680 2147483684 2147483649 2147483650 2147483651 2147483680 2147483684 2147483782 2147483783 2147483784 2147483785 2147483787 2147483788 2147483789 2147483790 2147483782 2147483783 2147483784 2147483785 2147483787 2147483788 2147483789 2147483790 
2147483757 2147483649 2147483650 2147483651 2147483680 2147483684 2147483649 2147483650 2147483651 2147483680 2147483684 2147483759 2147483782 2147483783 2147483784 2147483785 2147483787 2147483788 2147483789 2147483790 2147483759 2147483782 2147483783 2147483784 2147483785 2147483787 2147483788 2147483789 2147483790 
2147483759 2147483649 2147483650 2147483651 2147483680 2147483684 2147483757 2147483649 2147483650 2147483651 2147483680 2147483684 2147483757 2147483782 2147483783 2147483784 2147483785 2147483787 2147483788 2147483789 2147483790 2147483782 2147483783 2147483784 2147483785 2147483787 2147483788 2147483789 2147483790 
2147483765 2147483649 2147483650 2147483651 2147483680 2147483684 2147483649 2147483650 2147483651 2147483680 2147483684 2147483767 2147483773 2147483782 2147483783 2147483784 2147483785 2147483787 2147483788 2147483789 2147483790 2147483767 2147483773 2147483782 2147483783 2147483784 2147483785 2147483787 2147483788 2147483789 2147483790 
2147483767 2147483649 2147483650 2147483651 2147483680 2147483684 2147483765 2147483649 2147483650 2147483651 2147483680 2147483684 2147483765 2147483773 2147483782 2147483783 2147483784 2147483785 2147483787 2147483788 2147483789 2147483790 2147483773 2147483782 2147483783 2147483784 2147483785 2147483787 2147483788 2147483789 2147483790 
2147483771 2147483649 2147483650 2147483651 2147483680 2147483684 2147483649 2147483650 2147483651 2147483680 2147483684 2147483773 2147483782 2147483783 2147483784 2147483785 2147483787 2147483788 2147483789 2147483790 2147483773 2147483782 2147483783 2147483784 2147483785 2147483787 2147483788 2147483789 2147483790 
2147483773 2147483649 2147483650 2147483651 2147483680 2147483684 2147483765 2147483767 2147483771 2147483649 2147483650 2147483651 2147483680 2147483684 2147483765 2147483767 2147483771 2147483782 2147483783 2147483784 2147483785 2147483787 2147483788 2147483789 2147483790 2147483782 2147483783 2147483784 2147483785 2147483787 2147483788 2147483789 2147483790 
2147483776 2147483649 2147483650 2147483651 2147483680 2147483684 2147483649 2147483650 2147483651 2147483680 2147483684 2147483782 2147483783 2147483784 2147483785 2147483787 2147483788 2147483789 2147483790 2147483782 2147483783 2147483784 2147483785 2147483787 2147483788 2147483789 2147483790 
2147483782 2147483649 2147483650 2147483651 2147483680 2147483684 2147483688 2147483690 2147483696 2147483698 2147483702 2147483704 2147483707 2147483711 2147483713 2147483719 2147483721 2147483725 2147483727 2147483730 2147483734 2147483736 2147483742 2147483744 2147483748 2147483750 2147483753 2147483757 2147483759 2147483765 2147483767 2147483771 2147483773 2147483776 2147483649 2147483650 2147483651 2147483680 2147483684 2147483688 2147483690 2147483696 2147483698 2147483702 2147483704 2147483707 2147483711 2147483713 2147483719 2147483721 2147483725 2147483727 2147483730 2147483734 2147483736 2147483742 2147483744 2147483748 2147483750 2147483753 2147483757 2147483759 2147483765 2147483767 2147483771 2147483773 2147483776 2147483783 2147483784 2147483785 2147483787 2147483788 2147483789 2147483790 2147483783 2147483784 2147483785 2147483787 2147483788 2147483789 2147483790 
2147483783 2147483649 2147483650 2147483651 2147483680 2147483684 2147483688 2147483690 2147483696 2147483698 2147483702 2147483704 2147483707 2147483711 2147483713 2147483719 2147483721 2147483725 2147483727 2147483730 2147483734 2147483736 2147483742 2147483744 2147483748 2147483750 2147483753 2147483757 2147483759 2147483765 2147483767 2147483771 2147483773 2147483776 2147483782 2147483649 2147483650 2147483651 2147483680 2147483684 2147483688 2147483690 2147483696 2147483698 2147483702 2147483704 2147483707 2147483711 2147483713 2147483719 2147483721 2147483725 2147483727 2147483730 2147483734 2147483736 2147483742 2147483744 2147483748 2147483750 2147483753 2147483757 2147483759 2147483765 2147483767 2147483771 2147483773 2147483776 2147483782 2147483784 2147483785 2147483787 2147483788 2147483789 2147483790 2147483792 2147483784 2147483785 2147483787 2147483788 2147483789 2147483790 2147483792 
2147483784 2147483649 2147483650 2147483651 2147483677 2147483679 2147483680 2147483681 2147483684 2147483688 2147483690 2147483696 2147483698 2147483702 2147483704 2147483707 2147483711 2147483713 2147483719 2147483721 2147483725 2147483727 2147483730 2147483734 2147483736 2147483742 2147483744 2147483748 2147483750 2147483753 2147483757 2147483759 2147483765 2147483767 2147483771 2147483773 2147483776 2147483782 2147483783 2147483649 2147483650 2147483651 2147483677 2147483679 2147483680 2147483681 2147483684 2147483688 2147483690 2147483696 2147483698 2147483702 2147483704 2147483707 2147483711 2147483713 2147483719 2147483721 2147483725 2147483727 2147483730 2147483734 2147483736 2147483742 2147483744 2147483748 2147483750 2147483753 2147483757 2147483759 2147483765 2147483767 2147483771 2147483773 2147483776 2147483782 2147483783 2147483785 2147483787 2147483788 2147483789 2147483790 2147483792 2147483785 2147483787 2147483788 2147483789 2147483790 2147483792 
2147483785 2147483649 2147483650 2147483651 2147483677 2147483679 2147483680 2147483681 2147483684 2147483688 2147483690 2147483696 2147483698 2147483702 2147483704 2147483707 2147483711 2147483713 2147483719 2147483721 2147483725 2147483727 2147483730 2147483734 2147483736 2147483742 2147483744 2147483748 2147483750 2147483753 2147483757 2147483759 2147483765 2147483767 2147483771 2147483773 2147483776 2147483782 2147483783 2147483784 2147483649 2147483650 2147483651 2147483677 2147483679 2147483680 2147483681 2147483684 2147483688 2147483690 2147483696 2147483698 2147483702 2147483704 2147483707 2147483711 2147483713 2147483719 2147483721 2147483725 2147483727 2147483730 2147483734 2147483736 2147483742 2147483744 2147483748 2147483750 2147483753 2147483757 2147483759 2147483765 2147483767 2147483771 2147483773 2147483776 2147483782 2147483783 2147483784 2147483787 2147483788 2147483789 2147483790 2147483792 53 2147483787 2147483788 2147483789 2147483790 2147483792 
2147483787 2147483649 2147483650 2147483651 2147483677 2147483679 2147483680 2147483681 2147483684 2147483688 2147483690 2147483696 2147483698 2147483702 2147483704 2147483707 2147483711 2147483713 2147483719 2147483721 2147483725 2147483727 2147483730 2147483734 2147483736 2147483742 2147483744 2147483748 2147483750 2147483753 2147483757 2147483759 2147483765 2147483767 2147483771 2147483773 2147483776 2147483782 2147483783 2147483784 2147483785 2147483649 2147483650 2147483651 2147483677 2147483679 2147483680 2147483681 2147483684 2147483688 2147483690 2147483696 2147483698 2147483702 2147483704 2147483707 2147483711 2147483713 2147483719 2147483721 2147483725 2147483727 2147483730 2147483734 2147483736 2147483742 2147483744 2147483748 2147483750 2147483753 2147483757 2147483759 2147483765 2147483767 2147483771 2147483773 2147483776 2147483782 2147483783 2147483784 2147483785 2147483788 2147483789 2147483790 2147483792 57 53 2147483788 2147483789 2147483790 2147483792 
2147483788 2147483649 2147483650 2147483651 2147483677 2147483679 2147483680 2147483681 2147483684 2147483688 2147483690 2147483696 2147483698 2147483702 2147483704 2147483707 2147483711 2147483713 2147483719 2147483721 2147483725 2147483727 2147483730 2147483734 2147483736 2147483742 2147483744 2147483748 2147483750 2147483753 2147483757 2147483759 2147483765 2147483767 2147483771 2147483773 2147483776 2147483782 2147483783 2147483784 2147483785 2147483787 2147483649 2147483650 2147483651 2147483677 2147483679 2147483680 2147483681 2147483684 2147483688 2147483690 2147483696 2147483698 2147483702 2147483704 2147483707 2147483711 2147483713 2147483719 2147483721 2147483725 2147483727 2147483730 2147483734 2147483736 2147483742 2147483744 2147483748 2147483750 2147483753 2147483757 2147483759 2147483765 2147483767 2147483771 2147483773 2147483776 2147483782 2147483783 2147483784 2147483785 2147483787 2147483789 2147483790 2147483792 54 57 53 2147483789 2147483790 2147483792 
2147483789 2147483649 2147483650 2147483651 2147483677 2147483679 2147483680 2147483681 2147483684 2147483688 2147483690 2147483696 2147483698 2147483702 2147483704 2147483707 2147483711 2147483713 2147483719 2147483721 2147483725 2147483727 2147483730 2147483734 2147483736 2147483742 2147483744 2147483748 2147483750 2147483753 2147483757 2147483759 2147483765 2147483767 2147483771 2147483773 2147483776 2147483782 2147483783 2147483784 2147483785 2147483787 2147483788 2147483649 2147483650 2147483651 2147483677 2147483679 2147483680 2147483681 2147483684 2147483688 2147483690 2147483696 2147483698 2147483702 2147483704 2147483707 2147483711 2147483713 2147483719 2147483721 2147483725 2147483727 2147483730 2147483734 2147483736 2147483742 2147483744 2147483748 2147483750 2147483753 2147483757 2147483759 2147483765 2147483767 2147483771 2147483773 2147483776 2147483782 2147483783 2147483784 2147483785 2147483787 2147483788 2147483790 2147483792 52 54 57 53 2147483790 2147483792 
2147483790 2147483649 2147483650 2147483651 2147483680 2147483684 2147483688 2147483690 2147483696 2147483698 2147483702 2147483704 2147483707 2147483711 2147483713 2147483719 2147483721 2147483725 2147483727 2147483730 2147483734 2147483736 2147483742 2147483744 2147483748 2147483750 2147483753 2147483757 2147483759 2147483765 2147483767 2147483771 2147483773 2147483776 2147483782 2147483783 2147483784 2147483785 2147483787 2147483788 2147483789 2147483649 2147483650 2147483651 2147483680 2147483684 2147483688 2147483690 2147483696 2147483698 2147483702 2147483704 2147483707 2147483711 2147483713 2147483719 2147483721 2147483725 2147483727 2147483730 2147483734 2147483736 2147483742 2147483744 2147483748 2147483750 2147483753 2147483757 2147483759 2147483765 2147483767 2147483771 2147483773 2147483776 2147483782 2147483783 2147483784 2147483785 2147483787 2147483788 2147483789 
2147483792 2147483649 2147483650 2147483651 2147483679 2147483680 2147483681 2147483783 2147483784 2147483785 2147483787 2147483788 2147483789 2147483649 2147483650 2147483651 2147483679 2147483680 2147483681 2147483783 2147483784 2147483785 2147483787 2147483788 2147483789 
