22,1,22,-1,0,1,0,0,0,
23,1,23,-1,0,1,0,0,0,
24,1,24,-1,0,1,0,0,0,
25,1,25,-1,0,1,0,0,0,
26,1,26,-1,0,1,0,0,0,
27,1,27,-1,0,1,0,0,0,
32,1,32,-1,0,1,0,0,0,
49,1,49,-1,0,1,0,0,0,
50,1,50,-1,0,1,0,0,0,
51,1,51,-1,0,1,0,0,0,
52,1,52,-1,0,1,0,0,0,
53,1,53,-1,0,1,0,0,0,
54,1,54,-1,0,1,0,0,0,
57,1,57,-1,0,1,0,0,255,
127,1,127,-1,0,1,0,0,255,
128,1,128,-1,0,1,0,0,0,
129,1,129,-1,0,1,0,0,0,
130,1,130,-1,0,1,0,0,0,
131,1,131,-1,0,1,0,0,0,
132,1,132,-1,0,1,0,0,0,
133,1,133,-1,0,1,0,0,0,
134,1,134,-1,0,1,0,0,0,
263,1,263,-1,0,1,0,0,0,
264,1,264,-1,0,1,0,0,0,
265,1,265,-1,0,1,0,0,0,
266,1,266,-1,0,1,0,0,0,
267,1,267,-1,0,1,0,0,0,
268,1,268,-1,0,1,0,0,0,
269,1,269,-1,0,1,0,0,0,
270,1,270,-1,0,1,0,0,0,
2147483648,0,0,0.00768375,1,0,1,0,0,53 49 52 54 57 127 128 129 130 51 133 134 131 132 50
2147483649,0,0,0.00837841,1,0,1,0,0,57 49 52 54 127 128 129 130 51 133 134 131 132 50
2147483650,0,0,0.00834805,1,0,1,0,0,54 49 52 127 128 129 130 51 133 134 131 132 50
2147483652,0,0,inf,1,0,1,0,0,22 25 27 32 26 263 264 265 266 24 23 269 270 267 268
2147483653,0,0,0.00822368,2,0,1,0,255,22 25 27 32 26 263 264 265 266 24 23 269 270 267 268
2147483656,0,0,inf,1,0,1,0,0,22 25 27 32 26 263 264 265 266 24 23 269 270 267 268
2147483659,0,0,0.00911458,3,0,1,0,0,22 25 27 32 26 263 264 265 266 24 23 269 270 267 268
2147483661,0,0,inf,1,0,1,0,0,22 25 27 32 26 263 264 265 266 24 23 269 270 267 268
2147483662,0,0,0.00822368,2,0,1,0,0,22 25 27 32 26 263 264 265 266 24 23 269 270 267 268
2147483666,0,0,inf,1,0,1,0,0,22 25 27 32 26 263 264 265 266 24 23 269 270 267 268
2147483671,0,0,inf,1,0,1,0,0,22 25 27 32 26 263 264 265 266 24 23 269 270 267 268
2147483672,0,0,0.00822368,2,0,1,0,0,22 25 27 32 26 263 264 265 266 24 23 269 270 267 268
2147483676,0,0,inf,1,0,1,0,0,22 25 27 32 26 263 264 265 266 24 23 269 270 267 268
2147483681,0,0,inf,1,0,1,0,0,22 25 27 32 26 263 264 265 266 24 23 269 270 267 268
2147483686,0,0,inf,1,0,1,0,0,22 25 27 32 26 263 264 265 266 24 23 269 270 267 268
2147483687,0,0,0.00822368,2,0,1,0,0,22 25 27 32 26 263 264 265 266 24 23 269 270 267 268
2147483691,0,0,inf,1,0,1,0,0,22 25 27 32 26 263 264 265 266 24 23 269 270 267 268
2147483696,0,0,inf,1,0,1,0,0,22 25 27 32 26 263 264 265 266 24 23 269 270 267 268
2147483701,0,0,inf,1,0,1,0,0,22 25 27 32 26 263 264 265 266 24 23 269 270 267 268
2147483706,0,0,inf,1,0,1,0,0,22 25 27 32 26 263 264 265 266 24 23 269 270 267 268
2147483707,0,0,0.00822368,2,0,1,0,0,22 25 27 32 26 263 264 265 266 24 23 269 270 267 268
2147483711,0,0,inf,1,0,1,0,0,22 25 27 32 26 263 264 265 266 24 23 269 270 267 268
2147483716,0,0,inf,1,0,1,0,0,22 25 27 32 26 263 264 265 266 24 23 269 270 267 268
2147483721,0,0,inf,1,0,1,0,0,22 25 27 32 26 263 264 265 266 24 23 269 270 267 268
2147483726,0,0,inf,1,0,1,0,0,22 25 27 32 26 263 264 265 266 24 23 269 270 267 268
2147483731,0,0,inf,1,0,1,0,0,22 25 27 32 26 263 264 265 266 24 23 269 270 267 268
2147483732,0,0,0.00822368,2,0,1,0,0,22 25 27 32 26 263 264 265 266 24 23 269 270 267 268
2147483736,0,0,inf,1,0,1,0,0,22 25 27 32 26 263 264 265 266 24 23 269 270 267 268
2147483741,0,0,inf,1,0,1,0,0,22 25 27 32 26 263 264 265 266 24 23 269 270 267 268
2147483746,0,0,inf,1,0,1,0,0,22 25 27 32 26 263 264 265 266 24 23 269 270 267 268
2147483751,0,0,inf,1,0,1,0,0,22 25 27 32 26 263 264 265 266 24 23 269 270 267 268
2147483756,0,0,inf,1,0,1,0,0,22 25 27 32 26 263 264 265 266 24 23 269 270 267 268
2147483761,0,0,inf,1,0,1,0,0,22 25 27 32 26 263 264 265 266 24 23 269 270 267 268
2147483762,0,0,0.00822368,2,0,1,0,0,22 25 27 32 26 263 264 265 266 24 23 269 270 267 268
2147483766,0,0,inf,1,0,1,0,0,22 25 27 32 26 263 264 265 266 24 23 269 270 267 268
2147483771,0,0,inf,1,0,1,0,0,22 25 27 32 26 263 264 265 266 24 23 269 270 267 268
2147483776,0,0,inf,1,0,1,0,0,22 25 27 32 26 263 264 265 266 24 23 269 270 267 268
2147483781,0,0,inf,1,0,1,0,0,22 25 27 32 26 263 264 265 266 24 23 269 270 267 268
2147483786,0,0,inf,1,0,1,0,0,22 25 27 32 26 263 264 265 266 24 23 269 270 267 268
2147483791,0,0,inf,1,0,1,0,0,22 25 27 32 26 263 264 265 266 24 23 269 270 267 268
2147483796,0,0,inf,1,0,1,0,0,22 25 27 32 26 263 264 265 266 24 23 269 270 267 268
2147483797,0,0,0.00822368,2,0,1,0,0,22 25 27 32 26 263 264 265 266 24 23 269 270 267 268
2147483801,0,0,inf,1,0,1,0,0,22 25 27 32 26 263 264 265 266 24 23 269 270 267 268
2147483806,0,0,inf,1,0,1,0,0,22 25 27 32 26 263 264 265 266 24 23 269 270 267 268
2147483811,0,0,inf,1,0,1,0,0,22 25 27 32 26 263 264 265 266 24 23 269 270 267 268
2147483816,0,0,inf,1,0,1,0,0,22 25 27 32 26 263 264 265 266 24 23 269 270 267 268
2147483821,0,0,inf,1,0,1,0,0,22 25 27 32 26 263 264 265 266 24 23 269 270 267 268
2147483826,0,0,inf,1,0,1,0,0,22 25 27 32 26 263 264 265 266 24 23 269 270 267 268
2147483831,0,0,inf,1,0,1,0,0,22 25 27 32 26 263 264 265 266 24 23 269 270 267 268
2147483836,0,0,inf,1,0,1,0,0,22 25 27 32 26 263 264 265 266 24 23 269 270 267 268
2147483837,0,0,0.00822368,2,0,1,0,0,22 25 27 32 26 263 264 265 266 24 23 269 270 267 268
2147483841,0,0,inf,1,0,1,0,0,22 25 27 32 26 263 264 265 266 24 23 269 270 267 268
2147483846,0,0,inf,1,0,1,0,0,22 25 27 32 26 263 264 265 266 24 23 269 270 267 268
2147483851,0,0,inf,1,0,1,0,0,22 25 27 32 26 263 264 265 266 24 23 269 270 267 268
2147483856,0,0,inf,1,0,1,0,0,22 25 27 32 26 263 264 265 266 24 23 269 270 267 268
2147483861,0,0,inf,1,0,1,0,0,22 25 27 32 26 263 264 265 266 24 23 269 270 267 268
2147483866,0,0,inf,1,0,1,0,0,22 25 27 32 26 263 264 265 266 24 23 269 270 267 268
2147483871,0,0,inf,1,0,1,0,0,22 25 27 32 26 263 264 265 266 24 23 269 270 267 268
2147483876,0,0,inf,1,0,1,0,0,22 25 27 32 26 263 264 265 266 24 23 269 270 267 268
2147483881,0,0,inf,1,0,1,0,0,22 25 27 32 26 263 264 265 266 24 23 269 270 267 268
2147483882,0,0,0.00822368,2,0,1,0,0,22 25 27 32 26 263 264 265 266 24 23 269 270 267 268
2147483886,0,0,inf,1,0,1,0,0,22 25 27 32 26 263 264 265 266 24 23 269 270 267 268
2147483891,0,0,inf,1,0,1,0,0,22 25 27 32 26 263 264 265 266 24 23 269 270 267 268
2147483896,0,0,inf,1,0,1,0,0,22 25 27 32 26 263 264 265 266 24 23 269 270 267 268
2147483901,0,0,inf,1,0,1,0,0,22 25 27 32 26 263 264 265 266 24 23 269 270 267 268
2147483906,0,0,inf,1,0,1,0,0,22 25 27 32 26 263 264 265 266 24 23 269 270 267 268
2147483911,0,0,inf,1,0,1,0,0,22 25 27 32 26 263 264 265 266 24 23 269 270 267 268
2147483916,0,0,inf,1,0,1,0,0,22 25 27 32 26 263 264 265 266 24 23 269 270 267 268
2147483921,0,0,inf,1,0,1,0,0,22 25 27 32 26 263 264 265 266 24 23 269 270 267 268
2147483926,0,0,inf,1,0,1,0,0,22 25 27 32 26 263 264 265 266 24 23 269 270 267 268
2147483931,0,0,inf,1,0,1,0,0,22 25 27 32 26 263 264 265 266 24 23 269 270 267 268
2147483932,0,0,0.00822368,2,0,1,0,0,22 25 27 32 26 263 264 265 266 24 23 269 270 267 268
2147483936,0,0,inf,1,0,1,0,0,22 25 27 32 26 263 264 265 266 24 23 269 270 267 268
2147483941,0,0,inf,1,0,1,0,0,22 25 27 32 26 263 264 265 266 24 23 269 270 267 268
2147483946,0,0,inf,1,0,1,0,0,22 25 27 32 26 263 264 265 266 24 23 269 270 267 268
2147483951,0,0,inf,1,0,1,0,0,22 25 27 32 26 263 264 265 266 24 23 269 270 267 268
2147483956,0,0,inf,1,0,1,0,0,22 25 27 32 26 263 264 265 266 24 23 269 270 267 268
2147483961,0,0,inf,1,0,1,0,0,22 25 27 32 26 263 264 265 266 24 23 269 270 267 268
2147483967,0,0,inf,1,0,1,0,0,22 25 27 32 26 263 264 265 266 24 23 269 270 267 268
2147483968,0,0,0.00637755,2,0,1,0,0,22 25 27 32 26 263 264 265 266 24 23 269 270 267 268
2147483970,0,0,inf,1,0,1,0,0,49 52 54 57 53 127 128 129 130 51 133 134 131 132 50
2147483971,0,0,inf,1,0,1,0,0,49 52 54 57 53 127 128 129 130 51 133 134 131 132 50
2147483972,0,0,inf,1,0,1,0,0,49 52 54 57 53 127 128 129 130 51 133 134 131 132 50
2147483973,0,0,inf,1,0,1,0,0,49 52 54 57 53 127 128 129 130 51 133 134 131 132 50
2147483974,0,0,inf,1,0,1,0,0,49 52 54 57 53 127 128 129 130 51 133 134 131 132 50
2147483975,0,0,inf,1,0,1,0,0,49 52 54 57 53 127 128 129 130 51 133 134 131 132 50
2147483976,0,0,inf,1,0,1,0,0,49 52 54 57 53 127 128 129 130 51 133 134 131 132 50
2147483977,0,0,inf,1,0,1,0,0,49 52 54 57 53 127 128 129 130 51 133 134 131 132 50
2147483983,0,0,0.00969828,4,0,1,0,0,22 25 27 32 26 263 264 265 266 24 23 269 270 267 268
2147483986,0,0,0.0109375,3,0,1,0,0,22 25 27 32 26 263 264 265 266 24 23 269 270 267 268
2147483987,0,0,0.00852273,4,0,1,0,0,22 25 27 32 26 263 264 265 266 24 23 269 270 267 268
2147483990,0,0,0.0109375,3,0,1,0,0,22 25 27 32 26 263 264 265 266 24 23 269 270 267 268
2147483991,0,0,0.0109375,3,0,1,0,0,22 25 27 32 26 263 264 265 266 24 23 269 270 267 268
2147483992,0,0,0.00760135,4,0,1,0,0,22 25 27 32 26 263 264 265 266 24 23 269 270 267 268
2147483995,0,0,0.0109375,3,0,1,0,0,22 25 27 32 26 263 264 265 266 24 23 269 270 267 268
2147483996,0,0,0.0109375,3,0,1,0,0,22 25 27 32 26 263 264 265 266 24 23 269 270 267 268
2147483997,0,0,0.0109375,3,0,1,0,0,22 25 27 32 26 263 264 265 266 24 23 269 270 267 268
2147483998,0,0,0.00685976,4,0,1,0,0,22 25 27 32 26 263 264 265 266 24 23 269 270 267 268
2147484001,0,0,0.0109375,3,0,1,0,0,22 25 27 32 26 263 264 265 266 24 23 269 270 267 268
2147484002,0,0,0.0109375,3,0,1,0,0,22 25 27 32 26 263 264 265 266 24 23 269 270 267 268
2147484003,0,0,0.0109375,3,0,1,0,0,22 25 27 32 26 263 264 265 266 24 23 269 270 267 268
2147484004,0,0,0.0109375,3,0,1,0,0,22 25 27 32 26 263 264 265 266 24 23 269 270 267 268
2147484005,0,0,0.00625,4,0,1,0,0,22 25 27 32 26 263 264 265 266 24 23 269 270 267 268
2147484008,0,0,0.0109375,3,0,1,0,0,22 25 27 32 26 263 264 265 266 24 23 269 270 267 268
2147484009,0,0,0.0109375,3,0,1,0,0,22 25 27 32 26 263 264 265 266 24 23 269 270 267 268
2147484010,0,0,0.0109375,3,0,1,0,0,22 25 27 32 26 263 264 265 266 24 23 269 270 267 268
2147484011,0,0,0.0109375,3,0,1,0,0,22 25 27 32 26 263 264 265 266 24 23 269 270 267 268
2147484012,0,0,0.0109375,3,0,1,0,0,22 25 27 32 26 263 264 265 266 24 23 269 270 267 268
2147484013,0,0,0.0057398,4,0,1,0,0,22 25 27 32 26 263 264 265 266 24 23 269 270 267 268
2147484016,0,0,0.0109375,3,0,1,0,0,22 25 27 32 26 263 264 265 266 24 23 269 270 267 268
2147484017,0,0,0.0109375,3,0,1,0,0,22 25 27 32 26 263 264 265 266 24 23 269 270 267 268
2147484018,0,0,0.0109375,3,0,1,0,0,22 25 27 32 26 263 264 265 266 24 23 269 270 267 268
2147484019,0,0,0.0109375,3,0,1,0,0,22 25 27 32 26 263 264 265 266 24 23 269 270 267 268
2147484020,0,0,0.0109375,3,0,1,0,0,22 25 27 32 26 263 264 265 266 24 23 269 270 267 268
2147484021,0,0,0.0109375,3,0,1,0,0,22 25 27 32 26 263 264 265 266 24 23 269 270 267 268
2147484022,0,0,0.0053066,4,0,1,0,0,22 25 27 32 26 263 264 265 266 24 23 269 270 267 268
2147484025,0,0,0.0109375,3,0,1,0,0,22 25 27 32 26 263 264 265 266 24 23 269 270 267 268
2147484026,0,0,0.0109375,3,0,1,0,0,22 25 27 32 26 263 264 265 266 24 23 269 270 267 268
2147484027,0,0,0.0109375,3,0,1,0,0,22 25 27 32 26 263 264 265 266 24 23 269 270 267 268
2147484028,0,0,0.0109375,3,0,1,0,0,22 25 27 32 26 263 264 265 266 24 23 269 270 267 268
2147484029,0,0,0.0109375,3,0,1,0,0,22 25 27 32 26 263 264 265 266 24 23 269 270 267 268
2147484030,0,0,0.0109375,3,0,1,0,0,22 25 27 32 26 263 264 265 266 24 23 269 270 267 268
2147484031,0,0,0.0109375,3,0,1,0,0,22 25 27 32 26 263 264 265 266 24 23 269 270 267 268
2147484032,0,0,0.00493421,4,0,1,0,0,22 25 27 32 26 263 264 265 266 24 23 269 270 267 268
2147484035,0,0,0.0109375,3,0,1,0,0,22 25 27 32 26 263 264 265 266 24 23 269 270 267 268
2147484036,0,0,0.0109375,3,0,1,0,0,22 25 27 32 26 263 264 265 266 24 23 269 270 267 268
2147484037,0,0,0.0109375,3,0,1,0,0,22 25 27 32 26 263 264 265 266 24 23 269 270 267 268
2147484038,0,0,0.0109375,3,0,1,0,0,22 25 27 32 26 263 264 265 266 24 23 269 270 267 268
2147484039,0,0,0.0109375,3,0,1,0,0,22 25 27 32 26 263 264 265 266 24 23 269 270 267 268
2147484040,0,0,0.0109375,3,0,1,0,0,22 25 27 32 26 263 264 265 266 24 23 269 270 267 268
2147484041,0,0,0.0109375,3,0,1,0,0,22 25 27 32 26 263 264 265 266 24 23 269 270 267 268
2147484042,0,0,0.0109375,3,0,1,0,0,22 25 27 32 26 263 264 265 266 24 23 269 270 267 268
2147484043,0,0,0.00625,4,0,1,0,0,22 25 27 32 26 263 264 265 266 24 23 269 270 267 268
2147484046,0,0,0.0109375,3,0,1,0,0,22 25 27 32 26 263 264 265 266 24 23 269 270 267 268
2147484047,0,0,0.0109375,3,0,1,0,0,22 25 27 32 26 263 264 265 266 24 23 269 270 267 268
2147484048,0,0,0.0109375,3,0,1,0,0,22 25 27 32 26 263 264 265 266 24 23 269 270 267 268
2147484049,0,0,0.0109375,3,0,1,0,0,22 25 27 32 26 263 264 265 266 24 23 269 270 267 268
2147484050,0,0,0.0109375,3,0,1,0,0,22 25 27 32 26 263 264 265 266 24 23 269 270 267 268
2147484051,0,0,0.0104058,5,0,1,0,0,22 25 27 32 26 263 264 265 266 24 23 269 270 267 268
2147484053,0,0,0.00814516,2,0,1,0,0,22 25 27 32 26 263 264 265 266 24 23 269 270 267 268
