2 
5 
8 
11 
18 
19 
22 2147483743 2147483753 
23 
24 
25 2147483688 2147483743 2147483753 
26 2147483688 2147483743 2147483753 
27 2147483688 2147483743 2147483753 
32 2147483688 2147483743 2147483753 
49 2147483648 2147483662 2147483684 2147483685 2147483686 2147483687 2147483741 2147483742 
50 
51 
52 2147483648 2147483662 2147483684 2147483685 2147483686 2147483687 2147483741 2147483742 
53 2147483648 2147483662 2147483684 2147483685 2147483686 2147483687 2147483741 2147483742 
54 2147483648 2147483662 2147483684 2147483685 2147483686 2147483687 2147483741 2147483742 
57 2147483648 2147483662 2147483684 2147483685 2147483686 2147483687 2147483741 2147483742 
61 
127 2147483648 2147483662 2147483684 2147483685 2147483686 2147483687 2147483741 2147483742 
128 2147483648 2147483662 2147483684 2147483685 2147483686 2147483687 2147483741 2147483742 
129 2147483648 2147483662 2147483684 2147483685 2147483686 2147483687 2147483741 2147483742 
130 2147483648 2147483662 2147483684 2147483685 2147483686 2147483687 2147483741 2147483742 
131 
132 
133 
134 
151 2147483649 2147483650 2147483652 2147483663 2147483673 2147483710 2147483712 2147483714 2147483717 2147483723 2147483725 2147483726 2147483745 2147483748 
152 2147483649 2147483650 2147483652 2147483663 2147483673 2147483710 2147483712 2147483714 2147483717 2147483723 2147483725 2147483726 2147483745 2147483748 
153 2147483649 2147483650 2147483652 2147483663 2147483673 2147483710 2147483712 2147483714 2147483717 2147483723 2147483725 2147483726 2147483745 2147483748 
154 2147483649 2147483650 2147483652 2147483663 2147483673 2147483710 2147483712 2147483714 2147483717 2147483723 2147483725 2147483726 2147483745 2147483748 
155 2147483649 2147483650 2147483652 2147483663 2147483673 2147483710 2147483712 2147483714 2147483717 2147483723 2147483725 2147483726 2147483745 2147483748 
156 2147483649 2147483650 2147483652 2147483663 2147483673 2147483710 2147483712 2147483714 2147483717 2147483723 2147483725 2147483726 2147483745 2147483748 
157 2147483649 2147483650 2147483652 2147483663 2147483673 2147483710 2147483712 2147483714 2147483717 2147483723 2147483725 2147483726 2147483745 2147483748 
158 2147483649 2147483650 2147483652 2147483663 2147483673 2147483710 2147483712 2147483714 2147483717 2147483723 2147483725 2147483726 2147483745 2147483748 
159 2147483649 2147483650 2147483652 2147483663 2147483673 2147483710 2147483712 2147483714 2147483717 2147483723 2147483725 2147483726 2147483745 2147483748 
160 2147483649 2147483650 2147483652 2147483663 2147483673 2147483710 2147483712 2147483714 2147483717 2147483723 2147483725 2147483726 2147483745 2147483748 
161 2147483649 2147483650 2147483652 2147483663 2147483673 2147483710 2147483712 2147483714 2147483717 2147483723 2147483725 2147483726 2147483745 2147483748 
162 2147483649 2147483650 2147483652 2147483663 2147483673 2147483710 2147483712 2147483714 2147483717 2147483723 2147483725 2147483726 2147483745 2147483748 
163 2147483649 2147483650 2147483652 2147483663 2147483673 2147483710 2147483712 2147483714 2147483717 2147483723 2147483725 2147483726 2147483745 2147483748 
164 2147483649 2147483650 2147483652 2147483663 2147483673 2147483710 2147483712 2147483714 2147483717 2147483723 2147483725 2147483726 2147483745 2147483748 
165 2147483649 2147483650 2147483652 2147483663 2147483673 2147483710 2147483712 2147483714 2147483717 2147483723 2147483725 2147483726 2147483745 2147483748 
166 2147483649 2147483650 2147483652 2147483663 2147483673 2147483710 2147483712 2147483714 2147483717 2147483723 2147483725 2147483726 2147483745 2147483748 
247 
248 
249 
250 
251 
252 
253 
254 
263 2147483743 2147483753 
264 2147483743 2147483753 
265 2147483743 2147483753 
266 2147483743 2147483753 
267 
268 
269 
270 
2147483648 2147483649 2147483650 2147483652 2147483662 2147483663 2147483673 2147483677 2147483684 2147483685 2147483686 2147483687 2147483690 2147483694 2147483697 2147483699 2147483700 2147483703 2147483706 2147483707 2147483709 2147483710 2147483712 2147483713 2147483714 2147483716 2147483717 2147483723 2147483724 2147483725 2147483726 2147483728 2147483731 2147483732 2147483734 2147483741 2147483742 2147483743 2147483745 2147483747 2147483748 2147483750 2147483751 2147483753 49 52 54 57 53 127 128 129 130 2147483649 2147483650 2147483652 2147483662 2147483663 2147483673 2147483677 2147483684 2147483685 2147483686 2147483687 2147483690 2147483694 2147483697 2147483699 2147483700 2147483703 2147483706 2147483707 2147483709 2147483710 2147483712 2147483713 2147483714 2147483716 2147483717 2147483723 2147483724 2147483725 2147483726 2147483728 2147483731 2147483732 2147483734 2147483741 2147483742 2147483743 2147483745 2147483747 2147483748 2147483750 2147483751 2147483753 
2147483649 2147483648 2147483648 2147483650 2147483652 2147483662 2147483663 2147483673 2147483677 2147483684 2147483685 2147483686 2147483687 2147483690 2147483694 2147483697 2147483699 2147483700 2147483703 2147483706 2147483707 2147483709 2147483710 2147483712 2147483713 2147483714 2147483716 2147483717 2147483723 2147483724 2147483725 2147483726 2147483728 2147483731 2147483732 2147483734 2147483741 2147483742 2147483743 2147483745 2147483747 2147483748 2147483750 2147483751 2147483753 151 152 153 154 155 156 157 158 159 160 161 162 163 164 165 166 2147483650 2147483652 2147483662 2147483663 2147483673 2147483677 2147483684 2147483685 2147483686 2147483687 2147483690 2147483694 2147483697 2147483699 2147483700 2147483703 2147483706 2147483707 2147483709 2147483710 2147483712 2147483713 2147483714 2147483716 2147483717 2147483723 2147483724 2147483725 2147483726 2147483728 2147483731 2147483732 2147483734 2147483741 2147483742 2147483743 2147483745 2147483747 2147483748 2147483750 2147483751 2147483753 
2147483650 2147483648 2147483649 2147483648 2147483649 2147483652 2147483662 2147483663 2147483673 2147483677 2147483684 2147483685 2147483686 2147483687 2147483690 2147483694 2147483697 2147483699 2147483700 2147483703 2147483706 2147483707 2147483709 2147483710 2147483712 2147483713 2147483714 2147483716 2147483717 2147483723 2147483724 2147483725 2147483726 2147483728 2147483731 2147483732 2147483734 2147483741 2147483742 2147483743 2147483745 2147483747 2147483748 2147483750 2147483751 2147483753 151 152 153 154 155 156 157 158 159 160 161 162 163 164 165 166 2147483652 2147483662 2147483663 2147483673 2147483677 2147483684 2147483685 2147483686 2147483687 2147483690 2147483694 2147483697 2147483699 2147483700 2147483703 2147483706 2147483707 2147483709 2147483710 2147483712 2147483713 2147483714 2147483716 2147483717 2147483723 2147483724 2147483725 2147483726 2147483728 2147483731 2147483732 2147483734 2147483741 2147483742 2147483743 2147483745 2147483747 2147483748 2147483750 2147483751 2147483753 
2147483652 2147483648 2147483649 2147483650 2147483648 2147483649 2147483650 2147483662 2147483663 2147483673 2147483677 2147483684 2147483685 2147483686 2147483687 2147483697 2147483699 2147483700 2147483703 2147483706 2147483707 2147483709 2147483710 2147483712 2147483713 2147483714 2147483716 2147483717 2147483723 2147483724 2147483725 2147483726 2147483728 2147483731 2147483732 2147483734 2147483741 2147483742 2147483743 2147483745 2147483747 2147483748 2147483750 2147483751 2147483753 151 152 153 154 155 156 157 158 159 160 161 162 163 164 165 166 2147483662 2147483663 2147483673 2147483677 2147483684 2147483685 2147483686 2147483687 2147483697 2147483699 2147483700 2147483703 2147483706 2147483707 2147483709 2147483710 2147483712 2147483713 2147483714 2147483716 2147483717 2147483723 2147483724 2147483725 2147483726 2147483728 2147483731 2147483732 2147483734 2147483741 2147483742 2147483743 2147483745 2147483747 2147483748 2147483750 2147483751 2147483753 
2147483662 2147483648 2147483649 2147483650 2147483652 2147483648 2147483649 2147483650 2147483652 2147483663 2147483673 2147483684 2147483685 2147483686 2147483687 2147483699 2147483700 2147483703 2147483706 2147483707 2147483709 2147483710 2147483712 2147483713 2147483714 2147483717 2147483723 2147483724 2147483725 2147483726 2147483741 2147483742 2147483743 2147483745 2147483747 2147483748 2147483753 49 52 54 57 53 127 128 129 130 2147483663 2147483673 2147483684 2147483685 2147483686 2147483687 2147483699 2147483700 2147483703 2147483706 2147483707 2147483709 2147483710 2147483712 2147483713 2147483714 2147483717 2147483723 2147483724 2147483725 2147483726 2147483741 2147483742 2147483743 2147483745 2147483747 2147483748 2147483753 
2147483663 2147483648 2147483649 2147483650 2147483652 2147483662 2147483648 2147483649 2147483650 2147483652 2147483662 2147483673 2147483684 2147483685 2147483686 2147483687 2147483699 2147483700 2147483706 2147483707 2147483709 2147483710 2147483712 2147483713 2147483714 2147483717 2147483723 2147483724 2147483725 2147483726 2147483728 2147483741 2147483742 2147483743 2147483745 2147483747 2147483748 2147483753 151 152 153 154 155 156 157 158 159 160 161 162 163 164 165 166 2147483673 2147483684 2147483685 2147483686 2147483687 2147483699 2147483700 2147483706 2147483707 2147483709 2147483710 2147483712 2147483713 2147483714 2147483717 2147483723 2147483724 2147483725 2147483726 2147483728 2147483741 2147483742 2147483743 2147483745 2147483747 2147483748 2147483753 
2147483673 2147483648 2147483649 2147483650 2147483652 2147483662 2147483663 2147483648 2147483649 2147483650 2147483652 2147483662 2147483663 2147483677 2147483684 2147483685 2147483686 2147483687 2147483699 2147483700 2147483703 2147483706 2147483707 2147483709 2147483710 2147483712 2147483713 2147483714 2147483717 2147483723 2147483724 2147483725 2147483726 2147483728 2147483732 2147483734 2147483741 2147483742 2147483743 2147483745 2147483747 2147483748 2147483750 2147483751 2147483753 151 152 153 154 155 156 157 158 159 160 161 162 163 164 165 166 2147483677 2147483684 2147483685 2147483686 2147483687 2147483699 2147483700 2147483703 2147483706 2147483707 2147483709 2147483710 2147483712 2147483713 2147483714 2147483717 2147483723 2147483724 2147483725 2147483726 2147483728 2147483732 2147483734 2147483741 2147483742 2147483743 2147483745 2147483747 2147483748 2147483750 2147483751 2147483753 
2147483677 2147483648 2147483649 2147483650 2147483652 2147483673 2147483648 2147483649 2147483650 2147483652 2147483673 2147483684 2147483685 2147483686 2147483687 2147483710 2147483714 2147483717 2147483723 2147483741 2147483742 2147483743 2147483750 2147483753 2147483684 2147483685 2147483686 2147483687 2147483710 2147483714 2147483717 2147483723 2147483741 2147483742 2147483743 2147483750 2147483753 
2147483684 2147483648 2147483649 2147483650 2147483652 2147483662 2147483663 2147483673 2147483677 2147483648 2147483649 2147483650 2147483652 2147483662 2147483663 2147483673 2147483677 2147483685 2147483686 2147483687 2147483688 2147483690 2147483694 2147483697 2147483699 2147483700 2147483703 2147483706 2147483707 2147483709 2147483710 2147483712 2147483713 2147483714 2147483716 2147483717 2147483723 2147483724 2147483725 2147483726 2147483728 2147483731 2147483732 2147483734 2147483741 2147483742 2147483743 2147483745 2147483747 2147483748 2147483750 2147483751 2147483753 53 49 52 54 57 127 128 129 130 2147483685 2147483686 2147483687 2147483688 2147483690 2147483694 2147483697 2147483699 2147483700 2147483703 2147483706 2147483707 2147483709 2147483710 2147483712 2147483713 2147483714 2147483716 2147483717 2147483723 2147483724 2147483725 2147483726 2147483728 2147483731 2147483732 2147483734 2147483741 2147483742 2147483743 2147483745 2147483747 2147483748 2147483750 2147483751 2147483753 
2147483685 2147483648 2147483649 2147483650 2147483652 2147483662 2147483663 2147483673 2147483677 2147483684 2147483648 2147483649 2147483650 2147483652 2147483662 2147483663 2147483673 2147483677 2147483684 2147483686 2147483687 2147483688 2147483690 2147483694 2147483697 2147483699 2147483700 2147483703 2147483706 2147483707 2147483709 2147483710 2147483712 2147483713 2147483714 2147483716 2147483717 2147483723 2147483724 2147483725 2147483726 2147483728 2147483731 2147483732 2147483734 2147483741 2147483742 2147483743 2147483745 2147483747 2147483748 2147483750 2147483751 2147483753 57 49 52 54 53 127 128 129 130 2147483686 2147483687 2147483688 2147483690 2147483694 2147483697 2147483699 2147483700 2147483703 2147483706 2147483707 2147483709 2147483710 2147483712 2147483713 2147483714 2147483716 2147483717 2147483723 2147483724 2147483725 2147483726 2147483728 2147483731 2147483732 2147483734 2147483741 2147483742 2147483743 2147483745 2147483747 2147483748 2147483750 2147483751 2147483753 
2147483686 2147483648 2147483649 2147483650 2147483652 2147483662 2147483663 2147483673 2147483677 2147483684 2147483685 2147483648 2147483649 2147483650 2147483652 2147483662 2147483663 2147483673 2147483677 2147483684 2147483685 2147483687 2147483688 2147483690 2147483694 2147483697 2147483699 2147483700 2147483703 2147483706 2147483707 2147483709 2147483710 2147483712 2147483713 2147483714 2147483716 2147483717 2147483723 2147483724 2147483725 2147483726 2147483728 2147483731 2147483732 2147483734 2147483741 2147483742 2147483743 2147483745 2147483747 2147483748 2147483750 2147483751 2147483753 54 49 52 57 53 127 128 129 130 2147483687 2147483688 2147483690 2147483694 2147483697 2147483699 2147483700 2147483703 2147483706 2147483707 2147483709 2147483710 2147483712 2147483713 2147483714 2147483716 2147483717 2147483723 2147483724 2147483725 2147483726 2147483728 2147483731 2147483732 2147483734 2147483741 2147483742 2147483743 2147483745 2147483747 2147483748 2147483750 2147483751 2147483753 
2147483687 2147483648 2147483649 2147483650 2147483652 2147483662 2147483663 2147483673 2147483677 2147483684 2147483685 2147483686 2147483648 2147483649 2147483650 2147483652 2147483662 2147483663 2147483673 2147483677 2147483684 2147483685 2147483686 2147483688 2147483690 2147483694 2147483697 2147483699 2147483700 2147483703 2147483706 2147483707 2147483709 2147483710 2147483712 2147483713 2147483714 2147483716 2147483717 2147483723 2147483724 2147483725 2147483726 2147483728 2147483731 2147483732 2147483734 2147483741 2147483742 2147483743 2147483745 2147483747 2147483748 2147483750 2147483751 2147483753 52 49 54 57 53 127 128 129 130 2147483688 2147483690 2147483694 2147483697 2147483699 2147483700 2147483703 2147483706 2147483707 2147483709 2147483710 2147483712 2147483713 2147483714 2147483716 2147483717 2147483723 2147483724 2147483725 2147483726 2147483728 2147483731 2147483732 2147483734 2147483741 2147483742 2147483743 2147483745 2147483747 2147483748 2147483750 2147483751 2147483753 
2147483688 2147483684 2147483685 2147483686 2147483687 2147483684 2147483685 2147483686 2147483687 2147483694 25 27 32 26 2147483694 
2147483690 2147483648 2147483649 2147483650 2147483684 2147483685 2147483686 2147483687 2147483648 2147483649 2147483650 2147483684 2147483685 2147483686 2147483687 2147483694 2147483742 2147483743 2147483753 2147483694 2147483742 2147483743 2147483753 
2147483694 2147483648 2147483649 2147483650 2147483684 2147483685 2147483686 2147483687 2147483688 2147483690 2147483648 2147483649 2147483650 2147483684 2147483685 2147483686 2147483687 2147483688 2147483690 2147483742 2147483743 2147483753 2147483742 2147483743 2147483753 
2147483697 2147483648 2147483649 2147483650 2147483652 2147483684 2147483685 2147483686 2147483687 2147483648 2147483649 2147483650 2147483652 2147483684 2147483685 2147483686 2147483687 2147483742 2147483745 2147483742 2147483745 
2147483699 2147483648 2147483649 2147483650 2147483652 2147483662 2147483663 2147483673 2147483684 2147483685 2147483686 2147483687 2147483648 2147483649 2147483650 2147483652 2147483662 2147483663 2147483673 2147483684 2147483685 2147483686 2147483687 2147483700 2147483703 2147483706 2147483710 2147483714 2147483717 2147483723 2147483741 2147483742 2147483743 2147483745 2147483753 2147483700 2147483703 2147483706 2147483710 2147483714 2147483717 2147483723 2147483741 2147483742 2147483743 2147483745 2147483753 
2147483700 2147483648 2147483649 2147483650 2147483652 2147483662 2147483663 2147483673 2147483684 2147483685 2147483686 2147483687 2147483699 2147483648 2147483649 2147483650 2147483652 2147483662 2147483663 2147483673 2147483684 2147483685 2147483686 2147483687 2147483699 2147483703 2147483710 2147483714 2147483717 2147483723 2147483741 2147483742 2147483743 2147483745 2147483753 2147483703 2147483710 2147483714 2147483717 2147483723 2147483741 2147483742 2147483743 2147483745 2147483753 
2147483703 2147483648 2147483649 2147483650 2147483652 2147483662 2147483673 2147483684 2147483685 2147483686 2147483687 2147483699 2147483700 2147483648 2147483649 2147483650 2147483652 2147483662 2147483673 2147483684 2147483685 2147483686 2147483687 2147483699 2147483700 2147483710 2147483714 2147483717 2147483723 2147483741 2147483742 2147483743 2147483745 2147483753 2147483710 2147483714 2147483717 2147483723 2147483741 2147483742 2147483743 2147483745 2147483753 
2147483706 2147483648 2147483649 2147483650 2147483652 2147483662 2147483663 2147483673 2147483684 2147483685 2147483686 2147483687 2147483699 2147483648 2147483649 2147483650 2147483652 2147483662 2147483663 2147483673 2147483684 2147483685 2147483686 2147483687 2147483699 2147483710 2147483714 2147483717 2147483723 2147483741 2147483742 2147483743 2147483745 2147483753 2147483710 2147483714 2147483717 2147483723 2147483741 2147483742 2147483743 2147483745 2147483753 
2147483707 2147483648 2147483649 2147483650 2147483652 2147483662 2147483663 2147483673 2147483684 2147483685 2147483686 2147483687 2147483648 2147483649 2147483650 2147483652 2147483662 2147483663 2147483673 2147483684 2147483685 2147483686 2147483687 2147483710 2147483714 2147483717 2147483723 2147483741 2147483742 2147483743 2147483745 2147483753 2147483710 2147483714 2147483717 2147483723 2147483741 2147483742 2147483743 2147483745 2147483753 
2147483709 2147483648 2147483649 2147483650 2147483652 2147483662 2147483663 2147483673 2147483684 2147483685 2147483686 2147483687 2147483648 2147483649 2147483650 2147483652 2147483662 2147483663 2147483673 2147483684 2147483685 2147483686 2147483687 2147483710 2147483714 2147483717 2147483723 2147483741 2147483742 2147483743 2147483745 2147483748 2147483753 2147483710 2147483714 2147483717 2147483723 2147483741 2147483742 2147483743 2147483745 2147483748 2147483753 
2147483710 2147483648 2147483649 2147483650 2147483652 2147483662 2147483663 2147483673 2147483677 2147483684 2147483685 2147483686 2147483687 2147483699 2147483700 2147483703 2147483706 2147483707 2147483709 2147483648 2147483649 2147483650 2147483652 2147483662 2147483663 2147483673 2147483677 2147483684 2147483685 2147483686 2147483687 2147483699 2147483700 2147483703 2147483706 2147483707 2147483709 2147483712 2147483713 2147483714 2147483716 2147483717 2147483723 2147483724 2147483725 2147483726 2147483728 2147483731 2147483732 2147483734 2147483741 2147483742 2147483743 2147483745 2147483747 2147483748 2147483750 2147483751 2147483753 151 152 153 154 155 156 157 158 159 160 161 162 163 164 165 166 2147483712 2147483713 2147483714 2147483716 2147483717 2147483723 2147483724 2147483725 2147483726 2147483728 2147483731 2147483732 2147483734 2147483741 2147483742 2147483743 2147483745 2147483747 2147483748 2147483750 2147483751 2147483753 
2147483712 2147483648 2147483649 2147483650 2147483652 2147483662 2147483663 2147483673 2147483684 2147483685 2147483686 2147483687 2147483710 2147483648 2147483649 2147483650 2147483652 2147483662 2147483663 2147483673 2147483684 2147483685 2147483686 2147483687 2147483710 2147483713 2147483714 2147483717 2147483723 2147483726 2147483741 2147483742 2147483743 2147483745 2147483748 2147483753 151 152 153 154 155 156 157 158 159 160 161 162 163 164 165 166 2147483713 2147483714 2147483717 2147483723 2147483726 2147483741 2147483742 2147483743 2147483745 2147483748 2147483753 
2147483713 2147483648 2147483649 2147483650 2147483652 2147483662 2147483663 2147483673 2147483684 2147483685 2147483686 2147483687 2147483710 2147483712 2147483648 2147483649 2147483650 2147483652 2147483662 2147483663 2147483673 2147483684 2147483685 2147483686 2147483687 2147483710 2147483712 2147483714 2147483717 2147483723 2147483741 2147483742 2147483743 2147483745 2147483748 2147483753 2147483714 2147483717 2147483723 2147483741 2147483742 2147483743 2147483745 2147483748 2147483753 
2147483714 2147483648 2147483649 2147483650 2147483652 2147483662 2147483663 2147483673 2147483677 2147483684 2147483685 2147483686 2147483687 2147483699 2147483700 2147483703 2147483706 2147483707 2147483709 2147483710 2147483712 2147483713 2147483648 2147483649 2147483650 2147483652 2147483662 2147483663 2147483673 2147483677 2147483684 2147483685 2147483686 2147483687 2147483699 2147483700 2147483703 2147483706 2147483707 2147483709 2147483710 2147483712 2147483713 2147483716 2147483717 2147483723 2147483724 2147483725 2147483726 2147483728 2147483731 2147483732 2147483734 2147483741 2147483742 2147483743 2147483745 2147483747 2147483748 2147483750 2147483751 2147483753 152 151 153 154 155 156 157 158 159 160 161 162 163 164 165 166 2147483716 2147483717 2147483723 2147483724 2147483725 2147483726 2147483728 2147483731 2147483732 2147483734 2147483741 2147483742 2147483743 2147483745 2147483747 2147483748 2147483750 2147483751 2147483753 
2147483716 2147483648 2147483649 2147483650 2147483652 2147483684 2147483685 2147483686 2147483687 2147483710 2147483714 2147483648 2147483649 2147483650 2147483652 2147483684 2147483685 2147483686 2147483687 2147483710 2147483714 2147483741 2147483742 2147483743 2147483745 2147483741 2147483742 2147483743 2147483745 
2147483717 2147483648 2147483649 2147483650 2147483652 2147483662 2147483663 2147483673 2147483677 2147483684 2147483685 2147483686 2147483687 2147483699 2147483700 2147483703 2147483706 2147483707 2147483709 2147483710 2147483712 2147483713 2147483714 2147483648 2147483649 2147483650 2147483652 2147483662 2147483663 2147483673 2147483677 2147483684 2147483685 2147483686 2147483687 2147483699 2147483700 2147483703 2147483706 2147483707 2147483709 2147483710 2147483712 2147483713 2147483714 2147483723 2147483724 2147483725 2147483726 2147483728 2147483731 2147483732 2147483734 2147483741 2147483742 2147483743 2147483745 2147483747 2147483748 2147483750 2147483751 2147483753 151 152 153 154 155 156 157 158 159 160 161 162 163 164 165 166 2147483723 2147483724 2147483725 2147483726 2147483728 2147483731 2147483732 2147483734 2147483741 2147483742 2147483743 2147483745 2147483747 2147483748 2147483750 2147483751 2147483753 
2147483723 2147483648 2147483649 2147483650 2147483652 2147483662 2147483663 2147483673 2147483677 2147483684 2147483685 2147483686 2147483687 2147483699 2147483700 2147483703 2147483706 2147483707 2147483709 2147483710 2147483712 2147483713 2147483714 2147483717 2147483648 2147483649 2147483650 2147483652 2147483662 2147483663 2147483673 2147483677 2147483684 2147483685 2147483686 2147483687 2147483699 2147483700 2147483703 2147483706 2147483707 2147483709 2147483710 2147483712 2147483713 2147483714 2147483717 2147483724 2147483725 2147483726 2147483728 2147483731 2147483732 2147483734 2147483741 2147483742 2147483743 2147483745 2147483747 2147483748 2147483750 2147483751 2147483753 152 151 153 154 155 156 157 158 159 160 161 162 163 164 165 166 2147483724 2147483725 2147483726 2147483728 2147483731 2147483732 2147483734 2147483741 2147483742 2147483743 2147483745 2147483747 2147483748 2147483750 2147483751 2147483753 
2147483724 2147483648 2147483649 2147483650 2147483652 2147483662 2147483663 2147483673 2147483684 2147483685 2147483686 2147483687 2147483710 2147483714 2147483717 2147483723 2147483648 2147483649 2147483650 2147483652 2147483662 2147483663 2147483673 2147483684 2147483685 2147483686 2147483687 2147483710 2147483714 2147483717 2147483723 2147483725 2147483726 2147483741 2147483742 2147483743 2147483745 2147483753 2147483725 2147483726 2147483741 2147483742 2147483743 2147483745 2147483753 
2147483725 2147483648 2147483649 2147483650 2147483652 2147483662 2147483663 2147483673 2147483684 2147483685 2147483686 2147483687 2147483710 2147483714 2147483717 2147483723 2147483724 2147483648 2147483649 2147483650 2147483652 2147483662 2147483663 2147483673 2147483684 2147483685 2147483686 2147483687 2147483710 2147483714 2147483717 2147483723 2147483724 2147483726 2147483741 2147483742 2147483743 2147483745 2147483747 2147483748 2147483753 151 152 153 154 155 156 157 158 159 160 161 162 163 164 165 166 2147483726 2147483741 2147483742 2147483743 2147483745 2147483747 2147483748 2147483753 
2147483726 2147483648 2147483649 2147483650 2147483652 2147483662 2147483663 2147483673 2147483684 2147483685 2147483686 2147483687 2147483710 2147483712 2147483714 2147483717 2147483723 2147483724 2147483725 2147483648 2147483649 2147483650 2147483652 2147483662 2147483663 2147483673 2147483684 2147483685 2147483686 2147483687 2147483710 2147483712 2147483714 2147483717 2147483723 2147483724 2147483725 2147483728 2147483741 2147483742 2147483743 2147483745 2147483747 2147483748 2147483753 151 152 153 154 155 156 157 158 159 160 161 162 163 164 165 166 2147483728 2147483741 2147483742 2147483743 2147483745 2147483747 2147483748 2147483753 
2147483728 2147483648 2147483649 2147483650 2147483652 2147483663 2147483673 2147483684 2147483685 2147483686 2147483687 2147483710 2147483714 2147483717 2147483723 2147483726 2147483648 2147483649 2147483650 2147483652 2147483663 2147483673 2147483684 2147483685 2147483686 2147483687 2147483710 2147483714 2147483717 2147483723 2147483726 2147483741 2147483742 2147483743 2147483745 2147483753 2147483741 2147483742 2147483743 2147483745 2147483753 
2147483731 2147483648 2147483649 2147483650 2147483652 2147483684 2147483685 2147483686 2147483687 2147483710 2147483714 2147483717 2147483723 2147483648 2147483649 2147483650 2147483652 2147483684 2147483685 2147483686 2147483687 2147483710 2147483714 2147483717 2147483723 2147483741 2147483742 2147483743 2147483745 2147483741 2147483742 2147483743 2147483745 
2147483732 2147483648 2147483649 2147483650 2147483652 2147483673 2147483684 2147483685 2147483686 2147483687 2147483710 2147483714 2147483717 2147483723 2147483648 2147483649 2147483650 2147483652 2147483673 2147483684 2147483685 2147483686 2147483687 2147483710 2147483714 2147483717 2147483723 2147483741 2147483742 2147483743 2147483750 2147483753 2147483741 2147483742 2147483743 2147483750 2147483753 
2147483734 2147483648 2147483649 2147483650 2147483652 2147483673 2147483684 2147483685 2147483686 2147483687 2147483710 2147483714 2147483717 2147483723 2147483648 2147483649 2147483650 2147483652 2147483673 2147483684 2147483685 2147483686 2147483687 2147483710 2147483714 2147483717 2147483723 2147483741 2147483742 2147483743 2147483745 2147483750 2147483751 2147483753 2147483741 2147483742 2147483743 2147483745 2147483750 2147483751 2147483753 
2147483741 2147483648 2147483649 2147483650 2147483652 2147483662 2147483663 2147483673 2147483677 2147483684 2147483685 2147483686 2147483687 2147483699 2147483700 2147483703 2147483706 2147483707 2147483709 2147483710 2147483712 2147483713 2147483714 2147483716 2147483717 2147483723 2147483724 2147483725 2147483726 2147483728 2147483731 2147483732 2147483734 2147483648 2147483649 2147483650 2147483652 2147483662 2147483663 2147483673 2147483677 2147483684 2147483685 2147483686 2147483687 2147483699 2147483700 2147483703 2147483706 2147483707 2147483709 2147483710 2147483712 2147483713 2147483714 2147483716 2147483717 2147483723 2147483724 2147483725 2147483726 2147483728 2147483731 2147483732 2147483734 2147483742 2147483743 2147483745 2147483747 2147483748 2147483750 2147483751 2147483753 49 52 54 57 53 127 128 129 130 2147483742 2147483743 2147483745 2147483747 2147483748 2147483750 2147483751 2147483753 
2147483742 2147483648 2147483649 2147483650 2147483652 2147483662 2147483663 2147483673 2147483677 2147483684 2147483685 2147483686 2147483687 2147483690 2147483694 2147483697 2147483699 2147483700 2147483703 2147483706 2147483707 2147483709 2147483710 2147483712 2147483713 2147483714 2147483716 2147483717 2147483723 2147483724 2147483725 2147483726 2147483728 2147483731 2147483732 2147483734 2147483741 2147483648 2147483649 2147483650 2147483652 2147483662 2147483663 2147483673 2147483677 2147483684 2147483685 2147483686 2147483687 2147483690 2147483694 2147483697 2147483699 2147483700 2147483703 2147483706 2147483707 2147483709 2147483710 2147483712 2147483713 2147483714 2147483716 2147483717 2147483723 2147483724 2147483725 2147483726 2147483728 2147483731 2147483732 2147483734 2147483741 2147483743 2147483745 2147483747 2147483748 2147483750 2147483751 2147483753 49 52 54 57 53 127 128 129 130 2147483743 2147483745 2147483747 2147483748 2147483750 2147483751 2147483753 
2147483743 2147483648 2147483649 2147483650 2147483652 2147483662 2147483663 2147483673 2147483677 2147483684 2147483685 2147483686 2147483687 2147483690 2147483694 2147483699 2147483700 2147483703 2147483706 2147483707 2147483709 2147483710 2147483712 2147483713 2147483714 2147483716 2147483717 2147483723 2147483724 2147483725 2147483726 2147483728 2147483731 2147483732 2147483734 2147483741 2147483742 2147483648 2147483649 2147483650 2147483652 2147483662 2147483663 2147483673 2147483677 2147483684 2147483685 2147483686 2147483687 2147483690 2147483694 2147483699 2147483700 2147483703 2147483706 2147483707 2147483709 2147483710 2147483712 2147483713 2147483714 2147483716 2147483717 2147483723 2147483724 2147483725 2147483726 2147483728 2147483731 2147483732 2147483734 2147483741 2147483742 2147483745 2147483747 2147483748 2147483750 2147483751 2147483753 22 25 27 32 26 263 264 265 266 2147483745 2147483747 2147483748 2147483750 2147483751 2147483753 
2147483745 2147483648 2147483649 2147483650 2147483652 2147483662 2147483663 2147483673 2147483684 2147483685 2147483686 2147483687 2147483697 2147483699 2147483700 2147483703 2147483706 2147483707 2147483709 2147483710 2147483712 2147483713 2147483714 2147483716 2147483717 2147483723 2147483724 2147483725 2147483726 2147483728 2147483731 2147483734 2147483741 2147483742 2147483743 2147483648 2147483649 2147483650 2147483652 2147483662 2147483663 2147483673 2147483684 2147483685 2147483686 2147483687 2147483697 2147483699 2147483700 2147483703 2147483706 2147483707 2147483709 2147483710 2147483712 2147483713 2147483714 2147483716 2147483717 2147483723 2147483724 2147483725 2147483726 2147483728 2147483731 2147483734 2147483741 2147483742 2147483743 2147483747 2147483748 2147483750 2147483753 151 152 153 154 155 156 157 158 159 160 161 162 163 164 165 166 2147483747 2147483748 2147483750 2147483753 
2147483747 2147483648 2147483649 2147483650 2147483652 2147483662 2147483663 2147483673 2147483684 2147483685 2147483686 2147483687 2147483710 2147483714 2147483717 2147483723 2147483725 2147483726 2147483741 2147483742 2147483743 2147483745 2147483648 2147483649 2147483650 2147483652 2147483662 2147483663 2147483673 2147483684 2147483685 2147483686 2147483687 2147483710 2147483714 2147483717 2147483723 2147483725 2147483726 2147483741 2147483742 2147483743 2147483745 2147483748 2147483753 2147483748 2147483753 
2147483748 2147483648 2147483649 2147483650 2147483652 2147483662 2147483663 2147483673 2147483684 2147483685 2147483686 2147483687 2147483709 2147483710 2147483712 2147483713 2147483714 2147483717 2147483723 2147483725 2147483726 2147483741 2147483742 2147483743 2147483745 2147483747 2147483648 2147483649 2147483650 2147483652 2147483662 2147483663 2147483673 2147483684 2147483685 2147483686 2147483687 2147483709 2147483710 2147483712 2147483713 2147483714 2147483717 2147483723 2147483725 2147483726 2147483741 2147483742 2147483743 2147483745 2147483747 2147483753 151 152 153 154 155 156 157 158 159 160 161 162 163 164 165 166 2147483753 
2147483750 2147483648 2147483649 2147483650 2147483652 2147483673 2147483677 2147483684 2147483685 2147483686 2147483687 2147483710 2147483714 2147483717 2147483723 2147483732 2147483734 2147483741 2147483742 2147483743 2147483745 2147483648 2147483649 2147483650 2147483652 2147483673 2147483677 2147483684 2147483685 2147483686 2147483687 2147483710 2147483714 2147483717 2147483723 2147483732 2147483734 2147483741 2147483742 2147483743 2147483745 2147483751 2147483753 2147483751 2147483753 
2147483751 2147483648 2147483649 2147483650 2147483652 2147483673 2147483684 2147483685 2147483686 2147483687 2147483710 2147483714 2147483717 2147483723 2147483734 2147483741 2147483742 2147483743 2147483750 2147483648 2147483649 2147483650 2147483652 2147483673 2147483684 2147483685 2147483686 2147483687 2147483710 2147483714 2147483717 2147483723 2147483734 2147483741 2147483742 2147483743 2147483750 2147483753 2147483753 
2147483753 2147483648 2147483649 2147483650 2147483652 2147483662 2147483663 2147483673 2147483677 2147483684 2147483685 2147483686 2147483687 2147483690 2147483694 2147483699 2147483700 2147483703 2147483706 2147483707 2147483709 2147483710 2147483712 2147483713 2147483714 2147483717 2147483723 2147483724 2147483725 2147483726 2147483728 2147483732 2147483734 2147483741 2147483742 2147483743 2147483745 2147483747 2147483748 2147483750 2147483751 2147483648 2147483649 2147483650 2147483652 2147483662 2147483663 2147483673 2147483677 2147483684 2147483685 2147483686 2147483687 2147483690 2147483694 2147483699 2147483700 2147483703 2147483706 2147483707 2147483709 2147483710 2147483712 2147483713 2147483714 2147483717 2147483723 2147483724 2147483725 2147483726 2147483728 2147483732 2147483734 2147483741 2147483742 2147483743 2147483745 2147483747 2147483748 2147483750 2147483751 22 25 27 32 26 263 264 265 266 
