3 
6 
9 
13 
16 
21 
22 
23 
24 
25 
26 
27 
32 
49 2147483665 2147483668 2147483676 2147483694 2147483695 2147483753 2147483769 2147483773 2147483785 
50 
51 
52 2147483665 2147483668 2147483676 2147483694 2147483695 2147483700 2147483708 2147483717 2147483753 2147483755 2147483759 2147483764 2147483769 2147483773 2147483785 
53 2147483665 2147483668 2147483676 2147483694 2147483695 2147483699 2147483700 2147483707 2147483708 2147483717 2147483753 2147483755 2147483759 2147483763 2147483764 2147483769 2147483773 2147483785 
54 2147483665 2147483668 2147483676 2147483694 2147483695 2147483699 2147483700 2147483707 2147483708 2147483717 2147483753 2147483755 2147483759 2147483763 2147483764 2147483769 2147483773 2147483785 
57 2147483665 2147483668 2147483676 2147483694 2147483695 2147483699 2147483700 2147483707 2147483708 2147483717 2147483753 2147483755 2147483759 2147483763 2147483764 2147483769 2147483773 2147483785 
59 
127 2147483665 2147483668 2147483676 2147483694 2147483695 2147483753 2147483769 2147483773 2147483785 
128 2147483665 2147483668 2147483676 2147483694 2147483695 2147483753 2147483769 2147483773 2147483785 
129 2147483665 2147483668 2147483676 2147483694 2147483695 2147483753 2147483769 2147483773 2147483785 
130 2147483665 2147483668 2147483676 2147483694 2147483695 2147483753 2147483769 2147483773 2147483785 
131 
132 
133 
134 
263 
264 
265 
266 
267 
268 
269 
270 
271 
272 
273 
274 
275 
276 
277 
278 
2147483648 2147483649 2147483694 2147483695 2147483649 2147483694 2147483695 
2147483649 2147483648 2147483648 2147483694 2147483695 2147483694 2147483695 
2147483660 2147483663 2147483665 2147483668 2147483671 2147483675 2147483676 2147483694 2147483695 2147483725 2147483734 2147483736 2147483737 2147483738 2147483739 2147483740 2147483741 2147483742 2147483743 2147483750 2147483773 2147483776 2147483778 2147483785 2147483663 2147483665 2147483668 2147483671 2147483675 2147483676 2147483694 2147483695 2147483725 2147483734 2147483736 2147483737 2147483738 2147483739 2147483740 2147483741 2147483742 2147483743 2147483750 2147483773 2147483776 2147483778 2147483785 
2147483663 2147483660 2147483660 2147483694 2147483695 2147483773 2147483694 2147483695 2147483773 
2147483665 2147483660 2147483660 2147483668 2147483671 2147483675 2147483676 2147483694 2147483695 2147483715 2147483717 2147483725 2147483734 2147483736 2147483737 2147483738 2147483739 2147483740 2147483741 2147483742 2147483743 2147483750 2147483752 2147483753 2147483755 2147483758 2147483759 2147483773 2147483776 2147483778 52 49 54 57 53 127 128 129 130 2147483668 2147483671 2147483675 2147483676 2147483694 2147483695 2147483715 2147483717 2147483725 2147483734 2147483736 2147483737 2147483738 2147483739 2147483740 2147483741 2147483742 2147483743 2147483750 2147483752 2147483753 2147483755 2147483758 2147483759 2147483773 2147483776 2147483778 
2147483668 2147483660 2147483665 2147483660 2147483665 2147483676 2147483694 2147483695 2147483715 2147483717 2147483773 57 49 52 54 53 127 128 129 130 2147483676 2147483694 2147483695 2147483715 2147483717 2147483773 
2147483671 2147483660 2147483665 2147483660 2147483665 2147483676 2147483694 2147483695 2147483734 2147483736 2147483737 2147483738 2147483739 2147483740 2147483741 2147483742 2147483743 2147483773 2147483776 2147483676 2147483694 2147483695 2147483734 2147483736 2147483737 2147483738 2147483739 2147483740 2147483741 2147483742 2147483743 2147483773 2147483776 
2147483675 2147483660 2147483665 2147483660 2147483665 2147483676 2147483694 2147483750 2147483773 2147483778 2147483676 2147483694 2147483750 2147483773 2147483778 
2147483676 2147483660 2147483665 2147483668 2147483671 2147483675 2147483660 2147483665 2147483668 2147483671 2147483675 2147483694 2147483695 2147483715 2147483717 2147483725 2147483734 2147483736 2147483737 2147483738 2147483739 2147483740 2147483741 2147483742 2147483743 2147483750 2147483773 2147483776 2147483778 49 52 54 57 53 127 128 129 130 2147483694 2147483695 2147483715 2147483717 2147483725 2147483734 2147483736 2147483737 2147483738 2147483739 2147483740 2147483741 2147483742 2147483743 2147483750 2147483773 2147483776 2147483778 
2147483694 2147483648 2147483649 2147483660 2147483663 2147483665 2147483668 2147483671 2147483675 2147483676 2147483648 2147483649 2147483660 2147483663 2147483665 2147483668 2147483671 2147483675 2147483676 2147483695 2147483697 2147483699 2147483700 2147483705 2147483707 2147483708 2147483715 2147483717 2147483725 2147483734 2147483736 2147483737 2147483738 2147483739 2147483740 2147483741 2147483742 2147483743 2147483750 2147483752 2147483753 2147483755 2147483758 2147483759 2147483761 2147483763 2147483764 2147483768 2147483769 2147483773 2147483776 2147483778 2147483785 53 49 52 54 57 127 128 129 130 2147483695 2147483697 2147483699 2147483700 2147483705 2147483707 2147483708 2147483715 2147483717 2147483725 2147483734 2147483736 2147483737 2147483738 2147483739 2147483740 2147483741 2147483742 2147483743 2147483750 2147483752 2147483753 2147483755 2147483758 2147483759 2147483761 2147483763 2147483764 2147483768 2147483769 2147483773 2147483776 2147483778 2147483785 
2147483695 2147483648 2147483649 2147483660 2147483663 2147483665 2147483668 2147483671 2147483676 2147483694 2147483648 2147483649 2147483660 2147483663 2147483665 2147483668 2147483671 2147483676 2147483694 2147483697 2147483699 2147483700 2147483705 2147483707 2147483708 2147483715 2147483717 2147483725 2147483734 2147483736 2147483737 2147483738 2147483739 2147483740 2147483741 2147483742 2147483743 2147483752 2147483753 2147483755 2147483758 2147483759 2147483768 2147483769 2147483773 2147483776 57 49 52 54 53 127 128 129 130 2147483697 2147483699 2147483700 2147483705 2147483707 2147483708 2147483715 2147483717 2147483725 2147483734 2147483736 2147483737 2147483738 2147483739 2147483740 2147483741 2147483742 2147483743 2147483752 2147483753 2147483755 2147483758 2147483759 2147483768 2147483769 2147483773 2147483776 
2147483697 2147483694 2147483695 2147483694 2147483695 2147483699 2147483700 2147483769 2147483699 2147483700 2147483769 
2147483699 2147483694 2147483695 2147483697 2147483694 2147483695 2147483697 2147483700 2147483769 54 57 53 2147483700 2147483769 
2147483700 2147483694 2147483695 2147483697 2147483699 2147483694 2147483695 2147483697 2147483699 2147483769 52 54 57 53 2147483769 
2147483705 2147483694 2147483695 2147483694 2147483695 2147483707 2147483708 2147483773 2147483707 2147483708 2147483773 
2147483707 2147483694 2147483695 2147483705 2147483694 2147483695 2147483705 2147483708 2147483773 54 57 53 2147483708 2147483773 
2147483708 2147483694 2147483695 2147483705 2147483707 2147483694 2147483695 2147483705 2147483707 2147483773 52 54 57 53 2147483773 
2147483715 2147483665 2147483668 2147483676 2147483694 2147483695 2147483665 2147483668 2147483676 2147483694 2147483695 2147483717 2147483773 2147483717 2147483773 
2147483717 2147483665 2147483668 2147483676 2147483694 2147483695 2147483715 2147483665 2147483668 2147483676 2147483694 2147483695 2147483715 2147483773 52 54 57 53 2147483773 
2147483725 2147483660 2147483665 2147483676 2147483694 2147483695 2147483660 2147483665 2147483676 2147483694 2147483695 2147483773 2147483773 
2147483734 2147483660 2147483665 2147483671 2147483676 2147483694 2147483695 2147483660 2147483665 2147483671 2147483676 2147483694 2147483695 2147483773 2147483773 
2147483736 2147483660 2147483665 2147483671 2147483676 2147483694 2147483695 2147483660 2147483665 2147483671 2147483676 2147483694 2147483695 2147483773 2147483776 2147483773 2147483776 
2147483737 2147483660 2147483665 2147483671 2147483676 2147483694 2147483695 2147483660 2147483665 2147483671 2147483676 2147483694 2147483695 2147483773 2147483776 2147483773 2147483776 
2147483738 2147483660 2147483665 2147483671 2147483676 2147483694 2147483695 2147483660 2147483665 2147483671 2147483676 2147483694 2147483695 2147483773 2147483776 2147483773 2147483776 
2147483739 2147483660 2147483665 2147483671 2147483676 2147483694 2147483695 2147483660 2147483665 2147483671 2147483676 2147483694 2147483695 2147483773 2147483776 2147483773 2147483776 
2147483740 2147483660 2147483665 2147483671 2147483676 2147483694 2147483695 2147483660 2147483665 2147483671 2147483676 2147483694 2147483695 2147483773 2147483776 2147483773 2147483776 
2147483741 2147483660 2147483665 2147483671 2147483676 2147483694 2147483695 2147483660 2147483665 2147483671 2147483676 2147483694 2147483695 2147483773 2147483776 2147483773 2147483776 
2147483742 2147483660 2147483665 2147483671 2147483676 2147483694 2147483695 2147483660 2147483665 2147483671 2147483676 2147483694 2147483695 2147483773 2147483776 2147483773 2147483776 
2147483743 2147483660 2147483665 2147483671 2147483676 2147483694 2147483695 2147483660 2147483665 2147483671 2147483676 2147483694 2147483695 2147483773 2147483776 2147483773 2147483776 
2147483750 2147483660 2147483665 2147483675 2147483676 2147483694 2147483660 2147483665 2147483675 2147483676 2147483694 2147483773 2147483778 2147483773 2147483778 
2147483752 2147483665 2147483694 2147483695 2147483665 2147483694 2147483695 2147483753 2147483755 2147483773 2147483753 2147483755 2147483773 
2147483753 2147483665 2147483694 2147483695 2147483752 2147483665 2147483694 2147483695 2147483752 2147483755 2147483773 57 49 52 54 53 127 128 129 130 2147483755 2147483773 
2147483755 2147483665 2147483694 2147483695 2147483752 2147483753 2147483665 2147483694 2147483695 2147483752 2147483753 2147483773 52 54 57 53 2147483773 
2147483758 2147483665 2147483694 2147483695 2147483665 2147483694 2147483695 2147483759 2147483759 
2147483759 2147483665 2147483694 2147483695 2147483758 2147483665 2147483694 2147483695 2147483758 52 54 57 53 
2147483761 2147483694 2147483694 2147483763 2147483764 2147483785 2147483763 2147483764 2147483785 
2147483763 2147483694 2147483761 2147483694 2147483761 2147483764 2147483785 54 57 53 2147483764 2147483785 
2147483764 2147483694 2147483761 2147483763 2147483694 2147483761 2147483763 2147483785 52 54 57 53 2147483785 
2147483768 2147483694 2147483695 2147483694 2147483695 2147483769 2147483769 
2147483769 2147483694 2147483695 2147483697 2147483699 2147483700 2147483768 2147483694 2147483695 2147483697 2147483699 2147483700 2147483768 57 49 52 54 53 127 128 129 130 
2147483773 2147483660 2147483663 2147483665 2147483668 2147483671 2147483675 2147483676 2147483694 2147483695 2147483705 2147483707 2147483708 2147483715 2147483717 2147483725 2147483734 2147483736 2147483737 2147483738 2147483739 2147483740 2147483741 2147483742 2147483743 2147483750 2147483752 2147483753 2147483755 2147483660 2147483663 2147483665 2147483668 2147483671 2147483675 2147483676 2147483694 2147483695 2147483705 2147483707 2147483708 2147483715 2147483717 2147483725 2147483734 2147483736 2147483737 2147483738 2147483739 2147483740 2147483741 2147483742 2147483743 2147483750 2147483752 2147483753 2147483755 2147483776 2147483778 52 57 49 54 53 127 128 129 130 2147483776 2147483778 
2147483776 2147483660 2147483665 2147483671 2147483676 2147483694 2147483695 2147483736 2147483737 2147483738 2147483739 2147483740 2147483741 2147483742 2147483743 2147483773 2147483660 2147483665 2147483671 2147483676 2147483694 2147483695 2147483736 2147483737 2147483738 2147483739 2147483740 2147483741 2147483742 2147483743 2147483773 
2147483778 2147483660 2147483665 2147483675 2147483676 2147483694 2147483750 2147483773 2147483660 2147483665 2147483675 2147483676 2147483694 2147483750 2147483773 
2147483785 2147483660 2147483694 2147483761 2147483763 2147483764 2147483660 2147483694 2147483761 2147483763 2147483764 57 49 52 54 53 127 128 129 130 
