2 
5 
8 
11 
18 
19 
22 
23 
24 
25 
26 2147483710 
27 
32 
49 2147483649 2147483669 2147483689 2147483709 2147483760 2147483812 2147483864 2147483874 2147483882 2147483890 
50 
51 
52 2147483649 2147483669 2147483689 2147483709 2147483725 2147483760 2147483763 2147483767 2147483777 2147483812 2147483815 2147483819 2147483829 2147483864 2147483867 2147483871 2147483874 2147483882 2147483890 
53 2147483649 2147483669 2147483689 2147483709 2147483724 2147483725 2147483760 2147483762 2147483763 2147483767 2147483776 2147483777 2147483812 2147483814 2147483815 2147483819 2147483828 2147483829 2147483864 2147483866 2147483867 2147483871 2147483874 2147483882 2147483890 
54 2147483649 2147483669 2147483689 2147483709 2147483724 2147483725 2147483760 2147483762 2147483763 2147483767 2147483776 2147483777 2147483812 2147483814 2147483815 2147483819 2147483828 2147483829 2147483864 2147483866 2147483867 2147483871 2147483874 2147483882 2147483890 
57 2147483649 2147483669 2147483689 2147483709 2147483724 2147483725 2147483760 2147483762 2147483763 2147483766 2147483767 2147483776 2147483777 2147483812 2147483814 2147483815 2147483818 2147483819 2147483828 2147483829 2147483864 2147483866 2147483867 2147483870 2147483871 2147483874 2147483882 2147483890 
61 
127 2147483649 2147483669 2147483689 2147483709 2147483760 2147483812 2147483864 2147483874 2147483882 2147483890 
128 2147483649 2147483669 2147483689 2147483709 2147483760 2147483812 2147483864 2147483874 2147483882 2147483890 
129 2147483649 2147483669 2147483689 2147483709 2147483760 2147483812 2147483864 2147483874 2147483882 2147483890 
130 2147483649 2147483669 2147483689 2147483709 2147483760 2147483812 2147483864 2147483874 2147483882 2147483890 
131 
132 
133 
134 
247 
248 
249 
250 
251 
252 
253 
254 
263 
264 
265 
266 
267 
268 
269 
270 
2147483649 2147483654 2147483655 2147483709 2147483826 2147483828 2147483829 2147483833 2147483842 2147483843 2147483844 2147483845 2147483846 2147483847 2147483848 2147483849 2147483850 2147483851 2147483856 2147483863 2147483864 2147483866 2147483867 2147483870 2147483871 2147483874 2147483875 2147483876 2147483878 52 49 54 57 53 127 128 129 130 2147483654 2147483655 2147483709 2147483826 2147483828 2147483829 2147483833 2147483842 2147483843 2147483844 2147483845 2147483846 2147483847 2147483848 2147483849 2147483850 2147483851 2147483856 2147483863 2147483864 2147483866 2147483867 2147483870 2147483871 2147483874 2147483875 2147483876 2147483878 
2147483654 2147483649 2147483649 2147483655 2147483709 2147483833 2147483842 2147483843 2147483844 2147483845 2147483846 2147483847 2147483848 2147483849 2147483850 2147483851 2147483856 2147483874 2147483875 2147483876 2147483655 2147483709 2147483833 2147483842 2147483843 2147483844 2147483845 2147483846 2147483847 2147483848 2147483849 2147483850 2147483851 2147483856 2147483874 2147483875 2147483876 
2147483655 2147483649 2147483654 2147483649 2147483654 2147483709 2147483842 2147483843 2147483844 2147483845 2147483846 2147483847 2147483848 2147483849 2147483850 2147483851 2147483874 2147483875 2147483709 2147483842 2147483843 2147483844 2147483845 2147483846 2147483847 2147483848 2147483849 2147483850 2147483851 2147483874 2147483875 
2147483669 2147483674 2147483675 2147483709 2147483774 2147483776 2147483777 2147483781 2147483790 2147483791 2147483792 2147483793 2147483794 2147483795 2147483796 2147483797 2147483798 2147483799 2147483804 2147483811 2147483812 2147483814 2147483815 2147483818 2147483819 2147483882 2147483883 2147483884 2147483886 52 49 54 57 53 127 128 129 130 2147483674 2147483675 2147483709 2147483774 2147483776 2147483777 2147483781 2147483790 2147483791 2147483792 2147483793 2147483794 2147483795 2147483796 2147483797 2147483798 2147483799 2147483804 2147483811 2147483812 2147483814 2147483815 2147483818 2147483819 2147483882 2147483883 2147483884 2147483886 
2147483674 2147483669 2147483669 2147483675 2147483709 2147483781 2147483790 2147483791 2147483792 2147483793 2147483794 2147483795 2147483796 2147483797 2147483798 2147483799 2147483804 2147483882 2147483883 2147483884 2147483675 2147483709 2147483781 2147483790 2147483791 2147483792 2147483793 2147483794 2147483795 2147483796 2147483797 2147483798 2147483799 2147483804 2147483882 2147483883 2147483884 
2147483675 2147483669 2147483674 2147483669 2147483674 2147483709 2147483790 2147483791 2147483792 2147483793 2147483794 2147483795 2147483796 2147483797 2147483798 2147483799 2147483882 2147483883 2147483709 2147483790 2147483791 2147483792 2147483793 2147483794 2147483795 2147483796 2147483797 2147483798 2147483799 2147483882 2147483883 
2147483689 2147483694 2147483695 2147483709 2147483722 2147483724 2147483725 2147483729 2147483738 2147483739 2147483740 2147483741 2147483742 2147483743 2147483744 2147483745 2147483746 2147483747 2147483752 2147483759 2147483760 2147483762 2147483763 2147483766 2147483767 2147483890 2147483891 2147483892 2147483894 52 49 54 57 53 127 128 129 130 2147483694 2147483695 2147483709 2147483722 2147483724 2147483725 2147483729 2147483738 2147483739 2147483740 2147483741 2147483742 2147483743 2147483744 2147483745 2147483746 2147483747 2147483752 2147483759 2147483760 2147483762 2147483763 2147483766 2147483767 2147483890 2147483891 2147483892 2147483894 
2147483694 2147483689 2147483689 2147483695 2147483709 2147483729 2147483738 2147483739 2147483740 2147483741 2147483742 2147483743 2147483744 2147483745 2147483746 2147483747 2147483752 2147483890 2147483891 2147483892 2147483695 2147483709 2147483729 2147483738 2147483739 2147483740 2147483741 2147483742 2147483743 2147483744 2147483745 2147483746 2147483747 2147483752 2147483890 2147483891 2147483892 
2147483695 2147483689 2147483694 2147483689 2147483694 2147483709 2147483738 2147483739 2147483740 2147483741 2147483742 2147483743 2147483744 2147483745 2147483746 2147483747 2147483890 2147483891 2147483709 2147483738 2147483739 2147483740 2147483741 2147483742 2147483743 2147483744 2147483745 2147483746 2147483747 2147483890 2147483891 
2147483709 2147483649 2147483654 2147483655 2147483669 2147483674 2147483675 2147483689 2147483694 2147483695 2147483649 2147483654 2147483655 2147483669 2147483674 2147483675 2147483689 2147483694 2147483695 2147483710 2147483722 2147483724 2147483725 2147483729 2147483738 2147483739 2147483740 2147483741 2147483742 2147483743 2147483744 2147483745 2147483746 2147483747 2147483752 2147483759 2147483760 2147483762 2147483763 2147483774 2147483776 2147483777 2147483781 2147483790 2147483791 2147483792 2147483793 2147483794 2147483795 2147483796 2147483797 2147483798 2147483799 2147483804 2147483811 2147483812 2147483814 2147483815 2147483826 2147483828 2147483829 2147483833 2147483842 2147483843 2147483844 2147483845 2147483846 2147483847 2147483848 2147483849 2147483850 2147483851 2147483856 2147483863 2147483864 2147483866 2147483867 2147483874 2147483875 2147483876 2147483878 2147483882 2147483883 2147483884 2147483886 2147483890 2147483891 2147483892 2147483894 53 49 52 54 57 127 128 129 130 2147483710 2147483722 2147483724 2147483725 2147483729 2147483738 2147483739 2147483740 2147483741 2147483742 2147483743 2147483744 2147483745 2147483746 2147483747 2147483752 2147483759 2147483760 2147483762 2147483763 2147483774 2147483776 2147483777 2147483781 2147483790 2147483791 2147483792 2147483793 2147483794 2147483795 2147483796 2147483797 2147483798 2147483799 2147483804 2147483811 2147483812 2147483814 2147483815 2147483826 2147483828 2147483829 2147483833 2147483842 2147483843 2147483844 2147483845 2147483846 2147483847 2147483848 2147483849 2147483850 2147483851 2147483856 2147483863 2147483864 2147483866 2147483867 2147483874 2147483875 2147483876 2147483878 2147483882 2147483883 2147483884 2147483886 2147483890 2147483891 2147483892 2147483894 
2147483710 2147483709 2147483709 26 
2147483713 
2147483722 2147483689 2147483709 2147483689 2147483709 2147483724 2147483725 2147483890 2147483724 2147483725 2147483890 
2147483724 2147483689 2147483709 2147483722 2147483689 2147483709 2147483722 2147483725 2147483890 54 57 53 2147483725 2147483890 
2147483725 2147483689 2147483709 2147483722 2147483724 2147483689 2147483709 2147483722 2147483724 2147483890 52 54 57 53 2147483890 
2147483729 2147483689 2147483694 2147483709 2147483689 2147483694 2147483709 2147483890 2147483890 
2147483738 2147483689 2147483694 2147483695 2147483709 2147483689 2147483694 2147483695 2147483709 2147483890 2147483891 2147483890 2147483891 
2147483739 2147483689 2147483694 2147483695 2147483709 2147483689 2147483694 2147483695 2147483709 2147483740 2147483741 2147483891 2147483740 2147483741 2147483891 
2147483740 2147483689 2147483694 2147483695 2147483709 2147483739 2147483689 2147483694 2147483695 2147483709 2147483739 2147483891 2147483891 
2147483741 2147483689 2147483694 2147483695 2147483709 2147483739 2147483689 2147483694 2147483695 2147483709 2147483739 2147483891 2147483891 
2147483742 2147483689 2147483694 2147483695 2147483709 2147483689 2147483694 2147483695 2147483709 2147483743 2147483744 2147483891 2147483743 2147483744 2147483891 
2147483743 2147483689 2147483694 2147483695 2147483709 2147483742 2147483689 2147483694 2147483695 2147483709 2147483742 2147483891 2147483891 
2147483744 2147483689 2147483694 2147483695 2147483709 2147483742 2147483689 2147483694 2147483695 2147483709 2147483742 2147483891 2147483891 
2147483745 2147483689 2147483694 2147483695 2147483709 2147483689 2147483694 2147483695 2147483709 2147483746 2147483747 2147483891 2147483746 2147483747 2147483891 
2147483746 2147483689 2147483694 2147483695 2147483709 2147483745 2147483689 2147483694 2147483695 2147483709 2147483745 2147483891 2147483891 
2147483747 2147483689 2147483694 2147483695 2147483709 2147483745 2147483689 2147483694 2147483695 2147483709 2147483745 2147483891 2147483891 
2147483752 2147483689 2147483694 2147483709 2147483689 2147483694 2147483709 2147483890 2147483891 2147483892 2147483890 2147483891 2147483892 
2147483759 2147483689 2147483709 2147483689 2147483709 2147483760 2147483762 2147483763 2147483760 2147483762 2147483763 
2147483760 2147483689 2147483709 2147483759 2147483689 2147483709 2147483759 2147483762 2147483763 57 49 52 54 53 127 128 129 130 2147483762 2147483763 
2147483762 2147483689 2147483709 2147483759 2147483760 2147483689 2147483709 2147483759 2147483760 2147483763 54 57 53 2147483763 
2147483763 2147483689 2147483709 2147483759 2147483760 2147483762 2147483689 2147483709 2147483759 2147483760 2147483762 52 54 57 53 
2147483766 2147483689 2147483689 2147483767 57 2147483767 
2147483767 2147483689 2147483766 2147483689 2147483766 52 54 57 53 
2147483774 2147483669 2147483709 2147483669 2147483709 2147483776 2147483777 2147483882 2147483776 2147483777 2147483882 
2147483776 2147483669 2147483709 2147483774 2147483669 2147483709 2147483774 2147483777 2147483882 54 57 53 2147483777 2147483882 
2147483777 2147483669 2147483709 2147483774 2147483776 2147483669 2147483709 2147483774 2147483776 2147483882 52 54 57 53 2147483882 
2147483781 2147483669 2147483674 2147483709 2147483669 2147483674 2147483709 2147483882 2147483882 
2147483790 2147483669 2147483674 2147483675 2147483709 2147483669 2147483674 2147483675 2147483709 2147483882 2147483883 2147483882 2147483883 
2147483791 2147483669 2147483674 2147483675 2147483709 2147483669 2147483674 2147483675 2147483709 2147483792 2147483793 2147483883 2147483792 2147483793 2147483883 
2147483792 2147483669 2147483674 2147483675 2147483709 2147483791 2147483669 2147483674 2147483675 2147483709 2147483791 2147483883 2147483883 
2147483793 2147483669 2147483674 2147483675 2147483709 2147483791 2147483669 2147483674 2147483675 2147483709 2147483791 2147483883 2147483883 
2147483794 2147483669 2147483674 2147483675 2147483709 2147483669 2147483674 2147483675 2147483709 2147483795 2147483796 2147483883 2147483795 2147483796 2147483883 
2147483795 2147483669 2147483674 2147483675 2147483709 2147483794 2147483669 2147483674 2147483675 2147483709 2147483794 2147483883 2147483883 
2147483796 2147483669 2147483674 2147483675 2147483709 2147483794 2147483669 2147483674 2147483675 2147483709 2147483794 2147483883 2147483883 
2147483797 2147483669 2147483674 2147483675 2147483709 2147483669 2147483674 2147483675 2147483709 2147483798 2147483799 2147483883 2147483798 2147483799 2147483883 
2147483798 2147483669 2147483674 2147483675 2147483709 2147483797 2147483669 2147483674 2147483675 2147483709 2147483797 2147483883 2147483883 
2147483799 2147483669 2147483674 2147483675 2147483709 2147483797 2147483669 2147483674 2147483675 2147483709 2147483797 2147483883 2147483883 
2147483804 2147483669 2147483674 2147483709 2147483669 2147483674 2147483709 2147483882 2147483883 2147483884 2147483882 2147483883 2147483884 
2147483811 2147483669 2147483709 2147483669 2147483709 2147483812 2147483814 2147483815 2147483812 2147483814 2147483815 
2147483812 2147483669 2147483709 2147483811 2147483669 2147483709 2147483811 2147483814 2147483815 57 49 52 54 53 127 128 129 130 2147483814 2147483815 
2147483814 2147483669 2147483709 2147483811 2147483812 2147483669 2147483709 2147483811 2147483812 2147483815 54 57 53 2147483815 
2147483815 2147483669 2147483709 2147483811 2147483812 2147483814 2147483669 2147483709 2147483811 2147483812 2147483814 52 54 57 53 
2147483818 2147483669 2147483669 2147483819 57 2147483819 
2147483819 2147483669 2147483818 2147483669 2147483818 52 54 57 53 
2147483826 2147483649 2147483709 2147483649 2147483709 2147483828 2147483829 2147483874 2147483828 2147483829 2147483874 
2147483828 2147483649 2147483709 2147483826 2147483649 2147483709 2147483826 2147483829 2147483874 54 57 53 2147483829 2147483874 
2147483829 2147483649 2147483709 2147483826 2147483828 2147483649 2147483709 2147483826 2147483828 2147483874 52 54 57 53 2147483874 
2147483833 2147483649 2147483654 2147483709 2147483649 2147483654 2147483709 2147483874 2147483874 
2147483842 2147483649 2147483654 2147483655 2147483709 2147483649 2147483654 2147483655 2147483709 2147483874 2147483875 2147483874 2147483875 
2147483843 2147483649 2147483654 2147483655 2147483709 2147483649 2147483654 2147483655 2147483709 2147483844 2147483845 2147483875 2147483844 2147483845 2147483875 
2147483844 2147483649 2147483654 2147483655 2147483709 2147483843 2147483649 2147483654 2147483655 2147483709 2147483843 2147483875 2147483875 
2147483845 2147483649 2147483654 2147483655 2147483709 2147483843 2147483649 2147483654 2147483655 2147483709 2147483843 2147483875 2147483875 
2147483846 2147483649 2147483654 2147483655 2147483709 2147483649 2147483654 2147483655 2147483709 2147483847 2147483848 2147483875 2147483847 2147483848 2147483875 
2147483847 2147483649 2147483654 2147483655 2147483709 2147483846 2147483649 2147483654 2147483655 2147483709 2147483846 2147483875 2147483875 
2147483848 2147483649 2147483654 2147483655 2147483709 2147483846 2147483649 2147483654 2147483655 2147483709 2147483846 2147483875 2147483875 
2147483849 2147483649 2147483654 2147483655 2147483709 2147483649 2147483654 2147483655 2147483709 2147483850 2147483851 2147483875 2147483850 2147483851 2147483875 
2147483850 2147483649 2147483654 2147483655 2147483709 2147483849 2147483649 2147483654 2147483655 2147483709 2147483849 2147483875 2147483875 
2147483851 2147483649 2147483654 2147483655 2147483709 2147483849 2147483649 2147483654 2147483655 2147483709 2147483849 2147483875 2147483875 
2147483856 2147483649 2147483654 2147483709 2147483649 2147483654 2147483709 2147483874 2147483875 2147483876 2147483874 2147483875 2147483876 
2147483863 2147483649 2147483709 2147483649 2147483709 2147483864 2147483866 2147483867 2147483864 2147483866 2147483867 
2147483864 2147483649 2147483709 2147483863 2147483649 2147483709 2147483863 2147483866 2147483867 57 49 52 54 53 127 128 129 130 2147483866 2147483867 
2147483866 2147483649 2147483709 2147483863 2147483864 2147483649 2147483709 2147483863 2147483864 2147483867 54 57 53 2147483867 
2147483867 2147483649 2147483709 2147483863 2147483864 2147483866 2147483649 2147483709 2147483863 2147483864 2147483866 52 54 57 53 
2147483870 2147483649 2147483649 2147483871 57 2147483871 
2147483871 2147483649 2147483870 2147483649 2147483870 52 54 57 53 
2147483874 2147483649 2147483654 2147483655 2147483709 2147483826 2147483828 2147483829 2147483833 2147483842 2147483856 2147483649 2147483654 2147483655 2147483709 2147483826 2147483828 2147483829 2147483833 2147483842 2147483856 2147483875 2147483876 57 49 52 54 53 127 128 129 130 2147483875 2147483876 
2147483875 2147483649 2147483654 2147483655 2147483709 2147483842 2147483843 2147483844 2147483845 2147483846 2147483847 2147483848 2147483849 2147483850 2147483851 2147483856 2147483874 2147483649 2147483654 2147483655 2147483709 2147483842 2147483843 2147483844 2147483845 2147483846 2147483847 2147483848 2147483849 2147483850 2147483851 2147483856 2147483874 2147483876 2147483876 
2147483876 2147483649 2147483654 2147483709 2147483856 2147483874 2147483875 2147483649 2147483654 2147483709 2147483856 2147483874 2147483875 
2147483878 2147483649 2147483709 2147483649 2147483709 
2147483882 2147483669 2147483674 2147483675 2147483709 2147483774 2147483776 2147483777 2147483781 2147483790 2147483804 2147483669 2147483674 2147483675 2147483709 2147483774 2147483776 2147483777 2147483781 2147483790 2147483804 2147483883 2147483884 57 49 52 54 53 127 128 129 130 2147483883 2147483884 
2147483883 2147483669 2147483674 2147483675 2147483709 2147483790 2147483791 2147483792 2147483793 2147483794 2147483795 2147483796 2147483797 2147483798 2147483799 2147483804 2147483882 2147483669 2147483674 2147483675 2147483709 2147483790 2147483791 2147483792 2147483793 2147483794 2147483795 2147483796 2147483797 2147483798 2147483799 2147483804 2147483882 2147483884 2147483884 
2147483884 2147483669 2147483674 2147483709 2147483804 2147483882 2147483883 2147483669 2147483674 2147483709 2147483804 2147483882 2147483883 
2147483886 2147483669 2147483709 2147483669 2147483709 
2147483890 2147483689 2147483694 2147483695 2147483709 2147483722 2147483724 2147483725 2147483729 2147483738 2147483752 2147483689 2147483694 2147483695 2147483709 2147483722 2147483724 2147483725 2147483729 2147483738 2147483752 2147483891 2147483892 57 49 52 54 53 127 128 129 130 2147483891 2147483892 
2147483891 2147483689 2147483694 2147483695 2147483709 2147483738 2147483739 2147483740 2147483741 2147483742 2147483743 2147483744 2147483745 2147483746 2147483747 2147483752 2147483890 2147483689 2147483694 2147483695 2147483709 2147483738 2147483739 2147483740 2147483741 2147483742 2147483743 2147483744 2147483745 2147483746 2147483747 2147483752 2147483890 2147483892 2147483892 
2147483892 2147483689 2147483694 2147483709 2147483752 2147483890 2147483891 2147483689 2147483694 2147483709 2147483752 2147483890 2147483891 
2147483894 2147483689 2147483709 2147483689 2147483709 
