22,1,22,-1,0,1,0,0,0,
23,1,23,-1,0,1,0,0,0,
24,1,24,-1,0,1,0,0,0,
25,1,25,-1,0,1,0,0,0,
26,1,26,-1,0,1,0,0,0,
27,1,27,-1,0,1,0,0,0,
32,1,32,-1,0,1,0,0,0,
49,1,49,-1,0,1,0,0,0,
50,1,50,-1,0,1,0,0,0,
51,1,51,-1,0,1,0,0,0,
52,1,52,-1,0,1,0,0,0,
53,1,53,-1,0,1,0,0,0,
54,1,54,-1,0,1,0,0,0,
57,1,57,-1,0,1,0,0,0,
127,1,127,-1,0,1,0,0,0,
128,1,128,-1,0,1,0,0,0,
129,1,129,-1,0,1,0,0,0,
130,1,130,-1,0,1,0,0,62,
131,1,131,-1,0,1,0,0,0,
132,1,132,-1,0,1,0,0,0,
133,1,133,-1,0,1,0,0,0,
134,1,134,-1,0,1,0,0,0,
263,1,263,-1,0,1,0,0,0,
264,1,264,-1,0,1,0,0,0,
265,1,265,-1,0,1,0,0,0,
266,1,266,-1,0,1,0,0,0,
267,1,267,-1,0,1,0,0,0,
268,1,268,-1,0,1,0,0,0,
269,1,269,-1,0,1,0,0,0,
270,1,270,-1,0,1,0,0,0,
2147483648,0,0,0.00508242,1,0,1,0,0,49 52 54 57 53 127 128 129 130 51 133 134 131 132 50
2147483649,0,0,0.00304487,1,0,1,0,0,49 52 54 57 53 127 128 129 130 51 133 134 131 132 50
2147483653,0,0,0.0201233,1,0,1,0,0,51 133 134 131 132 50
2147483658,0,0,0.00294815,1,0,1,0,0,51 133 134 131 132 50
2147483660,0,0,0.220364,1,0,1,0,0,49 52 54 57 53 127 128 129 130 51 133 134 131 132 50
2147483662,0,0,0.0293666,1,0,1,0,0,51 133 134 131 132 50
2147483665,0,0,0.220364,1,0,1,0,0,49 52 54 57 53 127 128 129 130 51 133 134 131 132 50
2147483675,0,0,0.00294815,1,0,1,0,0,51 133 134 131 132 50
2147483677,0,0,0.00623845,1,0,1,0,0,51 133 134 131 132 50
2147483678,0,0,0.0198113,1,0,1,0,0,51 133 134 131 132 50
2147483679,0,0,0.00958375,1,0,1,0,0,51 133 134 131 132 50
2147483680,0,0,0.000489657,1,0,1,0,0,53 49 52 54 57 127 128 129 130 51 133 134 131 132 50
2147483682,0,0,0.000634223,2,0,1,0,0,52 49 127 128 129 130 51 133 134 131 132 50
2147483683,0,0,0.000333,1,0,1,0,0,49 127 128 129 130 51 133 134 131 132 50
2147483686,0,0,0.00208104,1,0,1,0,0,53 49 52 54 57 127 128 129 130 51 133 134 131 132 50
2147483688,0,0,0.00269545,2,0,1,0,0,52 49 127 128 129 130 51 133 134 131 132 50
2147483689,0,0,0.00141525,1,0,1,0,0,49 127 128 129 130 51 133 134 131 132 50
2147483693,0,0,0.00214411,1,0,1,0,0,53 49 52 54 57 127 128 129 130 51 133 134 131 132 50
2147483695,0,0,0.00141525,1,0,1,0,0,49 127 128 129 130 51 133 134 131 132 50
2147483706,0,0,0.0901786,1,0,1,0,0,32 22 25 27 263 264 265 266 24 23 269 270 267 268
2147483711,0,0,inf,1,0,1,0,0,49 52 54 57 53 127 128 129 130 51 133 134 131 132 50
2147483714,0,0,0.000612072,1,0,1,0,0,53 49 52 54 57 127 128 129 130 51 133 134 131 132 50
2147483716,0,0,0.000792779,2,0,1,0,0,52 49 127 128 129 130 51 133 134 131 132 50
2147483717,0,0,0.00041625,1,0,1,0,0,49 127 128 129 130 51 133 134 131 132 50
2147483720,0,0,0.00208104,1,0,1,0,0,53 49 52 54 57 127 128 129 130 51 133 134 131 132 50
2147483722,0,0,0.00269545,2,0,1,0,0,52 49 127 128 129 130 51 133 134 131 132 50
2147483723,0,0,0.00141525,1,0,1,0,0,49 127 128 129 130 51 133 134 131 132 50
2147483727,0,0,0.00214411,1,0,1,0,0,53 49 52 54 57 127 128 129 130 51 133 134 131 132 50
2147483729,0,0,0.00141525,1,0,1,0,0,49 127 128 129 130 51 133 134 131 132 50
2147483732,0,0,0.00172975,1,0,1,0,0,49 52 54 57 127 128 130
2147483733,0,0,0.000976703,3,0,1,0,0,51 133 134 131 132 50
2147483734,0,0,0.00418799,3,0,1,0,0,51 133 134 131 132 50
2147483735,0,0,0.00819931,5,0,1,0,0,52 49 127 128 129 130 51 133 134 131 132 50
2147483736,0,0,0.2067,4,0,1,0,0,49 52 54 57 53 127 128 129 130 51 133 134 131 132 50
2147483737,0,0,0.239724,3,0,1,0,0,51 133 134 131 132 50
2147483738,0,0,0.104293,4,0,1,0,0,51 133 134 131 132 50
2147483739,0,0,0.00125788,3,0,1,0,0,51 133 134 131 132 50
2147483740,0,0,0.00418799,3,0,1,0,255,51 133 134 131 132 50
2147483741,0,0,0.00836665,5,0,1,0,0,52 49 127 128 129 130 51 133 134 131 132 50
