49 2147483648 2147483649 2147483650 2147483651 2147483652 2147483664 2147483665 2147483666 2147483667 2147483668 2147483669 2147483691 2147483709 
50 
51 
52 2147483648 2147483649 2147483650 2147483651 2147483652 2147483664 2147483665 2147483666 2147483667 2147483668 2147483669 2147483691 2147483709 
53 2147483648 2147483649 2147483650 2147483651 2147483652 2147483664 2147483665 2147483666 2147483667 2147483668 2147483669 2147483676 2147483679 2147483682 2147483685 2147483687 2147483689 2147483691 2147483694 2147483696 2147483700 2147483702 2147483709 
54 2147483648 2147483649 2147483650 2147483651 2147483652 2147483664 2147483665 2147483666 2147483667 2147483668 2147483669 2147483689 2147483691 2147483709 
57 2147483648 2147483649 2147483650 2147483651 2147483652 2147483664 2147483665 2147483666 2147483667 2147483668 2147483669 2147483685 2147483687 2147483689 2147483691 2147483694 2147483696 2147483700 2147483702 2147483709 
127 2147483648 2147483649 2147483650 2147483651 2147483652 2147483664 2147483665 2147483666 2147483667 2147483668 2147483669 2147483691 2147483709 
128 2147483648 2147483649 2147483650 2147483651 2147483652 2147483664 2147483665 2147483666 2147483667 2147483668 2147483669 2147483691 2147483709 
129 2147483648 2147483649 2147483650 2147483651 2147483652 2147483664 2147483665 2147483666 2147483667 2147483668 2147483669 2147483691 2147483709 
130 2147483648 2147483649 2147483650 2147483651 2147483652 2147483664 2147483665 2147483666 2147483667 2147483668 2147483669 2147483691 2147483709 
131 
132 
133 
134 
2147483648 2147483649 2147483650 2147483651 2147483652 2147483664 2147483665 2147483666 2147483667 2147483668 2147483669 2147483676 2147483679 2147483682 2147483685 2147483687 2147483689 2147483691 2147483694 2147483696 2147483700 2147483702 2147483709 53 52 49 54 57 127 128 129 130 2147483649 2147483650 2147483651 2147483652 2147483664 2147483665 2147483666 2147483667 2147483668 2147483669 2147483676 2147483679 2147483682 2147483685 2147483687 2147483689 2147483691 2147483694 2147483696 2147483700 2147483702 2147483709 
2147483649 2147483648 2147483648 2147483650 2147483651 2147483652 2147483664 2147483665 2147483666 2147483667 2147483668 2147483669 2147483676 2147483679 2147483682 2147483685 2147483687 2147483689 2147483691 2147483694 2147483696 2147483700 2147483702 2147483709 53 54 49 52 57 127 128 129 130 2147483650 2147483651 2147483652 2147483664 2147483665 2147483666 2147483667 2147483668 2147483669 2147483676 2147483679 2147483682 2147483685 2147483687 2147483689 2147483691 2147483694 2147483696 2147483700 2147483702 2147483709 
2147483650 2147483648 2147483649 2147483648 2147483649 2147483651 2147483652 2147483664 2147483666 2147483667 2147483668 2147483669 2147483679 2147483682 2147483685 2147483687 2147483689 2147483691 2147483694 2147483696 2147483700 2147483702 2147483709 53 49 52 54 57 127 128 129 130 2147483651 2147483652 2147483664 2147483666 2147483667 2147483668 2147483669 2147483679 2147483682 2147483685 2147483687 2147483689 2147483691 2147483694 2147483696 2147483700 2147483702 2147483709 
2147483651 2147483648 2147483649 2147483650 2147483648 2147483649 2147483650 2147483652 2147483664 2147483666 2147483667 2147483668 2147483669 2147483682 2147483685 2147483687 2147483689 2147483691 2147483694 2147483696 2147483700 2147483702 2147483709 49 57 52 54 53 127 128 129 130 2147483652 2147483664 2147483666 2147483667 2147483668 2147483669 2147483682 2147483685 2147483687 2147483689 2147483691 2147483694 2147483696 2147483700 2147483702 2147483709 
2147483652 2147483648 2147483649 2147483650 2147483651 2147483648 2147483649 2147483650 2147483651 2147483664 2147483666 2147483667 2147483668 2147483669 2147483685 2147483687 2147483689 2147483691 2147483694 2147483700 2147483709 49 57 52 54 53 127 128 129 130 2147483664 2147483666 2147483667 2147483668 2147483669 2147483685 2147483687 2147483689 2147483691 2147483694 2147483700 2147483709 
2147483664 2147483648 2147483649 2147483650 2147483651 2147483652 2147483648 2147483649 2147483650 2147483651 2147483652 2147483665 2147483666 2147483667 2147483668 2147483669 2147483676 2147483679 2147483682 2147483685 2147483687 2147483689 2147483691 2147483700 2147483702 53 49 52 54 57 127 128 129 130 2147483665 2147483666 2147483667 2147483668 2147483669 2147483676 2147483679 2147483682 2147483685 2147483687 2147483689 2147483691 2147483700 2147483702 
2147483665 2147483648 2147483649 2147483664 2147483648 2147483649 2147483664 2147483666 2147483667 2147483668 2147483669 57 49 52 54 53 127 128 129 130 2147483666 2147483667 2147483668 2147483669 
2147483666 2147483648 2147483649 2147483650 2147483651 2147483652 2147483664 2147483665 2147483648 2147483649 2147483650 2147483651 2147483652 2147483664 2147483665 2147483667 2147483668 2147483669 2147483676 2147483679 2147483682 2147483685 2147483687 2147483689 54 57 49 52 53 127 128 129 130 2147483667 2147483668 2147483669 2147483676 2147483679 2147483682 2147483685 2147483687 2147483689 
2147483667 2147483648 2147483649 2147483650 2147483651 2147483652 2147483664 2147483665 2147483666 2147483648 2147483649 2147483650 2147483651 2147483652 2147483664 2147483665 2147483666 2147483668 2147483669 2147483676 2147483679 2147483682 2147483685 2147483687 2147483689 53 52 54 49 57 127 128 129 130 2147483668 2147483669 2147483676 2147483679 2147483682 2147483685 2147483687 2147483689 
2147483668 2147483648 2147483649 2147483650 2147483651 2147483652 2147483664 2147483665 2147483666 2147483667 2147483648 2147483649 2147483650 2147483651 2147483652 2147483664 2147483665 2147483666 2147483667 2147483669 2147483676 2147483679 2147483682 2147483685 127 57 49 52 54 53 128 129 130 2147483669 2147483676 2147483679 2147483682 2147483685 
2147483669 2147483648 2147483649 2147483650 2147483651 2147483652 2147483664 2147483665 2147483666 2147483667 2147483668 2147483648 2147483649 2147483650 2147483651 2147483652 2147483664 2147483665 2147483666 2147483667 2147483668 2147483676 2147483679 2147483682 2147483685 2147483687 128 57 49 52 54 53 127 129 130 2147483676 2147483679 2147483682 2147483685 2147483687 
2147483676 2147483648 2147483649 2147483664 2147483666 2147483667 2147483668 2147483669 2147483648 2147483649 2147483664 2147483666 2147483667 2147483668 2147483669 53 
2147483679 2147483648 2147483649 2147483650 2147483664 2147483666 2147483667 2147483668 2147483669 2147483648 2147483649 2147483650 2147483664 2147483666 2147483667 2147483668 2147483669 53 
2147483682 2147483648 2147483649 2147483650 2147483651 2147483664 2147483666 2147483667 2147483668 2147483669 2147483648 2147483649 2147483650 2147483651 2147483664 2147483666 2147483667 2147483668 2147483669 53 
2147483685 2147483648 2147483649 2147483650 2147483651 2147483652 2147483664 2147483666 2147483667 2147483668 2147483669 2147483648 2147483649 2147483650 2147483651 2147483652 2147483664 2147483666 2147483667 2147483668 2147483669 57 53 
2147483687 2147483648 2147483649 2147483650 2147483651 2147483652 2147483664 2147483666 2147483667 2147483669 2147483648 2147483649 2147483650 2147483651 2147483652 2147483664 2147483666 2147483667 2147483669 57 53 
2147483689 2147483648 2147483649 2147483650 2147483651 2147483652 2147483664 2147483666 2147483667 2147483648 2147483649 2147483650 2147483651 2147483652 2147483664 2147483666 2147483667 54 57 53 
2147483691 2147483648 2147483649 2147483650 2147483651 2147483652 2147483664 2147483648 2147483649 2147483650 2147483651 2147483652 2147483664 2147483700 2147483702 49 52 54 57 53 127 128 129 130 2147483700 2147483702 
2147483694 2147483648 2147483649 2147483650 2147483651 2147483652 2147483648 2147483649 2147483650 2147483651 2147483652 2147483709 57 53 2147483709 
2147483696 2147483648 2147483649 2147483650 2147483651 2147483648 2147483649 2147483650 2147483651 2147483709 57 53 2147483709 
2147483698 
2147483700 2147483648 2147483649 2147483650 2147483651 2147483652 2147483664 2147483691 2147483648 2147483649 2147483650 2147483651 2147483652 2147483664 2147483691 57 53 
2147483702 2147483648 2147483649 2147483650 2147483651 2147483664 2147483691 2147483648 2147483649 2147483650 2147483651 2147483664 2147483691 57 53 
2147483706 
2147483709 2147483648 2147483649 2147483650 2147483651 2147483652 2147483694 2147483696 2147483648 2147483649 2147483650 2147483651 2147483652 2147483694 2147483696 49 53 52 54 57 127 128 129 130 
