3 
6 
9 
13 
16 
21 
49 2147483650 
50 
51 
52 2147483650 
53 2147483650 2147483651 2147483657 
54 2147483650 
57 2147483650 
59 
127 2147483650 
128 2147483650 
129 2147483650 
130 2147483650 
131 
132 
133 
134 
271 
272 
273 
274 
275 
276 
277 
278 
2147483648 2147483649 2147483650 2147483655 2147483656 2147483649 2147483650 2147483655 2147483656 
2147483649 2147483648 2147483648 2147483650 2147483655 2147483650 2147483655 
2147483650 2147483648 2147483649 2147483648 2147483649 2147483651 2147483653 2147483655 2147483656 2147483657 49 53 52 54 57 127 128 129 130 2147483651 2147483653 2147483655 2147483656 2147483657 
2147483651 2147483650 2147483650 2147483653 53 2147483653 
2147483653 2147483650 2147483651 2147483650 2147483651 
2147483655 2147483648 2147483649 2147483650 2147483648 2147483649 2147483650 
2147483656 2147483648 2147483650 2147483648 2147483650 2147483657 2147483657 
2147483657 2147483650 2147483656 2147483650 2147483656 53 
