22 
23 
24 
25 
26 2147483675 2147483676 
27 2147483676 
32 2147483675 2147483676 
49 2147483648 2147483673 2147483674 2147483677 2147483698 2147483712 2147483715 2147483716 2147483718 2147483719 
50 
51 
52 2147483648 2147483673 2147483674 2147483677 2147483712 2147483714 2147483715 2147483716 2147483718 2147483719 
53 2147483648 2147483669 2147483670 2147483673 2147483674 2147483677 2147483685 2147483694 2147483701 2147483704 2147483712 2147483714 2147483715 2147483716 2147483718 2147483719 
54 2147483648 2147483673 2147483674 2147483677 2147483712 2147483714 2147483715 2147483716 2147483718 2147483719 
57 2147483648 2147483673 2147483674 2147483677 2147483685 2147483694 2147483701 2147483704 2147483712 2147483714 2147483715 2147483716 2147483718 2147483719 
127 2147483648 2147483673 2147483674 2147483677 2147483712 2147483714 2147483715 2147483716 2147483718 2147483719 
128 2147483648 2147483673 2147483674 2147483677 2147483712 2147483715 2147483716 2147483718 2147483719 
129 2147483648 2147483673 2147483674 2147483677 2147483712 2147483715 2147483716 2147483718 2147483719 
130 2147483648 2147483673 2147483674 2147483677 2147483712 2147483715 2147483716 2147483718 2147483719 
131 
132 
133 
134 
151 
152 
153 
154 
155 
156 
157 
158 
159 
160 
161 
162 
163 
164 
165 
166 
263 
264 
265 
266 
267 
268 
269 
270 
2147483648 2147483649 2147483658 2147483669 2147483673 2147483674 2147483677 2147483680 2147483684 2147483685 2147483693 2147483694 2147483698 2147483700 2147483701 2147483712 2147483714 2147483715 2147483716 2147483718 2147483719 49 52 54 57 53 127 128 129 130 2147483649 2147483658 2147483669 2147483673 2147483674 2147483677 2147483680 2147483684 2147483685 2147483693 2147483694 2147483698 2147483700 2147483701 2147483712 2147483714 2147483715 2147483716 2147483718 2147483719 
2147483649 2147483648 2147483648 2147483673 2147483674 2147483677 2147483714 2147483673 2147483674 2147483677 2147483714 
2147483658 2147483648 2147483648 2147483673 2147483677 2147483714 2147483673 2147483677 2147483714 
2147483669 2147483648 2147483648 2147483673 2147483700 2147483701 2147483719 53 2147483673 2147483700 2147483701 2147483719 
2147483670 2147483673 2147483703 2147483704 2147483719 53 2147483673 2147483703 2147483704 2147483719 
2147483673 2147483648 2147483649 2147483658 2147483669 2147483670 2147483648 2147483649 2147483658 2147483669 2147483670 2147483674 2147483675 2147483676 2147483677 2147483680 2147483684 2147483685 2147483693 2147483694 2147483698 2147483700 2147483701 2147483712 2147483714 2147483715 2147483716 2147483718 2147483719 53 49 52 54 57 127 128 129 130 2147483674 2147483675 2147483676 2147483677 2147483680 2147483684 2147483685 2147483693 2147483694 2147483698 2147483700 2147483701 2147483712 2147483714 2147483715 2147483716 2147483718 2147483719 
2147483674 2147483648 2147483649 2147483673 2147483648 2147483649 2147483673 2147483675 2147483676 2147483677 2147483680 2147483684 2147483685 2147483712 2147483714 2147483715 57 49 52 54 53 127 128 129 130 2147483675 2147483676 2147483677 2147483680 2147483684 2147483685 2147483712 2147483714 2147483715 
2147483675 2147483673 2147483674 2147483673 2147483674 2147483676 2147483677 2147483714 32 26 2147483676 2147483677 2147483714 
2147483676 2147483673 2147483674 2147483675 2147483673 2147483674 2147483675 2147483677 2147483714 27 32 26 2147483677 2147483714 
2147483677 2147483648 2147483649 2147483658 2147483673 2147483674 2147483675 2147483676 2147483648 2147483649 2147483658 2147483673 2147483674 2147483675 2147483676 2147483680 2147483684 2147483685 2147483693 2147483694 2147483712 2147483714 2147483715 2147483716 2147483718 127 57 49 52 54 53 128 129 130 2147483680 2147483684 2147483685 2147483693 2147483694 2147483712 2147483714 2147483715 2147483716 2147483718 
2147483680 2147483648 2147483673 2147483674 2147483677 2147483648 2147483673 2147483674 2147483677 2147483714 2147483714 
2147483684 2147483648 2147483673 2147483674 2147483677 2147483648 2147483673 2147483674 2147483677 2147483712 2147483714 2147483712 2147483714 
2147483685 2147483648 2147483673 2147483674 2147483677 2147483648 2147483673 2147483674 2147483677 2147483712 2147483714 57 53 2147483712 2147483714 
2147483693 2147483648 2147483673 2147483677 2147483648 2147483673 2147483677 2147483714 2147483716 2147483714 2147483716 
2147483694 2147483648 2147483673 2147483677 2147483648 2147483673 2147483677 2147483714 2147483716 57 53 2147483714 2147483716 
2147483698 2147483648 2147483673 2147483648 2147483673 2147483719 49 2147483719 
2147483700 2147483648 2147483669 2147483673 2147483648 2147483669 2147483673 2147483701 2147483719 2147483701 2147483719 
2147483701 2147483648 2147483669 2147483673 2147483700 2147483648 2147483669 2147483673 2147483700 2147483719 57 53 2147483719 
2147483703 2147483670 2147483670 2147483704 2147483719 2147483704 2147483719 
2147483704 2147483670 2147483703 2147483670 2147483703 2147483719 57 53 2147483719 
2147483709 
2147483712 2147483648 2147483673 2147483674 2147483677 2147483684 2147483685 2147483648 2147483673 2147483674 2147483677 2147483684 2147483685 2147483714 2147483715 57 54 49 52 53 127 128 129 130 2147483714 2147483715 
2147483714 2147483648 2147483649 2147483658 2147483673 2147483674 2147483675 2147483676 2147483677 2147483680 2147483684 2147483685 2147483693 2147483694 2147483712 2147483648 2147483649 2147483658 2147483673 2147483674 2147483675 2147483676 2147483677 2147483680 2147483684 2147483685 2147483693 2147483694 2147483712 2147483715 2147483716 53 52 54 57 127 2147483715 2147483716 
2147483715 2147483648 2147483673 2147483674 2147483677 2147483712 2147483714 2147483648 2147483673 2147483674 2147483677 2147483712 2147483714 49 53 52 54 57 127 128 129 130 
2147483716 2147483648 2147483673 2147483677 2147483693 2147483694 2147483714 2147483648 2147483673 2147483677 2147483693 2147483694 2147483714 2147483718 57 54 49 52 53 127 128 129 130 2147483718 
2147483718 2147483648 2147483673 2147483677 2147483716 2147483648 2147483673 2147483677 2147483716 49 53 52 54 57 127 128 129 130 
2147483719 2147483648 2147483669 2147483670 2147483673 2147483698 2147483700 2147483701 2147483703 2147483704 2147483648 2147483669 2147483670 2147483673 2147483698 2147483700 2147483701 2147483703 2147483704 49 53 52 54 57 127 128 129 130 
