22,1,22,-1,0,1,0,0,0,
23,1,23,-1,0,1,0,0,0,
24,1,24,-1,0,1,0,0,0,
25,1,25,-1,0,1,0,0,0,
26,1,26,-1,0,1,0,0,0,
27,1,27,-1,0,1,0,0,0,
32,1,32,-1,0,1,0,0,0,
49,1,49,-1,0,1,0,0,0,
50,1,50,-1,0,1,0,0,0,
51,1,51,-1,0,1,0,0,0,
52,1,52,-1,0,1,0,0,0,
53,1,53,-1,0,1,0,0,0,
54,1,54,-1,0,1,0,0,0,
57,1,57,-1,0,1,0,0,0,
127,1,127,-1,0,1,0,0,0,
128,1,128,-1,0,1,0,0,0,
129,1,129,-1,0,1,0,0,0,
130,1,130,-1,0,1,0,0,0,
131,1,131,-1,0,1,0,0,0,
132,1,132,-1,0,1,0,0,0,
133,1,133,-1,0,1,0,0,0,
134,1,134,-1,0,1,0,0,0,
151,1,151,-1,0,1,0,0,0,
152,1,152,-1,0,1,0,0,0,
153,1,153,-1,0,1,0,0,0,
154,1,154,-1,0,1,0,0,0,
155,1,155,-1,0,1,0,0,255,
156,1,156,-1,0,1,0,0,255,
157,1,157,-1,0,1,0,0,0,
158,1,158,-1,0,1,0,0,0,
159,1,159,-1,0,1,0,0,0,
160,1,160,-1,0,1,0,0,0,
161,1,161,-1,0,1,0,0,0,
162,1,162,-1,0,1,0,0,0,
163,1,163,-1,0,1,0,0,0,
164,1,164,-1,0,1,0,0,0,
165,1,165,-1,0,1,0,0,0,
166,1,166,-1,0,1,0,0,0,
263,1,263,-1,0,1,0,0,0,
264,1,264,-1,0,1,0,0,255,
265,1,265,-1,0,1,0,0,0,
266,1,266,-1,0,1,0,0,0,
267,1,267,-1,0,1,0,0,0,
268,1,268,-1,0,1,0,0,0,
269,1,269,-1,0,1,0,0,0,
270,1,270,-1,0,1,0,0,0,
2147483648,0,0,0.00380068,5,0,1,0,0,49 52 54 57 53 127 128 129 130 51 133 134 131 132 50
2147483655,0,0,inf,1,0,1,0,0,49 52 54 57 53 127 128 129 130 51 133 134 131 132 50
2147483657,0,0,1.67572e-12,2,0,1,0,0,51 133 134 131 132 50
2147483662,0,0,1.67572e-12,2,0,1,0,0,51 133 134 131 132 50
2147483670,0,0,0.00196498,6,0,1,0,0,51 133 134 131 132 50
2147483672,0,0,0.0047089,6,0,1,0,0,49 52 54 57 53 127 128 129 130 51 133 134 131 132 50
2147483682,0,0,1.39976e-12,1,0,1,0,0,127 49 128 129 130 51 133 134 131 132 50
2147483683,0,0,2.00716e-12,1,0,1,0,0,49 52 54 57 53 127 128 129 130 51 133 134 131 132 50
2147483685,0,0,inf,1,0,0,0,1,151 152 153 154 155 156 157 158 159 160 161 162 163 164 165 166
2147483696,0,0,inf,1,0,1,0,0,22 25 27 32 26 263 264 265 266 24 23 269 270 267 268
2147483699,0,0,inf,1,0,1,0,0,22 25 27 32 26 263 264 265 266 24 23 269 270 267 268
2147483702,0,0,0.00218023,2,0,1,0,0,49 52 54 57 53 127 128 129 130 51 133 134 131 132 50
2147483705,0,0,0.00253378,1,0,1,0,0,49 52 54 57 53 127 128 129 130 51 133 134 131 132 50
2147483707,0,0,inf,1,0,1,0,0,49 52 54 57 53 127 128 129 130 51 133 134 131 132 50
2147483709,0,0,inf,1,0,1,0,0,22 25 27 32 26 263 264 265 266 24 23 269 270 267 268
2147483711,0,0,inf,1,0,1,0,0,22 25 27 32 26 263 264 265 266 24 23 269 270 267 268
2147483714,0,0,inf,1,0,1,0,0,22 25 27 32 26 263 264 265 266 24 23 269 270 267 268
2147483717,0,0,0.00213068,3,0,1,0,0,49 52 54 57 53 127 128 129 130 51 133 134 131 132 50
2147483720,0,0,0.00253378,2,0,1,0,0,49 52 54 57 53 127 128 129 130 51 133 134 131 132 50
2147483722,0,0,inf,1,0,1,0,0,49 52 54 57 53 127 128 129 130 51 133 134 131 132 50
2147483724,0,0,inf,1,0,1,0,0,22 25 27 32 26 263 264 265 266 24 23 269 270 267 268
2147483727,0,0,1.67971e-12,1,0,1,0,0,127 49 128 129 130 51 133 134 131 132 50
2147483737,0,0,1.67971e-12,1,0,1,0,0,127 49 128 129 130 51 133 134 131 132 50
2147483745,0,0,0.00827869,4,0,1,0,0,32 22 25 27 263 264 265 266 24 23 269 270 267 268
2147483749,0,0,6.99878e-13,1,0,1,0,0,127 49 128 129 130 51 133 134 131 132 50
2147483750,0,0,1.00358e-12,1,0,1,0,0,49 52 54 57 53 127 128 129 130 51 133 134 131 132 50
2147483752,0,0,inf,1,0,0,0,1,151 152 153 154 155 156 157 158 159 160 161 162 163 164 165 166
2147483762,0,0,1.24643e-12,5,0,1,0,0,51 133 134 131 132 50
2147483764,0,0,2.97477e-18,6,0,1,0,0,51 133 134 131 132 50
