49 2147483648 2147483649 2147483656 2147483661 2147483663 2147483700 
50 
51 
52 2147483648 2147483649 2147483656 2147483661 2147483700 
53 2147483648 2147483649 2147483656 2147483657 2147483658 2147483659 2147483661 2147483666 2147483667 2147483670 2147483671 2147483674 2147483675 2147483678 2147483679 2147483682 2147483683 2147483686 2147483687 2147483690 2147483691 2147483700 
54 2147483648 2147483649 2147483656 2147483659 2147483661 2147483700 
57 2147483648 2147483649 2147483656 2147483658 2147483659 2147483661 2147483667 2147483671 2147483675 2147483679 2147483683 2147483687 2147483691 2147483700 
127 2147483648 2147483649 2147483656 2147483661 2147483700 
128 2147483648 2147483649 2147483656 2147483661 2147483700 
129 2147483648 2147483649 2147483656 2147483661 2147483700 
130 2147483648 2147483649 2147483656 2147483661 2147483700 
131 
132 
133 
134 
151 
152 
153 
154 
155 
156 
157 
158 
159 
160 
161 
162 
163 
164 
165 
166 
2147483648 2147483649 2147483656 2147483657 2147483658 2147483660 2147483661 2147483663 2147483665 2147483666 2147483667 2147483669 2147483670 2147483671 2147483673 2147483674 2147483675 2147483677 2147483678 2147483679 2147483681 2147483682 2147483683 2147483685 2147483686 2147483687 2147483689 2147483690 2147483691 2147483693 2147483700 49 52 54 57 53 127 128 129 130 2147483649 2147483656 2147483657 2147483658 2147483660 2147483661 2147483663 2147483665 2147483666 2147483667 2147483669 2147483670 2147483671 2147483673 2147483674 2147483675 2147483677 2147483678 2147483679 2147483681 2147483682 2147483683 2147483685 2147483686 2147483687 2147483689 2147483690 2147483691 2147483693 2147483700 
2147483649 2147483648 2147483648 2147483656 2147483657 2147483658 2147483660 2147483661 2147483663 2147483665 2147483666 2147483667 2147483669 2147483670 2147483671 2147483673 2147483674 2147483675 2147483677 2147483678 2147483679 2147483681 2147483682 2147483683 2147483685 2147483686 2147483687 2147483689 2147483690 2147483691 2147483693 2147483700 49 52 54 57 53 127 128 129 130 2147483656 2147483657 2147483658 2147483660 2147483661 2147483663 2147483665 2147483666 2147483667 2147483669 2147483670 2147483671 2147483673 2147483674 2147483675 2147483677 2147483678 2147483679 2147483681 2147483682 2147483683 2147483685 2147483686 2147483687 2147483689 2147483690 2147483691 2147483693 2147483700 
2147483656 2147483648 2147483649 2147483648 2147483649 2147483657 2147483658 2147483659 2147483660 2147483661 2147483663 2147483665 2147483666 2147483667 2147483669 2147483670 2147483671 2147483673 2147483674 2147483675 2147483677 2147483678 2147483679 2147483681 2147483682 2147483683 2147483685 2147483686 2147483687 2147483689 2147483690 2147483691 2147483693 2147483700 53 49 52 54 57 127 128 129 130 2147483657 2147483658 2147483659 2147483660 2147483661 2147483663 2147483665 2147483666 2147483667 2147483669 2147483670 2147483671 2147483673 2147483674 2147483675 2147483677 2147483678 2147483679 2147483681 2147483682 2147483683 2147483685 2147483686 2147483687 2147483689 2147483690 2147483691 2147483693 2147483700 
2147483657 2147483648 2147483649 2147483656 2147483648 2147483649 2147483656 2147483658 2147483659 2147483660 2147483661 53 2147483658 2147483659 2147483660 2147483661 
2147483658 2147483648 2147483649 2147483656 2147483657 2147483648 2147483649 2147483656 2147483657 2147483659 2147483660 2147483661 57 53 2147483659 2147483660 2147483661 
2147483659 2147483656 2147483657 2147483658 2147483656 2147483657 2147483658 54 57 53 
2147483660 2147483648 2147483649 2147483656 2147483657 2147483658 2147483648 2147483649 2147483656 2147483657 2147483658 2147483661 2147483661 
2147483661 2147483648 2147483649 2147483656 2147483657 2147483658 2147483660 2147483648 2147483649 2147483656 2147483657 2147483658 2147483660 2147483663 2147483665 2147483666 2147483667 2147483669 2147483670 2147483671 2147483673 2147483674 2147483675 2147483677 2147483678 2147483679 2147483681 2147483682 2147483683 2147483685 2147483686 2147483687 2147483689 2147483690 2147483691 2147483693 2147483700 49 52 54 57 53 127 128 129 130 2147483663 2147483665 2147483666 2147483667 2147483669 2147483670 2147483671 2147483673 2147483674 2147483675 2147483677 2147483678 2147483679 2147483681 2147483682 2147483683 2147483685 2147483686 2147483687 2147483689 2147483690 2147483691 2147483693 2147483700 
2147483663 2147483648 2147483649 2147483656 2147483661 2147483648 2147483649 2147483656 2147483661 2147483700 49 2147483700 
2147483665 2147483648 2147483649 2147483656 2147483661 2147483648 2147483649 2147483656 2147483661 2147483666 2147483667 2147483700 2147483666 2147483667 2147483700 
2147483666 2147483648 2147483649 2147483656 2147483661 2147483665 2147483648 2147483649 2147483656 2147483661 2147483665 2147483667 2147483700 53 2147483667 2147483700 
2147483667 2147483648 2147483649 2147483656 2147483661 2147483665 2147483666 2147483648 2147483649 2147483656 2147483661 2147483665 2147483666 2147483700 57 53 2147483700 
2147483669 2147483648 2147483649 2147483656 2147483661 2147483648 2147483649 2147483656 2147483661 2147483670 2147483671 2147483700 2147483670 2147483671 2147483700 
2147483670 2147483648 2147483649 2147483656 2147483661 2147483669 2147483648 2147483649 2147483656 2147483661 2147483669 2147483671 2147483700 53 2147483671 2147483700 
2147483671 2147483648 2147483649 2147483656 2147483661 2147483669 2147483670 2147483648 2147483649 2147483656 2147483661 2147483669 2147483670 2147483700 57 53 2147483700 
2147483673 2147483648 2147483649 2147483656 2147483661 2147483648 2147483649 2147483656 2147483661 2147483674 2147483675 2147483700 2147483674 2147483675 2147483700 
2147483674 2147483648 2147483649 2147483656 2147483661 2147483673 2147483648 2147483649 2147483656 2147483661 2147483673 2147483675 2147483700 53 2147483675 2147483700 
2147483675 2147483648 2147483649 2147483656 2147483661 2147483673 2147483674 2147483648 2147483649 2147483656 2147483661 2147483673 2147483674 2147483700 57 53 2147483700 
2147483677 2147483648 2147483649 2147483656 2147483661 2147483648 2147483649 2147483656 2147483661 2147483678 2147483679 2147483700 2147483678 2147483679 2147483700 
2147483678 2147483648 2147483649 2147483656 2147483661 2147483677 2147483648 2147483649 2147483656 2147483661 2147483677 2147483679 2147483700 53 2147483679 2147483700 
2147483679 2147483648 2147483649 2147483656 2147483661 2147483677 2147483678 2147483648 2147483649 2147483656 2147483661 2147483677 2147483678 2147483700 57 53 2147483700 
2147483681 2147483648 2147483649 2147483656 2147483661 2147483648 2147483649 2147483656 2147483661 2147483682 2147483683 2147483700 2147483682 2147483683 2147483700 
2147483682 2147483648 2147483649 2147483656 2147483661 2147483681 2147483648 2147483649 2147483656 2147483661 2147483681 2147483683 2147483700 53 2147483683 2147483700 
2147483683 2147483648 2147483649 2147483656 2147483661 2147483681 2147483682 2147483648 2147483649 2147483656 2147483661 2147483681 2147483682 2147483700 57 53 2147483700 
2147483685 2147483648 2147483649 2147483656 2147483661 2147483648 2147483649 2147483656 2147483661 2147483686 2147483687 2147483700 2147483686 2147483687 2147483700 
2147483686 2147483648 2147483649 2147483656 2147483661 2147483685 2147483648 2147483649 2147483656 2147483661 2147483685 2147483687 2147483700 53 2147483687 2147483700 
2147483687 2147483648 2147483649 2147483656 2147483661 2147483685 2147483686 2147483648 2147483649 2147483656 2147483661 2147483685 2147483686 2147483700 57 53 2147483700 
2147483689 2147483648 2147483649 2147483656 2147483661 2147483648 2147483649 2147483656 2147483661 2147483690 2147483691 2147483700 2147483690 2147483691 2147483700 
2147483690 2147483648 2147483649 2147483656 2147483661 2147483689 2147483648 2147483649 2147483656 2147483661 2147483689 2147483691 2147483700 53 2147483691 2147483700 
2147483691 2147483648 2147483649 2147483656 2147483661 2147483689 2147483690 2147483648 2147483649 2147483656 2147483661 2147483689 2147483690 2147483700 57 53 2147483700 
2147483693 2147483648 2147483649 2147483656 2147483661 2147483648 2147483649 2147483656 2147483661 2147483700 2147483700 
2147483698 
2147483700 2147483648 2147483649 2147483656 2147483661 2147483663 2147483665 2147483666 2147483667 2147483669 2147483670 2147483671 2147483673 2147483674 2147483675 2147483677 2147483678 2147483679 2147483681 2147483682 2147483683 2147483685 2147483686 2147483687 2147483689 2147483690 2147483691 2147483693 2147483648 2147483649 2147483656 2147483661 2147483663 2147483665 2147483666 2147483667 2147483669 2147483670 2147483671 2147483673 2147483674 2147483675 2147483677 2147483678 2147483679 2147483681 2147483682 2147483683 2147483685 2147483686 2147483687 2147483689 2147483690 2147483691 2147483693 49 53 52 54 57 127 128 129 130 
