2,1,2,-1,0,1,0,0,0,
5,1,5,-1,0,1,0,0,255,
8,1,8,-1,0,1,0,0,0,
11,1,11,-1,0,1,0,0,0,
18,1,18,-1,0,1,0,0,0,
19,1,19,-1,0,1,0,0,0,
22,1,22,-1,0,1,0,0,0,
23,1,23,-1,0,1,0,0,0,
24,1,24,-1,0,1,0,0,0,
25,1,25,-1,0,1,0,0,0,
26,1,26,-1,0,1,0,0,0,
27,1,27,-1,0,1,0,0,0,
32,1,32,-1,0,1,0,0,0,
49,1,49,-1,0,1,0,0,0,
50,1,50,-1,0,1,0,0,0,
51,1,51,-1,0,1,0,0,0,
52,1,52,-1,0,1,0,0,0,
53,1,53,-1,0,1,0,0,0,
54,1,54,-1,0,1,0,0,0,
57,1,57,-1,0,1,0,0,0,
61,1,61,-1,0,1,0,0,0,
127,1,127,-1,0,1,0,0,0,
128,1,128,-1,0,1,0,0,0,
129,1,129,-1,0,1,0,0,64,
130,1,130,-1,0,1,0,0,0,
131,1,131,-1,0,1,0,0,0,
132,1,132,-1,0,1,0,0,0,
133,1,133,-1,0,1,0,0,0,
134,1,134,-1,0,1,0,0,0,
151,1,151,-1,0,1,0,0,0,
152,1,152,-1,0,1,0,0,0,
153,1,153,-1,0,1,0,0,0,
154,1,154,-1,0,1,0,0,0,
155,1,155,-1,0,1,0,0,0,
156,1,156,-1,0,1,0,0,0,
157,1,157,-1,0,1,0,0,0,
158,1,158,-1,0,1,0,0,0,
159,1,159,-1,0,1,0,0,0,
160,1,160,-1,0,1,0,0,0,
161,1,161,-1,0,1,0,0,0,
162,1,162,-1,0,1,0,0,0,
163,1,163,-1,0,1,0,0,0,
164,1,164,-1,0,1,0,0,0,
165,1,165,-1,0,1,0,0,0,
166,1,166,-1,0,1,0,0,0,
247,1,247,-1,0,1,0,0,0,
248,1,248,-1,0,1,0,0,0,
249,1,249,-1,0,1,0,0,0,
250,1,250,-1,0,1,0,0,255,
251,1,251,-1,0,1,0,0,0,
252,1,252,-1,0,1,0,0,255,
253,1,253,-1,0,1,0,0,0,
254,1,254,-1,0,1,0,0,0,
263,1,263,-1,0,1,0,0,0,
264,1,264,-1,0,1,0,0,0,
265,1,265,-1,0,1,0,0,0,
266,1,266,-1,0,1,0,0,0,
267,1,267,-1,0,1,0,0,0,
268,1,268,-1,0,1,0,0,0,
269,1,269,-1,0,1,0,0,0,
270,1,270,-1,0,1,0,0,0,
2147483650,0,0,0.00359381,4,0,1,0,0,51 133 134 131 132 50
2147483651,0,0,0.00184296,4,0,0,1,255,
2147483656,0,0,0.0217191,2,0,1,0,0,51 133 134 131 132 50
2147483663,0,0,0.00195932,7,0,1,0,0,51 133 134 131 132 50
2147483664,0,0,0.000929231,4,0,0,1,0,
2147483669,0,0,0.0108596,2,0,1,0,0,51 133 134 131 132 50
2147483677,0,0,0.00394093,3,0,1,0,0,51 133 134 131 132 50
2147483681,0,0,0.0131495,1,0,1,0,0,49 53 52 54 57 127 128 129 130 51 133 134 131 132 50
2147483682,0,0,0.012751,1,0,1,0,0,49 57 52 54 127 128 129 130 51 133 134 131 132 50
2147483690,0,0,0.00377348,4,0,1,0,0,51 133 134 131 132 50
2147483692,0,0,0.00781987,3,0,1,0,0,51 133 134 131 132 50
2147483696,0,0,0.026299,1,0,1,0,0,49 53 52 54 57 127 128 129 130 51 133 134 131 132 50
2147483697,0,0,0.025502,1,0,1,0,0,49 57 52 54 127 128 129 130 51 133 134 131 132 50
2147483707,0,0,0.00287749,6,0,1,0,0,51 133 134 131 132 50
2147483708,0,0,0.00264428,13,0,1,0,0,51 133 134 131 132 50
2147483710,0,0,0.00133902,2,0,1,0,0,51 133 134 131 132 50
2147483712,0,0,0.00323246,14,0,1,0,0,51 133 134 131 132 50
2147483714,0,0,0.00897365,3,0,1,0,0,54 49 52 127 128 129 130 51 133 134 131 132 50
2147483715,0,0,0.0495539,23,0,1,0,0,24 23 269 270 267 268
2147483719,0,0,0.000744048,1,0,1,0,0,49 52 54 57 127 128 129 130 51 133 134 131 132 50
2147483721,0,0,0.000744048,1,0,1,0,0,49 52 54 57 127 128 129 130 51 133 134 131 132 50
2147483722,0,0,0.00203234,4,0,1,0,0,24 23 269 270 267 268
2147483723,0,0,0.000744048,1,0,1,0,0,49 52 54 57 127 128 129 130 51 133 134 131 132 50
2147483728,0,0,0.0138872,1,0,1,0,0,49 52 54 127 128 129 130 51 133 134 131 132 50
2147483731,0,0,0.0143661,1,0,1,0,0,49 52 54 57 127 128 129 130 51 133 134 131 132 50
2147483734,0,0,0.0280522,1,0,1,0,0,2 11 19 61 18 247 248 249 250 5 8 253 254 251 252
2147483737,0,0,5.29756e-08,1,0,1,0,255,49 52 54 127 128 129 130 51 133 134 131 132 50
2147483740,0,0,5.49277e-14,1,0,1,0,255,49 53 52 54 57 127 128 129 130 51 133 134 131 132 50
2147483743,0,0,0.00107544,3,0,1,0,0,24 23 269 270 267 268
2147483744,0,0,0.0107057,5,0,1,0,255,24 23 269 270 267 268
2147483747,0,0,0.000718336,1,0,1,0,0,49 52 54 127 128 129 130 51 133 134 131 132 50
2147483749,0,0,0.000455729,1,0,1,0,255,24 23 269 270 267 268
2147483751,0,0,0.000744048,1,0,1,0,255,49 52 54 57 127 128 129 130 51 133 134 131 132 50
2147483752,0,0,0.000779321,1,0,0,1,255,151 152 153 154 155 156 157 158 159 160 161 162 163 164 165 166
2147483753,0,0,0.000595238,1,0,1,0,255,24 23 269 270 267 268
2147483756,0,0,0.00105407,2,0,1,0,0,51 133 134 131 132 50
2147483757,0,0,0.000744048,1,0,1,0,0,49 52 54 57 127 128 129 130 51 133 134 131 132 50
2147483762,0,0,0.000372024,1,0,1,0,0,49 52 54 57 127 128 129 130 51 133 134 131 132 50
2147483764,0,0,0.000372024,1,0,1,0,0,49 52 54 57 127 128 129 130 51 133 134 131 132 50
2147483765,0,0,0.00102523,4,0,1,0,0,24 23 269 270 267 268
2147483770,0,0,0.00725532,1,0,1,0,0,32 22 25 27 263 264 265 266 24 23 269 270 267 268
2147483771,0,0,0.00718348,1,0,1,0,0,49 52 54 127 128 129 130 51 133 134 131 132 50
2147483772,0,0,0.00601155,1,0,1,0,0,51 133 134 131 132 50
2147483773,0,0,0.00744004,1,0,1,0,0,49 52 54 57 127 128 129 130 51 133 134 131 132 50
2147483775,0,0,0.00725531,1,0,1,0,0,57 49 52 54 127 128 129 130 51 133 134 131 132 50
2147483776,0,0,0.0113732,2,0,0,1,0,
2147483779,0,0,1.32447e-08,1,0,1,0,0,49 52 54 127 128 129 130 51 133 134 131 132 50
2147483782,0,0,1.2403e-14,1,0,1,0,0,49 53 52 54 57 127 128 129 130 51 133 134 131 132 50
2147483785,0,0,0.00718347,1,0,1,0,0,49 52 54 127 128 129 130 51 133 134 131 132 50
2147483787,0,0,inf,1,0,1,0,0,2 11 19 61 18 247 248 249 250 5 8 253 254 251 252
2147483793,0,0,0.000372024,1,0,1,0,0,49 52 54 57 127 128 129 130 51 133 134 131 132 50
2147483794,0,0,0.00102517,4,0,1,0,0,24 23 269 270 267 268
2147483795,0,0,0.000372024,1,0,1,0,0,49 52 54 57 127 128 129 130 51 133 134 131 132 50
2147483800,0,0,0.00694362,1,0,1,0,0,49 52 54 127 128 129 130 51 133 134 131 132 50
2147483803,0,0,0.00718304,1,0,1,0,0,49 52 54 57 127 128 129 130 51 133 134 131 132 50
2147483806,0,0,0.0140261,1,0,1,0,0,2 11 19 61 18 247 248 249 250 5 8 253 254 251 252
2147483809,0,0,2.64878e-08,1,0,1,0,0,49 52 54 127 128 129 130 51 133 134 131 132 50
2147483812,0,0,2.65779e-14,1,0,1,0,0,49 53 52 54 57 127 128 129 130 51 133 134 131 132 50
2147483815,0,0,0.000537718,3,0,1,0,0,24 23 269 270 267 268
2147483816,0,0,0.00535287,5,0,1,0,0,24 23 269 270 267 268
2147483819,0,0,0.000359168,1,0,1,0,0,49 52 54 127 128 129 130 51 133 134 131 132 50
2147483822,0,0,0.000744048,1,0,1,0,0,49 52 54 57 127 128 129 130 51 133 134 131 132 50
2147483824,0,0,0.000744048,1,0,1,0,0,49 52 54 57 127 128 129 130 51 133 134 131 132 50
2147483826,0,0,0.000744048,1,0,1,0,0,49 52 54 57 127 128 129 130 51 133 134 131 132 50
2147483827,0,0,0.00203245,4,0,1,0,0,24 23 269 270 267 268
2147483832,0,0,0.0145106,1,0,1,0,0,32 22 25 27 263 264 265 266 24 23 269 270 267 268
2147483833,0,0,0.014367,1,0,1,0,0,49 52 54 127 128 129 130 51 133 134 131 132 50
2147483834,0,0,0.0120231,1,0,1,0,0,51 133 134 131 132 50
2147483835,0,0,0.0148801,1,0,1,0,0,49 52 54 57 127 128 129 130 51 133 134 131 132 50
2147483837,0,0,0.0145106,1,0,1,0,0,57 49 52 54 127 128 129 130 51 133 134 131 132 50
2147483838,0,0,0.0227464,2,0,0,1,0,
2147483841,0,0,2.64893e-08,1,0,1,0,0,49 52 54 127 128 129 130 51 133 134 131 132 50
2147483844,0,0,2.65779e-14,1,0,1,0,0,49 53 52 54 57 127 128 129 130 51 133 134 131 132 50
2147483847,0,0,0.0143669,1,0,1,0,0,49 52 54 127 128 129 130 51 133 134 131 132 50
2147483849,0,0,inf,1,0,1,0,0,2 11 19 61 18 247 248 249 250 5 8 253 254 251 252
2147483854,0,0,0.000744048,1,0,1,0,0,49 52 54 57 127 128 129 130 51 133 134 131 132 50
2147483855,0,0,inf,1,0,1,0,0,2 11 19 61 18 247 248 249 250 5 8 253 254 251 252
2147483859,0,0,0.000744048,1,0,1,0,0,49 52 54 57 127 128 129 130 51 133 134 131 132 50
2147483860,0,0,0.000751488,1,0,0,1,0,152 153 154 155 156 157 158 159 160 161 162 163 164 165 166
2147483862,0,0,0.000744048,1,0,1,0,0,49 52 54 57 127 128 129 130 51 133 134 131 132 50
2147483863,0,0,0.00060119,1,0,1,0,0,51 133 134 131 132 50
2147483864,0,0,0.000744048,1,0,1,0,0,49 52 54 57 127 128 129 130 51 133 134 131 132 50
2147483865,0,0,0.000701389,1,0,1,0,0,49 57 52 54 127 128 129 130 51 133 134 131 132 50
2147483866,0,0,0.000375744,1,0,1,0,0,54 49 52 127 128 129 130 51 133 134 131 132 50
2147483868,0,0,0.000541265,3,0,0,1,0,
2147483871,0,0,0.00503627,6,0,1,0,0,24 23 269 270 267 268
2147483874,0,0,0.00251813,6,0,1,0,0,24 23 269 270 267 268
2147483876,0,0,0.00807461,5,0,1,0,0,24 23 269 270 267 268
2147483879,0,0,0.0159967,5,0,1,0,0,24 23 269 270 267 268
2147483882,0,0,4.12175e-08,7,0,1,0,0,51 133 134 131 132 50
2147483883,0,0,0.0153283,4,0,1,0,0,51 133 134 131 132 50
2147483884,0,0,0.00766417,4,0,1,0,0,51 133 134 131 132 50
