2 
5 
8 
11 
18 
19 
22 
23 
24 
25 
26 
27 
32 
49 2147483648 2147483649 2147483658 2147483670 2147483671 2147483672 2147483673 2147483722 2147483724 2147483725 
50 
51 
52 2147483648 2147483649 2147483658 2147483670 2147483671 2147483672 2147483673 2147483722 2147483724 2147483725 
53 2147483648 2147483649 2147483658 2147483670 2147483671 2147483672 2147483673 2147483674 2147483676 2147483678 2147483681 2147483685 2147483689 2147483696 2147483699 2147483702 2147483705 2147483708 2147483715 2147483720 2147483722 2147483724 2147483725 
54 2147483648 2147483649 2147483658 2147483670 2147483671 2147483672 2147483673 2147483676 2147483722 2147483724 2147483725 
57 2147483648 2147483649 2147483658 2147483670 2147483671 2147483672 2147483673 2147483676 2147483685 2147483715 2147483720 2147483722 2147483724 2147483725 
61 
127 2147483648 2147483649 2147483658 2147483670 2147483671 2147483672 2147483673 2147483722 2147483724 2147483725 
128 2147483648 2147483649 2147483658 2147483670 2147483671 2147483672 2147483673 2147483722 2147483724 2147483725 
129 2147483648 2147483649 2147483658 2147483670 2147483671 2147483672 2147483673 2147483722 2147483724 2147483725 
130 2147483648 2147483649 2147483658 2147483670 2147483671 2147483672 2147483673 2147483722 2147483724 2147483725 
131 
132 
133 
134 
247 
248 
249 
250 
251 
252 
253 
254 
263 
264 
265 
266 
267 
268 
269 
270 
2147483648 2147483649 2147483658 2147483670 2147483671 2147483672 2147483673 2147483676 2147483677 2147483678 2147483681 2147483683 2147483685 2147483689 2147483691 2147483696 2147483699 2147483702 2147483703 2147483704 2147483705 2147483708 2147483715 2147483720 2147483722 2147483724 2147483725 49 128 57 52 54 53 127 129 130 2147483649 2147483658 2147483670 2147483671 2147483672 2147483673 2147483676 2147483677 2147483678 2147483681 2147483683 2147483685 2147483689 2147483691 2147483696 2147483699 2147483702 2147483703 2147483704 2147483705 2147483708 2147483715 2147483720 2147483722 2147483724 2147483725 
2147483649 2147483648 2147483648 2147483658 2147483673 2147483678 2147483681 2147483683 2147483685 2147483689 2147483691 2147483696 2147483699 2147483702 2147483703 2147483704 2147483705 2147483708 2147483722 2147483724 2147483725 53 49 52 54 57 127 128 129 130 2147483658 2147483673 2147483678 2147483681 2147483683 2147483685 2147483689 2147483691 2147483696 2147483699 2147483702 2147483703 2147483704 2147483705 2147483708 2147483722 2147483724 2147483725 
2147483658 2147483648 2147483649 2147483648 2147483649 2147483673 2147483689 2147483691 2147483696 2147483699 2147483705 2147483708 2147483724 53 49 52 54 57 127 128 129 130 2147483673 2147483689 2147483691 2147483696 2147483699 2147483705 2147483708 2147483724 
2147483670 2147483648 2147483648 2147483671 2147483672 2147483673 2147483674 2147483676 2147483677 53 57 49 52 54 127 128 129 130 2147483671 2147483672 2147483673 2147483674 2147483676 2147483677 
2147483671 2147483648 2147483670 2147483648 2147483670 2147483672 2147483673 2147483674 2147483676 2147483677 54 57 49 52 53 127 128 129 130 2147483672 2147483673 2147483674 2147483676 2147483677 
2147483672 2147483648 2147483670 2147483671 2147483648 2147483670 2147483671 2147483673 2147483674 54 49 52 57 53 127 128 129 130 2147483673 2147483674 
2147483673 2147483648 2147483649 2147483658 2147483670 2147483671 2147483672 2147483648 2147483649 2147483658 2147483670 2147483671 2147483672 2147483674 2147483676 2147483677 2147483678 2147483681 2147483683 2147483685 2147483689 2147483691 2147483696 2147483699 2147483702 2147483703 2147483704 2147483705 2147483708 2147483715 2147483720 2147483722 2147483724 2147483725 53 52 127 49 54 57 128 129 130 2147483674 2147483676 2147483677 2147483678 2147483681 2147483683 2147483685 2147483689 2147483691 2147483696 2147483699 2147483702 2147483703 2147483704 2147483705 2147483708 2147483715 2147483720 2147483722 2147483724 2147483725 
2147483674 2147483670 2147483671 2147483672 2147483673 2147483670 2147483671 2147483672 2147483673 53 
2147483676 2147483648 2147483670 2147483671 2147483673 2147483648 2147483670 2147483671 2147483673 2147483677 54 57 53 2147483677 
2147483677 2147483648 2147483670 2147483671 2147483673 2147483676 2147483648 2147483670 2147483671 2147483673 2147483676 
2147483678 2147483648 2147483649 2147483673 2147483648 2147483649 2147483673 53 
2147483681 2147483648 2147483649 2147483673 2147483648 2147483649 2147483673 2147483722 53 2147483722 
2147483683 2147483648 2147483649 2147483673 2147483648 2147483649 2147483673 2147483722 2147483724 2147483722 2147483724 
2147483685 2147483648 2147483649 2147483673 2147483648 2147483649 2147483673 2147483722 2147483724 57 53 2147483722 2147483724 
2147483689 2147483648 2147483649 2147483658 2147483673 2147483648 2147483649 2147483658 2147483673 2147483724 53 2147483724 
2147483691 2147483648 2147483649 2147483658 2147483673 2147483648 2147483649 2147483658 2147483673 2147483724 2147483724 
2147483696 2147483648 2147483649 2147483658 2147483673 2147483648 2147483649 2147483658 2147483673 53 
2147483699 2147483648 2147483649 2147483658 2147483673 2147483648 2147483649 2147483658 2147483673 53 
2147483702 2147483648 2147483649 2147483673 2147483648 2147483649 2147483673 2147483724 53 2147483724 
2147483703 2147483648 2147483649 2147483673 2147483648 2147483649 2147483673 2147483704 2147483724 2147483704 2147483724 
2147483704 2147483648 2147483649 2147483673 2147483703 2147483648 2147483649 2147483673 2147483703 2147483724 2147483724 
2147483705 2147483648 2147483649 2147483658 2147483673 2147483648 2147483649 2147483658 2147483673 53 
2147483708 2147483648 2147483649 2147483658 2147483673 2147483648 2147483649 2147483658 2147483673 53 
2147483715 2147483648 2147483673 2147483648 2147483673 2147483725 57 53 2147483725 
2147483718 
2147483720 2147483648 2147483673 2147483648 2147483673 2147483724 57 53 2147483724 
2147483722 2147483648 2147483649 2147483673 2147483681 2147483683 2147483685 2147483648 2147483649 2147483673 2147483681 2147483683 2147483685 2147483724 53 49 52 54 57 127 128 129 130 2147483724 
2147483724 2147483648 2147483649 2147483658 2147483673 2147483683 2147483685 2147483689 2147483691 2147483702 2147483703 2147483704 2147483720 2147483722 2147483648 2147483649 2147483658 2147483673 2147483683 2147483685 2147483689 2147483691 2147483702 2147483703 2147483704 2147483720 2147483722 49 53 52 54 57 127 128 129 130 
2147483725 2147483648 2147483649 2147483673 2147483715 2147483648 2147483649 2147483673 2147483715 49 53 52 54 57 127 128 129 130 
