22 2147483686 
23 
24 
25 2147483686 
26 2147483686 
27 2147483686 
32 2147483686 
49 2147483661 2147483674 
50 
51 
52 2147483661 2147483674 
53 2147483661 2147483673 2147483674 
54 2147483661 2147483674 
57 2147483661 2147483674 
127 2147483661 2147483674 
128 2147483661 2147483674 
129 2147483661 2147483674 
130 2147483661 2147483674 
131 
132 
133 
134 
263 2147483686 
264 2147483686 
265 2147483686 
266 2147483686 
267 
268 
269 
270 
2147483648 2147483661 2147483663 2147483669 2147483686 2147483689 2147483661 2147483663 2147483669 2147483686 2147483689 
2147483653 2147483661 2147483672 2147483673 2147483686 2147483689 2147483661 2147483672 2147483673 2147483686 2147483689 
2147483655 2147483661 2147483674 2147483686 2147483661 2147483674 2147483686 
2147483661 2147483648 2147483653 2147483655 2147483648 2147483653 2147483655 2147483663 2147483669 2147483672 2147483673 2147483674 2147483679 2147483681 2147483682 2147483686 2147483687 2147483689 53 49 52 54 57 127 128 129 130 2147483663 2147483669 2147483672 2147483673 2147483674 2147483679 2147483681 2147483682 2147483686 2147483687 2147483689 
2147483663 2147483648 2147483661 2147483648 2147483661 
2147483669 2147483648 2147483661 2147483648 2147483661 2147483686 2147483689 2147483686 2147483689 
2147483672 2147483653 2147483661 2147483653 2147483661 2147483686 2147483686 
2147483673 2147483653 2147483661 2147483653 2147483661 2147483686 53 2147483686 
2147483674 2147483655 2147483661 2147483655 2147483661 2147483686 49 57 52 54 53 127 128 129 130 2147483686 
2147483679 2147483661 2147483661 2147483686 2147483686 
2147483681 2147483661 2147483661 2147483686 2147483686 
2147483682 2147483661 2147483661 2147483686 2147483686 
2147483685 2147483686 2147483686 
2147483686 2147483648 2147483653 2147483655 2147483661 2147483669 2147483672 2147483673 2147483674 2147483679 2147483681 2147483682 2147483685 2147483648 2147483653 2147483655 2147483661 2147483669 2147483672 2147483673 2147483674 2147483679 2147483681 2147483682 2147483685 2147483687 2147483689 27 22 25 32 26 263 264 265 266 2147483687 2147483689 
2147483687 2147483661 2147483686 2147483661 2147483686 
2147483689 2147483648 2147483653 2147483661 2147483669 2147483686 2147483648 2147483653 2147483661 2147483669 2147483686 
