22 2147483648 2147483688 
23 
24 
25 2147483648 2147483688 
26 2147483648 2147483671 2147483688 
27 2147483648 2147483671 2147483688 
32 2147483648 2147483671 2147483688 
49 2147483651 2147483658 2147483660 2147483661 2147483691 2147483693 
50 
51 
52 2147483651 2147483658 2147483660 2147483661 2147483691 2147483693 
53 2147483651 2147483658 2147483660 2147483661 2147483670 2147483684 2147483686 2147483691 2147483693 
54 2147483651 2147483658 2147483660 2147483661 2147483691 2147483693 
57 2147483651 2147483658 2147483660 2147483661 2147483670 2147483686 2147483691 2147483693 
127 2147483651 2147483658 2147483660 2147483661 2147483691 2147483693 
128 2147483651 2147483658 2147483660 2147483661 2147483691 2147483693 
129 2147483651 2147483658 2147483660 2147483661 2147483691 2147483693 
130 2147483651 2147483658 2147483660 2147483661 2147483691 2147483693 
131 
132 
133 
134 
263 2147483648 2147483688 
264 2147483648 2147483688 
265 2147483648 2147483688 
266 2147483648 2147483688 
267 
268 
269 
270 
2147483648 2147483651 2147483660 2147483661 2147483666 2147483667 2147483670 2147483671 2147483672 2147483691 2147483693 32 22 25 27 26 263 264 265 266 2147483651 2147483660 2147483661 2147483666 2147483667 2147483670 2147483671 2147483672 2147483691 2147483693 
2147483651 2147483648 2147483648 2147483660 2147483661 2147483667 2147483670 2147483671 2147483672 2147483674 2147483675 2147483676 2147483691 2147483693 49 52 54 57 53 127 128 129 130 2147483660 2147483661 2147483667 2147483670 2147483671 2147483672 2147483674 2147483675 2147483676 2147483691 2147483693 
2147483658 2147483660 2147483682 2147483684 2147483685 2147483686 2147483688 53 57 49 52 54 127 128 129 130 2147483660 2147483682 2147483684 2147483685 2147483686 2147483688 
2147483660 2147483648 2147483651 2147483658 2147483648 2147483651 2147483658 2147483661 2147483666 2147483667 2147483670 2147483671 2147483672 2147483674 2147483675 2147483676 2147483682 2147483684 2147483688 2147483691 2147483693 53 49 52 54 57 127 128 129 130 2147483661 2147483666 2147483667 2147483670 2147483671 2147483672 2147483674 2147483675 2147483676 2147483682 2147483684 2147483688 2147483691 2147483693 
2147483661 2147483648 2147483651 2147483660 2147483648 2147483651 2147483660 2147483666 2147483667 2147483670 2147483671 2147483672 2147483691 2147483693 53 57 49 52 54 127 128 129 130 2147483666 2147483667 2147483670 2147483671 2147483672 2147483691 2147483693 
2147483666 2147483648 2147483660 2147483661 2147483648 2147483660 2147483661 2147483667 2147483691 2147483693 2147483667 2147483691 2147483693 
2147483667 2147483648 2147483651 2147483660 2147483661 2147483666 2147483648 2147483651 2147483660 2147483661 2147483666 2147483670 2147483691 2147483693 2147483670 2147483691 2147483693 
2147483670 2147483648 2147483651 2147483660 2147483661 2147483667 2147483648 2147483651 2147483660 2147483661 2147483667 2147483671 2147483691 2147483693 57 53 2147483671 2147483691 2147483693 
2147483671 2147483648 2147483651 2147483660 2147483661 2147483670 2147483648 2147483651 2147483660 2147483661 2147483670 2147483691 2147483693 27 32 26 2147483691 2147483693 
2147483672 2147483648 2147483651 2147483660 2147483661 2147483648 2147483651 2147483660 2147483661 2147483691 2147483693 2147483691 2147483693 
2147483674 2147483651 2147483660 2147483651 2147483660 
2147483675 2147483651 2147483660 2147483651 2147483660 2147483676 2147483676 
2147483676 2147483651 2147483660 2147483675 2147483651 2147483660 2147483675 
2147483682 2147483658 2147483660 2147483658 2147483660 
2147483684 2147483658 2147483660 2147483658 2147483660 2147483688 53 2147483688 
2147483685 2147483658 2147483658 2147483686 2147483688 2147483686 2147483688 
2147483686 2147483658 2147483685 2147483658 2147483685 2147483688 57 53 2147483688 
2147483688 2147483658 2147483660 2147483684 2147483685 2147483686 2147483658 2147483660 2147483684 2147483685 2147483686 22 25 27 32 26 263 264 265 266 
2147483691 2147483648 2147483651 2147483660 2147483661 2147483666 2147483667 2147483670 2147483671 2147483672 2147483648 2147483651 2147483660 2147483661 2147483666 2147483667 2147483670 2147483671 2147483672 2147483693 49 52 54 57 53 127 128 129 130 2147483693 
2147483693 2147483648 2147483651 2147483660 2147483661 2147483666 2147483667 2147483670 2147483671 2147483672 2147483691 2147483648 2147483651 2147483660 2147483661 2147483666 2147483667 2147483670 2147483671 2147483672 2147483691 49 52 54 57 53 127 128 129 130 
