2,1,2,-1,0,1,0,0,255,
5,1,5,-1,0,1,0,0,255,
8,1,8,-1,0,1,0,0,0,
11,1,11,-1,0,1,0,0,0,
18,1,18,-1,0,1,0,0,0,
19,1,19,-1,0,1,0,0,255,
22,1,22,-1,0,1,0,0,0,
23,1,23,-1,0,1,0,0,0,
24,1,24,-1,0,1,0,0,255,
25,1,25,-1,0,1,0,0,0,
26,1,26,-1,0,1,0,0,0,
27,1,27,-1,0,1,0,0,0,
32,1,32,-1,0,1,0,0,0,
49,1,49,-1,0,1,0,0,0,
50,1,50,-1,0,1,0,0,0,
51,1,51,-1,0,1,0,0,0,
52,1,52,-1,0,1,0,0,0,
53,1,53,-1,0,1,0,0,0,
54,1,54,-1,0,1,0,0,0,
57,1,57,-1,0,1,0,0,0,
61,1,61,-1,0,1,0,0,0,
127,1,127,-1,0,1,0,0,0,
128,1,128,-1,0,1,0,0,0,
129,1,129,-1,0,1,0,0,0,
130,1,130,-1,0,1,0,0,0,
131,1,131,-1,0,1,0,0,0,
132,1,132,-1,0,1,0,0,0,
133,1,133,-1,0,1,0,0,0,
134,1,134,-1,0,1,0,0,0,
151,1,151,-1,0,1,0,0,0,
152,1,152,-1,0,1,0,0,0,
153,1,153,-1,0,1,0,0,0,
154,1,154,-1,0,1,0,0,0,
155,1,155,-1,0,1,0,0,0,
156,1,156,-1,0,1,0,0,0,
157,1,157,-1,0,1,0,0,0,
158,1,158,-1,0,1,0,0,60,
159,1,159,-1,0,1,0,0,0,
160,1,160,-1,0,1,0,0,0,
161,1,161,-1,0,1,0,0,0,
162,1,162,-1,0,1,0,0,0,
163,1,163,-1,0,1,0,0,255,
164,1,164,-1,0,1,0,0,255,
165,1,165,-1,0,1,0,0,0,
166,1,166,-1,0,1,0,0,0,
247,1,247,-1,0,1,0,0,0,
248,1,248,-1,0,1,0,0,255,
249,1,249,-1,0,1,0,0,255,
250,1,250,-1,0,1,0,0,255,
251,1,251,-1,0,1,0,0,0,
252,1,252,-1,0,1,0,0,0,
253,1,253,-1,0,1,0,0,0,
254,1,254,-1,0,1,0,0,0,
263,1,263,-1,0,1,0,0,0,
264,1,264,-1,0,1,0,0,0,
265,1,265,-1,0,1,0,0,0,
266,1,266,-1,0,1,0,0,0,
267,1,267,-1,0,1,0,0,0,
268,1,268,-1,0,1,0,0,0,
269,1,269,-1,0,1,0,0,0,
270,1,270,-1,0,1,0,0,0,
2147483648,0,0,8.49897e-05,1,0,1,0,0,51 133 134 131 132 50
2147483651,0,0,0.000101162,2,0,1,0,0,51 133 134 131 132 50
2147483654,0,0,7.51488e-05,1,0,1,0,0,51 133 134 131 132 50
2147483658,0,0,8.55787e-05,2,0,1,0,0,54 49 52 127 128 129 130 51 133 134 131 132 50
2147483662,0,0,7.51488e-05,1,0,1,0,0,51 133 134 131 132 50
2147483666,0,0,8.55787e-05,2,0,1,0,0,54 49 52 127 128 129 130 51 133 134 131 132 50
2147483670,0,0,7.51488e-05,1,0,1,0,0,51 133 134 131 132 50
2147483674,0,0,8.55787e-05,2,0,1,0,0,54 49 52 127 128 129 130 51 133 134 131 132 50
2147483678,0,0,7.51488e-05,1,0,1,0,0,51 133 134 131 132 50
2147483682,0,0,8.55787e-05,2,0,1,0,0,54 49 52 127 128 129 130 51 133 134 131 132 50
2147483686,0,0,7.51488e-05,1,0,1,0,138,51 133 134 131 132 50
2147483690,0,0,8.55787e-05,2,0,1,0,0,54 49 52 127 128 129 130 51 133 134 131 132 50
2147483698,0,0,9.47652e-05,2,0,1,0,0,51 133 134 131 132 50
2147483700,0,0,5.87099e-05,1,0,1,0,0,49 53 52 54 57 127 128 129 130 51 133 134 131 132 50
2147483719,0,0,9.28909e-05,2,0,1,0,0,51 133 134 131 132 50
2147483721,0,0,5.87099e-05,1,0,1,0,0,49 53 52 54 57 127 128 129 130 51 133 134 131 132 50
2147483748,0,0,0.000313533,41,0,1,0,0,51 133 134 131 132 50
2147483749,0,0,0.000268978,44,0,1,0,255,51 133 134 131 132 50
2147483750,0,0,0.000632514,46,0,1,0,0,51 133 134 131 132 50
2147483751,0,0,0.000214365,44,0,1,0,0,51 133 134 131 132 50
2147483752,0,0,0.00010593,44,0,1,0,0,51 133 134 131 132 50
2147483753,0,0,0.00974237,2,0,1,0,0,49 52 54 57 53 127 128 129 130 51 133 134 131 132 50
2147483757,0,0,0.000111332,1,0,0,1,0,151 152 153 154 155 156 157 158 159 160 161 162 163 164 165 166
2147483759,0,0,5.36777e-05,1,0,1,0,255,51 133 134 131 132 50
2147483761,0,0,inf,1,0,0,0,1,151 152 153 154 155 156 157 158 159 160 161 162 163 164 165 166
2147483765,0,0,inf,1,0,1,0,0,53 49 52 54 57 127 128 129 130 51 133 134 131 132 50
2147483766,0,0,8.85986e-17,1,0,1,0,0,49 53 52 54 57 127 128 129 130 51 133 134 131 132 50
2147483768,0,0,0.000208746,1,0,1,0,0,49 52 54 57 53 127 128 129 130 51 133 134 131 132 50
2147483769,0,0,0.000187872,2,0,1,0,0,49 52 54 57 53 127 128 129 130 51 133 134 131 132 50
2147483773,0,0,0.000364358,4,0,1,0,255,49 52 54 57 53 127 128 129 130 51 133 134 131 132 50
2147483778,0,0,inf,1,0,1,0,255,53 49 52 54 57 127 128 129 130 51 133 134 131 132 50
2147483780,0,0,6.17661e-05,1,0,1,0,255,51 133 134 131 132 50
2147483786,0,0,inf,1,0,1,0,0,53 49 52 54 57 127 128 129 130 51 133 134 131 132 50
2147483787,0,0,8.85986e-17,1,0,1,0,0,49 53 52 54 57 127 128 129 130 51 133 134 131 132 50
2147483789,0,0,0.000208746,1,0,1,0,0,49 52 54 57 53 127 128 129 130 51 133 134 131 132 50
2147483790,0,0,0.000187872,2,0,1,0,0,49 52 54 57 53 127 128 129 130 51 133 134 131 132 50
2147483794,0,0,0.000364358,4,0,1,0,0,49 52 54 57 53 127 128 129 130 51 133 134 131 132 50
2147483799,0,0,inf,1,0,1,0,0,53 49 52 54 57 127 128 129 130 51 133 134 131 132 50
2147483802,0,0,5.00992e-05,1,0,1,0,0,127 49 128 129 130 51 133 134 131 132 50
2147483803,0,0,0.000111332,1,0,0,1,0,151 152 153 154 155 156 157 158 159 160 161 162 163 164 165 166
2147483805,0,0,0.000111332,1,0,0,1,0,151 152 153 154 155 156 157 158 159 160 161 162 163 164 165 166
2147483808,0,0,5.00992e-05,1,0,1,0,0,127 49 128 129 130 51 133 134 131 132 50
2147483809,0,0,0.000111332,1,0,0,1,0,151 152 153 154 155 156 157 158 159 160 161 162 163 164 165 166
2147483810,0,0,0.000111332,1,0,0,1,0,151 152 153 154 155 156 157 158 159 160 161 162 163 164 165 166
2147483813,0,0,5.00992e-05,1,0,1,0,0,127 49 128 129 130 51 133 134 131 132 50
2147483814,0,0,0.000111332,1,0,0,1,0,151 152 153 154 155 156 157 158 159 160 161 162 163 164 165 166
2147483815,0,0,0.000111332,1,0,0,1,64,151 152 153 154 155 156 157 158 159 160 161 162 163 164 165 166
2147483818,0,0,5.00992e-05,1,0,1,0,0,127 49 128 129 130 51 133 134 131 132 50
2147483819,0,0,0.000111332,1,0,0,1,255,151 152 153 154 155 156 157 158 159 160 161 162 163 164 165 166
2147483820,0,0,0.000111332,1,0,0,1,0,151 152 153 154 155 156 157 158 159 160 161 162 163 164 165 166
2147483822,0,0,0.000150298,1,0,1,0,0,49 52 54 57 53 127 128 129 130 51 133 134 131 132 50
2147483825,0,0,0.000103654,1,0,1,0,0,27 22 25 263 264 265 266 24 23 269 270 267 268
2147483829,0,0,0.000106293,1,0,1,0,0,49 52 54 57 127 128 129 130 51 133 134 131 132 50
2147483830,0,0,0.000139562,1,0,1,0,0,22 25 27 32 26 263 264 265 266 24 23 269 270 267 268
2147483834,0,0,2.65731e-05,1,0,1,0,0,49 52 54 57 127 128 129 130 51 133 134 131 132 50
2147483836,0,0,9.96492e-06,1,0,1,0,0,49 52 54 57 127 128 129 130 51 133 134 131 132 50
2147483838,0,0,1.34194e-05,1,0,1,0,255,57 49 52 54 127 128 129 130 51 133 134 131 132 50
2147483839,0,0,2.78329e-05,1,0,1,0,255,2 11 19 61 18 247 248 249 250 5 8 253 254 251 252
2147483841,0,0,5.31463e-05,1,0,1,0,0,49 52 54 57 127 128 129 130 51 133 134 131 132 50
2147483843,0,0,1.99298e-05,1,0,1,0,0,49 52 54 57 127 128 129 130 51 133 134 131 132 50
2147483847,0,0,0.000103654,1,0,1,0,0,27 22 25 263 264 265 266 24 23 269 270 267 268
2147483849,0,0,0.000150298,1,0,1,0,0,49 52 54 57 53 127 128 129 130 51 133 134 131 132 50
2147483852,0,0,0.000103654,1,0,1,0,0,27 22 25 263 264 265 266 24 23 269 270 267 268
2147483854,0,0,0.000150298,1,0,1,0,0,49 52 54 57 53 127 128 129 130 51 133 134 131 132 50
2147483857,0,0,0.000103654,1,0,1,0,255,27 22 25 263 264 265 266 24 23 269 270 267 268
2147483860,0,0,5.00992e-05,1,0,1,0,255,127 49 128 129 130 51 133 134 131 132 50
2147483863,0,0,0.000111332,1,0,0,1,0,151 152 153 154 155 156 157 158 159 160 161 162 163 164 165 166
2147483865,0,0,inf,1,0,1,0,0,22 25 27 32 26 263 264 265 266 24 23 269 270 267 268
2147483866,0,0,0.000111332,1,0,0,1,0,151 152 153 154 155 156 157 158 159 160 161 162 163 164 165 166
2147483868,0,0,inf,1,0,1,0,0,22 25 27 32 26 263 264 265 266 24 23 269 270 267 268
2147483869,0,0,0.000111332,1,0,0,1,0,151 152 153 154 155 156 157 158 159 160 161 162 163 164 165 166
2147483872,0,0,5.00992e-05,1,0,1,0,0,127 49 128 129 130 51 133 134 131 132 50
2147483875,0,0,0.000111332,1,0,0,1,0,151 152 153 154 155 156 157 158 159 160 161 162 163 164 165 166
2147483877,0,0,0.000111332,1,0,0,1,0,151 152 153 154 155 156 157 158 159 160 161 162 163 164 165 166
2147483879,0,0,0.000106293,1,0,1,0,0,49 52 54 57 127 128 129 130 51 133 134 131 132 50
2147483880,0,0,inf,1,0,1,0,0,22 25 27 32 26 263 264 265 266 24 23 269 270 267 268
2147483882,0,0,inf,1,0,1,0,0,49 52 54 57 53 127 128 129 130 51 133 134 131 132 50
2147483883,0,0,0.000111332,1,0,0,1,0,151 152 153 154 155 156 157 158 159 160 161 162 163 164 165 166
2147483885,0,0,0.000102627,1,0,1,0,0,49 52 54 127 128 129 130 51 133 134 131 132 50
2147483886,0,0,inf,1,0,1,0,0,22 25 27 32 26 263 264 265 266 24 23 269 270 267 268
2147483888,0,0,inf,1,0,1,0,0,49 52 54 57 53 127 128 129 130 51 133 134 131 132 50
2147483889,0,0,0.000111332,1,0,0,1,0,151 152 153 154 155 156 157 158 159 160 161 162 163 164 165 166
2147483891,0,0,0.000106293,1,0,1,0,0,49 52 54 57 127 128 129 130 51 133 134 131 132 50
2147483896,0,0,0.000102627,1,0,1,0,0,49 52 54 57 127 128 129 130 51 133 134 131 132 50
2147483898,0,0,0.000103653,1,0,1,0,0,22 25 27 32 26 263 264 265 266 24 23 269 270 267 268
2147483899,0,0,6.00037e-05,1,0,1,0,0,49 52 54 127 128 129 130 51 133 134 131 132 50
2147483905,0,0,2.60179e-10,1,0,1,0,0,49 52 54 127 128 129 130 51 133 134 131 132 50
2147483908,0,0,2.65796e-16,1,0,1,0,0,49 53 52 54 57 127 128 129 130 51 133 134 131 132 50
2147483910,0,0,inf,1,0,1,0,0,49 52 54 57 53 127 128 129 130 51 133 134 131 132 50
2147483911,0,0,0.000106292,1,0,1,0,0,49 52 54 127 128 130
2147483912,0,0,inf,1,0,1,0,0,53 49 52 54 57 127 128 129 130 51 133 134 131 132 50
2147483913,0,0,0.00015548,1,0,1,0,0,53 49 52 54 57 127 128 129 130 51 133 134 131 132 50
2147483914,0,0,9.92064e-05,1,0,1,0,0,49 52 54 127 128 129 130 51 133 134 131 132 50
2147483918,0,0,1.02382e-10,1,0,1,0,0,53 49 52 54 57 127 128 129 130 51 133 134 131 132 50
2147483919,0,0,0.000111331,1,0,1,0,0,53 49 52 54 57 127 128 129 130 51 133 134 131 132 50
2147483920,0,0,inf,1,0,1,0,0,53 49 52 54 57 127 128 129 130 51 133 134 131 132 50
2147483921,0,0,0.00015548,1,0,1,0,0,53 49 52 54 57 127 128 129 130 51 133 134 131 132 50
2147483922,0,0,9.92064e-05,1,0,1,0,0,49 52 54 127 128 129 130 51 133 134 131 132 50
2147483926,0,0,1.02382e-10,1,0,1,0,0,53 49 52 54 57 127 128 129 130 51 133 134 131 132 50
2147483927,0,0,0.000111331,1,0,1,0,0,53 49 52 54 57 127 128 129 130 51 133 134 131 132 50
2147483928,0,0,0.000110229,1,0,1,0,0,49 52 54 57 53 127 128 129 130 51 133 134 131 132 50
2147483929,0,0,0.00014881,1,0,1,0,0,49 52 54 57 53 127 128 129 130 51 133 134 131 132 50
2147483931,0,0,0.000256568,2,0,1,0,255,49 52 54 57 53 127 128 129 130 51 133 134 131 132 50
2147483932,0,0,0.000107355,1,0,1,0,255,53 49 52 54 57 127 128 129 130 51 133 134 131 132 50
2147483933,0,0,inf,1,0,1,0,255,49 52 54 57 53 127 128 129 130 51 133 134 131 132 50
2147483934,0,0,0.000106293,1,0,1,0,255,49 52 54 127 128 130
2147483936,0,0,0.000110229,1,0,1,0,0,49 52 54 57 53 127 128 129 130 51 133 134 131 132 50
2147483937,0,0,0.000181475,1,0,1,0,1,51 133 134 131 132 50
2147483939,0,0,0.000218838,2,0,1,0,0,49 52 54 57 53 127 128 129 130 51 133 134 131 132 50
2147483940,0,0,9.10895e-05,1,0,1,0,255,53 49 52 54 57 127 128 129 130 51 133 134 131 132 50
2147483941,0,0,inf,1,0,1,0,255,49 52 54 57 53 127 128 129 130 51 133 134 131 132 50
2147483943,0,0,0.000212585,2,0,1,0,0,51 133 134 131 132 50
2147483944,0,0,8.84104e-05,1,0,1,0,0,51 133 134 131 132 50
2147483945,0,0,0.000106293,1,0,1,0,0,49 52 54 57 127 128 129 130 51 133 134 131 132 50
2147483946,0,0,8.58844e-05,1,0,1,0,0,51 133 134 131 132 50
2147483947,0,0,0.000106293,1,0,1,0,0,49 52 54 57 127 128 129 130 51 133 134 131 132 50
2147483948,0,0,0.000100198,1,0,1,0,0,49 54 52 127 128 129 130 51 133 134 131 132 50
2147483949,0,0,5.9328e-05,1,0,1,0,0,51 133 134 131 132 50
2147483950,0,0,9.10895e-05,1,0,1,0,0,52 49 127 128 129 130 51 133 134 131 132 50
2147483951,0,0,9.01876e-05,1,0,1,0,0,49 127 128 129 130 51 133 134 131 132 50
2147483953,0,0,inf,1,0,1,0,0,53 49 52 54 57 127 128 129 130 51 133 134 131 132 50
2147483956,0,0,inf,1,0,1,0,0,53 49 52 54 57 127 128 129 130 51 133 134 131 132 50
2147483957,0,0,8.85986e-17,1,0,1,0,0,49 53 52 54 57 127 128 129 130 51 133 134 131 132 50
2147483959,0,0,inf,1,0,1,0,0,53 49 52 54 57 127 128 129 130 51 133 134 131 132 50
2147483960,0,0,0.00015548,1,0,1,0,0,53 49 52 54 57 127 128 129 130 51 133 134 131 132 50
2147483961,0,0,9.92063e-05,1,0,1,0,0,49 52 54 127 128 129 130 51 133 134 131 132 50
2147483965,0,0,1.02382e-10,1,0,1,0,0,53 49 52 54 57 127 128 129 130 51 133 134 131 132 50
2147483966,0,0,2.9111e-16,1,0,1,0,0,49 53 52 54 57 127 128 129 130 51 133 134 131 132 50
2147483968,0,0,0.000111331,1,0,1,0,0,53 49 52 54 57 127 128 129 130 51 133 134 131 132 50
2147483969,0,0,0.000110229,1,0,1,0,0,49 52 54 57 53 127 128 129 130 51 133 134 131 132 50
2147483970,0,0,0.00014881,1,0,1,0,0,49 52 54 57 53 127 128 129 130 51 133 134 131 132 50
2147483972,0,0,0.000256568,2,0,1,0,0,49 52 54 57 53 127 128 129 130 51 133 134 131 132 50
2147483973,0,0,0.000107355,1,0,1,0,0,53 49 52 54 57 127 128 129 130 51 133 134 131 132 50
2147483974,0,0,inf,1,0,1,0,0,49 52 54 57 53 127 128 129 130 51 133 134 131 132 50
2147483975,0,0,0.000106293,1,0,1,0,0,49 52 54 127 128 130
2147483976,0,0,0.000106293,1,0,1,0,0,49 52 54 57 127 128 129 130 51 133 134 131 132 50
2147483980,0,0,0.000102627,1,0,1,0,0,49 52 54 57 127 128 129 130 51 133 134 131 132 50
2147483982,0,0,0.000103653,1,0,1,0,0,22 25 27 32 26 263 264 265 266 24 23 269 270 267 268
2147483983,0,0,6.00037e-05,1,0,1,0,0,49 52 54 127 128 129 130 51 133 134 131 132 50
2147483989,0,0,2.60179e-10,1,0,1,0,0,49 52 54 127 128 129 130 51 133 134 131 132 50
2147483992,0,0,2.65796e-16,1,0,1,0,0,49 53 52 54 57 127 128 129 130 51 133 134 131 132 50
2147483994,0,0,inf,1,0,1,0,0,49 52 54 57 53 127 128 129 130 51 133 134 131 132 50
2147483995,0,0,0.000106292,1,0,1,0,0,49 52 54 127 128 130
2147483998,0,0,2.50496e-05,1,0,1,0,0,127 49 128 129 130 51 133 134 131 132 50
2147483999,0,0,5.51146e-05,1,0,1,0,0,49 52 54 57 53 127 128 129 130 51 133 134 131 132 50
2147484000,0,0,inf,1,0,1,0,0,49 52 54 57 53 127 128 129 130 51 133 134 131 132 50
2147484001,0,0,0.000111332,1,0,0,1,0,151 152 153 154 155 156 157 158 159 160 161 162 163 164 165 166
2147484005,0,0,2.50496e-05,1,0,1,0,0,127 49 128 129 130 51 133 134 131 132 50
2147484006,0,0,5.51146e-05,1,0,1,0,0,49 52 54 57 53 127 128 129 130 51 133 134 131 132 50
2147484007,0,0,inf,1,0,1,0,0,49 52 54 57 53 127 128 129 130 51 133 134 131 132 50
2147484008,0,0,0.000165344,1,0,1,0,0,49 52 54 57 53 127 128 129 130 51 133 134 131 132 50
2147484011,0,0,2.50496e-05,1,0,1,0,0,127 49 128 129 130 51 133 134 131 132 50
2147484012,0,0,5.51146e-05,1,0,1,0,0,49 52 54 57 53 127 128 129 130 51 133 134 131 132 50
2147484013,0,0,inf,1,0,1,0,0,49 52 54 57 53 127 128 129 130 51 133 134 131 132 50
2147484014,0,0,0.000111332,1,0,0,1,0,151 152 153 154 155 156 157 158 159 160 161 162 163 164 165 166
2147484018,0,0,2.50496e-05,1,0,1,0,0,127 49 128 129 130 51 133 134 131 132 50
2147484019,0,0,5.51146e-05,1,0,1,0,0,49 52 54 57 53 127 128 129 130 51 133 134 131 132 50
2147484020,0,0,inf,1,0,1,0,0,49 52 54 57 53 127 128 129 130 51 133 134 131 132 50
2147484021,0,0,0.000165344,1,0,1,0,0,49 52 54 57 53 127 128 129 130 51 133 134 131 132 50
2147484024,0,0,2.50496e-05,1,0,1,0,0,127 49 128 129 130 51 133 134 131 132 50
2147484025,0,0,5.51146e-05,1,0,1,0,0,49 52 54 57 53 127 128 129 130 51 133 134 131 132 50
2147484026,0,0,inf,1,0,1,0,0,49 52 54 57 53 127 128 129 130 51 133 134 131 132 50
2147484027,0,0,0.000111332,1,0,0,1,0,151 152 153 154 155 156 157 158 159 160 161 162 163 164 165 166
2147484031,0,0,2.50496e-05,1,0,1,0,0,127 49 128 129 130 51 133 134 131 132 50
2147484032,0,0,5.51146e-05,1,0,1,0,0,49 52 54 57 53 127 128 129 130 51 133 134 131 132 50
2147484033,0,0,inf,1,0,1,0,0,49 52 54 57 53 127 128 129 130 51 133 134 131 132 50
2147484034,0,0,0.000165344,1,0,1,0,0,49 52 54 57 53 127 128 129 130 51 133 134 131 132 50
2147484037,0,0,2.50496e-05,1,0,1,0,0,127 49 128 129 130 51 133 134 131 132 50
2147484038,0,0,5.51146e-05,1,0,1,0,0,49 52 54 57 53 127 128 129 130 51 133 134 131 132 50
2147484039,0,0,inf,1,0,1,0,0,49 52 54 57 53 127 128 129 130 51 133 134 131 132 50
2147484040,0,0,0.000111332,1,0,0,1,0,151 152 153 154 155 156 157 158 159 160 161 162 163 164 165 166
2147484044,0,0,2.50496e-05,1,0,1,0,0,127 49 128 129 130 51 133 134 131 132 50
2147484045,0,0,5.51146e-05,1,0,1,0,0,49 52 54 57 53 127 128 129 130 51 133 134 131 132 50
2147484046,0,0,inf,1,0,1,0,0,49 52 54 57 53 127 128 129 130 51 133 134 131 132 50
2147484047,0,0,0.000165344,1,0,1,0,0,49 52 54 57 53 127 128 129 130 51 133 134 131 132 50
2147484050,0,0,2.50496e-05,1,0,1,0,0,127 49 128 129 130 51 133 134 131 132 50
2147484051,0,0,5.51146e-05,1,0,1,0,0,49 52 54 57 53 127 128 129 130 51 133 134 131 132 50
2147484052,0,0,inf,1,0,1,0,0,49 52 54 57 53 127 128 129 130 51 133 134 131 132 50
2147484053,0,0,0.000111332,1,0,0,1,0,151 152 153 154 155 156 157 158 159 160 161 162 163 164 165 166
2147484057,0,0,2.50496e-05,1,0,1,0,0,127 49 128 129 130 51 133 134 131 132 50
2147484058,0,0,5.51146e-05,1,0,1,0,0,49 52 54 57 53 127 128 129 130 51 133 134 131 132 50
2147484059,0,0,inf,1,0,1,0,0,49 52 54 57 53 127 128 129 130 51 133 134 131 132 50
2147484060,0,0,0.000165344,1,0,1,0,0,49 52 54 57 53 127 128 129 130 51 133 134 131 132 50
2147484063,0,0,2.50496e-05,1,0,1,0,0,127 49 128 129 130 51 133 134 131 132 50
2147484064,0,0,5.51146e-05,1,0,1,0,0,49 52 54 57 53 127 128 129 130 51 133 134 131 132 50
2147484065,0,0,inf,1,0,1,0,0,49 52 54 57 53 127 128 129 130 51 133 134 131 132 50
2147484066,0,0,0.000111332,1,0,0,1,0,151 152 153 154 155 156 157 158 159 160 161 162 163 164 165 166
2147484068,0,0,inf,1,0,1,0,0,2 11 19 61 18 247 248 249 250 5 8 253 254 251 252
2147484069,0,0,inf,1,0,1,0,0,22 25 27 32 26 263 264 265 266 24 23 269 270 267 268
2147484070,0,0,0.000111332,1,0,0,1,0,151 152 153 154 155 156 157 158 159 160 161 162 163 164 165 166
2147484072,0,0,inf,1,0,1,0,0,2 11 19 61 18 247 248 249 250 5 8 253 254 251 252
2147484073,0,0,inf,1,0,1,0,0,22 25 27 32 26 263 264 265 266 24 23 269 270 267 268
2147484074,0,0,0.000111332,1,0,0,1,0,151 152 153 154 155 156 157 158 159 160 161 162 163 164 165 166
2147484076,0,0,inf,1,0,1,0,0,2 11 19 61 18 247 248 249 250 5 8 253 254 251 252
2147484077,0,0,inf,1,0,1,0,0,22 25 27 32 26 263 264 265 266 24 23 269 270 267 268
2147484078,0,0,0.000111332,1,0,0,1,0,151 152 153 154 155 156 157 158 159 160 161 162 163 164 165 166
2147484080,0,0,inf,1,0,1,0,0,2 11 19 61 18 247 248 249 250 5 8 253 254 251 252
2147484081,0,0,inf,1,0,1,0,0,22 25 27 32 26 263 264 265 266 24 23 269 270 267 268
2147484082,0,0,0.000111332,1,0,0,1,0,151 152 153 154 155 156 157 158 159 160 161 162 163 164 165 166
2147484084,0,0,inf,1,0,1,0,0,2 11 19 61 18 247 248 249 250 5 8 253 254 251 252
2147484085,0,0,inf,1,0,1,0,0,22 25 27 32 26 263 264 265 266 24 23 269 270 267 268
2147484086,0,0,0.000111332,1,0,0,1,0,151 152 153 154 155 156 157 158 159 160 161 162 163 164 165 166
2147484088,0,0,inf,1,0,1,0,0,2 11 19 61 18 247 248 249 250 5 8 253 254 251 252
2147484089,0,0,inf,1,0,1,0,0,22 25 27 32 26 263 264 265 266 24 23 269 270 267 268
2147484090,0,0,0.000111332,1,0,0,1,0,151 152 153 154 155 156 157 158 159 160 161 162 163 164 165 166
2147484093,0,0,5.00992e-05,1,0,1,0,0,127 49 128 129 130 51 133 134 131 132 50
2147484094,0,0,9.05305e-05,3,0,1,0,0,22 25 27 32 26 263 264 265 266 24 23 269 270 267 268
2147484095,0,0,inf,1,0,1,0,0,49 52 54 57 53 127 128 129 130 51 133 134 131 132 50
2147484096,0,0,6.2624e-05,1,0,1,0,0,54 49 52 127 128 129 130 51 133 134 131 132 50
2147484097,0,0,3.1312e-05,1,0,1,0,0,127 49 128 129 130 51 133 134 131 132 50
2147484098,0,0,inf,1,0,1,0,0,22 25 27 32 26 263 264 265 266 24 23 269 270 267 268
2147484099,0,0,0.000111332,1,0,0,1,0,151 152 153 154 155 156 157 158 159 160 161 162 163 164 165 166
2147484102,0,0,5.00992e-05,1,0,1,0,0,127 49 128 129 130 51 133 134 131 132 50
2147484103,0,0,inf,1,0,1,0,0,49 52 54 57 53 127 128 129 130 51 133 134 131 132 50
2147484104,0,0,3.75744e-05,1,0,1,0,0,54 49 52 127 128 129 130 51 133 134 131 132 50
2147484105,0,0,1.87872e-05,1,0,1,0,0,127 49 128 129 130 51 133 134 131 132 50
2147484106,0,0,inf,1,0,1,0,0,22 25 27 32 26 263 264 265 266 24 23 269 270 267 268
2147484107,0,0,0.000111332,1,0,0,1,0,151 152 153 154 155 156 157 158 159 160 161 162 163 164 165 166
2147484123,0,0,0.000198413,2,0,1,0,0,22 25 27 32 26 263 264 265 266 24 23 269 270 267 268
2147484125,0,0,0.000198413,2,0,1,0,0,22 25 27 32 26 263 264 265 266 24 23 269 270 267 268
2147484126,0,0,0.000104331,3,0,1,0,0,2 11 19 61 18 247 248 249 250 5 8 253 254 251 252
2147484128,0,0,5.19387e-05,3,0,0,1,0,
2147484129,0,0,8.87366e-05,3,0,0,1,0,152 153 154 155 156 157 158 159 160 161 162 163 164 165 166
2147484130,0,0,5.19387e-05,3,0,0,1,0,
2147484131,0,0,8.87366e-05,3,0,0,1,0,152 153 154 155 156 157 158 159 160 161 162 163 164 165 166
2147484132,0,0,5.19387e-05,3,0,0,1,0,
2147484133,0,0,8.87366e-05,3,0,0,1,0,152 153 154 155 156 157 158 159 160 161 162 163 164 165 166
2147484134,0,0,5.19387e-05,3,0,0,1,0,
2147484135,0,0,8.87366e-05,3,0,0,1,0,152 153 154 155 156 157 158 159 160 161 162 163 164 165 166
2147484136,0,0,5.19387e-05,3,0,0,1,0,
2147484137,0,0,8.87366e-05,3,0,0,1,0,152 153 154 155 156 157 158 159 160 161 162 163 164 165 166
2147484138,0,0,9.14358e-05,3,0,0,1,0,151 152 153 154 155 156 157 158 159 160 161 162 163 164 165 166
2147484143,0,0,0.00010774,3,0,1,0,0,57 49 52 54 127 128 129 130 51 133 134 131 132 50
2147484144,0,0,0.00010774,3,0,1,0,0,57 49 52 54 127 128 129 130 51 133 134 131 132 50
2147484145,0,0,3.58339e-05,3,0,1,0,0,51 133 134 131 132 50
2147484146,0,0,0.00013341,6,0,1,0,0,49 52 54 57 53 127 128 129 130 51 133 134 131 132 50
2147484147,0,0,0.00010774,3,0,1,0,0,57 49 52 54 127 128 129 130 51 133 134 131 132 50
2147484148,0,0,0.00010774,3,0,1,0,0,57 49 52 54 127 128 129 130 51 133 134 131 132 50
2147484149,0,0,0.000107355,4,0,0,1,0,
2147484150,0,0,0.000107355,4,0,0,1,0,
2147484151,0,0,2.14734e-10,15,0,1,0,0,51 133 134 131 132 50
