2 
5 
8 
11 
18 
19 
22 
23 
24 
25 
26 
27 
32 
49 2147483648 2147483651 2147483654 2147483662 2147483670 2147483678 2147483686 2147483698 2147483715 2147483737 2147483738 2147483739 2147483740 2147483741 2147483747 2147483767 2147483894 2147483900 2147483901 2147483903 2147483906 2147484082 2147484086 
50 
51 
52 2147483648 2147483651 2147483654 2147483662 2147483670 2147483678 2147483686 2147483698 2147483715 2147483737 2147483738 2147483739 2147483740 2147483741 2147483747 2147483767 2147483788 2147483792 2147483796 2147483800 2147483833 2147483839 2147483894 2147483900 2147483901 2147483903 2147483906 2147483908 2147483948 2147483954 2147483960 2147483966 2147483972 2147483978 2147483984 2147483990 2147483996 2147484002 2147484008 2147484037 2147484040 2147484044 2147484047 2147484082 2147484086 
53 2147483648 2147483651 2147483654 2147483658 2147483662 2147483666 2147483670 2147483674 2147483678 2147483682 2147483686 2147483690 2147483698 2147483715 2147483737 2147483738 2147483739 2147483740 2147483741 2147483747 2147483767 2147483788 2147483792 2147483796 2147483800 2147483804 2147483808 2147483813 2147483815 2147483817 2147483820 2147483822 2147483824 2147483827 2147483830 2147483833 2147483839 2147483844 2147483849 2147483854 2147483860 2147483866 2147483869 2147483878 2147483890 2147483894 2147483900 2147483901 2147483902 2147483903 2147483904 2147483905 2147483906 2147483907 2147483908 2147483918 2147483932 2147483934 2147483939 2147483945 2147483948 2147483954 2147483960 2147483966 2147483972 2147483978 2147483984 2147483990 2147483996 2147484002 2147484008 2147484037 2147484039 2147484040 2147484044 2147484046 2147484047 2147484082 2147484086 
54 2147483648 2147483651 2147483654 2147483662 2147483670 2147483678 2147483686 2147483698 2147483715 2147483737 2147483738 2147483739 2147483740 2147483741 2147483747 2147483767 2147483788 2147483792 2147483796 2147483800 2147483833 2147483839 2147483894 2147483900 2147483901 2147483903 2147483906 2147483907 2147483908 2147483948 2147483954 2147483960 2147483966 2147483972 2147483978 2147483984 2147483990 2147483996 2147484002 2147484008 2147484037 2147484040 2147484044 2147484047 2147484082 2147484086 
57 2147483648 2147483651 2147483654 2147483658 2147483662 2147483666 2147483670 2147483674 2147483678 2147483682 2147483686 2147483690 2147483698 2147483715 2147483737 2147483738 2147483739 2147483740 2147483741 2147483747 2147483767 2147483788 2147483792 2147483796 2147483800 2147483833 2147483839 2147483849 2147483860 2147483866 2147483894 2147483900 2147483901 2147483903 2147483905 2147483906 2147483907 2147483908 2147483939 2147483945 2147483948 2147483954 2147483960 2147483966 2147483972 2147483978 2147483984 2147483990 2147483996 2147484002 2147484008 2147484037 2147484039 2147484040 2147484044 2147484046 2147484047 2147484082 2147484086 
61 
127 2147483648 2147483651 2147483654 2147483662 2147483670 2147483678 2147483686 2147483698 2147483715 2147483737 2147483738 2147483739 2147483740 2147483741 2147483747 2147483767 2147483894 2147483900 2147483901 2147483903 2147483906 2147484082 2147484086 
128 2147483648 2147483651 2147483654 2147483662 2147483670 2147483678 2147483686 2147483698 2147483715 2147483737 2147483738 2147483739 2147483740 2147483741 2147483747 2147483767 2147483894 2147483900 2147483901 2147483903 2147483906 2147484082 2147484086 
129 2147483648 2147483651 2147483654 2147483662 2147483670 2147483678 2147483686 2147483698 2147483715 2147483737 2147483738 2147483739 2147483740 2147483741 2147483747 2147483767 2147483894 2147483900 2147483901 2147483903 2147483906 2147484082 2147484086 
130 2147483648 2147483651 2147483654 2147483662 2147483670 2147483678 2147483686 2147483698 2147483715 2147483737 2147483738 2147483739 2147483740 2147483741 2147483747 2147483767 2147483894 2147483900 2147483901 2147483903 2147483906 2147484082 2147484086 
131 
132 
133 
134 
151 2147484069 2147484070 2147484071 2147484072 2147484073 2147484074 2147484075 2147484076 2147484077 2147484078 2147484084 2147484085 
152 2147484069 2147484071 2147484073 2147484075 2147484077 2147484084 2147484085 
153 2147484069 2147484071 2147484073 2147484075 2147484077 2147484084 2147484085 
154 2147484069 2147484071 2147484073 2147484075 2147484077 2147484084 2147484085 
155 2147484069 2147484071 2147484073 2147484075 2147484077 2147484084 2147484085 
156 2147484069 2147484071 2147484073 2147484075 2147484077 2147484084 2147484085 
157 2147484069 2147484071 2147484073 2147484075 2147484077 2147484084 2147484085 
158 2147484069 2147484071 2147484073 2147484075 2147484077 2147484084 2147484085 
159 2147484069 2147484071 2147484073 2147484075 2147484077 2147484084 2147484085 
160 2147484069 2147484071 2147484073 2147484075 2147484077 2147484084 2147484085 
161 2147484069 2147484071 2147484073 2147484075 2147484077 2147484084 2147484085 
162 2147484069 2147484071 2147484073 2147484075 2147484077 2147484084 2147484085 
163 2147484069 2147484071 2147484073 2147484075 2147484077 2147484084 2147484085 
164 2147484069 2147484071 2147484073 2147484075 2147484077 2147484084 2147484085 
165 2147484069 2147484071 2147484073 2147484075 2147484077 2147484084 2147484085 
166 2147484069 2147484071 2147484073 2147484075 2147484077 2147484084 2147484085 
247 
248 
249 
250 
251 
252 
253 
254 
263 
264 
265 
266 
267 
268 
269 
270 
2147483648 2147483737 2147483738 2147483739 2147483740 2147483741 2147484044 2147484045 54 49 52 57 53 127 128 129 130 2147483737 2147483738 2147483739 2147483740 2147483741 2147484044 2147484045 
2147483651 2147483737 2147483738 2147483739 2147483740 2147483741 2147484037 2147484038 54 49 52 57 53 127 128 129 130 2147483737 2147483738 2147483739 2147483740 2147483741 2147484037 2147484038 
2147483654 2147483737 2147483738 2147483739 2147483740 2147483741 2147484002 2147484003 2147484004 2147484005 2147484069 54 49 52 57 53 127 128 129 130 2147483737 2147483738 2147483739 2147483740 2147483741 2147484002 2147484003 2147484004 2147484005 2147484069 
2147483658 2147483737 2147483738 2147483739 2147483740 2147483741 2147484005 2147484008 2147484069 57 53 2147483737 2147483738 2147483739 2147483740 2147483741 2147484005 2147484008 2147484069 
2147483662 2147483737 2147483738 2147483739 2147483740 2147483741 2147483990 2147483991 2147483992 2147483993 2147484071 54 49 52 57 53 127 128 129 130 2147483737 2147483738 2147483739 2147483740 2147483741 2147483990 2147483991 2147483992 2147483993 2147484071 
2147483666 2147483737 2147483738 2147483739 2147483740 2147483741 2147483993 2147483996 2147484071 57 53 2147483737 2147483738 2147483739 2147483740 2147483741 2147483993 2147483996 2147484071 
2147483670 2147483737 2147483738 2147483739 2147483740 2147483741 2147483978 2147483979 2147483980 2147483981 2147484073 54 49 52 57 53 127 128 129 130 2147483737 2147483738 2147483739 2147483740 2147483741 2147483978 2147483979 2147483980 2147483981 2147484073 
2147483674 2147483737 2147483738 2147483739 2147483740 2147483741 2147483981 2147483984 2147484073 57 53 2147483737 2147483738 2147483739 2147483740 2147483741 2147483981 2147483984 2147484073 
2147483678 2147483737 2147483738 2147483739 2147483740 2147483741 2147483966 2147483967 2147483968 2147483969 2147484075 54 49 52 57 53 127 128 129 130 2147483737 2147483738 2147483739 2147483740 2147483741 2147483966 2147483967 2147483968 2147483969 2147484075 
2147483682 2147483737 2147483738 2147483739 2147483740 2147483741 2147483969 2147483972 2147484075 57 53 2147483737 2147483738 2147483739 2147483740 2147483741 2147483969 2147483972 2147484075 
2147483686 2147483737 2147483738 2147483739 2147483740 2147483741 2147483954 2147483955 2147483956 2147483957 2147484077 54 49 52 57 53 127 128 129 130 2147483737 2147483738 2147483739 2147483740 2147483741 2147483954 2147483955 2147483956 2147483957 2147484077 
2147483690 2147483737 2147483738 2147483739 2147483740 2147483741 2147483957 2147483960 2147484077 57 53 2147483737 2147483738 2147483739 2147483740 2147483741 2147483957 2147483960 2147484077 
2147483698 2147483737 2147483738 2147483739 2147483740 2147483741 2147483936 2147483939 2147483944 2147483945 2147484086 57 49 127 52 54 53 128 129 130 2147483737 2147483738 2147483739 2147483740 2147483741 2147483936 2147483939 2147483944 2147483945 2147484086 
2147483706 2147483741 2147483741 
2147483709 2147483741 2147483741 
2147483712 2147483741 2147483741 
2147483715 2147483737 2147483738 2147483739 2147483740 2147483741 2147483857 2147483860 2147483865 2147483866 2147484086 57 49 127 52 54 53 128 129 130 2147483737 2147483738 2147483739 2147483740 2147483741 2147483857 2147483860 2147483865 2147483866 2147484086 
2147483737 2147483648 2147483651 2147483654 2147483658 2147483662 2147483666 2147483670 2147483674 2147483678 2147483682 2147483686 2147483690 2147483698 2147483715 2147483648 2147483651 2147483654 2147483658 2147483662 2147483666 2147483670 2147483674 2147483678 2147483682 2147483686 2147483690 2147483698 2147483715 2147483738 2147483739 2147483740 2147483741 2147483742 2147483747 2147483749 2147483788 2147483792 2147483796 2147483800 2147483833 2147483839 2147483854 2147483867 2147483876 2147483885 2147483893 2147483894 2147483896 2147483897 2147483898 2147483900 2147483901 2147483902 2147483903 2147483904 2147483905 2147483906 2147483927 2147483934 2147483948 2147483949 2147483954 2147483955 2147483956 2147483957 2147483960 2147483961 2147483966 2147483967 2147483968 2147483969 2147483972 2147483973 2147483978 2147483979 2147483980 2147483981 2147483984 2147483985 2147483990 2147483991 2147483992 2147483993 2147483996 2147483997 2147484002 2147484003 2147484004 2147484005 2147484008 2147484009 2147484037 2147484038 2147484039 2147484040 2147484044 2147484045 2147484046 2147484047 2147484069 2147484071 2147484073 2147484075 2147484077 53 57 49 52 54 127 128 129 130 2147483738 2147483739 2147483740 2147483741 2147483742 2147483747 2147483749 2147483788 2147483792 2147483796 2147483800 2147483833 2147483839 2147483854 2147483867 2147483876 2147483885 2147483893 2147483894 2147483896 2147483897 2147483898 2147483900 2147483901 2147483902 2147483903 2147483904 2147483905 2147483906 2147483927 2147483934 2147483948 2147483949 2147483954 2147483955 2147483956 2147483957 2147483960 2147483961 2147483966 2147483967 2147483968 2147483969 2147483972 2147483973 2147483978 2147483979 2147483980 2147483981 2147483984 2147483985 2147483990 2147483991 2147483992 2147483993 2147483996 2147483997 2147484002 2147484003 2147484004 2147484005 2147484008 2147484009 2147484037 2147484038 2147484039 2147484040 2147484044 2147484045 2147484046 2147484047 2147484069 2147484071 2147484073 2147484075 2147484077 
2147483738 2147483648 2147483651 2147483654 2147483658 2147483662 2147483666 2147483670 2147483674 2147483678 2147483682 2147483686 2147483690 2147483698 2147483715 2147483737 2147483648 2147483651 2147483654 2147483658 2147483662 2147483666 2147483670 2147483674 2147483678 2147483682 2147483686 2147483690 2147483698 2147483715 2147483737 2147483739 2147483740 2147483741 2147483742 2147483747 2147483749 2147483767 2147483788 2147483792 2147483796 2147483800 2147483808 2147483809 2147483813 2147483815 2147483820 2147483822 2147483833 2147483839 2147483849 2147483854 2147483867 2147483876 2147483934 2147483948 2147483954 2147483955 2147483956 2147483957 2147483960 2147483966 2147483967 2147483968 2147483969 2147483972 2147483978 2147483979 2147483980 2147483981 2147483984 2147483990 2147483991 2147483992 2147483993 2147483996 2147484002 2147484003 2147484004 2147484005 2147484008 2147484037 2147484038 2147484039 2147484040 2147484044 2147484045 2147484046 2147484047 2147484069 2147484071 2147484073 2147484075 2147484077 2147484082 2147484083 57 53 54 49 52 127 128 129 130 2147483739 2147483740 2147483741 2147483742 2147483747 2147483749 2147483767 2147483788 2147483792 2147483796 2147483800 2147483808 2147483809 2147483813 2147483815 2147483820 2147483822 2147483833 2147483839 2147483849 2147483854 2147483867 2147483876 2147483934 2147483948 2147483954 2147483955 2147483956 2147483957 2147483960 2147483966 2147483967 2147483968 2147483969 2147483972 2147483978 2147483979 2147483980 2147483981 2147483984 2147483990 2147483991 2147483992 2147483993 2147483996 2147484002 2147484003 2147484004 2147484005 2147484008 2147484037 2147484038 2147484039 2147484040 2147484044 2147484045 2147484046 2147484047 2147484069 2147484071 2147484073 2147484075 2147484077 2147484082 2147484083 
2147483739 2147483648 2147483651 2147483654 2147483658 2147483662 2147483666 2147483670 2147483674 2147483678 2147483682 2147483686 2147483690 2147483698 2147483715 2147483737 2147483738 2147483648 2147483651 2147483654 2147483658 2147483662 2147483666 2147483670 2147483674 2147483678 2147483682 2147483686 2147483690 2147483698 2147483715 2147483737 2147483738 2147483740 2147483741 2147483742 2147483747 2147483749 2147483788 2147483792 2147483796 2147483800 2147483833 2147483839 2147483854 2147483867 2147483876 2147483893 2147483894 2147483896 2147483897 2147483934 2147483948 2147483954 2147483955 2147483956 2147483957 2147483966 2147483967 2147483968 2147483969 2147483978 2147483979 2147483980 2147483981 2147483990 2147483991 2147483992 2147483993 2147484002 2147484003 2147484004 2147484005 2147484037 2147484044 2147484069 2147484071 2147484073 2147484075 2147484077 54 52 49 57 53 127 128 129 130 2147483740 2147483741 2147483742 2147483747 2147483749 2147483788 2147483792 2147483796 2147483800 2147483833 2147483839 2147483854 2147483867 2147483876 2147483893 2147483894 2147483896 2147483897 2147483934 2147483948 2147483954 2147483955 2147483956 2147483957 2147483966 2147483967 2147483968 2147483969 2147483978 2147483979 2147483980 2147483981 2147483990 2147483991 2147483992 2147483993 2147484002 2147484003 2147484004 2147484005 2147484037 2147484044 2147484069 2147484071 2147484073 2147484075 2147484077 
2147483740 2147483648 2147483651 2147483654 2147483658 2147483662 2147483666 2147483670 2147483674 2147483678 2147483682 2147483686 2147483690 2147483698 2147483715 2147483737 2147483738 2147483739 2147483648 2147483651 2147483654 2147483658 2147483662 2147483666 2147483670 2147483674 2147483678 2147483682 2147483686 2147483690 2147483698 2147483715 2147483737 2147483738 2147483739 2147483741 2147483742 2147483747 2147483749 2147483788 2147483792 2147483796 2147483800 2147483803 2147483808 2147483809 2147483813 2147483815 2147483817 2147483818 2147483820 2147483822 2147483826 2147483829 2147483833 2147483839 2147483844 2147483849 2147483854 2147483857 2147483860 2147483865 2147483866 2147483867 2147483876 2147483893 2147483894 2147483896 2147483897 2147483898 2147483900 2147483901 2147483902 2147483903 2147483904 2147483905 2147483906 2147483907 2147483908 2147483910 2147483934 2147483936 2147483939 2147483944 2147483945 2147483948 2147483954 2147483955 2147483956 2147483957 2147483960 2147483966 2147483967 2147483968 2147483969 2147483972 2147483978 2147483979 2147483980 2147483981 2147483984 2147483990 2147483991 2147483992 2147483993 2147483996 2147484002 2147484003 2147484004 2147484005 2147484008 2147484037 2147484038 2147484039 2147484040 2147484044 2147484045 2147484046 2147484047 2147484069 2147484071 2147484073 2147484075 2147484077 2147484082 2147484083 2147484086 52 53 57 127 54 49 128 129 130 2147483741 2147483742 2147483747 2147483749 2147483788 2147483792 2147483796 2147483800 2147483803 2147483808 2147483809 2147483813 2147483815 2147483817 2147483818 2147483820 2147483822 2147483826 2147483829 2147483833 2147483839 2147483844 2147483849 2147483854 2147483857 2147483860 2147483865 2147483866 2147483867 2147483876 2147483893 2147483894 2147483896 2147483897 2147483898 2147483900 2147483901 2147483902 2147483903 2147483904 2147483905 2147483906 2147483907 2147483908 2147483910 2147483934 2147483936 2147483939 2147483944 2147483945 2147483948 2147483954 2147483955 2147483956 2147483957 2147483960 2147483966 2147483967 2147483968 2147483969 2147483972 2147483978 2147483979 2147483980 2147483981 2147483984 2147483990 2147483991 2147483992 2147483993 2147483996 2147484002 2147484003 2147484004 2147484005 2147484008 2147484037 2147484038 2147484039 2147484040 2147484044 2147484045 2147484046 2147484047 2147484069 2147484071 2147484073 2147484075 2147484077 2147484082 2147484083 2147484086 
2147483741 2147483648 2147483651 2147483654 2147483658 2147483662 2147483666 2147483670 2147483674 2147483678 2147483682 2147483686 2147483690 2147483698 2147483706 2147483709 2147483712 2147483715 2147483737 2147483738 2147483739 2147483740 2147483648 2147483651 2147483654 2147483658 2147483662 2147483666 2147483670 2147483674 2147483678 2147483682 2147483686 2147483690 2147483698 2147483706 2147483709 2147483712 2147483715 2147483737 2147483738 2147483739 2147483740 2147483742 2147483746 2147483747 2147483749 2147483756 2147483757 2147483761 2147483766 2147483767 2147483776 2147483777 2147483781 2147483786 2147483788 2147483789 2147483790 2147483792 2147483793 2147483794 2147483796 2147483797 2147483798 2147483800 2147483801 2147483802 2147483803 2147483804 2147483805 2147483808 2147483809 2147483813 2147483815 2147483817 2147483818 2147483820 2147483822 2147483824 2147483825 2147483826 2147483827 2147483828 2147483829 2147483830 2147483831 2147483833 2147483837 2147483839 2147483843 2147483844 2147483845 2147483847 2147483848 2147483849 2147483850 2147483852 2147483853 2147483854 2147483857 2147483867 2147483868 2147483869 2147483876 2147483877 2147483878 2147483885 2147483886 2147483888 2147483889 2147483890 2147483891 2147483893 2147483894 2147483896 2147483897 2147483898 2147483900 2147483901 2147483902 2147483903 2147483904 2147483905 2147483906 2147483907 2147483908 2147483910 2147483916 2147483917 2147483918 2147483927 2147483928 2147483930 2147483931 2147483932 2147483933 2147483934 2147483936 2147483948 2147483949 2147483950 2147483951 2147483954 2147483955 2147483956 2147483957 2147483960 2147483961 2147483962 2147483963 2147483966 2147483967 2147483968 2147483969 2147483972 2147483973 2147483974 2147483975 2147483978 2147483979 2147483980 2147483981 2147483984 2147483985 2147483986 2147483987 2147483990 2147483991 2147483992 2147483993 2147483996 2147483997 2147483998 2147483999 2147484002 2147484003 2147484004 2147484005 2147484008 2147484009 2147484010 2147484011 2147484012 2147484016 2147484020 2147484024 2147484028 2147484032 2147484037 2147484038 2147484039 2147484040 2147484044 2147484045 2147484046 2147484047 2147484060 2147484062 2147484063 2147484064 2147484065 2147484066 2147484067 2147484068 2147484069 2147484070 2147484071 2147484072 2147484073 2147484074 2147484075 2147484076 2147484077 2147484078 2147484079 2147484080 2147484081 2147484082 2147484083 2147484084 2147484085 127 49 52 54 57 53 128 129 130 2147483742 2147483746 2147483747 2147483749 2147483756 2147483757 2147483761 2147483766 2147483767 2147483776 2147483777 2147483781 2147483786 2147483788 2147483789 2147483790 2147483792 2147483793 2147483794 2147483796 2147483797 2147483798 2147483800 2147483801 2147483802 2147483803 2147483804 2147483805 2147483808 2147483809 2147483813 2147483815 2147483817 2147483818 2147483820 2147483822 2147483824 2147483825 2147483826 2147483827 2147483828 2147483829 2147483830 2147483831 2147483833 2147483837 2147483839 2147483843 2147483844 2147483845 2147483847 2147483848 2147483849 2147483850 2147483852 2147483853 2147483854 2147483857 2147483867 2147483868 2147483869 2147483876 2147483877 2147483878 2147483885 2147483886 2147483888 2147483889 2147483890 2147483891 2147483893 2147483894 2147483896 2147483897 2147483898 2147483900 2147483901 2147483902 2147483903 2147483904 2147483905 2147483906 2147483907 2147483908 2147483910 2147483916 2147483917 2147483918 2147483927 2147483928 2147483930 2147483931 2147483932 2147483933 2147483934 2147483936 2147483948 2147483949 2147483950 2147483951 2147483954 2147483955 2147483956 2147483957 2147483960 2147483961 2147483962 2147483963 2147483966 2147483967 2147483968 2147483969 2147483972 2147483973 2147483974 2147483975 2147483978 2147483979 2147483980 2147483981 2147483984 2147483985 2147483986 2147483987 2147483990 2147483991 2147483992 2147483993 2147483996 2147483997 2147483998 2147483999 2147484002 2147484003 2147484004 2147484005 2147484008 2147484009 2147484010 2147484011 2147484012 2147484016 2147484020 2147484024 2147484028 2147484032 2147484037 2147484038 2147484039 2147484040 2147484044 2147484045 2147484046 2147484047 2147484060 2147484062 2147484063 2147484064 2147484065 2147484066 2147484067 2147484068 2147484069 2147484070 2147484071 2147484072 2147484073 2147484074 2147484075 2147484076 2147484077 2147484078 2147484079 2147484080 2147484081 2147484082 2147484083 2147484084 2147484085 
2147483742 2147483737 2147483738 2147483739 2147483740 2147483741 2147483737 2147483738 2147483739 2147483740 2147483741 
2147483746 2147483741 2147483741 
2147483747 2147483737 2147483738 2147483739 2147483740 2147483741 2147483737 2147483738 2147483739 2147483740 2147483741 2147483749 53 127 49 52 54 57 128 129 130 2147483749 
2147483749 2147483737 2147483738 2147483739 2147483740 2147483741 2147483747 2147483737 2147483738 2147483739 2147483740 2147483741 2147483747 
2147483753 2147484086 2147484086 
2147483754 
2147483756 2147483741 2147483741 2147483757 2147483761 2147483757 2147483761 
2147483757 2147483741 2147483756 2147483741 2147483756 2147483761 2147483761 
2147483761 2147483741 2147483756 2147483757 2147483741 2147483756 2147483757 
2147483766 2147483741 2147483741 2147484085 2147484085 
2147483767 2147483738 2147483741 2147483738 2147483741 53 57 49 52 54 127 128 129 130 
2147483773 2147484086 2147484086 
2147483774 
2147483776 2147483741 2147483741 2147483777 2147483781 2147483777 2147483781 
2147483777 2147483741 2147483776 2147483741 2147483776 2147483781 2147483781 
2147483781 2147483741 2147483776 2147483777 2147483741 2147483776 2147483777 
2147483786 2147483741 2147483741 2147484084 2147484084 
2147483788 2147483737 2147483738 2147483739 2147483740 2147483741 2147483737 2147483738 2147483739 2147483740 2147483741 52 54 57 53 
2147483789 2147483741 2147483741 
2147483790 2147483741 2147483741 
2147483792 2147483737 2147483738 2147483739 2147483740 2147483741 2147483737 2147483738 2147483739 2147483740 2147483741 52 54 57 53 
2147483793 2147483741 2147483741 
2147483794 2147483741 2147483741 
2147483796 2147483737 2147483738 2147483739 2147483740 2147483741 2147483737 2147483738 2147483739 2147483740 2147483741 52 54 57 53 
2147483797 2147483741 2147483741 
2147483798 2147483741 2147483741 
2147483800 2147483737 2147483738 2147483739 2147483740 2147483741 2147483737 2147483738 2147483739 2147483740 2147483741 52 54 57 53 
2147483801 2147483741 2147483741 
2147483802 2147483741 2147483741 
2147483803 2147483740 2147483741 2147483740 2147483741 2147483804 2147483804 
2147483804 2147483741 2147483803 2147483741 2147483803 53 
2147483805 2147483741 2147483741 
2147483808 2147483738 2147483740 2147483741 2147483738 2147483740 2147483741 53 
2147483809 2147483738 2147483740 2147483741 2147483738 2147483740 2147483741 2147484083 2147484083 
2147483813 2147483738 2147483740 2147483741 2147483738 2147483740 2147483741 53 
2147483815 2147483738 2147483740 2147483741 2147483738 2147483740 2147483741 53 
2147483817 2147483740 2147483741 2147483740 2147483741 2147484082 53 2147484082 
2147483818 2147483740 2147483741 2147483740 2147483741 2147484082 2147484083 2147484082 2147484083 
2147483820 2147483738 2147483740 2147483741 2147483738 2147483740 2147483741 53 
2147483822 2147483738 2147483740 2147483741 2147483738 2147483740 2147483741 53 
2147483824 2147483741 2147483741 2147484083 53 2147484083 
2147483825 2147483741 2147483741 
2147483826 2147483740 2147483741 2147483740 2147483741 2147483827 2147483827 
2147483827 2147483741 2147483826 2147483741 2147483826 53 
2147483828 2147483741 2147483741 
2147483829 2147483740 2147483741 2147483740 2147483741 2147483830 2147483830 
2147483830 2147483741 2147483829 2147483741 2147483829 53 
2147483831 2147483741 2147483741 
2147483833 2147483737 2147483738 2147483739 2147483740 2147483741 2147483737 2147483738 2147483739 2147483740 2147483741 52 54 57 53 
2147483837 2147483741 2147483741 
2147483839 2147483737 2147483738 2147483739 2147483740 2147483741 2147483737 2147483738 2147483739 2147483740 2147483741 52 54 57 53 
2147483843 2147483741 2147483741 
2147483844 2147483740 2147483741 2147483740 2147483741 53 
2147483845 2147483741 2147483741 
2147483847 2147483741 2147483741 
2147483848 2147483741 2147483741 
2147483849 2147483738 2147483740 2147483741 2147483738 2147483740 2147483741 57 53 
2147483850 2147483741 2147483741 
2147483852 2147483741 2147483741 
2147483853 2147483741 2147483741 
2147483854 2147483737 2147483738 2147483739 2147483740 2147483741 2147483737 2147483738 2147483739 2147483740 2147483741 53 
2147483857 2147483715 2147483740 2147483741 2147483715 2147483740 2147483741 
2147483860 2147483715 2147483740 2147483715 2147483740 2147484086 57 53 2147484086 
2147483863 
2147483865 2147483715 2147483740 2147483715 2147483740 
2147483866 2147483715 2147483740 2147483715 2147483740 57 53 
2147483867 2147483737 2147483738 2147483739 2147483740 2147483741 2147483737 2147483738 2147483739 2147483740 2147483741 
2147483868 2147483741 2147483741 2147483869 2147483869 
2147483869 2147483741 2147483868 2147483741 2147483868 53 
2147483874 2147484086 2147484086 
2147483875 
2147483876 2147483737 2147483738 2147483739 2147483740 2147483741 2147483737 2147483738 2147483739 2147483740 2147483741 
2147483877 2147483741 2147483741 2147483878 2147483878 
2147483878 2147483741 2147483877 2147483741 2147483877 53 
2147483883 2147484086 2147484086 
2147483884 
2147483885 2147483737 2147483741 2147483737 2147483741 2147483886 2147483886 
2147483886 2147483741 2147483885 2147483741 2147483885 2147483888 2147483889 2147483888 2147483889 
2147483888 2147483741 2147483886 2147483741 2147483886 2147483889 2147483889 
2147483889 2147483741 2147483886 2147483888 2147483741 2147483886 2147483888 2147483890 2147483890 
2147483890 2147483741 2147483889 2147483741 2147483889 53 
2147483891 2147483741 2147483741 
2147483893 2147483737 2147483739 2147483740 2147483741 2147483737 2147483739 2147483740 2147483741 2147483894 2147483894 
2147483894 2147483737 2147483739 2147483740 2147483741 2147483893 2147483737 2147483739 2147483740 2147483741 2147483893 2147483896 2147483897 2147483898 2147483900 2147483901 2147483902 2147483903 49 52 54 57 53 127 128 129 130 2147483896 2147483897 2147483898 2147483900 2147483901 2147483902 2147483903 
2147483896 2147483737 2147483739 2147483740 2147483741 2147483894 2147483737 2147483739 2147483740 2147483741 2147483894 2147483897 2147483898 2147483900 2147483901 2147483897 2147483898 2147483900 2147483901 
2147483897 2147483737 2147483739 2147483740 2147483741 2147483894 2147483896 2147483737 2147483739 2147483740 2147483741 2147483894 2147483896 2147483898 2147483900 2147483901 2147483902 2147483898 2147483900 2147483901 2147483902 
2147483898 2147483737 2147483740 2147483741 2147483894 2147483896 2147483897 2147483737 2147483740 2147483741 2147483894 2147483896 2147483897 
2147483900 2147483737 2147483740 2147483741 2147483894 2147483896 2147483897 2147483737 2147483740 2147483741 2147483894 2147483896 2147483897 2147483901 2147483902 2147483903 49 52 54 57 53 127 128 129 130 2147483901 2147483902 2147483903 
2147483901 2147483737 2147483740 2147483741 2147483894 2147483896 2147483897 2147483900 2147483737 2147483740 2147483741 2147483894 2147483896 2147483897 2147483900 2147483902 2147483903 2147483904 53 49 52 54 57 127 128 129 130 2147483902 2147483903 2147483904 
2147483902 2147483737 2147483740 2147483741 2147483894 2147483897 2147483900 2147483901 2147483737 2147483740 2147483741 2147483894 2147483897 2147483900 2147483901 53 
2147483903 2147483737 2147483740 2147483741 2147483894 2147483900 2147483901 2147483737 2147483740 2147483741 2147483894 2147483900 2147483901 2147483904 2147483905 2147483906 49 57 52 54 53 127 128 129 130 2147483904 2147483905 2147483906 
2147483904 2147483737 2147483740 2147483741 2147483901 2147483903 2147483737 2147483740 2147483741 2147483901 2147483903 53 
2147483905 2147483737 2147483740 2147483741 2147483903 2147483737 2147483740 2147483741 2147483903 2147483906 57 53 2147483906 
2147483906 2147483737 2147483740 2147483741 2147483903 2147483905 2147483737 2147483740 2147483741 2147483903 2147483905 2147483907 2147483908 2147483910 53 54 49 52 57 127 128 129 130 2147483907 2147483908 2147483910 
2147483907 2147483740 2147483741 2147483906 2147483740 2147483741 2147483906 2147483908 2147483910 54 57 53 2147483908 2147483910 
2147483908 2147483740 2147483741 2147483906 2147483907 2147483740 2147483741 2147483906 2147483907 2147483910 52 54 57 53 2147483910 
2147483910 2147483740 2147483741 2147483906 2147483907 2147483908 2147483740 2147483741 2147483906 2147483907 2147483908 
2147483913 2147484086 2147484086 
2147483914 
2147483916 2147483741 2147483741 
2147483917 2147483741 2147483741 2147483918 2147483918 
2147483918 2147483741 2147483917 2147483741 2147483917 53 
2147483923 2147484086 2147484086 
2147483924 
2147483926 
2147483927 2147483737 2147483741 2147483737 2147483741 2147483928 2147483928 
2147483928 2147483741 2147483927 2147483741 2147483927 2147483930 2147483931 2147483930 2147483931 
2147483930 2147483741 2147483928 2147483741 2147483928 2147483931 2147483931 
2147483931 2147483741 2147483928 2147483930 2147483741 2147483928 2147483930 2147483932 2147483932 
2147483932 2147483741 2147483931 2147483741 2147483931 53 
2147483933 2147483741 2147483741 
2147483934 2147483737 2147483738 2147483739 2147483740 2147483741 2147483737 2147483738 2147483739 2147483740 2147483741 53 
2147483936 2147483698 2147483740 2147483741 2147483698 2147483740 2147483741 
2147483939 2147483698 2147483740 2147483698 2147483740 2147484086 57 53 2147484086 
2147483942 
2147483944 2147483698 2147483740 2147483698 2147483740 
2147483945 2147483698 2147483740 2147483698 2147483740 57 53 
2147483948 2147483737 2147483738 2147483739 2147483740 2147483741 2147483737 2147483738 2147483739 2147483740 2147483741 52 54 57 53 
2147483949 2147483737 2147483741 2147483737 2147483741 2147483950 2147483950 
2147483950 2147483741 2147483949 2147483741 2147483949 
2147483951 2147483741 2147483741 
2147483954 2147483686 2147483737 2147483738 2147483739 2147483740 2147483741 2147483686 2147483737 2147483738 2147483739 2147483740 2147483741 52 54 57 53 
2147483955 2147483686 2147483737 2147483738 2147483739 2147483740 2147483741 2147483686 2147483737 2147483738 2147483739 2147483740 2147483741 2147483956 2147483956 
2147483956 2147483686 2147483737 2147483738 2147483739 2147483740 2147483741 2147483955 2147483686 2147483737 2147483738 2147483739 2147483740 2147483741 2147483955 
2147483957 2147483686 2147483690 2147483737 2147483738 2147483739 2147483740 2147483741 2147483686 2147483690 2147483737 2147483738 2147483739 2147483740 2147483741 2147484077 2147484077 
2147483960 2147483690 2147483737 2147483738 2147483740 2147483741 2147483690 2147483737 2147483738 2147483740 2147483741 2147484077 52 54 57 53 2147484077 
2147483961 2147483737 2147483741 2147483737 2147483741 2147483962 2147484077 2147483962 2147484077 
2147483962 2147483741 2147483961 2147483741 2147483961 2147484077 2147484077 
2147483963 2147483741 2147483741 
2147483966 2147483678 2147483737 2147483738 2147483739 2147483740 2147483741 2147483678 2147483737 2147483738 2147483739 2147483740 2147483741 52 54 57 53 
2147483967 2147483678 2147483737 2147483738 2147483739 2147483740 2147483741 2147483678 2147483737 2147483738 2147483739 2147483740 2147483741 2147483968 2147483968 
2147483968 2147483678 2147483737 2147483738 2147483739 2147483740 2147483741 2147483967 2147483678 2147483737 2147483738 2147483739 2147483740 2147483741 2147483967 
2147483969 2147483678 2147483682 2147483737 2147483738 2147483739 2147483740 2147483741 2147483678 2147483682 2147483737 2147483738 2147483739 2147483740 2147483741 2147484075 2147484075 
2147483972 2147483682 2147483737 2147483738 2147483740 2147483741 2147483682 2147483737 2147483738 2147483740 2147483741 2147484075 52 54 57 53 2147484075 
2147483973 2147483737 2147483741 2147483737 2147483741 2147483974 2147484075 2147483974 2147484075 
2147483974 2147483741 2147483973 2147483741 2147483973 2147484075 2147484075 
2147483975 2147483741 2147483741 
2147483978 2147483670 2147483737 2147483738 2147483739 2147483740 2147483741 2147483670 2147483737 2147483738 2147483739 2147483740 2147483741 52 54 57 53 
2147483979 2147483670 2147483737 2147483738 2147483739 2147483740 2147483741 2147483670 2147483737 2147483738 2147483739 2147483740 2147483741 2147483980 2147483980 
2147483980 2147483670 2147483737 2147483738 2147483739 2147483740 2147483741 2147483979 2147483670 2147483737 2147483738 2147483739 2147483740 2147483741 2147483979 
2147483981 2147483670 2147483674 2147483737 2147483738 2147483739 2147483740 2147483741 2147483670 2147483674 2147483737 2147483738 2147483739 2147483740 2147483741 2147484073 2147484073 
2147483984 2147483674 2147483737 2147483738 2147483740 2147483741 2147483674 2147483737 2147483738 2147483740 2147483741 2147484073 52 54 57 53 2147484073 
2147483985 2147483737 2147483741 2147483737 2147483741 2147483986 2147484073 2147483986 2147484073 
2147483986 2147483741 2147483985 2147483741 2147483985 2147484073 2147484073 
2147483987 2147483741 2147483741 
2147483990 2147483662 2147483737 2147483738 2147483739 2147483740 2147483741 2147483662 2147483737 2147483738 2147483739 2147483740 2147483741 52 54 57 53 
2147483991 2147483662 2147483737 2147483738 2147483739 2147483740 2147483741 2147483662 2147483737 2147483738 2147483739 2147483740 2147483741 2147483992 2147483992 
2147483992 2147483662 2147483737 2147483738 2147483739 2147483740 2147483741 2147483991 2147483662 2147483737 2147483738 2147483739 2147483740 2147483741 2147483991 
2147483993 2147483662 2147483666 2147483737 2147483738 2147483739 2147483740 2147483741 2147483662 2147483666 2147483737 2147483738 2147483739 2147483740 2147483741 2147484071 2147484071 
2147483996 2147483666 2147483737 2147483738 2147483740 2147483741 2147483666 2147483737 2147483738 2147483740 2147483741 2147484071 52 54 57 53 2147484071 
2147483997 2147483737 2147483741 2147483737 2147483741 2147483998 2147484071 2147483998 2147484071 
2147483998 2147483741 2147483997 2147483741 2147483997 2147484071 2147484071 
2147483999 2147483741 2147483741 
2147484002 2147483654 2147483737 2147483738 2147483739 2147483740 2147483741 2147483654 2147483737 2147483738 2147483739 2147483740 2147483741 52 54 57 53 
2147484003 2147483654 2147483737 2147483738 2147483739 2147483740 2147483741 2147483654 2147483737 2147483738 2147483739 2147483740 2147483741 2147484004 2147484004 
2147484004 2147483654 2147483737 2147483738 2147483739 2147483740 2147483741 2147484003 2147483654 2147483737 2147483738 2147483739 2147483740 2147483741 2147484003 
2147484005 2147483654 2147483658 2147483737 2147483738 2147483739 2147483740 2147483741 2147483654 2147483658 2147483737 2147483738 2147483739 2147483740 2147483741 2147484069 2147484069 
2147484008 2147483658 2147483737 2147483738 2147483740 2147483741 2147483658 2147483737 2147483738 2147483740 2147483741 2147484069 52 54 57 53 2147484069 
2147484009 2147483737 2147483741 2147483737 2147483741 2147484010 2147484069 2147484010 2147484069 
2147484010 2147483741 2147484009 2147483741 2147484009 2147484069 2147484069 
2147484011 2147483741 2147483741 
2147484012 2147483741 2147483741 
2147484016 2147483741 2147483741 
2147484020 2147483741 2147483741 
2147484024 2147483741 2147483741 
2147484028 2147483741 2147483741 
2147484032 2147483741 2147483741 
2147484037 2147483651 2147483737 2147483738 2147483739 2147483740 2147483741 2147483651 2147483737 2147483738 2147483739 2147483740 2147483741 52 54 57 53 
2147484038 2147483651 2147483737 2147483738 2147483740 2147483741 2147483651 2147483737 2147483738 2147483740 2147483741 
2147484039 2147483737 2147483738 2147483740 2147483741 2147483737 2147483738 2147483740 2147483741 2147484040 57 53 2147484040 
2147484040 2147483737 2147483738 2147483740 2147483741 2147484039 2147483737 2147483738 2147483740 2147483741 2147484039 52 54 57 53 
2147484044 2147483648 2147483737 2147483738 2147483739 2147483740 2147483741 2147483648 2147483737 2147483738 2147483739 2147483740 2147483741 52 54 57 53 
2147484045 2147483648 2147483737 2147483738 2147483740 2147483741 2147483648 2147483737 2147483738 2147483740 2147483741 
2147484046 2147483737 2147483738 2147483740 2147483741 2147483737 2147483738 2147483740 2147483741 2147484047 57 53 2147484047 
2147484047 2147483737 2147483738 2147483740 2147483741 2147484046 2147483737 2147483738 2147483740 2147483741 2147484046 52 54 57 53 
2147484060 2147483741 2147483741 
2147484062 2147483741 2147483741 
2147484063 2147483741 2147483741 
2147484064 2147483741 2147483741 
2147484065 2147483741 2147483741 
2147484066 2147483741 2147483741 
2147484067 2147483741 2147483741 
2147484068 2147483741 2147483741 
2147484069 2147483654 2147483658 2147483737 2147483738 2147483739 2147483740 2147483741 2147484005 2147484008 2147484009 2147484010 2147483654 2147483658 2147483737 2147483738 2147483739 2147483740 2147483741 2147484005 2147484008 2147484009 2147484010 2147484070 151 152 153 154 155 156 157 158 159 160 161 162 163 164 165 166 2147484070 
2147484070 2147483741 2147484069 2147483741 2147484069 151 
2147484071 2147483662 2147483666 2147483737 2147483738 2147483739 2147483740 2147483741 2147483993 2147483996 2147483997 2147483998 2147483662 2147483666 2147483737 2147483738 2147483739 2147483740 2147483741 2147483993 2147483996 2147483997 2147483998 2147484072 151 152 153 154 155 156 157 158 159 160 161 162 163 164 165 166 2147484072 
2147484072 2147483741 2147484071 2147483741 2147484071 151 
2147484073 2147483670 2147483674 2147483737 2147483738 2147483739 2147483740 2147483741 2147483981 2147483984 2147483985 2147483986 2147483670 2147483674 2147483737 2147483738 2147483739 2147483740 2147483741 2147483981 2147483984 2147483985 2147483986 2147484074 151 152 153 154 155 156 157 158 159 160 161 162 163 164 165 166 2147484074 
2147484074 2147483741 2147484073 2147483741 2147484073 151 
2147484075 2147483678 2147483682 2147483737 2147483738 2147483739 2147483740 2147483741 2147483969 2147483972 2147483973 2147483974 2147483678 2147483682 2147483737 2147483738 2147483739 2147483740 2147483741 2147483969 2147483972 2147483973 2147483974 2147484076 151 152 153 154 155 156 157 158 159 160 161 162 163 164 165 166 2147484076 
2147484076 2147483741 2147484075 2147483741 2147484075 151 
2147484077 2147483686 2147483690 2147483737 2147483738 2147483739 2147483740 2147483741 2147483957 2147483960 2147483961 2147483962 2147483686 2147483690 2147483737 2147483738 2147483739 2147483740 2147483741 2147483957 2147483960 2147483961 2147483962 2147484078 151 152 153 154 155 156 157 158 159 160 161 162 163 164 165 166 2147484078 
2147484078 2147483741 2147484077 2147483741 2147484077 151 
2147484079 2147483741 2147483741 
2147484080 2147483741 2147483741 
2147484081 2147483741 2147483741 
2147484082 2147483738 2147483740 2147483741 2147483817 2147483818 2147483738 2147483740 2147483741 2147483817 2147483818 2147484083 49 53 52 54 57 127 128 129 130 2147484083 
2147484083 2147483738 2147483740 2147483741 2147483809 2147483818 2147483824 2147484082 2147483738 2147483740 2147483741 2147483809 2147483818 2147483824 2147484082 
2147484084 2147483741 2147483786 2147483741 2147483786 151 152 153 154 155 156 157 158 159 160 161 162 163 164 165 166 
2147484085 2147483741 2147483766 2147483741 2147483766 151 152 153 154 155 156 157 158 159 160 161 162 163 164 165 166 
2147484086 2147483698 2147483715 2147483740 2147483753 2147483773 2147483860 2147483874 2147483883 2147483913 2147483923 2147483939 2147483698 2147483715 2147483740 2147483753 2147483773 2147483860 2147483874 2147483883 2147483913 2147483923 2147483939 49 53 52 54 57 127 128 129 130 
