22 2147483662 2147483678 
23 
24 
25 2147483662 2147483678 
26 2147483662 2147483678 
27 2147483662 2147483678 
32 2147483662 2147483678 
49 2147483648 2147483651 2147483656 2147483658 2147483666 
50 
51 
52 2147483648 2147483651 2147483656 2147483658 2147483666 2147483680 
53 2147483648 2147483651 2147483656 2147483657 2147483658 2147483659 2147483661 2147483665 2147483666 2147483667 2147483669 2147483679 2147483680 
54 2147483648 2147483651 2147483656 2147483658 2147483666 2147483679 2147483680 
57 2147483648 2147483651 2147483656 2147483658 2147483665 2147483666 2147483679 2147483680 
127 2147483648 2147483651 2147483656 2147483658 2147483666 
128 2147483648 2147483651 2147483656 2147483658 2147483666 
129 2147483648 2147483651 2147483656 2147483658 2147483666 
130 2147483648 2147483651 2147483656 2147483658 2147483666 
131 
132 
133 
134 
263 2147483662 2147483678 
264 2147483662 2147483678 
265 2147483662 2147483678 
266 2147483662 2147483678 
267 
268 
269 
270 
2147483648 2147483651 2147483653 2147483656 2147483658 2147483661 2147483662 2147483665 2147483666 2147483667 2147483669 2147483670 2147483678 2147483679 2147483680 53 49 52 54 57 127 128 129 130 2147483651 2147483653 2147483656 2147483658 2147483661 2147483662 2147483665 2147483666 2147483667 2147483669 2147483670 2147483678 2147483679 2147483680 
2147483651 2147483648 2147483648 2147483653 2147483656 2147483658 2147483662 2147483666 2147483669 2147483670 2147483678 2147483679 2147483680 49 54 52 57 53 127 128 129 130 2147483653 2147483656 2147483658 2147483662 2147483666 2147483669 2147483670 2147483678 2147483679 2147483680 
2147483653 2147483648 2147483651 2147483648 2147483651 2147483656 2147483658 2147483662 2147483678 2147483679 2147483656 2147483658 2147483662 2147483678 2147483679 
2147483656 2147483648 2147483651 2147483653 2147483648 2147483651 2147483653 2147483657 2147483658 2147483659 2147483661 2147483662 2147483665 2147483666 2147483667 2147483669 2147483670 2147483678 2147483679 2147483680 53 49 52 54 57 127 128 129 130 2147483657 2147483658 2147483659 2147483661 2147483662 2147483665 2147483666 2147483667 2147483669 2147483670 2147483678 2147483679 2147483680 
2147483657 2147483656 2147483656 2147483658 2147483659 53 2147483658 2147483659 
2147483658 2147483648 2147483651 2147483653 2147483656 2147483657 2147483648 2147483651 2147483653 2147483656 2147483657 2147483659 2147483661 2147483662 2147483665 2147483666 2147483667 2147483669 2147483670 2147483678 2147483679 2147483680 57 54 49 52 53 127 128 129 130 2147483659 2147483661 2147483662 2147483665 2147483666 2147483667 2147483669 2147483670 2147483678 2147483679 2147483680 
2147483659 2147483656 2147483657 2147483658 2147483656 2147483657 2147483658 53 
2147483661 2147483648 2147483656 2147483658 2147483648 2147483656 2147483658 53 
2147483662 2147483648 2147483651 2147483653 2147483656 2147483658 2147483648 2147483651 2147483653 2147483656 2147483658 2147483665 2147483666 2147483667 2147483669 2147483670 2147483678 2147483679 2147483680 22 25 27 32 26 263 264 265 266 2147483665 2147483666 2147483667 2147483669 2147483670 2147483678 2147483679 2147483680 
2147483665 2147483648 2147483656 2147483658 2147483662 2147483648 2147483656 2147483658 2147483662 2147483678 57 53 2147483678 
2147483666 2147483648 2147483651 2147483656 2147483658 2147483662 2147483648 2147483651 2147483656 2147483658 2147483662 2147483667 2147483669 2147483678 53 49 52 54 57 127 128 129 130 2147483667 2147483669 2147483678 
2147483667 2147483648 2147483656 2147483658 2147483662 2147483666 2147483648 2147483656 2147483658 2147483662 2147483666 2147483678 53 2147483678 
2147483669 2147483648 2147483651 2147483656 2147483658 2147483662 2147483666 2147483648 2147483651 2147483656 2147483658 2147483662 2147483666 2147483678 53 2147483678 
2147483670 2147483648 2147483651 2147483656 2147483658 2147483662 2147483648 2147483651 2147483656 2147483658 2147483662 2147483678 2147483679 2147483678 2147483679 
2147483678 2147483648 2147483651 2147483653 2147483656 2147483658 2147483662 2147483665 2147483666 2147483667 2147483669 2147483670 2147483648 2147483651 2147483653 2147483656 2147483658 2147483662 2147483665 2147483666 2147483667 2147483669 2147483670 2147483679 2147483680 32 22 25 27 26 263 264 265 266 2147483679 2147483680 
2147483679 2147483648 2147483651 2147483653 2147483656 2147483658 2147483662 2147483670 2147483678 2147483648 2147483651 2147483653 2147483656 2147483658 2147483662 2147483670 2147483678 2147483680 54 57 53 2147483680 
2147483680 2147483648 2147483651 2147483656 2147483658 2147483662 2147483678 2147483679 2147483648 2147483651 2147483656 2147483658 2147483662 2147483678 2147483679 52 54 57 53 
