2,1,2,-1,0,1,0,0,0,
3,1,3,-1,0,1,0,0,0,
5,1,5,-1,0,1,0,0,0,
6,1,6,-1,0,1,0,0,0,
8,1,8,-1,0,1,0,0,0,
9,1,9,-1,0,1,0,0,0,
11,1,11,-1,0,1,0,0,0,
13,1,13,-1,0,1,0,0,0,
16,1,16,-1,0,1,0,0,0,
18,1,18,-1,0,1,0,0,0,
19,1,19,-1,0,1,0,0,0,
21,1,21,-1,0,1,0,0,0,
22,1,22,-1,0,1,0,0,0,
23,1,23,-1,0,1,0,0,0,
24,1,24,-1,0,1,0,0,0,
25,1,25,-1,0,1,0,0,0,
26,1,26,-1,0,1,0,0,0,
27,1,27,-1,0,1,0,0,0,
32,1,32,-1,0,1,0,0,0,
49,1,49,-1,0,1,0,0,0,
50,1,50,-1,0,1,0,0,0,
51,1,51,-1,0,1,0,0,0,
52,1,52,-1,0,1,0,0,0,
53,1,53,-1,0,1,0,0,0,
54,1,54,-1,0,1,0,0,0,
57,1,57,-1,0,1,0,0,0,
59,1,59,-1,0,1,0,0,0,
61,1,61,-1,0,1,0,0,0,
127,1,127,-1,0,1,0,0,127,
128,1,128,-1,0,1,0,0,0,
129,1,129,-1,0,1,0,0,0,
130,1,130,-1,0,1,0,0,0,
131,1,131,-1,0,1,0,0,0,
132,1,132,-1,0,1,0,0,0,
133,1,133,-1,0,1,0,0,0,
134,1,134,-1,0,1,0,0,0,
247,1,247,-1,0,1,0,0,0,
248,1,248,-1,0,1,0,0,0,
249,1,249,-1,0,1,0,0,0,
250,1,250,-1,0,1,0,0,0,
251,1,251,-1,0,1,0,0,0,
252,1,252,-1,0,1,0,0,0,
253,1,253,-1,0,1,0,0,0,
254,1,254,-1,0,1,0,0,0,
263,1,263,-1,0,1,0,0,0,
264,1,264,-1,0,1,0,0,0,
265,1,265,-1,0,1,0,0,0,
266,1,266,-1,0,1,0,0,0,
267,1,267,-1,0,1,0,0,0,
268,1,268,-1,0,1,0,0,0,
269,1,269,-1,0,1,0,0,0,
270,1,270,-1,0,1,0,0,0,
271,1,271,-1,0,1,0,0,0,
272,1,272,-1,0,1,0,0,0,
273,1,273,-1,0,1,0,0,0,
274,1,274,-1,0,1,0,0,0,
275,1,275,-1,0,1,0,0,0,
276,1,276,-1,0,1,0,0,0,
277,1,277,-1,0,1,0,0,0,
278,1,278,-1,0,1,0,0,0,
2147483649,0,0,0.0021215,2,0,1,0,0,49 52 54 57 53 127 128 129 130 51 133 134 131 132 50
2147483651,0,0,0.00065439,2,0,1,0,0,51 133 134 131 132 50
2147483652,0,0,0.000318856,2,0,1,0,255,51 133 134 131 132 50
2147483654,0,0,0.000894854,1,0,1,0,0,49 52 54 57 53 127 128 129 130 51 133 134 131 132 50
2147483657,0,0,0.00149206,2,0,1,0,255,49 52 54 57 53 127 128 129 130 51 133 134 131 132 50
2147483666,0,0,0.00129796,4,0,1,0,0,51 133 134 131 132 50
2147483670,0,0,0.036507,2,0,1,0,0,51 133 134 131 132 50
2147483671,0,0,7.85492e-12,2,0,1,0,0,51 133 134 131 132 50
2147483673,0,0,0.0751677,2,0,1,0,0,51 133 134 131 132 50
2147483674,0,0,0.0198146,1,0,1,0,0,53 49 52 54 57 127 128 129 130 51 133 134 131 132 50
2147483675,0,0,0.403497,1,0,1,0,0,49 52 54 57 53 127 128 129 130 51 133 134 131 132 50
2147483683,0,0,0.0251116,2,0,1,0,0,22 25 27 32 26 263 264 265 266 24 23 269 270 267 268
2147483690,0,0,0.0311941,3,0,1,0,0,49 52 54 57 53 127 128 129 130 51 133 134 131 132 50
2147483709,0,0,0.000283615,2,0,1,0,0,51 133 134 131 132 50
2147483712,0,0,0.0588341,1,0,1,0,0,51 133 134 131 132 50
2147483714,0,0,0.260379,1,0,1,0,0,49 52 54 57 53 127 128 129 130 51 133 134 131 132 50
2147483715,0,0,0.420592,1,0,1,0,0,51 133 134 131 132 50
2147483725,0,0,0.00453139,1,0,1,0,0,51 133 134 131 132 50
2147483728,0,0,0.00200723,2,0,1,0,0,22 25 27 32 26 263 264 265 266 24 23 269 270 267 268
2147483735,0,0,0.00244626,3,0,1,0,0,49 52 54 57 53 127 128 129 130 51 133 134 131 132 50
2147483763,0,0,0.00069593,3,0,1,0,0,51 133 134 131 132 50
2147483764,0,0,0.0403624,3,0,1,0,0,51 133 134 131 132 50
2147483765,0,0,0.000353161,3,0,1,0,0,51 133 134 131 132 50
2147483774,0,0,0.00102743,1,0,1,0,0,53 49 52 54 57 127 128 129 130 51 133 134 131 132 50
2147483775,0,0,0.000616455,1,0,1,0,0,57 49 52 54 127 128 129 130 51 133 134 131 132 50
2147483776,0,0,0.000610352,1,0,1,0,0,49 52 54 127 128 129 130 51 133 134 131 132 50
2147483783,0,0,0.000577926,2,0,1,0,0,49 52 54 57 53 127 128 129 130 51 133 134 131 132 50
2147483789,0,0,inf,1,0,1,0,0,49 52 54 57 53 127 128 129 130 51 133 134 131 132 50
2147483790,0,0,inf,1,0,1,0,0,49 52 54 57 53 127 128 129 130 51 133 134 131 132 50
2147483791,0,0,inf,1,0,1,0,0,49 52 54 57 53 127 128 129 130 51 133 134 131 132 50
2147483792,0,0,inf,1,0,1,0,0,49 52 54 57 53 127 128 129 130 51 133 134 131 132 50
2147483794,0,0,inf,1,0,1,0,0,49 52 54 57 53 127 128 129 130 51 133 134 131 132 50
2147483800,0,0,inf,1,0,1,0,0,49 52 54 57 53 127 128 129 130 51 133 134 131 132 50
2147483804,0,0,7.87362e-12,1,0,1,0,0,127 49 128 129 130 51 133 134 131 132 50
2147483813,0,0,inf,1,0,1,0,0,49 52 54 57 53 127 128 129 130 51 133 134 131 132 50
2147483814,0,0,inf,1,0,1,0,0,49 52 54 57 53 127 128 129 130 51 133 134 131 132 50
2147483815,0,0,inf,1,0,1,0,255,49 52 54 57 53 127 128 129 130 51 133 134 131 132 50
2147483819,0,0,0.000256556,3,0,1,0,0,51 133 134 131 132 50
2147483820,0,0,0.012628,1,0,1,0,0,49 52 54 127 128 129 130 51 133 134 131 132 50
2147483827,0,0,0.0147949,1,0,1,0,0,53 49 52 54 57 127 128 129 130 51 133 134 131 132 50
2147483828,0,0,0.0116984,4,0,1,0,0,51 133 134 131 132 50
2147483829,0,0,0.0102034,1,0,1,0,0,57 49 52 54 127 128 129 130 51 133 134 131 132 50
2147483830,0,0,0.0101024,1,0,1,0,0,49 52 54 127 128 129 130 51 133 134 131 132 50
2147483834,0,0,0.00631398,1,0,1,0,0,49 52 54 57 53 127 128 129 130 51 133 134 131 132 50
2147483843,0,0,inf,1,0,1,0,0,49 52 54 57 53 127 128 129 130 51 133 134 131 132 50
2147483844,0,0,inf,1,0,1,0,0,49 52 54 57 53 127 128 129 130 51 133 134 131 132 50
2147483845,0,0,inf,1,0,1,0,0,49 52 54 57 53 127 128 129 130 51 133 134 131 132 50
2147483846,0,0,inf,1,0,1,0,0,49 52 54 57 53 127 128 129 130 51 133 134 131 132 50
2147483847,0,0,inf,1,0,1,0,0,49 52 54 57 53 127 128 129 130 51 133 134 131 132 50
2147483848,0,0,inf,1,0,1,0,0,49 52 54 57 53 127 128 129 130 51 133 134 131 132 50
2147483849,0,0,inf,1,0,1,0,0,49 52 54 57 53 127 128 129 130 51 133 134 131 132 50
2147483850,0,0,inf,1,0,1,0,0,49 52 54 57 53 127 128 129 130 51 133 134 131 132 50
2147483852,0,0,inf,1,0,1,0,0,49 52 54 57 53 127 128 129 130 51 133 134 131 132 50
2147483853,0,0,inf,1,0,1,0,0,49 52 54 57 53 127 128 129 130 51 133 134 131 132 50
2147483857,0,0,0.00448331,1,0,1,0,0,53 49 52 54 57 127 128 129 130 51 133 134 131 132 50
2147483860,0,0,0.0104567,4,0,1,0,0,49 52 54 57 53 127 128 129 130 51 133 134 131 132 50
2147483861,0,0,0.00510169,1,0,1,0,0,54 49 52 127 128 129 130 51 133 134 131 132 50
2147483864,0,0,0.00986327,1,0,1,0,0,57 49 52 54 127 128 129 130 51 133 134 131 132 50
2147483865,0,0,0.0158517,1,0,1,0,0,53 49 52 54 57 127 128 129 130 51 133 134 131 132 50
2147483866,0,0,0.0101024,1,0,1,0,0,49 52 54 127 128 129 130 51 133 134 131 132 50
2147483868,0,0,inf,1,0,1,0,0,49 52 54 57 53 127 128 129 130 51 133 134 131 132 50
2147483871,0,0,0.00167411,1,0,1,0,0,49 52 54 57 127 128 129 130 51 133 134 131 132 50
2147483872,0,0,inf,1,0,1,0,0,3 13 21 59 16 271 272 273 274 9 6 277 278 275 276
2147483875,0,0,0.000845424,1,0,1,0,0,57 49 52 54 127 128 129 130 51 133 134 131 132 50
2147483881,0,0,inf,1,0,1,0,0,49 52 54 57 53 127 128 129 130 51 133 134 131 132 50
2147483882,0,0,inf,1,0,1,0,0,49 52 54 57 53 127 128 129 130 51 133 134 131 132 50
2147483883,0,0,0.181786,1,0,1,0,0,53 49 52 54 57 127 128 129 130 51 133 134 131 132 50
2147483884,0,0,0.117403,1,0,1,0,0,27 22 25 263 264 265 266 24 23 269 270 267 268
2147483885,0,0,0.117403,1,0,1,0,0,52 49 127 128 129 130 51 133 134 131 132 50
2147483886,0,0,0.116241,1,0,1,0,0,49 127 128 129 130 51 133 134 131 132 50
2147483888,0,0,0.25046,1,0,1,0,0,22 25 27 32 26 263 264 265 266 24 23 269 270 267 268
2147483891,0,0,0.132846,1,0,1,0,0,49 52 54 57 53 127 128 129 130 51 133 134 131 132 50
2147483893,0,0,inf,1,0,1,0,0,49 52 54 57 53 127 128 129 130 51 133 134 131 132 50
2147483894,0,0,1.90824,1,0,1,0,0,53 49 52 54 57 127 128 129 130 51 133 134 131 132 50
2147483895,0,0,1.23112,1,0,1,0,0,54 49 52 127 128 129 130 51 133 134 131 132 50
2147483896,0,0,1.21893,1,0,1,0,0,49 52 127 128 129 130 51 133 134 131 132 50
2147483898,0,0,2.63205,1,0,1,0,0,2 11 19 61 18 247 248 249 250 5 8 253 254 251 252
2147483902,0,0,inf,1,0,1,0,0,49 52 54 57 53 127 128 129 130 51 133 134 131 132 50
2147483906,0,0,0.00161501,1,0,1,0,0,49 52 54 57 53 127 128 129 130 51 133 134 131 132 50
2147483910,0,0,1.41436e-12,1,0,1,0,0,49 53 52 54 57 127 128 129 130 51 133 134 131 132 50
2147483912,0,0,0.00175199,1,0,1,0,0,53 49 52 54 57 127 128 129 130 51 133 134 131 132 50
2147483917,0,0,0.00118259,1,0,1,0,0,53 49 52 54 57 127 128 129 130 51 133 134 131 132 50
2147483918,0,0,0.000915998,4,0,1,0,0,51 133 134 131 132 50
2147483919,0,0,0.000815581,1,0,1,0,0,57 49 52 54 127 128 129 130 51 133 134 131 132 50
2147483920,0,0,0.000807506,1,0,1,0,0,49 52 54 127 128 129 130 51 133 134 131 132 50
2147483924,0,0,0.000487868,1,0,1,0,0,49 52 54 57 53 127 128 129 130 51 133 134 131 132 50
2147483933,0,0,inf,1,0,1,0,0,49 52 54 57 53 127 128 129 130 51 133 134 131 132 50
2147483934,0,0,inf,1,0,1,0,0,49 52 54 57 53 127 128 129 130 51 133 134 131 132 50
2147483935,0,0,inf,1,0,1,0,0,49 52 54 57 53 127 128 129 130 51 133 134 131 132 50
2147483936,0,0,inf,1,0,1,0,0,49 52 54 57 53 127 128 129 130 51 133 134 131 132 50
2147483937,0,0,inf,1,0,1,0,0,49 52 54 57 53 127 128 129 130 51 133 134 131 132 50
2147483938,0,0,inf,1,0,1,0,0,49 52 54 57 53 127 128 129 130 51 133 134 131 132 50
2147483939,0,0,inf,1,0,1,0,0,49 52 54 57 53 127 128 129 130 51 133 134 131 132 50
2147483940,0,0,inf,1,0,1,0,0,49 52 54 57 53 127 128 129 130 51 133 134 131 132 50
2147483942,0,0,inf,1,0,1,0,0,49 52 54 57 53 127 128 129 130 51 133 134 131 132 50
2147483943,0,0,inf,1,0,1,0,0,49 52 54 57 53 127 128 129 130 51 133 134 131 132 50
2147483947,0,0,0.000347821,1,0,1,0,0,53 49 52 54 57 127 128 129 130 51 133 134 131 132 50
2147483950,0,0,0.000820492,4,0,1,0,0,49 52 54 57 53 127 128 129 130 51 133 134 131 132 50
2147483951,0,0,0.000394198,1,0,1,0,0,54 49 52 127 128 129 130 51 133 134 131 132 50
2147483954,0,0,0.000788395,1,0,1,0,0,57 49 52 54 127 128 129 130 51 133 134 131 132 50
2147483955,0,0,0.00126706,1,0,1,0,0,53 49 52 54 57 127 128 129 130 51 133 134 131 132 50
2147483956,0,0,0.000807506,1,0,1,0,0,49 52 54 127 128 129 130 51 133 134 131 132 50
2147483958,0,0,inf,1,0,1,0,0,49 52 54 57 53 127 128 129 130 51 133 134 131 132 50
2147483961,0,0,0.0197692,8,0,1,0,0,49 52 54 57 53 127 128 129 130 51 133 134 131 132 50
2147483962,0,0,0.0071775,4,0,1,0,0,49 52 54 57 53 127 128 129 130 51 133 134 131 132 50
2147483963,0,0,0.010894,4,0,1,0,0,51 133 134 131 132 50
2147483964,0,0,0.297487,6,0,1,0,0,51 133 134 131 132 50
2147483966,0,0,0.00422424,3,0,1,0,0,51 133 134 131 132 50
2147483967,0,0,0.504641,7,0,1,0,0,49 52 54 57 53 127 128 129 130 51 133 134 131 132 50
2147483969,0,0,0.135093,5,0,1,0,0,49 52 54 57 53 127 128 129 130 51 133 134 131 132 50
2147483971,0,0,0.0248747,3,0,1,0,0,22 25 27 32 26 263 264 265 266 24 23 269 270 267 268
2147483973,0,0,0.0588247,3,0,1,0,0,51 133 134 131 132 50
2147483974,0,0,0.0209109,6,0,1,0,0,51 133 134 131 132 50
2147483975,0,0,0.000324413,3,0,1,0,0,51 133 134 131 132 50
2147483976,0,0,0.0115484,3,0,1,0,0,51 133 134 131 132 50
2147483977,0,0,0.235814,3,0,1,0,0,51 133 134 131 132 50
2147483978,0,0,2.65482,4,0,1,0,0,51 133 134 131 132 50
2147483979,0,0,0.0590572,3,0,1,0,0,52 49 127 128 129 130 51 133 134 131 132 50
2147483980,0,0,0.0387396,7,0,1,0,0,49 52 54 57 53 127 128 129 130 51 133 134 131 132 50
2147483982,0,0,0.0105497,5,0,1,0,0,49 52 54 57 53 127 128 129 130 51 133 134 131 132 50
2147483984,0,0,0.00195147,3,0,1,0,0,22 25 27 32 26 263 264 265 266 24 23 269 270 267 268
2147483986,0,0,0.00457651,3,0,1,0,0,51 133 134 131 132 50
2147483987,0,0,5.37486e-07,8,0,1,0,0,51 133 134 131 132 50
2147483989,0,0,0.000860613,3,0,1,0,0,51 133 134 131 132 50
2147483991,0,0,0.0244778,3,0,1,0,0,49 52 54 57 53 127 128 129 130 51 133 134 131 132 50
2147483993,0,0,0.00191654,3,0,1,0,0,49 52 54 57 53 127 128 129 130 51 133 134 131 132 50
