22,1,22,-1,0,1,0,0,0,
23,1,23,-1,0,1,0,0,0,
24,1,24,-1,0,1,0,0,0,
25,1,25,-1,0,1,0,0,0,
26,1,26,-1,0,1,0,0,0,
27,1,27,-1,0,1,0,0,0,
32,1,32,-1,0,1,0,0,0,
49,1,49,-1,0,1,0,0,0,
50,1,50,-1,0,1,0,0,0,
51,1,51,-1,0,1,0,0,0,
52,1,52,-1,0,1,0,0,0,
53,1,53,-1,0,1,0,0,0,
54,1,54,-1,0,1,0,0,64,
57,1,57,-1,0,1,0,0,0,
127,1,127,-1,0,1,0,0,0,
128,1,128,-1,0,1,0,0,0,
129,1,129,-1,0,1,0,0,0,
130,1,130,-1,0,1,0,0,0,
131,1,131,-1,0,1,0,0,0,
132,1,132,-1,0,1,0,0,64,
133,1,133,-1,0,1,0,0,0,
134,1,134,-1,0,1,0,0,0,
263,1,263,-1,0,1,0,0,0,
264,1,264,-1,0,1,0,0,0,
265,1,265,-1,0,1,0,0,0,
266,1,266,-1,0,1,0,0,0,
267,1,267,-1,0,1,0,0,0,
268,1,268,-1,0,1,0,0,0,
269,1,269,-1,0,1,0,0,0,
270,1,270,-1,0,1,0,0,0,
2147483662,0,0,0.00125429,6,0,1,0,0,32 26 263 264 265 266 269 270 267
2147483674,0,0,0.00206638,1,0,1,0,0,
2147483678,0,0,0.00462963,1,0,1,0,0,52 54 57 53 127 128 129 130 134
2147483683,0,0,0.00209126,1,0,1,0,0,27 264 265 266 270 268
2147483684,0,0,0.00104563,1,0,1,0,0,49 128 129 130 132
2147483687,0,0,inf,1,0,1,0,0,54 57 53 128 129 130 50
2147483690,0,0,0.000227221,1,0,1,0,0,128 129 130 51 134 50
2147483691,0,0,inf,1,0,1,0,0,128 129 130 51 134 50
2147483692,0,0,0.000219106,1,0,1,0,0,26 264 265 266 23 270
2147483696,0,0,0.00136333,1,0,1,0,0,53 128 129 130 134 132 50
2147483697,0,0,inf,1,0,1,0,0,53 128 129 130 134 132 50
2147483698,0,0,inf,1,0,1,0,255,54 53 128 129 130 134 132 50
2147483699,0,0,0.00136333,1,0,1,0,0,53 128 129 130 134 132 50
2147483700,0,0,inf,1,0,1,0,0,53 128 129 130 134 132 50
2147483701,0,0,0.00118741,1,0,1,0,0,53 128 129 130 134 132
2147483703,0,0,0.00256399,2,0,1,0,0,53 128 129 130 134 132
2147483705,0,0,inf,2,0,1,0,0,53 128 129 130 134 132
2147483707,0,0,0.00140747,2,0,1,0,0,
2147483708,0,0,0.00104563,1,0,1,0,0,49 128 129 130 134
2147483711,0,0,inf,1,0,1,0,0,54 57 53 127 128 129 130 133 134 131
2147483714,0,0,0.000227221,1,0,1,0,255,57 53 127 128 129 130 133 134 131
2147483715,0,0,inf,1,0,1,0,255,57 53 127 128 129 130 133 134 131
2147483716,0,0,0.000219106,1,0,1,0,255,32 26 263 264 265 266 269 270 267
2147483719,0,0,0.00136333,1,0,1,0,255,54 57 53 127 128 129 130 133 134 131
2147483720,0,0,inf,1,0,1,0,255,54 57 53 127 128 129 130 133 134 131
2147483721,0,0,inf,1,0,1,0,255,52 54 57 53 127 128 129 130 133 134 131
2147483722,0,0,0.00136333,1,0,1,0,255,54 57 53 127 128 129 130 133 134 131
2147483723,0,0,inf,1,0,1,0,255,54 57 53 127 128 129 130 133 134 131
2147483724,0,0,0.00118741,1,0,1,0,255,54 57 53 127 128 129 130 133 134 131
2147483728,0,0,inf,2,0,1,0,255,54 57 53 127 128 129 130 133 134 131
2147483729,0,0,inf,1,0,1,0,255,25 27 32 26 263 264 265 266 23 269 270 267
2147483736,0,0,0.000371816,2,0,1,0,255,32 26 263 264 265 266 269 270 267
2147483737,0,0,0.0011936,4,0,1,0,255,264 265 266
2147483740,0,0,0.00151466,12,0,1,0,255,
2147483748,0,0,0.00228841,1,0,1,0,255,
2147483751,0,0,0.00294083,1,0,1,0,255,54 53 127 128 129 130 134 132
2147483752,0,0,inf,1,0,1,0,255,54 57 53 128 129 130 50
2147483753,0,0,inf,1,0,1,0,255,54 53 128 129 130 134 132 50
2147483754,0,0,inf,1,0,1,0,255,54 57 53 127 128 129 130 133 134 131
2147483755,0,0,inf,1,0,1,0,255,52 54 57 53 127 128 129 130 133 134 131
2147483756,0,0,0.0010351,4,0,1,0,255,134
2147483757,0,0,0.0008606,1,0,1,0,255,128 129 130
2147483758,0,0,0.00123452,6,0,1,0,255,57 53 127 128 129 130 133 134 131
2147483759,0,0,0.00107064,4,0,1,0,255,270
2147483760,0,0,0.00153502,9,0,1,0,255,26 264 265 266
2147483761,0,0,0.00130247,9,0,1,0,255,32 26 263 264 265 266 269 270 267
2147483763,0,0,0.00234411,3,0,1,0,255,
2147483764,0,0,0.00051636,2,0,1,0,0,54 57 53 127 128 129 130 133 134 131
2147483765,0,0,0.00131959,3,0,1,0,0,
2147483766,0,0,0.000698605,6,0,1,0,255,134 128 129 130
2147483767,0,0,0.0030357,1,0,1,0,255,49 128 129 130 132
2147483769,0,0,0.000720815,6,0,1,0,255,128 129 130 134
2147483770,0,0,0.00540842,2,0,1,0,255,54 57 53 127 128 129 130 134 132
