3,1,3,-1,0,1,0,0,0,
6,1,6,-1,0,1,0,0,255,
9,1,9,-1,0,1,0,0,255,
13,1,13,-1,0,1,0,0,0,
16,1,16,-1,0,1,0,0,0,
21,1,21,-1,0,1,0,0,0,
22,1,22,-1,0,1,0,0,0,
23,1,23,-1,0,1,0,0,0,
24,1,24,-1,0,1,0,0,0,
25,1,25,-1,0,1,0,0,0,
26,1,26,-1,0,1,0,0,0,
27,1,27,-1,0,1,0,0,0,
32,1,32,-1,0,1,0,0,0,
49,1,49,-1,0,1,0,0,0,
50,1,50,-1,0,1,0,0,0,
51,1,51,-1,0,1,0,0,0,
52,1,52,-1,0,1,0,0,0,
53,1,53,-1,0,1,0,0,0,
54,1,54,-1,0,1,0,0,0,
57,1,57,-1,0,1,0,0,0,
59,1,59,-1,0,1,0,0,0,
127,1,127,-1,0,1,0,0,0,
128,1,128,-1,0,1,0,0,0,
129,1,129,-1,0,1,0,0,0,
130,1,130,-1,0,1,0,0,0,
131,1,131,-1,0,1,0,0,0,
132,1,132,-1,0,1,0,0,0,
133,1,133,-1,0,1,0,0,0,
134,1,134,-1,0,1,0,0,0,
263,1,263,-1,0,1,0,0,0,
264,1,264,-1,0,1,0,0,0,
265,1,265,-1,0,1,0,0,4,
266,1,266,-1,0,1,0,0,0,
267,1,267,-1,0,1,0,0,0,
268,1,268,-1,0,1,0,0,0,
269,1,269,-1,0,1,0,0,0,
270,1,270,-1,0,1,0,0,0,
271,1,271,-1,0,1,0,0,0,
272,1,272,-1,0,1,0,0,0,
273,1,273,-1,0,1,0,0,0,
274,1,274,-1,0,1,0,0,0,
275,1,275,-1,0,1,0,0,0,
276,1,276,-1,0,1,0,0,0,
277,1,277,-1,0,1,0,0,255,
278,1,278,-1,0,1,0,0,255,
2147483648,0,0,0.00217888,1,0,1,0,0,
2147483649,0,0,0.00230675,1,0,1,0,255,
2147483650,0,0,0.0359928,2,0,1,0,0,
2147483651,0,0,0.00464624,1,0,1,0,0,
2147483655,0,0,0.0826684,2,0,1,0,0,
2147483656,0,0,0.087641,2,0,1,0,0,
2147483657,0,0,inf,2,0,1,0,0,26 23
2147483666,0,0,0.00391366,1,0,1,0,0,129 130 131 132
2147483667,0,0,0.125367,1,0,1,0,0,129 130 131 132
2147483671,0,0,0.204082,2,0,1,0,0,129 130 131 132
2147483676,0,0,0.00220588,1,0,1,0,0,131 132
2147483677,0,0,0.00467084,1,0,1,0,0,131 132
2147483678,0,0,0.00228405,1,0,1,0,0,131 132
2147483679,0,0,0.00391418,2,0,1,0,0,131 132
2147483680,0,0,0.0376702,2,0,1,0,0,131 132
2147483695,0,0,0.117778,1,0,1,0,0,
2147483699,0,0,0.00293605,1,0,1,0,0,
2147483701,0,0,0.00428427,1,0,1,0,0,
2147483714,0,0,0.0152138,3,0,1,0,0,
2147483728,0,0,0.533203,2,0,1,0,0,
2147483730,0,0,inf,1,0,1,0,0,
2147483732,0,0,0.533203,2,0,1,0,0,
2147483734,0,0,inf,1,0,1,0,0,
2147483738,0,0,inf,1,0,1,0,0,57 53 50
2147483740,0,0,0.0165365,2,0,1,0,0,26 23
2147483742,0,0,inf,1,0,1,0,255,53 50
2147483745,0,0,0.029358,3,0,1,0,0,129 130 131 132
2147483752,0,0,1.10345,2,0,1,0,0,273 274 275 276
2147483753,0,0,inf,1,0,1,0,0,129 130 131 132
2147483768,0,0,0.285714,1,0,1,0,0,26 267 268
2147483770,0,0,inf,1,0,1,0,0,53 131 132
2147483771,0,0,0.285714,1,0,1,0,0,26 267 268
2147483773,0,0,inf,1,0,1,0,0,53 131 132
2147483774,0,0,0.285714,1,0,1,0,0,26 267 268
2147483776,0,0,inf,1,0,1,0,0,53 131 132
2147483777,0,0,0.285714,1,0,1,0,0,26 267 268
2147483779,0,0,inf,1,0,1,0,0,53 131 132
2147483781,0,0,0.357143,1,0,1,0,0,267 268
2147483783,0,0,inf,1,0,1,0,0,131 132
2147483788,0,0,0.0150728,3,0,1,0,0,
2147483789,0,0,0.0971769,3,0,1,0,0,
2147483791,0,0,0.618927,5,0,1,0,0,
2147483792,0,0,0.0151711,4,0,1,0,0,26 23
2147483794,0,0,0.171566,3,0,1,0,0,129 130 131 132
2147483795,0,0,1.85852,3,0,1,0,0,129 130 131 132
2147483796,0,0,0.0227098,3,0,1,0,0,
2147483797,0,0,0.16694,3,0,1,0,0,131 132
2147483798,0,0,0.219088,3,0,1,0,0,131 132
2147483800,0,0,1.32343,7,0,1,0,0,131 132
2147483802,0,0,0.745145,3,0,1,0,0,131 132
2147483803,0,0,0.00362935,3,0,1,0,0,
2147483804,0,0,0.00242788,1,0,1,0,0,
2147483805,0,0,0.00326509,7,0,1,0,0,25 22 263 265 266
2147483806,0,0,0.00242788,1,0,1,0,0,23
2147483808,0,0,0.0037332,3,0,1,0,0,22 265 266
