2,1,2,-1,0,1,0,0,0,
3,1,3,-1,0,1,0,0,255,
5,1,5,-1,0,1,0,0,0,
6,1,6,-1,0,1,0,0,255,
8,1,8,-1,0,1,0,0,0,
9,1,9,-1,0,1,0,0,0,
11,1,11,-1,0,1,0,0,0,
13,1,13,-1,0,1,0,0,0,
16,1,16,-1,0,1,0,0,0,
18,1,18,-1,0,1,0,0,0,
19,1,19,-1,0,1,0,0,0,
21,1,21,-1,0,1,0,0,0,
22,1,22,-1,0,1,0,0,0,
23,1,23,-1,0,1,0,0,0,
24,1,24,-1,0,1,0,0,0,
25,1,25,-1,0,1,0,0,0,
26,1,26,-1,0,1,0,0,0,
27,1,27,-1,0,1,0,0,0,
32,1,32,-1,0,1,0,0,0,
49,1,49,-1,0,1,0,0,0,
50,1,50,-1,0,1,0,0,0,
51,1,51,-1,0,1,0,0,0,
52,1,52,-1,0,1,0,0,0,
53,1,53,-1,0,1,0,0,0,
54,1,54,-1,0,1,0,0,0,
57,1,57,-1,0,1,0,0,0,
59,1,59,-1,0,1,0,0,0,
61,1,61,-1,0,1,0,0,0,
127,1,127,-1,0,1,0,0,255,
128,1,128,-1,0,1,0,0,255,
129,1,129,-1,0,1,0,0,0,
130,1,130,-1,0,1,0,0,0,
131,1,131,-1,0,1,0,0,0,
132,1,132,-1,0,1,0,0,0,
133,1,133,-1,0,1,0,0,0,
134,1,134,-1,0,1,0,0,0,
151,1,151,-1,0,1,0,0,0,
152,1,152,-1,0,1,0,0,0,
153,1,153,-1,0,1,0,0,0,
154,1,154,-1,0,1,0,0,0,
155,1,155,-1,0,1,0,0,0,
156,1,156,-1,0,1,0,0,0,
157,1,157,-1,0,1,0,0,255,
158,1,158,-1,0,1,0,0,255,
159,1,159,-1,0,1,0,0,0,
160,1,160,-1,0,1,0,0,0,
161,1,161,-1,0,1,0,0,0,
162,1,162,-1,0,1,0,0,0,
163,1,163,-1,0,1,0,0,0,
164,1,164,-1,0,1,0,0,0,
165,1,165,-1,0,1,0,0,0,
166,1,166,-1,0,1,0,0,0,
247,1,247,-1,0,1,0,0,0,
248,1,248,-1,0,1,0,0,0,
249,1,249,-1,0,1,0,0,0,
250,1,250,-1,0,1,0,0,0,
251,1,251,-1,0,1,0,0,0,
252,1,252,-1,0,1,0,0,0,
253,1,253,-1,0,1,0,0,0,
254,1,254,-1,0,1,0,0,0,
263,1,263,-1,0,1,0,0,255,
264,1,264,-1,0,1,0,0,255,
265,1,265,-1,0,1,0,0,0,
266,1,266,-1,0,1,0,0,0,
267,1,267,-1,0,1,0,0,0,
268,1,268,-1,0,1,0,0,0,
269,1,269,-1,0,1,0,0,0,
270,1,270,-1,0,1,0,0,0,
271,1,271,-1,0,1,0,0,0,
272,1,272,-1,0,1,0,0,0,
273,1,273,-1,0,1,0,0,0,
274,1,274,-1,0,1,0,0,0,
275,1,275,-1,0,1,0,0,0,
276,1,276,-1,0,1,0,0,0,
277,1,277,-1,0,1,0,0,255,
278,1,278,-1,0,1,0,0,0,
2147483649,0,0,inf,1,0,1,0,0,54 57 53 127 128 129 130 51 134 131 132 50
2147483651,0,0,0.000822368,1,0,1,0,0,131
2147483661,0,0,0.00295608,2,0,1,0,255,16 271 272 273 274 275
2147483663,0,0,0.00126953,1,0,1,0,0,26 263 264 265 266 267
2147483672,0,0,0.000204951,1,0,1,0,0,268
2147483678,0,0,0.00807823,2,0,1,0,255,25 27 32 26 263 264 265 266 268
2147483684,0,0,0.015253,2,0,1,0,255,13 21 59 271 272 273 274 275
2147483685,0,0,0.00335884,2,0,1,0,0,25 27 32 263 264 265 266 267
2147483691,0,0,0.00138497,3,0,1,0,0,267
2147483696,0,0,inf,1,0,0,0,1,152 153 154 155 156 157 158 159 160 161 162 163 164 165 166
2147483701,0,0,0.000912058,2,0,1,0,0,57 53 127 128 129 130 51 134 131 50
2147483704,0,0,0.00203629,1,0,1,0,255,49 128 129 130 131
2147483705,0,0,0.00105208,1,0,1,0,255,49 128 129 130 131
2147483706,0,0,0.00105208,1,0,1,0,0,49 128 129 130 131
2147483709,0,0,0.000868056,1,0,1,0,0,18 247 248 249 250 251
2147483711,0,0,0.00107759,1,0,1,0,0,61 18 247 248 249 250 251 252
2147483726,0,0,inf,1,0,1,0,0,49 52 54 57 127 128 129 130 51 131
2147483729,0,0,inf,2,0,1,0,0,52 54 57 53 127 128 129 130 51 131
2147483730,0,0,0.000259134,1,0,1,0,0,49 52 127 128 129 130 51 131
2147483732,0,0,0.000290899,1,0,1,0,0,49 52 54 127 128 129 130 51 131 50
2147483734,0,0,0.000169085,1,0,1,0,0,51
2147483736,0,0,0.000310961,1,0,1,0,0,49 52 54 127 128 129 130 51
2147483739,0,0,inf,2,0,1,0,0,25 27 32 26 263 264 265 266 24 267 268
2147483741,0,0,0.000396825,1,0,1,0,0,11 19 61 18 247 248 249 250 5 251 252
2147483742,0,0,inf,1,0,1,0,0,52 54 57 53 127 128 129 130 51 131 132
2147483743,0,0,0.000207307,1,0,1,0,0,49 52 54 57 127 128 129 130 51 132 50
2147483744,0,0,0.000115614,1,0,1,0,0,132
2147483746,0,0,0.000214711,1,0,1,0,0,49 52 54 57 127 128 129 130 131 132
2147483754,0,0,inf,1,0,1,0,0,27 32 26 263 264 265 266 268
2147483762,0,0,inf,2,0,1,0,0,25 27 32 26 263 264 265 266 268
2147483765,0,0,inf,2,0,1,0,0,52 54 57 53 127 128 129 130 132
2147483768,0,0,0.00797114,1,0,1,0,0,49 52 54 127 128 129 130 134 132
2147483771,0,0,0.00797114,1,0,1,0,0,49 52 54 127 128 129 130
2147483774,0,0,inf,2,0,1,0,0,25 27 32 26 263 264 265 266 268
2147483776,0,0,0.0094246,1,0,1,0,0,11 19 61 18 247 248 249 250 252
2147483777,0,0,inf,1,0,1,0,0,52 54 57 53 127 128 129 130 132
2147483778,0,0,0.00528825,1,0,1,0,0,49 54 57 127 128 129 130 133 132
2147483781,0,0,0.00528825,1,0,1,0,0,49 52 54 57 127 128 129 130
2147483785,0,0,0.0240489,3,0,1,0,0,
2147483796,0,0,inf,2,0,1,0,0,25 27 32 263 264 265 266 267
2147483799,0,0,inf,2,0,1,0,0,52 54 57 53 127 128 129 130 131
2147483802,0,0,0.00864211,1,0,1,0,0,49 52 54 127 128 129 130 51 131
2147483805,0,0,0.00864211,1,0,1,0,0,49 52 54 127 128 129 130
2147483808,0,0,inf,2,0,1,0,0,25 27 32 26 263 264 265 266 267
2147483810,0,0,0.0102183,1,0,1,0,0,11 19 61 18 247 248 249 250 251
2147483811,0,0,inf,1,0,1,0,0,52 54 57 53 127 128 129 130 131
2147483812,0,0,0.00573358,1,0,1,0,0,49 54 57 127 128 129 130 51 133 131
2147483815,0,0,0.00573358,1,0,1,0,0,49 52 54 57 127 128 129 130
2147483820,0,0,0.0019324,1,0,1,0,0,49 52 54 127 128 129 130 51
2147483824,0,0,0.0019324,1,0,1,0,0,49 52 54 127 128 129 130 134
2147483827,0,0,inf,2,0,1,0,0,25 27 32 26 263 264 265 266 24 270 267
2147483830,0,0,inf,1,0,1,0,0,52 54 57 53 127 128 129 130 51 134 131
2147483831,0,0,0.000807154,1,0,1,0,0,49 52 54 57 127 128 129 130 51 131
2147483835,0,0,0.000807154,1,0,1,0,0,49 52 54 57 127 128 129 130 134
2147483842,0,0,0.00504032,2,0,1,0,0,27 32 26 263 264 265 266 267
2147483846,0,0,0.00195822,4,0,1,0,0,18 247 248 249 250 251
2147483849,0,0,0.0359532,3,0,1,0,0,
2147483850,0,0,0.0446963,3,0,1,0,0,
2147483852,0,0,0.0332756,3,0,1,0,0,
2147483853,0,0,0.0203056,2,0,1,0,0,54 57 53 127 128 129 130 132
2147483855,0,0,0.000766153,3,0,1,0,0,
2147483856,0,0,0.00943065,1,0,1,0,0,
2147483857,0,0,0.00603307,1,0,1,0,0,
2147483860,0,0,0.00590825,1,0,1,0,0,
2147483862,0,0,0.00590825,1,0,1,0,0,
2147483864,0,0,inf,1,0,1,0,0,32 26 263 264 265 266 24 23 270 267
2147483865,0,0,inf,1,0,1,0,0,52 54 57 53 127 128 129 130 131
2147483867,0,0,0.000351345,1,0,1,0,0,51
2147483868,0,0,0.000240476,1,0,1,0,0,132
2147483869,0,0,0.00943065,1,0,1,0,0,
2147483870,0,0,0.00603307,1,0,1,0,0,
2147483871,0,0,0.0102245,1,0,1,0,0,
2147483872,0,0,0.00654112,1,0,1,0,0,
2147483873,0,0,0.00228622,1,0,1,0,0,
2147483874,0,0,0.000920838,1,0,1,0,0,
2147483875,0,0,inf,1,0,1,0,0,52 54 57 53 127 128 129 130 131
2147483877,0,0,0.00728365,1,0,1,0,0,49 52 54 57 127 128 129 130 51 134 131 132 50
2147483878,0,0,0.00400794,1,0,1,0,0,57 128 129 130 131
2147483879,0,0,0.000370597,1,0,1,0,0,51
2147483880,0,0,0.000247065,1,0,1,0,0,132
2147483881,0,0,0.00943065,1,0,1,0,0,
2147483882,0,0,0.00751488,1,0,1,0,0,129 130
2147483883,0,0,0.0102245,1,0,1,0,0,
2147483884,0,0,0.00654112,1,0,1,0,0,
2147483885,0,0,0.00379011,1,0,1,0,0,
2147483886,0,0,0.00228622,1,0,1,0,0,
2147483887,0,0,0.000920838,1,0,1,0,0,
2147483888,0,0,inf,1,0,1,0,0,128 129 130 51 131
2147483889,0,0,inf,1,0,1,0,0,129 130 51 131
2147483890,0,0,inf,1,0,1,0,0,128 129 130 132
2147483891,0,0,inf,1,0,1,0,0,129 130 132
2147483892,0,0,inf,1,0,1,0,0,128 129 130 131
2147483893,0,0,inf,1,0,1,0,0,129 130 131
2147483895,0,0,0.00231651,1,0,1,0,0,131
2147483896,0,0,0.000370597,1,0,1,0,0,51
2147483897,0,0,0.000247065,1,0,1,0,0,132
2147483898,0,0,0.00943065,1,0,1,0,0,
2147483899,0,0,0.0078596,1,0,1,0,0,128 129 130
2147483900,0,0,0.0102245,1,0,1,0,0,
2147483901,0,0,0.00654112,1,0,1,0,0,
2147483902,0,0,0.00379011,1,0,1,0,0,
2147483903,0,0,0.00228622,1,0,1,0,0,
2147483904,0,0,0.000920838,1,0,1,0,0,
2147483905,0,0,inf,1,0,1,0,0,57 53 127 128 129 130 51 134 131 50
2147483906,0,0,inf,1,0,1,0,0,57 53 127 128 129 130 51 134 131 50
2147483907,0,0,inf,1,0,1,0,0,52 54 57 53 127 128 129 130 51 131 132
2147483908,0,0,inf,1,0,1,0,0,52 54 57 53 127 128 129 130 132
2147483909,0,0,inf,1,0,1,0,0,52 54 57 53 127 128 129 130 131
2147483910,0,0,inf,1,0,1,0,0,52 54 57 53 127 128 129 130 51 134 131
2147483911,0,0,inf,1,0,1,0,0,52 54 57 53 127 128 129 130 131
2147483912,0,0,inf,1,0,1,0,0,52 54 57 53 127 128 129 130 51 131
2147483913,0,0,inf,1,0,1,0,0,52 54 57 53 127 128 129 130 132
2147483914,0,0,inf,1,0,1,0,0,52 54 57 53 127 128 129 130 132
2147483915,0,0,inf,1,0,1,0,0,52 54 57 127 128 129 130 131
2147483916,0,0,inf,1,0,1,0,0,52 54 57 53 127 128 129 130 131
2147483917,0,0,inf,1,0,1,0,0,52 54 57 53 127 128 129 130 51 134
2147483921,0,0,0.00126221,4,0,1,0,0,267
2147483922,0,0,0.00647945,8,0,1,0,0,
2147483924,0,0,0.00944938,14,0,1,0,0,
2147483926,0,0,0.00389043,2,0,1,0,0,50 57 53 127 128 129 130 51 134 131
2147483927,0,0,0.00362787,1,0,1,0,0,131
2147483928,0,0,inf,1,0,1,0,0,49 52 54 57 53 127 128 129 130 51 131 132
2147483929,0,0,0.000947728,7,0,1,0,0,
2147483930,0,0,inf,1,0,1,0,0,57 53 127 128 129 130 131 132
2147483931,0,0,inf,1,0,1,0,0,54 57 53 127 128 129 130 51 133 131 132 50
2147483933,0,0,0.00410025,2,0,1,0,0,57 53 127 128 129 130 51 134 131 50
2147483934,0,0,0.000860368,5,0,1,0,0,131
2147483935,0,0,inf,1,0,1,0,0,52 54 57 53 127 128 129 130 51 134 131
2147483936,0,0,inf,1,0,1,0,0,52 54 57 127 128 129 130 131
2147483937,0,0,inf,1,0,1,0,0,54 57 53 127 128 129 130 131
2147483938,0,0,inf,1,0,1,0,0,54 57 53 127 128 129 130 51 133 131 132 50
2147483939,0,0,0.000706782,2,0,1,0,0,27 32 26 263 264 265 266 267
2147483940,0,0,0.00381952,14,0,1,0,0,
2147483943,0,0,inf,1,0,1,0,0,52 54 57 53 127 128 129 130 51 133 131 132 50
2147483944,0,0,inf,1,0,1,0,0,52 54 57 127 128 129 130 131
2147483945,0,0,inf,1,0,1,0,0,52 54 57 127 128 129 130 131
2147483947,0,0,0.0132921,5,0,1,0,0,131 52 54 57 127 128 129 130
2147483948,0,0,0.00310699,1,0,1,0,0,
2147483949,0,0,inf,1,0,1,0,0,49 52 54 57 127 128 129 130 131
2147483950,0,0,0.0102245,1,0,1,0,0,
2147483951,0,0,0.00654112,1,0,1,0,0,
2147483952,0,0,0.000920838,1,0,1,0,0,
2147483953,0,0,inf,1,0,1,0,0,49 52 127 128 129 130 131
2147483954,0,0,inf,1,0,1,0,0,49 52 54 127 128 129 130 51 131
2147483955,0,0,inf,1,0,1,0,0,49 54 57 127 128 129 130 51 131
2147483956,0,0,inf,1,0,1,0,0,49 52 54 57 127 128 129 130 51 131
2147483957,0,0,inf,1,0,1,0,0,49 52 54 57 127 128 129 130 131
2147483958,0,0,inf,1,0,1,0,0,49 52 54 57 127 128 129 130 131
2147483959,0,0,inf,1,0,1,0,0,52 54 57 127 128 129 130 131
2147483960,0,0,inf,1,0,1,0,0,52 54 57 53 127 128 129 130 51 131 132
2147483961,0,0,inf,1,0,1,0,0,52 54 57 53 127 128 129 130 132
2147483962,0,0,inf,1,0,1,0,0,52 54 57 53 127 128 129 130 132
2147483963,0,0,inf,1,0,1,0,0,52 54 57 127 128 129 130 131
2147483964,0,0,inf,1,0,1,0,0,52 54 57 53 127 128 129 130 131
2147483965,0,0,inf,1,0,1,0,0,52 54 57 53 127 128 129 130 51 134 131
2147483966,0,0,inf,1,0,1,0,0,52 54 57 53 127 128 129 130 51 131
2147483967,0,0,inf,1,0,1,0,0,52 54 57 53 127 128 129 130 132
2147483968,0,0,inf,1,0,1,0,0,52 54 57 127 128 129 130 131
2147483970,0,0,0.00581001,11,0,1,0,0,
2147483974,0,0,0.00641738,6,0,1,0,0,
2147483975,0,0,inf,1,0,1,0,0,49 52 54 127 128 129 130
2147483976,0,0,inf,1,0,1,0,0,49 52 127 128 129 130
2147483977,0,0,inf,1,0,1,0,0,49 52 54 57 53 127 128 129 130 132
2147483978,0,0,inf,1,0,1,0,0,52 127 128 129 130
2147483980,0,0,0.00644133,1,0,1,0,0,22 263 264 265 266
2147483982,0,0,0.00737174,1,0,1,0,0,22 263 264 265 266 24 267
