2 2147483652 2147483653 2147483666 2147483727 2147483751 2147483856 
5 2147483666 2147483727 2147483751 2147483856 
8 2147483666 2147483856 
11 2147483652 2147483653 2147483666 2147483727 2147483751 2147483856 
18 2147483666 
19 2147483666 2147483727 2147483751 2147483856 
22 2147483725 2147483726 2147483750 2147483775 2147483834 2147483841 2147483848 2147483855 2147483865 2147483885 2147483916 2147483972 
23 2147483725 2147483726 2147483775 2147483833 2147483834 2147483855 2147483865 2147483885 2147483892 2147483901 2147483902 2147483903 2147483916 2147483972 
24 2147483833 2147483834 2147483841 2147483848 2147483855 2147483865 2147483901 2147483902 2147483903 2147483911 2147483912 2147483916 2147483972 
25 2147483725 2147483726 2147483750 2147483775 2147483833 2147483834 2147483841 2147483848 2147483855 2147483865 2147483902 2147483903 2147483912 2147483913 2147483916 2147483929 2147483972 
26 2147483725 2147483726 2147483750 2147483775 2147483833 2147483834 2147483841 2147483848 2147483865 2147483892 2147483901 2147483902 2147483903 2147483911 2147483912 2147483913 2147483916 2147483929 2147483972 
27 2147483725 2147483726 2147483750 2147483775 2147483833 2147483834 2147483841 2147483848 2147483855 2147483865 2147483892 2147483901 2147483902 2147483903 2147483911 2147483912 2147483913 2147483916 2147483929 2147483972 
32 2147483725 2147483726 2147483750 2147483775 2147483833 2147483834 2147483841 2147483848 2147483855 2147483865 2147483892 2147483901 2147483902 2147483903 2147483911 2147483912 2147483913 2147483916 2147483929 2147483972 
49 2147483659 2147483661 2147483662 2147483663 2147483665 2147483667 2147483678 2147483687 2147483696 2147483704 2147483706 2147483709 2147483710 2147483718 2147483719 2147483720 2147483722 2147483723 2147483724 2147483728 2147483729 2147483732 2147483735 2147483739 2147483743 2147483746 2147483747 2147483748 2147483749 2147483752 2147483753 2147483756 2147483759 2147483763 2147483767 2147483770 2147483771 2147483772 2147483774 2147483776 2147483777 2147483780 2147483783 2147483787 2147483791 2147483794 2147483795 2147483796 2147483797 2147483798 2147483799 2147483802 2147483805 2147483809 2147483813 2147483829 2147483835 2147483836 2147483839 2147483842 2147483846 2147483850 2147483853 2147483858 2147483861 2147483863 2147483867 2147483870 2147483871 2147483873 2147483876 2147483880 2147483886 2147483887 2147483888 2147483890 2147483895 2147483898 2147483899 2147483905 2147483908 2147483909 2147483917 2147483918 2147483919 2147483920 2147483921 2147483922 2147483923 2147483924 2147483925 2147483927 2147483928 2147483934 2147483935 2147483939 2147483940 2147483942 2147483943 2147483944 2147483946 2147483947 2147483948 2147483949 2147483950 2147483951 2147483952 2147483954 2147483955 2147483956 2147483957 2147483958 2147483959 2147483960 2147483961 2147483962 2147483968 2147483969 2147483970 2147483971 
50 2147483659 2147483661 2147483662 2147483663 2147483665 2147483667 2147483706 2147483709 2147483719 2147483720 2147483722 2147483723 2147483724 2147483728 2147483729 2147483732 2147483747 2147483752 2147483753 2147483756 2147483771 2147483772 2147483774 2147483776 2147483777 2147483780 2147483795 2147483798 2147483799 2147483802 2147483829 2147483832 2147483835 2147483836 2147483853 2147483858 2147483861 2147483863 2147483867 2147483870 2147483871 2147483873 2147483876 2147483880 2147483887 2147483888 2147483890 2147483891 2147483895 2147483898 2147483899 2147483900 2147483905 2147483908 2147483917 2147483918 2147483919 2147483920 2147483921 2147483922 2147483923 2147483924 2147483925 2147483927 2147483928 2147483935 2147483942 2147483946 2147483947 2147483951 2147483952 2147483954 2147483955 2147483956 2147483958 2147483959 2147483960 2147483961 2147483962 2147483968 2147483969 2147483970 2147483971 
51 2147483659 2147483661 2147483662 2147483663 2147483665 2147483667 2147483678 2147483706 2147483709 2147483719 2147483747 2147483794 2147483795 2147483796 2147483797 2147483798 2147483799 2147483802 2147483805 2147483809 2147483813 2147483829 2147483832 2147483835 2147483836 2147483839 2147483842 2147483846 2147483850 2147483853 2147483858 2147483861 2147483863 2147483867 2147483870 2147483871 2147483873 2147483876 2147483880 2147483898 2147483900 2147483905 2147483908 2147483909 2147483910 2147483917 2147483918 2147483919 2147483923 2147483924 2147483925 2147483927 2147483928 2147483935 2147483942 2147483946 2147483947 2147483949 2147483950 2147483951 2147483952 2147483954 2147483955 2147483956 2147483958 2147483959 2147483960 2147483961 2147483962 2147483968 2147483969 2147483970 2147483971 
52 2147483659 2147483661 2147483662 2147483663 2147483665 2147483667 2147483678 2147483687 2147483696 2147483704 2147483706 2147483709 2147483710 2147483711 2147483712 2147483713 2147483714 2147483718 2147483719 2147483720 2147483722 2147483723 2147483724 2147483728 2147483729 2147483732 2147483735 2147483739 2147483743 2147483746 2147483747 2147483748 2147483749 2147483752 2147483753 2147483756 2147483759 2147483763 2147483767 2147483770 2147483771 2147483772 2147483774 2147483776 2147483777 2147483780 2147483783 2147483787 2147483791 2147483794 2147483795 2147483796 2147483797 2147483798 2147483799 2147483802 2147483805 2147483809 2147483813 2147483829 2147483832 2147483835 2147483836 2147483839 2147483842 2147483846 2147483850 2147483853 2147483858 2147483861 2147483863 2147483867 2147483870 2147483871 2147483873 2147483876 2147483880 2147483886 2147483887 2147483888 2147483890 2147483917 2147483918 2147483919 2147483920 2147483921 2147483922 2147483923 2147483924 2147483925 2147483927 2147483928 2147483934 2147483935 2147483939 2147483940 2147483942 2147483943 2147483946 2147483947 2147483948 2147483949 2147483950 2147483951 2147483952 2147483954 2147483955 2147483956 2147483959 2147483960 2147483961 2147483962 2147483968 2147483970 2147483971 
53 2147483659 2147483661 2147483662 2147483663 2147483665 2147483667 2147483706 2147483709 2147483711 2147483712 2147483713 2147483714 2147483719 2147483720 2147483722 2147483723 2147483724 2147483728 2147483729 2147483732 2147483735 2147483747 2147483748 2147483749 2147483752 2147483753 2147483756 2147483759 2147483771 2147483772 2147483774 2147483776 2147483777 2147483780 2147483783 2147483795 2147483796 2147483797 2147483798 2147483799 2147483802 2147483805 2147483829 2147483832 2147483836 2147483839 2147483842 2147483846 2147483861 2147483863 2147483870 2147483871 2147483873 2147483876 2147483887 2147483888 2147483890 2147483891 2147483895 2147483898 2147483899 2147483900 2147483905 2147483908 2147483909 2147483910 2147483917 2147483918 2147483919 2147483920 2147483921 2147483922 2147483923 2147483924 2147483925 2147483927 2147483928 2147483934 2147483935 2147483939 2147483942 2147483946 2147483947 2147483949 2147483950 2147483951 2147483954 2147483955 2147483956 2147483959 2147483961 2147483962 2147483968 2147483970 2147483971 
54 2147483659 2147483661 2147483662 2147483663 2147483665 2147483667 2147483678 2147483687 2147483696 2147483704 2147483706 2147483709 2147483710 2147483711 2147483712 2147483713 2147483714 2147483718 2147483719 2147483720 2147483722 2147483723 2147483724 2147483728 2147483729 2147483732 2147483735 2147483739 2147483743 2147483746 2147483747 2147483748 2147483749 2147483752 2147483753 2147483756 2147483759 2147483763 2147483767 2147483770 2147483771 2147483772 2147483774 2147483776 2147483777 2147483780 2147483783 2147483787 2147483791 2147483794 2147483795 2147483796 2147483797 2147483798 2147483799 2147483802 2147483805 2147483809 2147483813 2147483829 2147483836 2147483839 2147483842 2147483846 2147483850 2147483853 2147483858 2147483861 2147483863 2147483867 2147483870 2147483871 2147483873 2147483876 2147483880 2147483887 2147483891 2147483898 2147483900 2147483908 2147483910 2147483917 2147483918 2147483919 2147483920 2147483921 2147483922 2147483923 2147483924 2147483925 2147483927 2147483928 2147483934 2147483935 2147483939 2147483942 2147483943 2147483946 2147483947 2147483948 2147483949 2147483950 2147483951 2147483952 2147483954 2147483955 2147483956 2147483959 2147483960 2147483961 2147483962 2147483968 2147483970 2147483971 
57 2147483659 2147483661 2147483662 2147483663 2147483665 2147483667 2147483706 2147483709 2147483711 2147483712 2147483713 2147483714 2147483718 2147483719 2147483720 2147483722 2147483723 2147483724 2147483728 2147483729 2147483732 2147483735 2147483739 2147483746 2147483747 2147483748 2147483749 2147483752 2147483753 2147483756 2147483759 2147483763 2147483770 2147483771 2147483772 2147483774 2147483776 2147483777 2147483780 2147483783 2147483787 2147483794 2147483795 2147483796 2147483797 2147483798 2147483799 2147483802 2147483805 2147483809 2147483829 2147483832 2147483836 2147483839 2147483842 2147483846 2147483850 2147483853 2147483858 2147483861 2147483863 2147483867 2147483870 2147483871 2147483873 2147483876 2147483887 2147483891 2147483898 2147483900 2147483908 2147483910 2147483917 2147483918 2147483919 2147483920 2147483921 2147483922 2147483923 2147483924 2147483925 2147483927 2147483928 2147483934 2147483935 2147483939 2147483942 2147483946 2147483947 2147483949 2147483950 2147483951 2147483952 2147483954 2147483955 2147483956 2147483959 2147483960 2147483961 2147483962 2147483968 2147483970 2147483971 
61 2147483666 2147483727 2147483751 2147483856 
127 2147483659 2147483661 2147483662 2147483663 2147483665 2147483678 2147483687 2147483704 2147483706 2147483709 2147483711 2147483712 2147483713 2147483714 2147483718 2147483719 2147483720 2147483722 2147483723 2147483724 2147483728 2147483729 2147483732 2147483735 2147483739 2147483743 2147483770 2147483771 2147483772 2147483774 2147483776 2147483777 2147483780 2147483783 2147483787 2147483791 2147483794 2147483795 2147483796 2147483797 2147483798 2147483799 2147483802 2147483805 2147483809 2147483813 2147483829 2147483836 2147483839 2147483842 2147483870 2147483871 2147483873 2147483876 2147483880 2147483898 2147483900 2147483908 2147483910 2147483917 2147483918 2147483919 2147483920 2147483921 2147483922 2147483923 2147483927 2147483928 2147483934 2147483935 2147483939 2147483942 2147483946 2147483947 2147483949 2147483950 2147483954 2147483955 2147483956 2147483961 2147483962 2147483968 2147483970 2147483971 
128 2147483659 2147483661 2147483662 2147483665 2147483667 2147483696 2147483704 2147483706 2147483709 2147483711 2147483712 2147483713 2147483714 2147483718 2147483719 2147483720 2147483722 2147483723 2147483724 2147483728 2147483729 2147483732 2147483735 2147483739 2147483743 2147483746 2147483747 2147483748 2147483749 2147483752 2147483753 2147483756 2147483759 2147483763 2147483767 2147483829 2147483836 2147483839 2147483842 2147483846 2147483850 2147483898 2147483900 2147483908 2147483910 2147483923 2147483924 2147483925 2147483927 2147483928 2147483934 2147483935 2147483939 2147483942 2147483947 2147483949 2147483950 2147483954 2147483956 2147483961 2147483962 2147483968 2147483970 2147483971 
129 2147483659 2147483706 2147483709 2147483829 2147483934 2147483935 2147483939 2147483942 2147483961 2147483962 2147483971 
130 2147483659 2147483706 2147483709 2147483829 2147483934 2147483935 2147483939 2147483942 2147483961 2147483962 2147483971 
131 2147483659 2147483661 2147483662 2147483663 2147483665 2147483667 2147483678 2147483687 2147483696 2147483704 2147483706 2147483709 2147483710 2147483711 2147483712 2147483713 2147483714 2147483718 2147483719 2147483720 2147483722 2147483723 2147483724 2147483728 2147483729 2147483732 2147483735 2147483739 2147483743 2147483746 2147483747 2147483748 2147483749 2147483752 2147483753 2147483756 2147483759 2147483763 2147483767 2147483770 2147483771 2147483772 2147483774 2147483776 2147483777 2147483780 2147483783 2147483787 2147483791 2147483794 2147483795 2147483796 2147483797 2147483798 2147483799 2147483802 2147483805 2147483809 2147483813 2147483829 2147483832 2147483835 2147483836 2147483839 2147483842 2147483846 2147483850 2147483853 2147483858 2147483861 2147483863 2147483867 2147483870 2147483871 2147483873 2147483876 2147483880 2147483886 2147483887 2147483888 2147483890 2147483891 2147483895 2147483898 2147483899 2147483900 2147483917 2147483918 2147483919 2147483920 2147483921 2147483922 2147483923 2147483924 2147483925 2147483927 2147483928 2147483934 2147483935 2147483939 2147483940 2147483942 2147483943 2147483946 2147483947 2147483948 2147483949 2147483950 2147483951 2147483952 2147483954 2147483955 2147483956 2147483957 2147483958 2147483959 2147483960 2147483961 2147483962 2147483968 2147483969 2147483970 2147483971 
132 2147483659 2147483661 2147483662 2147483663 2147483665 2147483667 2147483678 2147483706 2147483709 2147483710 2147483711 2147483712 2147483713 2147483714 2147483794 2147483795 2147483796 2147483797 2147483798 2147483799 2147483802 2147483805 2147483809 2147483813 2147483829 2147483832 2147483835 2147483836 2147483839 2147483842 2147483846 2147483850 2147483853 2147483858 2147483861 2147483863 2147483867 2147483870 2147483871 2147483873 2147483876 2147483880 2147483917 2147483918 2147483919 2147483923 2147483934 2147483939 2147483943 2147483946 2147483947 2147483948 2147483949 2147483950 2147483951 2147483952 2147483954 2147483955 2147483956 2147483957 2147483958 2147483959 2147483960 2147483961 2147483962 2147483968 2147483969 2147483970 2147483971 
133 2147483659 2147483661 2147483662 2147483663 2147483665 2147483667 2147483678 2147483687 2147483696 2147483704 2147483706 2147483709 2147483710 2147483711 2147483712 2147483713 2147483714 2147483718 2147483719 2147483720 2147483722 2147483723 2147483724 2147483728 2147483729 2147483732 2147483735 2147483739 2147483743 2147483746 2147483747 2147483748 2147483749 2147483752 2147483753 2147483756 2147483759 2147483763 2147483767 2147483770 2147483771 2147483772 2147483774 2147483776 2147483777 2147483780 2147483783 2147483787 2147483791 2147483794 2147483795 2147483796 2147483797 2147483798 2147483799 2147483802 2147483805 2147483809 2147483813 2147483829 2147483832 2147483835 2147483836 2147483839 2147483842 2147483846 2147483850 2147483853 2147483858 2147483861 2147483863 2147483867 2147483870 2147483871 2147483873 2147483876 2147483880 2147483886 2147483887 2147483888 2147483890 2147483891 2147483895 2147483898 2147483899 2147483900 2147483905 2147483908 2147483909 2147483910 2147483917 2147483918 2147483919 2147483920 2147483921 2147483922 2147483923 2147483924 2147483925 2147483927 2147483928 2147483934 2147483935 2147483939 2147483940 2147483942 2147483943 2147483946 2147483947 2147483948 2147483949 2147483950 2147483951 2147483952 2147483954 2147483955 2147483956 2147483957 2147483958 2147483959 2147483960 2147483961 2147483962 2147483968 2147483969 2147483970 2147483971 
134 2147483659 2147483661 2147483662 2147483663 2147483665 2147483667 2147483678 2147483687 2147483706 2147483709 2147483710 2147483711 2147483712 2147483713 2147483714 2147483770 2147483771 2147483772 2147483774 2147483776 2147483777 2147483780 2147483783 2147483787 2147483791 2147483794 2147483795 2147483796 2147483797 2147483798 2147483799 2147483802 2147483805 2147483809 2147483813 2147483829 2147483832 2147483835 2147483836 2147483839 2147483842 2147483846 2147483850 2147483853 2147483858 2147483861 2147483863 2147483867 2147483870 2147483871 2147483873 2147483876 2147483886 2147483887 2147483888 2147483917 2147483918 2147483919 2147483920 2147483921 2147483922 2147483923 2147483934 2147483939 2147483940 2147483942 2147483943 2147483946 2147483947 2147483948 2147483949 2147483950 2147483951 2147483952 2147483954 2147483955 2147483956 2147483957 2147483958 2147483959 2147483960 2147483961 2147483962 2147483968 2147483970 2147483971 
151 2147483730 2147483731 2147483733 2147483734 2147483736 2147483737 2147483754 2147483755 2147483757 2147483758 2147483760 2147483761 2147483778 2147483779 2147483781 2147483782 2147483784 2147483785 2147483800 2147483801 2147483803 2147483804 2147483806 2147483807 2147483874 2147483875 2147483878 2147483879 2147483881 2147483882 2147483965 
152 2147483733 2147483734 2147483736 2147483737 2147483757 2147483758 2147483760 2147483761 2147483781 2147483782 2147483784 2147483785 2147483803 2147483804 2147483806 2147483807 2147483874 2147483875 2147483878 2147483879 2147483881 2147483882 
153 
154 
155 
156 
157 
158 
159 
160 
161 
162 
163 
164 
165 
166 
247 2147483652 2147483727 
248 2147483652 2147483666 2147483727 2147483751 
249 
250 
251 2147483652 2147483653 2147483666 2147483727 2147483751 2147483856 
252 2147483652 2147483653 2147483666 2147483856 
253 2147483652 2147483653 2147483666 2147483727 2147483751 2147483856 
254 2147483652 2147483653 2147483666 2147483856 
263 2147483725 2147483726 2147483775 2147483834 2147483841 2147483901 2147483902 2147483903 2147483911 2147483912 2147483913 2147483916 2147483972 
264 2147483725 2147483726 2147483750 2147483834 2147483841 2147483848 2147483901 2147483902 2147483903 2147483911 2147483912 2147483913 2147483916 2147483972 
265 2147483972 
266 2147483972 
267 2147483725 2147483726 2147483750 2147483775 2147483833 2147483834 2147483841 2147483848 2147483855 2147483865 2147483885 2147483892 2147483901 2147483902 2147483903 2147483916 2147483929 2147483972 
268 2147483833 2147483834 2147483841 2147483848 2147483855 2147483865 2147483916 2147483972 
269 2147483725 2147483726 2147483750 2147483775 2147483833 2147483834 2147483841 2147483848 2147483855 2147483865 2147483885 2147483892 2147483901 2147483902 2147483903 2147483916 2147483929 2147483972 
270 2147483775 2147483833 2147483834 2147483841 2147483848 2147483855 2147483865 2147483916 2147483929 2147483972 
2147483652 2147483653 2147483706 2147483709 2147483923 2147483934 2147483939 2147483947 2147483956 2 11 247 248 253 254 251 252 2147483653 2147483706 2147483709 2147483923 2147483934 2147483939 2147483947 2147483956 
2147483653 2147483652 2147483652 2147483706 2147483709 2 11 253 254 251 252 2147483706 2147483709 
2147483659 2147483661 2147483662 2147483663 2147483665 2147483666 2147483667 2147483706 2147483709 2147483829 2147483832 2147483833 2147483834 2147483835 2147483836 2147483839 2147483841 2147483842 2147483846 2147483848 2147483850 2147483853 2147483855 2147483856 2147483858 2147483861 2147483863 2147483865 2147483867 2147483870 2147483871 2147483873 2147483874 2147483875 2147483876 2147483878 2147483879 2147483916 2147483949 2147483950 2147483951 2147483952 2147483954 2147483958 2147483959 2147483960 2147483961 2147483962 2147483965 2147483968 2147483970 2147483971 49 52 54 57 53 127 128 129 130 51 133 134 131 132 50 2147483661 2147483662 2147483663 2147483665 2147483666 2147483667 2147483706 2147483709 2147483829 2147483832 2147483833 2147483834 2147483835 2147483836 2147483839 2147483841 2147483842 2147483846 2147483848 2147483850 2147483853 2147483855 2147483856 2147483858 2147483861 2147483863 2147483865 2147483867 2147483870 2147483871 2147483873 2147483874 2147483875 2147483876 2147483878 2147483879 2147483916 2147483949 2147483950 2147483951 2147483952 2147483954 2147483958 2147483959 2147483960 2147483961 2147483962 2147483965 2147483968 2147483970 2147483971 
2147483661 2147483659 2147483659 2147483662 2147483663 2147483665 2147483666 2147483667 2147483706 2147483709 2147483829 2147483834 2147483836 2147483839 2147483841 2147483842 2147483846 2147483848 2147483850 2147483853 2147483855 2147483856 2147483858 2147483861 2147483863 2147483865 2147483867 2147483949 2147483950 2147483951 2147483952 2147483954 2147483959 2147483960 2147483961 2147483962 2147483965 2147483970 2147483971 49 52 54 57 53 127 128 51 133 134 131 132 50 2147483662 2147483663 2147483665 2147483666 2147483667 2147483706 2147483709 2147483829 2147483834 2147483836 2147483839 2147483841 2147483842 2147483846 2147483848 2147483850 2147483853 2147483855 2147483856 2147483858 2147483861 2147483863 2147483865 2147483867 2147483949 2147483950 2147483951 2147483952 2147483954 2147483959 2147483960 2147483961 2147483962 2147483965 2147483970 2147483971 
2147483662 2147483659 2147483661 2147483659 2147483661 2147483663 2147483665 2147483666 2147483667 2147483706 2147483709 2147483829 2147483834 2147483836 2147483839 2147483841 2147483842 2147483846 2147483848 2147483850 2147483853 2147483855 2147483856 2147483858 2147483861 2147483863 2147483865 2147483867 2147483870 2147483871 2147483873 2147483874 2147483875 2147483876 2147483878 2147483879 2147483880 2147483881 2147483916 2147483949 2147483950 2147483951 2147483952 2147483954 2147483959 2147483960 2147483961 2147483962 2147483965 2147483968 2147483970 2147483971 49 52 54 57 53 127 128 51 133 134 131 132 50 2147483663 2147483665 2147483666 2147483667 2147483706 2147483709 2147483829 2147483834 2147483836 2147483839 2147483841 2147483842 2147483846 2147483848 2147483850 2147483853 2147483855 2147483856 2147483858 2147483861 2147483863 2147483865 2147483867 2147483870 2147483871 2147483873 2147483874 2147483875 2147483876 2147483878 2147483879 2147483880 2147483881 2147483916 2147483949 2147483950 2147483951 2147483952 2147483954 2147483959 2147483960 2147483961 2147483962 2147483965 2147483968 2147483970 2147483971 
2147483663 2147483659 2147483661 2147483662 2147483659 2147483661 2147483662 2147483665 2147483706 2147483709 2147483829 2147483834 2147483836 2147483959 2147483961 2147483962 2147483971 49 52 54 57 53 127 51 133 134 131 132 50 2147483665 2147483706 2147483709 2147483829 2147483834 2147483836 2147483959 2147483961 2147483962 2147483971 
2147483665 2147483659 2147483661 2147483662 2147483663 2147483659 2147483661 2147483662 2147483663 2147483706 2147483709 2147483829 2147483834 2147483836 2147483839 2147483841 2147483842 2147483949 2147483950 2147483954 2147483961 2147483962 2147483970 2147483971 49 52 54 57 53 127 128 51 133 134 131 132 50 2147483706 2147483709 2147483829 2147483834 2147483836 2147483839 2147483841 2147483842 2147483949 2147483950 2147483954 2147483961 2147483962 2147483970 2147483971 
2147483666 2147483659 2147483661 2147483662 2147483659 2147483661 2147483662 2147483667 2147483706 2147483709 2147483829 2147483834 2147483836 2147483846 2147483848 2147483954 2147483961 2147483970 2 11 19 61 18 248 5 8 253 254 251 252 2147483667 2147483706 2147483709 2147483829 2147483834 2147483836 2147483846 2147483848 2147483954 2147483961 2147483970 
2147483667 2147483659 2147483661 2147483662 2147483666 2147483659 2147483661 2147483662 2147483666 2147483706 2147483709 2147483829 2147483836 2147483954 2147483961 2147483970 49 52 54 57 53 128 51 133 134 131 132 50 2147483706 2147483709 2147483829 2147483836 2147483954 2147483961 2147483970 
2147483678 2147483706 2147483709 2147483813 2147483917 2147483946 2147483955 49 52 54 127 51 133 134 131 132 2147483706 2147483709 2147483813 2147483917 2147483946 2147483955 
2147483687 2147483706 2147483709 2147483791 2147483920 2147483947 2147483972 49 52 54 127 133 134 131 2147483706 2147483709 2147483791 2147483920 2147483947 2147483972 
2147483696 2147483706 2147483709 2147483767 2147483923 2147483956 49 52 54 128 133 131 2147483706 2147483709 2147483767 2147483923 2147483956 
2147483704 2147483706 2147483709 2147483743 2147483923 2147483947 2147483956 49 52 54 127 128 133 131 2147483706 2147483709 2147483743 2147483923 2147483947 2147483956 
2147483706 2147483652 2147483653 2147483659 2147483661 2147483662 2147483663 2147483665 2147483666 2147483667 2147483678 2147483687 2147483696 2147483704 2147483652 2147483653 2147483659 2147483661 2147483662 2147483663 2147483665 2147483666 2147483667 2147483678 2147483687 2147483696 2147483704 2147483709 2147483710 2147483711 2147483712 2147483713 2147483714 2147483718 2147483719 2147483720 2147483722 2147483723 2147483724 2147483725 2147483726 2147483727 2147483728 2147483729 2147483730 2147483731 2147483732 2147483733 2147483734 2147483735 2147483736 2147483737 2147483739 2147483743 2147483746 2147483747 2147483748 2147483749 2147483750 2147483751 2147483752 2147483753 2147483754 2147483755 2147483756 2147483757 2147483758 2147483759 2147483760 2147483761 2147483763 2147483767 2147483770 2147483771 2147483772 2147483774 2147483775 2147483776 2147483777 2147483778 2147483779 2147483780 2147483781 2147483782 2147483783 2147483784 2147483785 2147483787 2147483791 2147483794 2147483795 2147483796 2147483797 2147483798 2147483799 2147483800 2147483801 2147483802 2147483803 2147483804 2147483805 2147483806 2147483807 2147483809 2147483813 2147483829 2147483832 2147483833 2147483834 2147483835 2147483836 2147483839 2147483841 2147483842 2147483846 2147483848 2147483850 2147483853 2147483855 2147483856 2147483858 2147483861 2147483863 2147483865 2147483867 2147483870 2147483871 2147483873 2147483874 2147483875 2147483876 2147483878 2147483879 2147483880 2147483881 2147483882 2147483885 2147483886 2147483887 2147483888 2147483890 2147483891 2147483892 2147483895 2147483898 2147483899 2147483900 2147483901 2147483902 2147483903 2147483905 2147483908 2147483909 2147483910 2147483916 2147483917 2147483918 2147483919 2147483920 2147483921 2147483922 2147483923 2147483924 2147483925 2147483927 2147483928 2147483929 2147483934 2147483935 2147483939 2147483940 2147483942 2147483943 2147483946 2147483947 2147483948 2147483949 2147483950 2147483951 2147483952 2147483954 2147483955 2147483956 2147483957 2147483958 2147483959 2147483960 2147483961 2147483962 2147483965 2147483968 2147483969 2147483970 2147483971 2147483972 53 49 52 54 57 127 128 129 130 51 133 134 131 132 50 2147483709 2147483710 2147483711 2147483712 2147483713 2147483714 2147483718 2147483719 2147483720 2147483722 2147483723 2147483724 2147483725 2147483726 2147483727 2147483728 2147483729 2147483730 2147483731 2147483732 2147483733 2147483734 2147483735 2147483736 2147483737 2147483739 2147483743 2147483746 2147483747 2147483748 2147483749 2147483750 2147483751 2147483752 2147483753 2147483754 2147483755 2147483756 2147483757 2147483758 2147483759 2147483760 2147483761 2147483763 2147483767 2147483770 2147483771 2147483772 2147483774 2147483775 2147483776 2147483777 2147483778 2147483779 2147483780 2147483781 2147483782 2147483783 2147483784 2147483785 2147483787 2147483791 2147483794 2147483795 2147483796 2147483797 2147483798 2147483799 2147483800 2147483801 2147483802 2147483803 2147483804 2147483805 2147483806 2147483807 2147483809 2147483813 2147483829 2147483832 2147483833 2147483834 2147483835 2147483836 2147483839 2147483841 2147483842 2147483846 2147483848 2147483850 2147483853 2147483855 2147483856 2147483858 2147483861 2147483863 2147483865 2147483867 2147483870 2147483871 2147483873 2147483874 2147483875 2147483876 2147483878 2147483879 2147483880 2147483881 2147483882 2147483885 2147483886 2147483887 2147483888 2147483890 2147483891 2147483892 2147483895 2147483898 2147483899 2147483900 2147483901 2147483902 2147483903 2147483905 2147483908 2147483909 2147483910 2147483916 2147483917 2147483918 2147483919 2147483920 2147483921 2147483922 2147483923 2147483924 2147483925 2147483927 2147483928 2147483929 2147483934 2147483935 2147483939 2147483940 2147483942 2147483943 2147483946 2147483947 2147483948 2147483949 2147483950 2147483951 2147483952 2147483954 2147483955 2147483956 2147483957 2147483958 2147483959 2147483960 2147483961 2147483962 2147483965 2147483968 2147483969 2147483970 2147483971 2147483972 
2147483709 2147483652 2147483653 2147483659 2147483661 2147483662 2147483663 2147483665 2147483666 2147483667 2147483678 2147483687 2147483696 2147483704 2147483706 2147483652 2147483653 2147483659 2147483661 2147483662 2147483663 2147483665 2147483666 2147483667 2147483678 2147483687 2147483696 2147483704 2147483706 2147483710 2147483711 2147483712 2147483713 2147483714 2147483718 2147483719 2147483720 2147483722 2147483723 2147483724 2147483725 2147483726 2147483727 2147483728 2147483729 2147483730 2147483731 2147483732 2147483733 2147483734 2147483735 2147483736 2147483737 2147483739 2147483743 2147483746 2147483747 2147483748 2147483749 2147483750 2147483751 2147483752 2147483753 2147483754 2147483755 2147483756 2147483757 2147483758 2147483759 2147483760 2147483761 2147483763 2147483767 2147483770 2147483771 2147483772 2147483774 2147483775 2147483776 2147483777 2147483778 2147483779 2147483780 2147483781 2147483782 2147483783 2147483784 2147483785 2147483787 2147483791 2147483794 2147483795 2147483796 2147483797 2147483798 2147483799 2147483800 2147483801 2147483802 2147483803 2147483804 2147483805 2147483806 2147483807 2147483809 2147483813 2147483829 2147483832 2147483833 2147483834 2147483835 2147483836 2147483839 2147483841 2147483842 2147483846 2147483848 2147483850 2147483853 2147483855 2147483856 2147483858 2147483861 2147483863 2147483865 2147483867 2147483870 2147483871 2147483873 2147483874 2147483875 2147483876 2147483878 2147483879 2147483880 2147483881 2147483882 2147483885 2147483886 2147483887 2147483888 2147483890 2147483891 2147483892 2147483895 2147483898 2147483899 2147483900 2147483901 2147483902 2147483903 2147483916 2147483917 2147483918 2147483919 2147483920 2147483921 2147483922 2147483923 2147483924 2147483925 2147483927 2147483928 2147483929 2147483934 2147483935 2147483939 2147483940 2147483942 2147483943 2147483946 2147483947 2147483948 2147483949 2147483950 2147483951 2147483952 2147483954 2147483955 2147483956 2147483957 2147483958 2147483959 2147483960 2147483961 2147483962 2147483965 2147483968 2147483969 2147483970 2147483971 2147483972 54 52 57 49 53 127 128 129 130 51 133 134 131 132 50 2147483710 2147483711 2147483712 2147483713 2147483714 2147483718 2147483719 2147483720 2147483722 2147483723 2147483724 2147483725 2147483726 2147483727 2147483728 2147483729 2147483730 2147483731 2147483732 2147483733 2147483734 2147483735 2147483736 2147483737 2147483739 2147483743 2147483746 2147483747 2147483748 2147483749 2147483750 2147483751 2147483752 2147483753 2147483754 2147483755 2147483756 2147483757 2147483758 2147483759 2147483760 2147483761 2147483763 2147483767 2147483770 2147483771 2147483772 2147483774 2147483775 2147483776 2147483777 2147483778 2147483779 2147483780 2147483781 2147483782 2147483783 2147483784 2147483785 2147483787 2147483791 2147483794 2147483795 2147483796 2147483797 2147483798 2147483799 2147483800 2147483801 2147483802 2147483803 2147483804 2147483805 2147483806 2147483807 2147483809 2147483813 2147483829 2147483832 2147483833 2147483834 2147483835 2147483836 2147483839 2147483841 2147483842 2147483846 2147483848 2147483850 2147483853 2147483855 2147483856 2147483858 2147483861 2147483863 2147483865 2147483867 2147483870 2147483871 2147483873 2147483874 2147483875 2147483876 2147483878 2147483879 2147483880 2147483881 2147483882 2147483885 2147483886 2147483887 2147483888 2147483890 2147483891 2147483892 2147483895 2147483898 2147483899 2147483900 2147483901 2147483902 2147483903 2147483916 2147483917 2147483918 2147483919 2147483920 2147483921 2147483922 2147483923 2147483924 2147483925 2147483927 2147483928 2147483929 2147483934 2147483935 2147483939 2147483940 2147483942 2147483943 2147483946 2147483947 2147483948 2147483949 2147483950 2147483951 2147483952 2147483954 2147483955 2147483956 2147483957 2147483958 2147483959 2147483960 2147483961 2147483962 2147483965 2147483968 2147483969 2147483970 2147483971 2147483972 
2147483710 2147483706 2147483709 2147483706 2147483709 2147483934 2147483939 2147483943 2147483948 49 52 54 133 134 131 132 2147483934 2147483939 2147483943 2147483948 
2147483711 2147483706 2147483709 2147483706 2147483709 2147483712 2147483713 2147483714 2147483934 2147483939 54 52 57 53 127 128 133 134 131 132 2147483712 2147483713 2147483714 2147483934 2147483939 
2147483712 2147483706 2147483709 2147483711 2147483706 2147483709 2147483711 2147483713 2147483714 2147483934 2147483939 52 54 57 53 127 128 133 134 131 132 2147483713 2147483714 2147483934 2147483939 
2147483713 2147483706 2147483709 2147483711 2147483712 2147483706 2147483709 2147483711 2147483712 2147483714 2147483934 2147483939 127 52 54 57 53 128 133 134 131 132 2147483714 2147483934 2147483939 
2147483714 2147483706 2147483709 2147483711 2147483712 2147483713 2147483706 2147483709 2147483711 2147483712 2147483713 2147483934 2147483939 128 52 54 57 53 127 133 134 131 132 2147483934 2147483939 
2147483718 2147483706 2147483709 2147483706 2147483709 2147483923 2147483927 2147483928 2147483947 2147483956 49 52 54 57 127 128 133 131 2147483923 2147483927 2147483928 2147483947 2147483956 
2147483719 2147483706 2147483709 2147483706 2147483709 2147483720 2147483722 2147483723 2147483724 2147483725 2147483726 2147483727 2147483728 2147483729 2147483730 2147483731 2147483732 2147483733 2147483734 2147483735 2147483736 2147483923 2147483927 2147483928 2147483947 2147483956 49 52 54 57 53 127 128 51 133 131 50 2147483720 2147483722 2147483723 2147483724 2147483725 2147483726 2147483727 2147483728 2147483729 2147483730 2147483731 2147483732 2147483733 2147483734 2147483735 2147483736 2147483923 2147483927 2147483928 2147483947 2147483956 
2147483720 2147483706 2147483709 2147483719 2147483706 2147483709 2147483719 2147483722 2147483723 2147483724 2147483725 2147483726 2147483923 2147483927 2147483928 2147483947 2147483956 49 52 54 57 53 127 128 133 131 50 2147483722 2147483723 2147483724 2147483725 2147483726 2147483923 2147483927 2147483928 2147483947 2147483956 
2147483722 2147483706 2147483709 2147483719 2147483720 2147483706 2147483709 2147483719 2147483720 2147483923 2147483927 2147483928 2147483947 2147483956 49 52 54 57 53 127 128 133 131 50 2147483923 2147483927 2147483928 2147483947 2147483956 
2147483723 2147483706 2147483709 2147483719 2147483720 2147483706 2147483709 2147483719 2147483720 2147483923 2147483927 2147483928 2147483947 2147483956 49 52 54 57 53 127 128 133 131 50 2147483923 2147483927 2147483928 2147483947 2147483956 
2147483724 2147483706 2147483709 2147483719 2147483720 2147483706 2147483709 2147483719 2147483720 2147483923 2147483927 2147483928 2147483947 2147483956 49 52 54 57 53 127 128 133 131 50 2147483923 2147483927 2147483928 2147483947 2147483956 
2147483725 2147483706 2147483709 2147483719 2147483720 2147483706 2147483709 2147483719 2147483720 2147483923 2147483927 2147483928 2147483947 2147483956 22 25 27 32 26 263 264 23 269 267 2147483923 2147483927 2147483928 2147483947 2147483956 
2147483726 2147483706 2147483709 2147483719 2147483720 2147483706 2147483709 2147483719 2147483720 2147483923 2147483927 2147483928 2147483947 2147483956 22 25 27 32 26 263 264 23 269 267 2147483923 2147483927 2147483928 2147483947 2147483956 
2147483727 2147483706 2147483709 2147483719 2147483706 2147483709 2147483719 2147483923 2147483927 2147483928 2147483947 2147483956 2 11 19 61 247 248 5 253 251 2147483923 2147483927 2147483928 2147483947 2147483956 
2147483728 2147483706 2147483709 2147483719 2147483706 2147483709 2147483719 2147483729 2147483730 2147483731 2147483732 2147483733 2147483734 2147483923 2147483927 2147483928 2147483947 2147483956 49 52 54 57 53 127 128 133 131 50 2147483729 2147483730 2147483731 2147483732 2147483733 2147483734 2147483923 2147483927 2147483928 2147483947 2147483956 
2147483729 2147483706 2147483709 2147483719 2147483728 2147483706 2147483709 2147483719 2147483728 2147483730 2147483731 2147483923 2147483927 2147483928 2147483947 2147483956 49 52 54 57 53 127 128 133 131 50 2147483730 2147483731 2147483923 2147483927 2147483928 2147483947 2147483956 
2147483730 2147483706 2147483709 2147483719 2147483728 2147483729 2147483706 2147483709 2147483719 2147483728 2147483729 2147483923 2147483927 2147483928 2147483947 2147483956 151 2147483923 2147483927 2147483928 2147483947 2147483956 
2147483731 2147483706 2147483709 2147483719 2147483728 2147483729 2147483706 2147483709 2147483719 2147483728 2147483729 2147483923 2147483927 2147483928 2147483947 2147483956 151 2147483923 2147483927 2147483928 2147483947 2147483956 
2147483732 2147483706 2147483709 2147483719 2147483728 2147483706 2147483709 2147483719 2147483728 2147483733 2147483734 2147483923 2147483927 2147483928 2147483947 2147483956 49 52 54 57 53 127 128 133 131 50 2147483733 2147483734 2147483923 2147483927 2147483928 2147483947 2147483956 
2147483733 2147483706 2147483709 2147483719 2147483728 2147483732 2147483706 2147483709 2147483719 2147483728 2147483732 2147483734 2147483923 2147483927 2147483928 2147483947 2147483956 151 152 2147483734 2147483923 2147483927 2147483928 2147483947 2147483956 
2147483734 2147483706 2147483709 2147483719 2147483728 2147483732 2147483733 2147483706 2147483709 2147483719 2147483728 2147483732 2147483733 2147483923 2147483927 2147483928 2147483947 2147483956 151 152 2147483923 2147483927 2147483928 2147483947 2147483956 
2147483735 2147483706 2147483709 2147483719 2147483706 2147483709 2147483719 2147483736 2147483737 2147483923 2147483927 2147483928 2147483947 2147483956 49 52 54 57 53 127 128 133 131 2147483736 2147483737 2147483923 2147483927 2147483928 2147483947 2147483956 
2147483736 2147483706 2147483709 2147483719 2147483735 2147483706 2147483709 2147483719 2147483735 2147483737 2147483923 2147483927 2147483928 2147483947 2147483956 151 152 2147483737 2147483923 2147483927 2147483928 2147483947 2147483956 
2147483737 2147483706 2147483709 2147483735 2147483736 2147483706 2147483709 2147483735 2147483736 2147483923 2147483927 2147483928 2147483947 2147483956 151 152 2147483923 2147483927 2147483928 2147483947 2147483956 
2147483739 2147483706 2147483709 2147483706 2147483709 2147483923 2147483927 2147483928 2147483947 2147483956 49 52 54 57 127 128 133 131 2147483923 2147483927 2147483928 2147483947 2147483956 
2147483743 2147483704 2147483706 2147483709 2147483704 2147483706 2147483709 2147483923 2147483947 2147483956 49 52 54 127 128 133 131 2147483923 2147483947 2147483956 
2147483746 2147483706 2147483709 2147483706 2147483709 2147483923 2147483924 2147483925 2147483956 49 52 54 57 128 133 131 2147483923 2147483924 2147483925 2147483956 
2147483747 2147483706 2147483709 2147483706 2147483709 2147483748 2147483749 2147483750 2147483751 2147483752 2147483753 2147483754 2147483755 2147483756 2147483757 2147483758 2147483759 2147483760 2147483923 2147483924 2147483925 2147483956 49 52 54 57 53 128 51 133 131 50 2147483748 2147483749 2147483750 2147483751 2147483752 2147483753 2147483754 2147483755 2147483756 2147483757 2147483758 2147483759 2147483760 2147483923 2147483924 2147483925 2147483956 
2147483748 2147483706 2147483709 2147483747 2147483706 2147483709 2147483747 2147483923 2147483924 2147483925 2147483956 49 52 54 57 53 128 133 131 2147483923 2147483924 2147483925 2147483956 
2147483749 2147483706 2147483709 2147483747 2147483706 2147483709 2147483747 2147483923 2147483924 2147483925 2147483956 49 52 54 57 53 128 133 131 2147483923 2147483924 2147483925 2147483956 
2147483750 2147483706 2147483709 2147483747 2147483706 2147483709 2147483747 2147483923 2147483924 2147483925 2147483956 22 25 27 32 26 264 269 267 2147483923 2147483924 2147483925 2147483956 
2147483751 2147483706 2147483709 2147483747 2147483706 2147483709 2147483747 2147483923 2147483924 2147483925 2147483956 2 11 19 61 248 5 253 251 2147483923 2147483924 2147483925 2147483956 
2147483752 2147483706 2147483709 2147483747 2147483706 2147483709 2147483747 2147483753 2147483754 2147483755 2147483756 2147483757 2147483758 2147483923 2147483924 2147483925 2147483956 49 52 54 57 53 128 133 131 50 2147483753 2147483754 2147483755 2147483756 2147483757 2147483758 2147483923 2147483924 2147483925 2147483956 
2147483753 2147483706 2147483709 2147483747 2147483752 2147483706 2147483709 2147483747 2147483752 2147483754 2147483755 2147483923 2147483924 2147483925 2147483956 49 52 54 57 53 128 133 131 50 2147483754 2147483755 2147483923 2147483924 2147483925 2147483956 
2147483754 2147483706 2147483709 2147483747 2147483752 2147483753 2147483706 2147483709 2147483747 2147483752 2147483753 2147483923 2147483924 2147483925 2147483956 151 2147483923 2147483924 2147483925 2147483956 
2147483755 2147483706 2147483709 2147483747 2147483752 2147483753 2147483706 2147483709 2147483747 2147483752 2147483753 2147483923 2147483924 2147483925 2147483956 151 2147483923 2147483924 2147483925 2147483956 
2147483756 2147483706 2147483709 2147483747 2147483752 2147483706 2147483709 2147483747 2147483752 2147483757 2147483758 2147483923 2147483924 2147483925 2147483956 49 52 54 57 53 128 133 131 50 2147483757 2147483758 2147483923 2147483924 2147483925 2147483956 
2147483757 2147483706 2147483709 2147483747 2147483752 2147483756 2147483706 2147483709 2147483747 2147483752 2147483756 2147483758 2147483923 2147483924 2147483925 2147483956 151 152 2147483758 2147483923 2147483924 2147483925 2147483956 
2147483758 2147483706 2147483709 2147483747 2147483752 2147483756 2147483757 2147483706 2147483709 2147483747 2147483752 2147483756 2147483757 2147483923 2147483924 2147483925 2147483956 151 152 2147483923 2147483924 2147483925 2147483956 
2147483759 2147483706 2147483709 2147483747 2147483706 2147483709 2147483747 2147483760 2147483761 2147483923 2147483924 2147483925 2147483956 49 52 54 57 53 128 133 131 2147483760 2147483761 2147483923 2147483924 2147483925 2147483956 
2147483760 2147483706 2147483709 2147483747 2147483759 2147483706 2147483709 2147483747 2147483759 2147483761 2147483923 2147483924 2147483925 2147483956 151 152 2147483761 2147483923 2147483924 2147483925 2147483956 
2147483761 2147483706 2147483709 2147483759 2147483760 2147483706 2147483709 2147483759 2147483760 2147483923 2147483924 2147483925 2147483956 151 152 2147483923 2147483924 2147483925 2147483956 
2147483763 2147483706 2147483709 2147483706 2147483709 2147483923 2147483924 2147483925 2147483956 49 52 54 57 128 133 131 2147483923 2147483924 2147483925 2147483956 
2147483767 2147483696 2147483706 2147483709 2147483696 2147483706 2147483709 2147483923 2147483956 49 52 54 128 133 131 2147483923 2147483956 
2147483770 2147483706 2147483709 2147483706 2147483709 2147483920 2147483921 2147483922 2147483947 2147483972 49 52 54 57 127 133 134 131 2147483920 2147483921 2147483922 2147483947 2147483972 
2147483771 2147483706 2147483709 2147483706 2147483709 2147483772 2147483774 2147483775 2147483776 2147483777 2147483778 2147483779 2147483780 2147483781 2147483782 2147483783 2147483784 2147483920 2147483921 2147483922 2147483947 2147483972 49 52 54 57 53 127 133 134 131 50 2147483772 2147483774 2147483775 2147483776 2147483777 2147483778 2147483779 2147483780 2147483781 2147483782 2147483783 2147483784 2147483920 2147483921 2147483922 2147483947 2147483972 
2147483772 2147483706 2147483709 2147483771 2147483706 2147483709 2147483771 2147483774 2147483775 2147483920 2147483921 2147483922 2147483947 2147483972 49 52 54 57 53 127 133 134 131 50 2147483774 2147483775 2147483920 2147483921 2147483922 2147483947 2147483972 
2147483774 2147483706 2147483709 2147483771 2147483772 2147483706 2147483709 2147483771 2147483772 2147483920 2147483921 2147483922 2147483947 2147483972 49 52 54 57 53 127 133 134 131 50 2147483920 2147483921 2147483922 2147483947 2147483972 
2147483775 2147483706 2147483709 2147483771 2147483772 2147483706 2147483709 2147483771 2147483772 2147483920 2147483921 2147483922 2147483947 2147483972 22 25 27 32 26 263 23 269 270 267 2147483920 2147483921 2147483922 2147483947 2147483972 
2147483776 2147483706 2147483709 2147483771 2147483706 2147483709 2147483771 2147483777 2147483778 2147483779 2147483780 2147483781 2147483782 2147483920 2147483921 2147483922 2147483947 2147483972 49 52 54 57 53 127 133 134 131 50 2147483777 2147483778 2147483779 2147483780 2147483781 2147483782 2147483920 2147483921 2147483922 2147483947 2147483972 
2147483777 2147483706 2147483709 2147483771 2147483776 2147483706 2147483709 2147483771 2147483776 2147483778 2147483779 2147483920 2147483921 2147483922 2147483947 2147483972 49 52 54 57 53 127 133 134 131 50 2147483778 2147483779 2147483920 2147483921 2147483922 2147483947 2147483972 
2147483778 2147483706 2147483709 2147483771 2147483776 2147483777 2147483706 2147483709 2147483771 2147483776 2147483777 2147483920 2147483921 2147483922 2147483947 2147483972 151 2147483920 2147483921 2147483922 2147483947 2147483972 
2147483779 2147483706 2147483709 2147483771 2147483776 2147483777 2147483706 2147483709 2147483771 2147483776 2147483777 2147483920 2147483921 2147483922 2147483947 2147483972 151 2147483920 2147483921 2147483922 2147483947 2147483972 
2147483780 2147483706 2147483709 2147483771 2147483776 2147483706 2147483709 2147483771 2147483776 2147483781 2147483782 2147483920 2147483921 2147483922 2147483947 2147483972 49 52 54 57 53 127 133 134 131 50 2147483781 2147483782 2147483920 2147483921 2147483922 2147483947 2147483972 
2147483781 2147483706 2147483709 2147483771 2147483776 2147483780 2147483706 2147483709 2147483771 2147483776 2147483780 2147483782 2147483920 2147483921 2147483922 2147483947 2147483972 151 152 2147483782 2147483920 2147483921 2147483922 2147483947 2147483972 
2147483782 2147483706 2147483709 2147483771 2147483776 2147483780 2147483781 2147483706 2147483709 2147483771 2147483776 2147483780 2147483781 2147483920 2147483921 2147483922 2147483947 2147483972 151 152 2147483920 2147483921 2147483922 2147483947 2147483972 
2147483783 2147483706 2147483709 2147483771 2147483706 2147483709 2147483771 2147483784 2147483785 2147483920 2147483921 2147483922 2147483947 2147483972 49 52 54 57 53 127 133 134 131 2147483784 2147483785 2147483920 2147483921 2147483922 2147483947 2147483972 
2147483784 2147483706 2147483709 2147483771 2147483783 2147483706 2147483709 2147483771 2147483783 2147483785 2147483920 2147483921 2147483922 2147483947 2147483972 151 152 2147483785 2147483920 2147483921 2147483922 2147483947 2147483972 
2147483785 2147483706 2147483709 2147483783 2147483784 2147483706 2147483709 2147483783 2147483784 2147483920 2147483921 2147483922 2147483947 2147483972 151 152 2147483920 2147483921 2147483922 2147483947 2147483972 
2147483787 2147483706 2147483709 2147483706 2147483709 2147483920 2147483921 2147483922 2147483947 2147483972 49 52 54 57 127 133 134 131 2147483920 2147483921 2147483922 2147483947 2147483972 
2147483791 2147483687 2147483706 2147483709 2147483687 2147483706 2147483709 2147483920 2147483947 2147483972 49 52 54 127 133 134 131 2147483920 2147483947 2147483972 
2147483794 2147483706 2147483709 2147483706 2147483709 2147483917 2147483918 2147483919 2147483946 2147483955 49 52 54 57 127 51 133 134 131 132 2147483917 2147483918 2147483919 2147483946 2147483955 
2147483795 2147483706 2147483709 2147483706 2147483709 2147483796 2147483797 2147483798 2147483799 2147483800 2147483801 2147483802 2147483803 2147483804 2147483805 2147483806 2147483917 2147483918 2147483919 2147483946 2147483955 49 52 54 57 53 127 51 133 134 131 132 50 2147483796 2147483797 2147483798 2147483799 2147483800 2147483801 2147483802 2147483803 2147483804 2147483805 2147483806 2147483917 2147483918 2147483919 2147483946 2147483955 
2147483796 2147483706 2147483709 2147483795 2147483706 2147483709 2147483795 2147483917 2147483918 2147483919 2147483946 2147483955 49 52 54 57 53 127 51 133 134 131 132 2147483917 2147483918 2147483919 2147483946 2147483955 
2147483797 2147483706 2147483709 2147483795 2147483706 2147483709 2147483795 2147483917 2147483918 2147483919 2147483946 2147483955 49 52 54 57 53 127 51 133 134 131 132 2147483917 2147483918 2147483919 2147483946 2147483955 
2147483798 2147483706 2147483709 2147483795 2147483706 2147483709 2147483795 2147483799 2147483800 2147483801 2147483802 2147483803 2147483804 2147483917 2147483918 2147483919 2147483946 2147483955 49 52 54 57 53 127 51 133 134 131 132 50 2147483799 2147483800 2147483801 2147483802 2147483803 2147483804 2147483917 2147483918 2147483919 2147483946 2147483955 
2147483799 2147483706 2147483709 2147483795 2147483798 2147483706 2147483709 2147483795 2147483798 2147483800 2147483801 2147483917 2147483918 2147483919 2147483946 2147483955 49 52 54 57 53 127 51 133 134 131 132 50 2147483800 2147483801 2147483917 2147483918 2147483919 2147483946 2147483955 
2147483800 2147483706 2147483709 2147483795 2147483798 2147483799 2147483706 2147483709 2147483795 2147483798 2147483799 2147483917 2147483918 2147483919 2147483946 2147483955 151 2147483917 2147483918 2147483919 2147483946 2147483955 
2147483801 2147483706 2147483709 2147483795 2147483798 2147483799 2147483706 2147483709 2147483795 2147483798 2147483799 2147483917 2147483918 2147483919 2147483946 2147483955 151 2147483917 2147483918 2147483919 2147483946 2147483955 
2147483802 2147483706 2147483709 2147483795 2147483798 2147483706 2147483709 2147483795 2147483798 2147483803 2147483804 2147483917 2147483918 2147483919 2147483946 2147483955 49 52 54 57 53 127 51 133 134 131 132 50 2147483803 2147483804 2147483917 2147483918 2147483919 2147483946 2147483955 
2147483803 2147483706 2147483709 2147483795 2147483798 2147483802 2147483706 2147483709 2147483795 2147483798 2147483802 2147483804 2147483917 2147483918 2147483919 2147483946 2147483955 151 152 2147483804 2147483917 2147483918 2147483919 2147483946 2147483955 
2147483804 2147483706 2147483709 2147483795 2147483798 2147483802 2147483803 2147483706 2147483709 2147483795 2147483798 2147483802 2147483803 2147483917 2147483918 2147483919 2147483946 2147483955 151 152 2147483917 2147483918 2147483919 2147483946 2147483955 
2147483805 2147483706 2147483709 2147483795 2147483706 2147483709 2147483795 2147483806 2147483807 2147483917 2147483918 2147483919 2147483946 2147483955 49 52 54 57 53 127 51 133 134 131 132 2147483806 2147483807 2147483917 2147483918 2147483919 2147483946 2147483955 
2147483806 2147483706 2147483709 2147483795 2147483805 2147483706 2147483709 2147483795 2147483805 2147483807 2147483917 2147483918 2147483919 2147483946 2147483955 151 152 2147483807 2147483917 2147483918 2147483919 2147483946 2147483955 
2147483807 2147483706 2147483709 2147483805 2147483806 2147483706 2147483709 2147483805 2147483806 2147483917 2147483918 2147483919 2147483946 2147483955 151 152 2147483917 2147483918 2147483919 2147483946 2147483955 
2147483809 2147483706 2147483709 2147483706 2147483709 2147483917 2147483918 2147483919 2147483946 2147483955 49 52 54 57 127 51 133 134 131 132 2147483917 2147483918 2147483919 2147483946 2147483955 
2147483813 2147483678 2147483706 2147483709 2147483678 2147483706 2147483709 2147483917 2147483946 2147483955 49 52 54 127 51 133 134 131 132 2147483917 2147483946 2147483955 
2147483829 2147483659 2147483661 2147483662 2147483663 2147483665 2147483666 2147483667 2147483706 2147483709 2147483659 2147483661 2147483662 2147483663 2147483665 2147483666 2147483667 2147483706 2147483709 2147483832 2147483833 2147483834 2147483835 2147483836 2147483839 2147483841 2147483842 2147483846 2147483848 2147483850 2147483853 2147483855 2147483856 2147483858 2147483861 2147483863 2147483865 2147483867 2147483870 2147483871 2147483873 2147483874 2147483875 2147483876 2147483878 2147483879 2147483880 2147483881 2147483882 2147483916 2147483949 2147483950 2147483951 2147483952 2147483954 2147483958 2147483959 2147483960 2147483961 2147483962 2147483965 2147483968 2147483969 2147483970 2147483971 2147483972 128 49 52 54 57 53 127 129 130 51 133 134 131 132 50 2147483832 2147483833 2147483834 2147483835 2147483836 2147483839 2147483841 2147483842 2147483846 2147483848 2147483850 2147483853 2147483855 2147483856 2147483858 2147483861 2147483863 2147483865 2147483867 2147483870 2147483871 2147483873 2147483874 2147483875 2147483876 2147483878 2147483879 2147483880 2147483881 2147483882 2147483916 2147483949 2147483950 2147483951 2147483952 2147483954 2147483958 2147483959 2147483960 2147483961 2147483962 2147483965 2147483968 2147483969 2147483970 2147483971 2147483972 
2147483832 2147483659 2147483706 2147483709 2147483829 2147483659 2147483706 2147483709 2147483829 2147483833 2147483962 2147483971 57 52 53 51 133 134 131 132 50 2147483833 2147483962 2147483971 
2147483833 2147483659 2147483706 2147483709 2147483829 2147483832 2147483659 2147483706 2147483709 2147483829 2147483832 2147483962 2147483971 25 27 32 26 24 23 269 270 267 268 2147483962 2147483971 
2147483834 2147483659 2147483661 2147483662 2147483663 2147483665 2147483666 2147483706 2147483709 2147483829 2147483659 2147483661 2147483662 2147483663 2147483665 2147483666 2147483706 2147483709 2147483829 2147483835 2147483836 2147483839 2147483841 2147483842 2147483949 2147483950 2147483954 2147483961 2147483962 2147483970 2147483971 22 25 27 32 26 263 264 24 23 269 270 267 268 2147483835 2147483836 2147483839 2147483841 2147483842 2147483949 2147483950 2147483954 2147483961 2147483962 2147483970 2147483971 
2147483835 2147483659 2147483706 2147483709 2147483829 2147483834 2147483659 2147483706 2147483709 2147483829 2147483834 2147483962 2147483971 49 52 51 133 134 131 132 50 2147483962 2147483971 
2147483836 2147483659 2147483661 2147483662 2147483663 2147483665 2147483666 2147483667 2147483706 2147483709 2147483829 2147483834 2147483659 2147483661 2147483662 2147483663 2147483665 2147483666 2147483667 2147483706 2147483709 2147483829 2147483834 2147483839 2147483841 2147483842 2147483846 2147483848 2147483850 2147483853 2147483855 2147483856 2147483858 2147483861 2147483863 2147483865 2147483867 2147483870 2147483871 2147483873 2147483874 2147483875 2147483876 2147483878 2147483879 2147483916 2147483949 2147483950 2147483951 2147483952 2147483954 2147483959 2147483960 2147483961 2147483962 2147483965 2147483968 2147483970 2147483971 49 52 54 57 53 127 128 51 133 134 131 132 50 2147483839 2147483841 2147483842 2147483846 2147483848 2147483850 2147483853 2147483855 2147483856 2147483858 2147483861 2147483863 2147483865 2147483867 2147483870 2147483871 2147483873 2147483874 2147483875 2147483876 2147483878 2147483879 2147483916 2147483949 2147483950 2147483951 2147483952 2147483954 2147483959 2147483960 2147483961 2147483962 2147483965 2147483968 2147483970 2147483971 
2147483839 2147483659 2147483661 2147483662 2147483665 2147483706 2147483709 2147483829 2147483834 2147483836 2147483659 2147483661 2147483662 2147483665 2147483706 2147483709 2147483829 2147483834 2147483836 2147483961 2147483970 49 52 54 57 53 127 128 51 133 134 131 132 2147483961 2147483970 
2147483841 2147483659 2147483661 2147483662 2147483665 2147483706 2147483709 2147483829 2147483834 2147483836 2147483659 2147483661 2147483662 2147483665 2147483706 2147483709 2147483829 2147483834 2147483836 2147483961 2147483970 22 25 27 32 26 263 264 24 269 270 267 268 2147483961 2147483970 
2147483842 2147483659 2147483661 2147483662 2147483665 2147483706 2147483709 2147483829 2147483834 2147483836 2147483659 2147483661 2147483662 2147483665 2147483706 2147483709 2147483829 2147483834 2147483836 2147483961 2147483970 49 52 54 57 53 127 128 51 133 134 131 132 2147483961 2147483970 
2147483846 2147483659 2147483661 2147483662 2147483666 2147483706 2147483709 2147483829 2147483836 2147483659 2147483661 2147483662 2147483666 2147483706 2147483709 2147483829 2147483836 2147483961 2147483970 49 52 54 57 53 128 51 133 134 131 132 2147483961 2147483970 
2147483848 2147483659 2147483661 2147483662 2147483666 2147483706 2147483709 2147483829 2147483836 2147483659 2147483661 2147483662 2147483666 2147483706 2147483709 2147483829 2147483836 2147483961 2147483970 22 25 27 32 26 264 24 269 270 267 268 2147483961 2147483970 
2147483850 2147483659 2147483661 2147483662 2147483706 2147483709 2147483829 2147483836 2147483659 2147483661 2147483662 2147483706 2147483709 2147483829 2147483836 2147483961 2147483970 49 52 54 57 128 51 133 134 131 132 2147483961 2147483970 
2147483853 2147483659 2147483661 2147483662 2147483706 2147483709 2147483829 2147483836 2147483659 2147483661 2147483662 2147483706 2147483709 2147483829 2147483836 2147483961 2147483971 49 52 54 57 51 133 134 131 132 50 2147483961 2147483971 
2147483855 2147483659 2147483661 2147483662 2147483706 2147483709 2147483829 2147483836 2147483659 2147483661 2147483662 2147483706 2147483709 2147483829 2147483836 2147483961 2147483971 22 25 27 32 24 23 269 270 267 268 2147483961 2147483971 
2147483856 2147483659 2147483661 2147483662 2147483706 2147483709 2147483829 2147483836 2147483659 2147483661 2147483662 2147483706 2147483709 2147483829 2147483836 2147483961 2147483971 2 11 19 61 5 8 253 254 251 252 2147483961 2147483971 
2147483858 2147483659 2147483661 2147483662 2147483706 2147483709 2147483829 2147483836 2147483659 2147483661 2147483662 2147483706 2147483709 2147483829 2147483836 2147483961 2147483971 49 52 54 57 51 133 134 131 132 50 2147483961 2147483971 
2147483861 2147483659 2147483661 2147483662 2147483706 2147483709 2147483829 2147483836 2147483659 2147483661 2147483662 2147483706 2147483709 2147483829 2147483836 2147483863 2147483865 2147483951 2147483961 2147483971 49 52 54 57 53 51 133 134 131 132 50 2147483863 2147483865 2147483951 2147483961 2147483971 
2147483863 2147483659 2147483661 2147483662 2147483706 2147483709 2147483829 2147483836 2147483861 2147483659 2147483661 2147483662 2147483706 2147483709 2147483829 2147483836 2147483861 2147483961 2147483971 49 52 54 57 53 51 133 134 131 132 50 2147483961 2147483971 
2147483865 2147483659 2147483661 2147483662 2147483706 2147483709 2147483829 2147483836 2147483861 2147483659 2147483661 2147483662 2147483706 2147483709 2147483829 2147483836 2147483861 2147483961 2147483971 22 25 27 32 26 24 23 269 270 267 268 2147483961 2147483971 
2147483867 2147483659 2147483661 2147483662 2147483706 2147483709 2147483829 2147483836 2147483659 2147483661 2147483662 2147483706 2147483709 2147483829 2147483836 2147483961 2147483971 49 52 54 57 51 133 134 131 132 50 2147483961 2147483971 
2147483870 2147483659 2147483662 2147483706 2147483709 2147483829 2147483836 2147483659 2147483662 2147483706 2147483709 2147483829 2147483836 2147483871 2147483873 2147483874 2147483875 2147483876 2147483878 2147483879 2147483916 2147483961 2147483968 2147483971 49 52 54 57 53 127 51 133 134 131 132 50 2147483871 2147483873 2147483874 2147483875 2147483876 2147483878 2147483879 2147483916 2147483961 2147483968 2147483971 
2147483871 2147483659 2147483662 2147483706 2147483709 2147483829 2147483836 2147483870 2147483659 2147483662 2147483706 2147483709 2147483829 2147483836 2147483870 2147483873 2147483874 2147483875 2147483916 2147483961 2147483968 2147483971 49 52 54 57 53 127 51 133 134 131 132 50 2147483873 2147483874 2147483875 2147483916 2147483961 2147483968 2147483971 
2147483873 2147483659 2147483662 2147483706 2147483709 2147483829 2147483836 2147483870 2147483871 2147483659 2147483662 2147483706 2147483709 2147483829 2147483836 2147483870 2147483871 2147483874 2147483875 2147483876 2147483878 2147483879 2147483880 2147483881 2147483882 2147483916 2147483961 2147483968 49 52 54 57 53 127 51 133 134 131 132 50 2147483874 2147483875 2147483876 2147483878 2147483879 2147483880 2147483881 2147483882 2147483916 2147483961 2147483968 
2147483874 2147483659 2147483662 2147483706 2147483709 2147483829 2147483836 2147483870 2147483871 2147483873 2147483659 2147483662 2147483706 2147483709 2147483829 2147483836 2147483870 2147483871 2147483873 2147483875 2147483916 2147483961 2147483968 151 152 2147483875 2147483916 2147483961 2147483968 
2147483875 2147483659 2147483662 2147483706 2147483709 2147483829 2147483836 2147483870 2147483871 2147483873 2147483874 2147483659 2147483662 2147483706 2147483709 2147483829 2147483836 2147483870 2147483871 2147483873 2147483874 2147483916 2147483961 2147483968 151 152 2147483916 2147483961 2147483968 
2147483876 2147483659 2147483662 2147483706 2147483709 2147483829 2147483836 2147483870 2147483873 2147483659 2147483662 2147483706 2147483709 2147483829 2147483836 2147483870 2147483873 2147483878 2147483879 2147483916 2147483961 2147483968 49 52 54 57 53 127 51 133 134 131 132 50 2147483878 2147483879 2147483916 2147483961 2147483968 
2147483878 2147483659 2147483662 2147483706 2147483709 2147483829 2147483836 2147483870 2147483873 2147483876 2147483659 2147483662 2147483706 2147483709 2147483829 2147483836 2147483870 2147483873 2147483876 2147483879 2147483916 2147483961 2147483968 151 152 2147483879 2147483916 2147483961 2147483968 
2147483879 2147483659 2147483662 2147483706 2147483709 2147483829 2147483836 2147483870 2147483873 2147483876 2147483878 2147483659 2147483662 2147483706 2147483709 2147483829 2147483836 2147483870 2147483873 2147483876 2147483878 2147483916 2147483961 2147483968 151 152 2147483916 2147483961 2147483968 
2147483880 2147483662 2147483706 2147483709 2147483829 2147483873 2147483662 2147483706 2147483709 2147483829 2147483873 2147483881 2147483882 2147483916 2147483961 2147483968 49 52 54 127 51 133 131 132 50 2147483881 2147483882 2147483916 2147483961 2147483968 
2147483881 2147483662 2147483706 2147483709 2147483829 2147483873 2147483880 2147483662 2147483706 2147483709 2147483829 2147483873 2147483880 2147483882 2147483916 2147483961 2147483968 151 152 2147483882 2147483916 2147483961 2147483968 
2147483882 2147483706 2147483709 2147483829 2147483873 2147483880 2147483881 2147483706 2147483709 2147483829 2147483873 2147483880 2147483881 2147483916 2147483961 2147483968 151 152 2147483916 2147483961 2147483968 
2147483885 2147483706 2147483709 2147483706 2147483709 2147483942 22 23 269 267 2147483942 
2147483886 2147483706 2147483709 2147483706 2147483709 2147483940 2147483972 49 52 133 134 131 2147483940 2147483972 
2147483887 2147483706 2147483709 2147483706 2147483709 2147483888 2147483890 2147483891 2147483892 2147483942 2147483972 53 49 52 54 57 133 134 131 50 2147483888 2147483890 2147483891 2147483892 2147483942 2147483972 
2147483888 2147483706 2147483709 2147483887 2147483706 2147483709 2147483887 2147483890 2147483942 2147483972 49 52 53 133 134 131 50 2147483890 2147483942 2147483972 
2147483890 2147483706 2147483709 2147483887 2147483888 2147483706 2147483709 2147483887 2147483888 2147483942 49 52 53 133 131 50 2147483942 
2147483891 2147483706 2147483709 2147483887 2147483706 2147483709 2147483887 2147483892 2147483942 57 54 53 133 131 50 2147483892 2147483942 
2147483892 2147483706 2147483709 2147483887 2147483891 2147483706 2147483709 2147483887 2147483891 2147483942 27 32 26 23 269 267 2147483942 
2147483895 2147483706 2147483709 2147483706 2147483709 2147483898 2147483942 49 53 133 131 50 2147483898 2147483942 
2147483898 2147483706 2147483709 2147483895 2147483706 2147483709 2147483895 2147483899 2147483900 2147483901 2147483902 2147483903 2147483935 2147483942 53 49 54 57 127 128 51 133 131 50 2147483899 2147483900 2147483901 2147483902 2147483903 2147483935 2147483942 
2147483899 2147483706 2147483709 2147483898 2147483706 2147483709 2147483898 2147483942 49 53 133 131 50 2147483942 
2147483900 2147483706 2147483709 2147483898 2147483706 2147483709 2147483898 2147483901 2147483902 2147483903 2147483935 2147483942 57 54 53 127 128 51 133 131 50 2147483901 2147483902 2147483903 2147483935 2147483942 
2147483901 2147483706 2147483709 2147483898 2147483900 2147483706 2147483709 2147483898 2147483900 2147483902 2147483903 2147483935 2147483942 27 32 26 263 264 24 23 269 267 2147483902 2147483903 2147483935 2147483942 
2147483902 2147483706 2147483709 2147483898 2147483900 2147483901 2147483706 2147483709 2147483898 2147483900 2147483901 2147483903 2147483935 2147483942 263 25 27 32 26 264 24 23 269 267 2147483903 2147483935 2147483942 
2147483903 2147483706 2147483709 2147483898 2147483900 2147483901 2147483902 2147483706 2147483709 2147483898 2147483900 2147483901 2147483902 2147483935 2147483942 264 25 27 32 26 263 24 23 269 267 2147483935 2147483942 
2147483905 2147483706 2147483706 2147483908 2147483935 2147483942 49 53 51 133 50 2147483908 2147483935 2147483942 
2147483908 2147483706 2147483905 2147483706 2147483905 2147483909 2147483910 2147483911 2147483912 2147483913 2147483935 2147483942 53 49 54 57 127 128 51 133 50 2147483909 2147483910 2147483911 2147483912 2147483913 2147483935 2147483942 
2147483909 2147483706 2147483908 2147483706 2147483908 2147483935 49 53 51 133 2147483935 
2147483910 2147483706 2147483908 2147483706 2147483908 2147483911 2147483912 2147483913 2147483935 57 54 53 127 128 51 133 2147483911 2147483912 2147483913 2147483935 
2147483911 2147483908 2147483910 2147483908 2147483910 2147483912 2147483913 2147483935 27 32 26 263 264 24 2147483912 2147483913 2147483935 
2147483912 2147483908 2147483910 2147483911 2147483908 2147483910 2147483911 2147483913 2147483935 263 25 27 32 26 264 24 2147483913 2147483935 
2147483913 2147483908 2147483910 2147483911 2147483912 2147483908 2147483910 2147483911 2147483912 264 25 27 32 26 263 
2147483916 2147483659 2147483662 2147483706 2147483709 2147483829 2147483836 2147483870 2147483871 2147483873 2147483874 2147483875 2147483876 2147483878 2147483879 2147483880 2147483881 2147483882 2147483659 2147483662 2147483706 2147483709 2147483829 2147483836 2147483870 2147483871 2147483873 2147483874 2147483875 2147483876 2147483878 2147483879 2147483880 2147483881 2147483882 2147483961 2147483968 2147483970 2147483971 2147483972 25 22 27 32 26 263 264 24 23 269 270 267 268 2147483961 2147483968 2147483970 2147483971 2147483972 
2147483917 2147483678 2147483706 2147483709 2147483794 2147483795 2147483796 2147483797 2147483798 2147483799 2147483800 2147483801 2147483802 2147483803 2147483804 2147483805 2147483806 2147483807 2147483809 2147483813 2147483678 2147483706 2147483709 2147483794 2147483795 2147483796 2147483797 2147483798 2147483799 2147483800 2147483801 2147483802 2147483803 2147483804 2147483805 2147483806 2147483807 2147483809 2147483813 2147483918 2147483919 2147483946 2147483955 54 49 52 57 53 127 51 133 134 131 132 50 2147483918 2147483919 2147483946 2147483955 
2147483918 2147483706 2147483709 2147483794 2147483795 2147483796 2147483797 2147483798 2147483799 2147483800 2147483801 2147483802 2147483803 2147483804 2147483805 2147483806 2147483807 2147483809 2147483917 2147483706 2147483709 2147483794 2147483795 2147483796 2147483797 2147483798 2147483799 2147483800 2147483801 2147483802 2147483803 2147483804 2147483805 2147483806 2147483807 2147483809 2147483917 2147483919 2147483946 2147483955 49 52 54 57 53 127 51 133 134 131 132 50 2147483919 2147483946 2147483955 
2147483919 2147483706 2147483709 2147483794 2147483795 2147483796 2147483797 2147483798 2147483799 2147483800 2147483801 2147483802 2147483803 2147483804 2147483805 2147483806 2147483807 2147483809 2147483917 2147483918 2147483706 2147483709 2147483794 2147483795 2147483796 2147483797 2147483798 2147483799 2147483800 2147483801 2147483802 2147483803 2147483804 2147483805 2147483806 2147483807 2147483809 2147483917 2147483918 2147483946 2147483955 49 52 54 57 53 127 51 133 134 131 132 50 2147483946 2147483955 
2147483920 2147483687 2147483706 2147483709 2147483770 2147483771 2147483772 2147483774 2147483775 2147483776 2147483777 2147483778 2147483779 2147483780 2147483781 2147483782 2147483783 2147483784 2147483785 2147483787 2147483791 2147483687 2147483706 2147483709 2147483770 2147483771 2147483772 2147483774 2147483775 2147483776 2147483777 2147483778 2147483779 2147483780 2147483781 2147483782 2147483783 2147483784 2147483785 2147483787 2147483791 2147483921 2147483922 2147483947 2147483972 54 49 52 57 53 127 133 134 131 50 2147483921 2147483922 2147483947 2147483972 
2147483921 2147483706 2147483709 2147483770 2147483771 2147483772 2147483774 2147483775 2147483776 2147483777 2147483778 2147483779 2147483780 2147483781 2147483782 2147483783 2147483784 2147483785 2147483787 2147483920 2147483706 2147483709 2147483770 2147483771 2147483772 2147483774 2147483775 2147483776 2147483777 2147483778 2147483779 2147483780 2147483781 2147483782 2147483783 2147483784 2147483785 2147483787 2147483920 2147483922 2147483947 2147483972 49 52 54 57 53 127 133 134 131 50 2147483922 2147483947 2147483972 
2147483922 2147483706 2147483709 2147483770 2147483771 2147483772 2147483774 2147483775 2147483776 2147483777 2147483778 2147483779 2147483780 2147483781 2147483782 2147483783 2147483784 2147483785 2147483787 2147483920 2147483921 2147483706 2147483709 2147483770 2147483771 2147483772 2147483774 2147483775 2147483776 2147483777 2147483778 2147483779 2147483780 2147483781 2147483782 2147483783 2147483784 2147483785 2147483787 2147483920 2147483921 2147483947 2147483972 49 52 54 57 53 127 133 134 131 50 2147483947 2147483972 
2147483923 2147483652 2147483696 2147483704 2147483706 2147483709 2147483718 2147483719 2147483720 2147483722 2147483723 2147483724 2147483725 2147483726 2147483727 2147483728 2147483729 2147483730 2147483731 2147483732 2147483733 2147483734 2147483735 2147483736 2147483737 2147483739 2147483743 2147483746 2147483747 2147483748 2147483749 2147483750 2147483751 2147483752 2147483753 2147483754 2147483755 2147483756 2147483757 2147483758 2147483759 2147483760 2147483761 2147483763 2147483767 2147483652 2147483696 2147483704 2147483706 2147483709 2147483718 2147483719 2147483720 2147483722 2147483723 2147483724 2147483725 2147483726 2147483727 2147483728 2147483729 2147483730 2147483731 2147483732 2147483733 2147483734 2147483735 2147483736 2147483737 2147483739 2147483743 2147483746 2147483747 2147483748 2147483749 2147483750 2147483751 2147483752 2147483753 2147483754 2147483755 2147483756 2147483757 2147483758 2147483759 2147483760 2147483761 2147483763 2147483767 2147483924 2147483925 2147483927 2147483928 2147483947 2147483956 54 49 52 57 53 127 128 51 133 134 131 132 50 2147483924 2147483925 2147483927 2147483928 2147483947 2147483956 
2147483924 2147483706 2147483709 2147483746 2147483747 2147483748 2147483749 2147483750 2147483751 2147483752 2147483753 2147483754 2147483755 2147483756 2147483757 2147483758 2147483759 2147483760 2147483761 2147483763 2147483923 2147483706 2147483709 2147483746 2147483747 2147483748 2147483749 2147483750 2147483751 2147483752 2147483753 2147483754 2147483755 2147483756 2147483757 2147483758 2147483759 2147483760 2147483761 2147483763 2147483923 2147483925 2147483956 49 52 54 57 53 128 51 133 131 50 2147483925 2147483956 
2147483925 2147483706 2147483709 2147483746 2147483747 2147483748 2147483749 2147483750 2147483751 2147483752 2147483753 2147483754 2147483755 2147483756 2147483757 2147483758 2147483759 2147483760 2147483761 2147483763 2147483923 2147483924 2147483706 2147483709 2147483746 2147483747 2147483748 2147483749 2147483750 2147483751 2147483752 2147483753 2147483754 2147483755 2147483756 2147483757 2147483758 2147483759 2147483760 2147483761 2147483763 2147483923 2147483924 2147483956 49 52 54 57 53 128 51 133 131 50 2147483956 
2147483927 2147483706 2147483709 2147483718 2147483719 2147483720 2147483722 2147483723 2147483724 2147483725 2147483726 2147483727 2147483728 2147483729 2147483730 2147483731 2147483732 2147483733 2147483734 2147483735 2147483736 2147483737 2147483739 2147483923 2147483706 2147483709 2147483718 2147483719 2147483720 2147483722 2147483723 2147483724 2147483725 2147483726 2147483727 2147483728 2147483729 2147483730 2147483731 2147483732 2147483733 2147483734 2147483735 2147483736 2147483737 2147483739 2147483923 2147483928 2147483947 2147483956 49 52 54 57 53 127 128 51 133 131 50 2147483928 2147483947 2147483956 
2147483928 2147483706 2147483709 2147483718 2147483719 2147483720 2147483722 2147483723 2147483724 2147483725 2147483726 2147483727 2147483728 2147483729 2147483730 2147483731 2147483732 2147483733 2147483734 2147483735 2147483736 2147483737 2147483739 2147483923 2147483927 2147483706 2147483709 2147483718 2147483719 2147483720 2147483722 2147483723 2147483724 2147483725 2147483726 2147483727 2147483728 2147483729 2147483730 2147483731 2147483732 2147483733 2147483734 2147483735 2147483736 2147483737 2147483739 2147483923 2147483927 2147483947 2147483956 49 52 54 57 53 127 128 51 133 131 50 2147483947 2147483956 
2147483929 2147483706 2147483709 2147483706 2147483709 2147483972 25 27 32 26 269 270 267 2147483972 
2147483934 2147483652 2147483706 2147483709 2147483710 2147483711 2147483712 2147483713 2147483714 2147483652 2147483706 2147483709 2147483710 2147483711 2147483712 2147483713 2147483714 2147483939 2147483943 2147483948 2147483957 49 52 54 57 53 127 128 129 130 133 134 131 132 2147483939 2147483943 2147483948 2147483957 
2147483935 2147483706 2147483709 2147483898 2147483900 2147483901 2147483902 2147483903 2147483905 2147483908 2147483909 2147483910 2147483911 2147483912 2147483706 2147483709 2147483898 2147483900 2147483901 2147483902 2147483903 2147483905 2147483908 2147483909 2147483910 2147483911 2147483912 2147483942 49 52 54 57 53 127 128 129 130 51 133 131 50 2147483942 
2147483939 2147483652 2147483706 2147483709 2147483710 2147483711 2147483712 2147483713 2147483714 2147483934 2147483652 2147483706 2147483709 2147483710 2147483711 2147483712 2147483713 2147483714 2147483934 2147483943 2147483948 2147483957 54 49 52 57 53 127 128 129 130 133 134 131 132 2147483943 2147483948 2147483957 
2147483940 2147483706 2147483709 2147483886 2147483706 2147483709 2147483886 2147483972 49 52 133 134 131 2147483972 
2147483942 2147483706 2147483709 2147483885 2147483887 2147483888 2147483890 2147483891 2147483892 2147483895 2147483898 2147483899 2147483900 2147483901 2147483902 2147483903 2147483905 2147483908 2147483935 2147483706 2147483709 2147483885 2147483887 2147483888 2147483890 2147483891 2147483892 2147483895 2147483898 2147483899 2147483900 2147483901 2147483902 2147483903 2147483905 2147483908 2147483935 2147483972 49 52 54 57 53 127 128 129 130 51 133 134 131 50 2147483972 
2147483943 2147483706 2147483709 2147483710 2147483934 2147483939 2147483706 2147483709 2147483710 2147483934 2147483939 2147483948 49 52 54 133 134 131 132 2147483948 
2147483944 49 
2147483946 2147483678 2147483706 2147483709 2147483794 2147483795 2147483796 2147483797 2147483798 2147483799 2147483800 2147483801 2147483802 2147483803 2147483804 2147483805 2147483806 2147483807 2147483809 2147483813 2147483917 2147483918 2147483919 2147483678 2147483706 2147483709 2147483794 2147483795 2147483796 2147483797 2147483798 2147483799 2147483800 2147483801 2147483802 2147483803 2147483804 2147483805 2147483806 2147483807 2147483809 2147483813 2147483917 2147483918 2147483919 2147483955 49 52 54 57 53 127 51 133 134 131 132 50 2147483955 
2147483947 2147483652 2147483687 2147483704 2147483706 2147483709 2147483718 2147483719 2147483720 2147483722 2147483723 2147483724 2147483725 2147483726 2147483727 2147483728 2147483729 2147483730 2147483731 2147483732 2147483733 2147483734 2147483735 2147483736 2147483737 2147483739 2147483743 2147483770 2147483771 2147483772 2147483774 2147483775 2147483776 2147483777 2147483778 2147483779 2147483780 2147483781 2147483782 2147483783 2147483784 2147483785 2147483787 2147483791 2147483920 2147483921 2147483922 2147483923 2147483927 2147483928 2147483652 2147483687 2147483704 2147483706 2147483709 2147483718 2147483719 2147483720 2147483722 2147483723 2147483724 2147483725 2147483726 2147483727 2147483728 2147483729 2147483730 2147483731 2147483732 2147483733 2147483734 2147483735 2147483736 2147483737 2147483739 2147483743 2147483770 2147483771 2147483772 2147483774 2147483775 2147483776 2147483777 2147483778 2147483779 2147483780 2147483781 2147483782 2147483783 2147483784 2147483785 2147483787 2147483791 2147483920 2147483921 2147483922 2147483923 2147483927 2147483928 2147483956 2147483972 49 52 54 57 53 127 128 51 133 134 131 132 50 2147483956 2147483972 
2147483948 2147483706 2147483709 2147483710 2147483934 2147483939 2147483943 2147483706 2147483709 2147483710 2147483934 2147483939 2147483943 49 52 54 133 134 131 132 
2147483949 2147483659 2147483661 2147483662 2147483665 2147483706 2147483709 2147483829 2147483834 2147483836 2147483659 2147483661 2147483662 2147483665 2147483706 2147483709 2147483829 2147483834 2147483836 2147483961 2147483970 49 52 54 57 53 127 128 51 133 134 131 132 2147483961 2147483970 
2147483950 2147483659 2147483661 2147483662 2147483665 2147483706 2147483709 2147483829 2147483834 2147483836 2147483659 2147483661 2147483662 2147483665 2147483706 2147483709 2147483829 2147483834 2147483836 2147483961 2147483970 49 52 54 57 53 127 128 51 133 134 131 132 2147483961 2147483970 
2147483951 2147483659 2147483661 2147483662 2147483706 2147483709 2147483829 2147483836 2147483861 2147483659 2147483661 2147483662 2147483706 2147483709 2147483829 2147483836 2147483861 2147483961 2147483971 49 52 54 57 53 51 133 134 131 132 50 2147483961 2147483971 
2147483952 2147483659 2147483661 2147483662 2147483706 2147483709 2147483829 2147483836 2147483659 2147483661 2147483662 2147483706 2147483709 2147483829 2147483836 2147483961 2147483971 49 52 54 57 51 133 134 131 132 50 2147483961 2147483971 
2147483954 2147483659 2147483661 2147483662 2147483665 2147483666 2147483667 2147483706 2147483709 2147483829 2147483834 2147483836 2147483659 2147483661 2147483662 2147483665 2147483666 2147483667 2147483706 2147483709 2147483829 2147483834 2147483836 2147483961 2147483970 49 52 54 57 53 127 128 51 133 134 131 132 50 2147483961 2147483970 
2147483955 2147483678 2147483706 2147483709 2147483794 2147483795 2147483796 2147483797 2147483798 2147483799 2147483800 2147483801 2147483802 2147483803 2147483804 2147483805 2147483806 2147483807 2147483809 2147483813 2147483917 2147483918 2147483919 2147483946 2147483678 2147483706 2147483709 2147483794 2147483795 2147483796 2147483797 2147483798 2147483799 2147483800 2147483801 2147483802 2147483803 2147483804 2147483805 2147483806 2147483807 2147483809 2147483813 2147483917 2147483918 2147483919 2147483946 49 52 54 57 53 127 51 133 134 131 132 50 
2147483956 2147483652 2147483696 2147483704 2147483706 2147483709 2147483718 2147483719 2147483720 2147483722 2147483723 2147483724 2147483725 2147483726 2147483727 2147483728 2147483729 2147483730 2147483731 2147483732 2147483733 2147483734 2147483735 2147483736 2147483737 2147483739 2147483743 2147483746 2147483747 2147483748 2147483749 2147483750 2147483751 2147483752 2147483753 2147483754 2147483755 2147483756 2147483757 2147483758 2147483759 2147483760 2147483761 2147483763 2147483767 2147483923 2147483924 2147483925 2147483927 2147483928 2147483947 2147483652 2147483696 2147483704 2147483706 2147483709 2147483718 2147483719 2147483720 2147483722 2147483723 2147483724 2147483725 2147483726 2147483727 2147483728 2147483729 2147483730 2147483731 2147483732 2147483733 2147483734 2147483735 2147483736 2147483737 2147483739 2147483743 2147483746 2147483747 2147483748 2147483749 2147483750 2147483751 2147483752 2147483753 2147483754 2147483755 2147483756 2147483757 2147483758 2147483759 2147483760 2147483761 2147483763 2147483767 2147483923 2147483924 2147483925 2147483927 2147483928 2147483947 49 52 54 57 53 127 128 51 133 134 131 132 50 
2147483957 2147483706 2147483709 2147483934 2147483939 2147483706 2147483709 2147483934 2147483939 49 133 134 131 132 
2147483958 2147483659 2147483706 2147483709 2147483829 2147483659 2147483706 2147483709 2147483829 2147483962 2147483971 49 51 133 134 131 132 50 2147483962 2147483971 
2147483959 2147483659 2147483661 2147483662 2147483663 2147483706 2147483709 2147483829 2147483836 2147483659 2147483661 2147483662 2147483663 2147483706 2147483709 2147483829 2147483836 2147483961 2147483971 49 52 54 57 53 51 133 134 131 132 50 2147483961 2147483971 
2147483960 2147483659 2147483661 2147483662 2147483706 2147483709 2147483829 2147483836 2147483659 2147483661 2147483662 2147483706 2147483709 2147483829 2147483836 2147483961 2147483971 49 52 54 57 51 133 134 131 132 50 2147483961 2147483971 
2147483961 2147483659 2147483661 2147483662 2147483663 2147483665 2147483666 2147483667 2147483706 2147483709 2147483829 2147483834 2147483836 2147483839 2147483841 2147483842 2147483846 2147483848 2147483850 2147483853 2147483855 2147483856 2147483858 2147483861 2147483863 2147483865 2147483867 2147483870 2147483871 2147483873 2147483874 2147483875 2147483876 2147483878 2147483879 2147483880 2147483881 2147483882 2147483916 2147483949 2147483950 2147483951 2147483952 2147483954 2147483959 2147483960 2147483659 2147483661 2147483662 2147483663 2147483665 2147483666 2147483667 2147483706 2147483709 2147483829 2147483834 2147483836 2147483839 2147483841 2147483842 2147483846 2147483848 2147483850 2147483853 2147483855 2147483856 2147483858 2147483861 2147483863 2147483865 2147483867 2147483870 2147483871 2147483873 2147483874 2147483875 2147483876 2147483878 2147483879 2147483880 2147483881 2147483882 2147483916 2147483949 2147483950 2147483951 2147483952 2147483954 2147483959 2147483960 2147483965 2147483968 2147483970 2147483971 2147483972 51 49 52 54 57 53 127 128 129 130 133 134 131 132 50 2147483965 2147483968 2147483970 2147483971 2147483972 
2147483962 2147483659 2147483661 2147483662 2147483663 2147483665 2147483706 2147483709 2147483829 2147483832 2147483833 2147483834 2147483835 2147483836 2147483958 2147483659 2147483661 2147483662 2147483663 2147483665 2147483706 2147483709 2147483829 2147483832 2147483833 2147483834 2147483835 2147483836 2147483958 2147483969 2147483970 2147483971 2147483972 51 49 52 54 57 53 127 128 129 130 133 134 131 132 50 2147483969 2147483970 2147483971 2147483972 
2147483965 2147483659 2147483661 2147483662 2147483706 2147483709 2147483829 2147483836 2147483961 2147483659 2147483661 2147483662 2147483706 2147483709 2147483829 2147483836 2147483961 2147483971 151 2147483971 
2147483968 2147483659 2147483662 2147483706 2147483709 2147483829 2147483836 2147483870 2147483871 2147483873 2147483874 2147483875 2147483876 2147483878 2147483879 2147483880 2147483881 2147483882 2147483916 2147483961 2147483659 2147483662 2147483706 2147483709 2147483829 2147483836 2147483870 2147483871 2147483873 2147483874 2147483875 2147483876 2147483878 2147483879 2147483880 2147483881 2147483882 2147483916 2147483961 2147483970 2147483971 2147483972 127 49 52 54 57 53 128 51 133 134 131 132 50 2147483970 2147483971 2147483972 
2147483969 2147483706 2147483709 2147483829 2147483962 2147483706 2147483709 2147483829 2147483962 2147483971 132 49 51 133 131 50 2147483971 
2147483970 2147483659 2147483661 2147483662 2147483665 2147483666 2147483667 2147483706 2147483709 2147483829 2147483834 2147483836 2147483839 2147483841 2147483842 2147483846 2147483848 2147483850 2147483916 2147483949 2147483950 2147483954 2147483961 2147483962 2147483968 2147483659 2147483661 2147483662 2147483665 2147483666 2147483667 2147483706 2147483709 2147483829 2147483834 2147483836 2147483839 2147483841 2147483842 2147483846 2147483848 2147483850 2147483916 2147483949 2147483950 2147483954 2147483961 2147483962 2147483968 50 49 52 54 57 53 127 128 51 133 134 131 132 
2147483971 2147483659 2147483661 2147483662 2147483663 2147483665 2147483706 2147483709 2147483829 2147483832 2147483833 2147483834 2147483835 2147483836 2147483853 2147483855 2147483856 2147483858 2147483861 2147483863 2147483865 2147483867 2147483870 2147483871 2147483916 2147483951 2147483952 2147483958 2147483959 2147483960 2147483961 2147483962 2147483965 2147483968 2147483969 2147483659 2147483661 2147483662 2147483663 2147483665 2147483706 2147483709 2147483829 2147483832 2147483833 2147483834 2147483835 2147483836 2147483853 2147483855 2147483856 2147483858 2147483861 2147483863 2147483865 2147483867 2147483870 2147483871 2147483916 2147483951 2147483952 2147483958 2147483959 2147483960 2147483961 2147483962 2147483965 2147483968 2147483969 54 57 128 49 52 53 127 129 130 51 133 134 131 132 50 
2147483972 2147483687 2147483706 2147483709 2147483770 2147483771 2147483772 2147483774 2147483775 2147483776 2147483777 2147483778 2147483779 2147483780 2147483781 2147483782 2147483783 2147483784 2147483785 2147483787 2147483791 2147483829 2147483886 2147483887 2147483888 2147483916 2147483920 2147483921 2147483922 2147483929 2147483940 2147483942 2147483947 2147483961 2147483962 2147483968 2147483687 2147483706 2147483709 2147483770 2147483771 2147483772 2147483774 2147483775 2147483776 2147483777 2147483778 2147483779 2147483780 2147483781 2147483782 2147483783 2147483784 2147483785 2147483787 2147483791 2147483829 2147483886 2147483887 2147483888 2147483916 2147483920 2147483921 2147483922 2147483929 2147483940 2147483942 2147483947 2147483961 2147483962 2147483968 22 25 27 32 26 263 264 265 266 24 23 269 270 267 268 
