22,1,22,-1,0,1,0,0,0,
23,1,23,-1,0,1,0,0,0,
24,1,24,-1,0,1,0,0,0,
25,1,25,-1,0,1,0,0,0,
26,1,26,-1,0,1,0,0,0,
27,1,27,-1,0,1,0,0,0,
32,1,32,-1,0,1,0,0,0,
49,1,49,-1,0,1,0,0,0,
50,1,50,-1,0,1,0,0,0,
51,1,51,-1,0,1,0,0,0,
52,1,52,-1,0,1,0,0,0,
53,1,53,-1,0,1,0,0,0,
54,1,54,-1,0,1,0,0,0,
57,1,57,-1,0,1,0,0,0,
127,1,127,-1,0,1,0,0,0,
128,1,128,-1,0,1,0,0,0,
129,1,129,-1,0,1,0,0,0,
130,1,130,-1,0,1,0,0,0,
131,1,131,-1,0,1,0,0,0,
132,1,132,-1,0,1,0,0,0,
133,1,133,-1,0,1,0,0,0,
134,1,134,-1,0,1,0,0,0,
151,1,151,-1,0,1,0,0,0,
152,1,152,-1,0,1,0,0,0,
153,1,153,-1,0,1,0,0,0,
154,1,154,-1,0,1,0,0,0,
155,1,155,-1,0,1,0,0,0,
156,1,156,-1,0,1,0,0,0,
157,1,157,-1,0,1,0,0,0,
158,1,158,-1,0,1,0,0,0,
159,1,159,-1,0,1,0,0,0,
160,1,160,-1,0,1,0,0,0,
161,1,161,-1,0,1,0,0,0,
162,1,162,-1,0,1,0,0,0,
163,1,163,-1,0,1,0,0,0,
164,1,164,-1,0,1,0,0,0,
165,1,165,-1,0,1,0,0,0,
166,1,166,-1,0,1,0,0,0,
263,1,263,-1,0,1,0,0,0,
264,1,264,-1,0,1,0,0,0,
265,1,265,-1,0,1,0,0,0,
266,1,266,-1,0,1,0,0,0,
267,1,267,-1,0,1,0,0,0,
268,1,268,-1,0,1,0,0,0,
269,1,269,-1,0,1,0,0,0,
270,1,270,-1,0,1,0,0,0,
2147483650,0,0,0.00234282,2,0,1,0,0,127 128 129 130 51 133 134 131
2147483719,0,0,0.122354,1,0,1,0,0,
2147483756,0,0,0.0764717,1,0,1,0,0,
2147483767,0,0,0.00324056,1,0,1,0,0,
2147483768,0,0,0.000590595,3,0,1,0,0,
2147483769,0,0,0.000128394,1,0,1,0,0,
2147483774,0,0,0.000507561,2,0,1,0,0,
2147483775,0,0,0.000136083,1,0,1,0,0,
2147483776,0,0,9.71378e-06,2,0,1,0,0,134
2147483777,0,0,1.45264e-05,3,0,1,0,0,52 127 128 129 130 134
2147483783,0,0,inf,1,0,1,0,0,52 57 127 128 129 130 51 133 134 131
2147483784,0,0,inf,1,0,0,0,1,152 153 154 155 156 157 158 159 160 161 162 163 164 165 166
2147483785,0,0,inf,1,0,1,0,0,25 263 264 265 266 24 269 270 267
2147483789,0,0,0.00071197,1,0,1,0,0,263 264 265 266 24 269 270 267
2147483790,0,0,inf,1,0,1,0,0,263 264 265 266 24 269 270 267
2147483791,0,0,inf,1,0,1,0,0,52 54 57 53 127 128 129 130 51 133 134 131 132
2147483792,0,0,0.000417011,1,0,1,0,0,52 54 57 53 127 128 129 130 133 134 131 132
2147483793,0,0,0.000100083,1,0,1,0,0,269 270 267 268
2147483796,0,0,0.000270759,1,0,1,0,0,49 52 54 127 128 129 130 133 134 131 132
2147483797,0,0,inf,1,0,1,0,0,52 54 57 53 127 128 129 130 133 134 131 132
2147483798,0,0,inf,1,0,1,0,0,52 54 57 53 127 128 129 130 133 134 131 132
2147483800,0,0,0.000270759,1,0,1,0,0,49 52 54 127 128 129 130 133 134 131 132
2147483801,0,0,inf,1,0,1,0,0,52 54 57 53 127 128 129 130 133 134 131 132
2147483802,0,0,inf,1,0,1,0,0,52 54 57 53 127 128 129 130 133 134 131 132
2147483804,0,0,0.000270759,1,0,1,0,0,49 52 54 127 128 129 130 133 134 131 132
2147483805,0,0,inf,1,0,1,0,0,52 54 57 53 127 128 129 130 133 134 131 132
2147483806,0,0,inf,1,0,1,0,0,52 54 57 53 127 128 129 130 133 134 131 132
2147483807,0,0,inf,1,0,1,0,0,52 54 57 53 127 128 129 130 51 133 134 131
2147483811,0,0,0.0228903,1,0,1,0,0,54 57 53 127 128 129 130 133 134 50
2147483813,0,0,inf,1,0,1,0,0,54 57 53 127 128 129 130 133 134 50
2147483816,0,0,0.0367903,3,0,1,0,0,127 128 129 130 133 134
2147483817,0,0,0.0698451,3,0,1,0,0,127 128 129 130 133 134
2147483818,0,0,0.0222541,1,0,1,0,0,53 127 128 129 130 51 133 134
2147483819,0,0,0.0148361,1,0,0,0,1,153 154 155 156 157 158 159 160 161 162 163 164 165 166
2147483820,0,0,0.0148361,1,0,0,0,1,153 154 155 156 157 158 159 160 161 162 163 164 165 166
2147483821,0,0,0.0222541,1,0,1,0,0,53 127 128 129 130 51 133 134
2147483822,0,0,0.0143062,1,0,0,0,1,153 154 155 156 157 158 159 160 161 162 163 164 165 166
2147483823,0,0,inf,1,0,0,0,1,153 154 155 156 157 158 159 160 161 162 163 164 165 166
2147483824,0,0,0.0222541,1,0,1,0,255,127 128 129 130 51 133 134
2147483825,0,0,0.0148361,1,0,0,0,1,153 154 155 156 157 158 159 160 161 162 163 164 165 166
2147483826,0,0,0.0148361,1,0,0,0,1,153 154 155 156 157 158 159 160 161 162 163 164 165 166
2147483827,0,0,0.0222541,1,0,1,0,0,127 128 129 130 51 133 134
2147483828,0,0,0.0143062,1,0,0,0,1,153 154 155 156 157 158 159 160 161 162 163 164 165 166
2147483829,0,0,inf,1,0,0,0,1,153 154 155 156 157 158 159 160 161 162 163 164 165 166
2147483830,0,0,0.0222541,1,0,1,0,0,127 128 129 130 51 133 134
2147483831,0,0,0.0143062,1,0,0,0,1,153 154 155 156 157 158 159 160 161 162 163 164 165 166
2147483832,0,0,inf,1,0,0,0,1,153 154 155 156 157 158 159 160 161 162 163 164 165 166
2147483833,0,0,0.0222541,1,0,1,0,0,127 128 129 130 51 133 134
2147483834,0,0,0.0143062,1,0,0,0,1,153 154 155 156 157 158 159 160 161 162 163 164 165 166
2147483835,0,0,inf,1,0,0,0,1,153 154 155 156 157 158 159 160 161 162 163 164 165 166
2147483836,0,0,0.0222541,1,0,1,0,0,127 128 129 130 51 133 134
2147483837,0,0,0.0148361,1,0,0,0,1,153 154 155 156 157 158 159 160 161 162 163 164 165 166
2147483838,0,0,0.0148361,1,0,0,0,1,153 154 155 156 157 158 159 160 161 162 163 164 165 166
2147483839,0,0,0.0222541,1,0,1,0,0,127 128 129 130 51 133 134
2147483840,0,0,0.0143062,1,0,0,0,1,153 154 155 156 157 158 159 160 161 162 163 164 165 166
2147483841,0,0,inf,1,0,0,0,1,153 154 155 156 157 158 159 160 161 162 163 164 165 166
2147483842,0,0,0.0222541,1,0,1,0,0,127 128 129 130 51 133 134
2147483843,0,0,0.0143062,1,0,0,0,1,153 154 155 156 157 158 159 160 161 162 163 164 165 166
2147483844,0,0,inf,1,0,0,0,1,153 154 155 156 157 158 159 160 161 162 163 164 165 166
2147483845,0,0,0.0222541,1,0,1,0,0,127 128 129 130 51 133 134
2147483846,0,0,0.0148361,1,0,0,0,1,153 154 155 156 157 158 159 160 161 162 163 164 165 166
2147483847,0,0,0.0148361,1,0,0,0,1,153 154 155 156 157 158 159 160 161 162 163 164 165 166
2147483848,0,0,0.0222541,1,0,1,0,0,127 128 129 130 51 133 134
2147483849,0,0,0.0143062,1,0,0,0,1,153 154 155 156 157 158 159 160 161 162 163 164 165 166
2147483850,0,0,inf,1,0,0,0,1,153 154 155 156 157 158 159 160 161 162 163 164 165 166
2147483851,0,0,0.0222541,1,0,1,0,0,127 128 129 130 51 133 134
2147483852,0,0,0.0148361,1,0,0,0,1,153 154 155 156 157 158 159 160 161 162 163 164 165 166
2147483853,0,0,0.0148361,1,0,0,0,1,153 154 155 156 157 158 159 160 161 162 163 164 165 166
2147483854,0,0,0.0222541,1,0,1,0,0,127 128 129 130 51 133 134
2147483855,0,0,0.0148361,1,0,0,0,1,153 154 155 156 157 158 159 160 161 162 163 164 165 166
2147483856,0,0,0.0148361,1,0,0,0,1,153 154 155 156 157 158 159 160 161 162 163 164 165 166
2147483857,0,0,0.0222541,1,0,1,0,0,127 128 129 130 51 133 134
2147483858,0,0,0.0143062,1,0,0,0,1,153 154 155 156 157 158 159 160 161 162 163 164 165 166
2147483859,0,0,inf,1,0,0,0,1,153 154 155 156 157 158 159 160 161 162 163 164 165 166
2147483860,0,0,0.0222541,1,0,1,0,0,127 128 129 130 51 133 134
2147483861,0,0,0.0143062,1,0,0,0,1,153 154 155 156 157 158 159 160 161 162 163 164 165 166
2147483862,0,0,inf,1,0,0,0,1,153 154 155 156 157 158 159 160 161 162 163 164 165 166
2147483863,0,0,0.0222541,1,0,1,0,0,127 128 129 130 51 133 134
2147483864,0,0,0.0148361,1,0,0,0,1,153 154 155 156 157 158 159 160 161 162 163 164 165 166
2147483865,0,0,0.0148361,1,0,0,0,1,153 154 155 156 157 158 159 160 161 162 163 164 165 166
2147483866,0,0,0.0222541,1,0,1,0,0,127 128 129 130 51 133 134
2147483867,0,0,0.0148361,1,0,0,0,1,153 154 155 156 157 158 159 160 161 162 163 164 165 166
2147483868,0,0,0.0148361,1,0,0,0,1,153 154 155 156 157 158 159 160 161 162 163 164 165 166
2147483869,0,0,0.0222541,1,0,1,0,0,127 128 129 130 51 133 134
2147483870,0,0,0.0148361,1,0,0,0,1,153 154 155 156 157 158 159 160 161 162 163 164 165 166
2147483871,0,0,0.0148361,1,0,0,0,1,153 154 155 156 157 158 159 160 161 162 163 164 165 166
2147483872,0,0,0.0222541,1,0,1,0,0,127 128 129 130 51 133 134
2147483873,0,0,0.0143062,1,0,0,0,1,153 154 155 156 157 158 159 160 161 162 163 164 165 166
2147483874,0,0,inf,1,0,0,0,1,153 154 155 156 157 158 159 160 161 162 163 164 165 166
2147483875,0,0,0.0222541,1,0,1,0,0,127 128 129 130 51 133 134
2147483876,0,0,0.0143062,1,0,0,0,1,153 154 155 156 157 158 159 160 161 162 163 164 165 166
2147483877,0,0,inf,1,0,0,0,1,153 154 155 156 157 158 159 160 161 162 163 164 165 166
2147483878,0,0,0.0222541,1,0,1,0,0,127 128 129 130 51 133 134
2147483879,0,0,0.0143062,1,0,0,0,1,153 154 155 156 157 158 159 160 161 162 163 164 165 166
2147483880,0,0,inf,1,0,0,0,1,153 154 155 156 157 158 159 160 161 162 163 164 165 166
2147483881,0,0,0.0222541,1,0,1,0,0,127 128 129 130 51 133 134
2147483882,0,0,0.0148361,1,0,0,0,1,153 154 155 156 157 158 159 160 161 162 163 164 165 166
2147483883,0,0,0.0148361,1,0,0,0,1,153 154 155 156 157 158 159 160 161 162 163 164 165 166
2147483884,0,0,0.0222541,1,0,1,0,0,127 128 129 130 51 133 134
2147483885,0,0,0.0148361,1,0,0,0,1,153 154 155 156 157 158 159 160 161 162 163 164 165 166
2147483886,0,0,0.0148361,1,0,0,0,1,153 154 155 156 157 158 159 160 161 162 163 164 165 166
2147483887,0,0,0.0222541,1,0,1,0,0,127 128 129 130 51 133 134
2147483888,0,0,0.0148361,1,0,0,0,1,153 154 155 156 157 158 159 160 161 162 163 164 165 166
2147483889,0,0,0.0148361,1,0,0,0,1,153 154 155 156 157 158 159 160 161 162 163 164 165 166
2147483890,0,0,0.0222541,1,0,1,0,0,127 128 129 130 51 133 134
2147483891,0,0,0.0143062,1,0,0,0,1,153 154 155 156 157 158 159 160 161 162 163 164 165 166
2147483892,0,0,inf,1,0,0,0,1,153 154 155 156 157 158 159 160 161 162 163 164 165 166
2147483893,0,0,0.0222541,1,0,1,0,0,127 128 129 130 51 133 134
2147483894,0,0,0.0143062,1,0,0,0,1,153 154 155 156 157 158 159 160 161 162 163 164 165 166
2147483895,0,0,inf,1,0,0,0,1,153 154 155 156 157 158 159 160 161 162 163 164 165 166
2147483896,0,0,0.0222541,1,0,1,0,0,127 128 129 130 51 133 134
2147483897,0,0,0.0143062,1,0,0,0,1,153 154 155 156 157 158 159 160 161 162 163 164 165 166
2147483898,0,0,inf,1,0,0,0,1,153 154 155 156 157 158 159 160 161 162 163 164 165 166
2147483899,0,0,0.0222541,1,0,1,0,0,127 128 129 130 51 133 134
2147483900,0,0,0.0148361,1,0,0,0,1,153 154 155 156 157 158 159 160 161 162 163 164 165 166
2147483901,0,0,0.0148361,1,0,0,0,1,153 154 155 156 157 158 159 160 161 162 163 164 165 166
2147483902,0,0,0.0222541,1,0,1,0,0,127 128 129 130 51 133 134
2147483903,0,0,0.0148361,1,0,0,0,1,153 154 155 156 157 158 159 160 161 162 163 164 165 166
2147483904,0,0,0.0148361,1,0,0,0,1,153 154 155 156 157 158 159 160 161 162 163 164 165 166
2147483905,0,0,0.0222541,1,0,1,0,0,127 128 129 130 51 133 134
2147483906,0,0,0.0148361,1,0,0,0,1,153 154 155 156 157 158 159 160 161 162 163 164 165 166
2147483907,0,0,0.0148361,1,0,0,0,1,153 154 155 156 157 158 159 160 161 162 163 164 165 166
2147483908,0,0,0.0222541,1,0,1,0,0,127 128 129 130 51 133 134
2147483909,0,0,0.0143062,1,0,0,0,1,153 154 155 156 157 158 159 160 161 162 163 164 165 166
2147483910,0,0,inf,1,0,0,0,1,153 154 155 156 157 158 159 160 161 162 163 164 165 166
2147483911,0,0,0.0222541,1,0,1,0,0,127 128 129 130 51 133 134
2147483912,0,0,0.0143062,1,0,0,0,1,153 154 155 156 157 158 159 160 161 162 163 164 165 166
2147483913,0,0,inf,1,0,0,0,1,153 154 155 156 157 158 159 160 161 162 163 164 165 166
2147483914,0,0,0.0207194,1,0,1,0,0,127 128 129 130 51 133 134
2147483915,0,0,0.0143062,1,0,0,0,1,153 154 155 156 157 158 159 160 161 162 163 164 165 166
2147483916,0,0,inf,1,0,0,0,1,153 154 155 156 157 158 159 160 161 162 163 164 165 166
2147483917,0,0,0.0207194,1,0,1,0,0,127 128 129 130 51 133 134
2147483918,0,0,0.0148361,1,0,0,0,1,153 154 155 156 157 158 159 160 161 162 163 164 165 166
2147483919,0,0,0.0148361,1,0,0,0,1,153 154 155 156 157 158 159 160 161 162 163 164 165 166
2147483920,0,0,0.0207194,1,0,1,0,0,127 128 129 130 51 133 134
2147483921,0,0,0.0148361,1,0,0,0,1,153 154 155 156 157 158 159 160 161 162 163 164 165 166
2147483922,0,0,0.0148361,1,0,0,0,1,153 154 155 156 157 158 159 160 161 162 163 164 165 166
2147483923,0,0,0.0207194,1,0,1,0,0,127 128 129 130 51 133 134
2147483924,0,0,0.0148361,1,0,0,0,1,153 154 155 156 157 158 159 160 161 162 163 164 165 166
2147483925,0,0,0.0148361,1,0,0,0,1,153 154 155 156 157 158 159 160 161 162 163 164 165 166
2147483926,0,0,0.0207194,1,0,1,0,0,127 128 129 130 51 133 134
2147483927,0,0,0.0143062,1,0,0,0,1,153 154 155 156 157 158 159 160 161 162 163 164 165 166
2147483928,0,0,inf,1,0,0,0,1,153 154 155 156 157 158 159 160 161 162 163 164 165 166
2147483929,0,0,0.0207194,1,0,1,0,0,127 128 129 130 51 133 134
2147483930,0,0,0.0143062,1,0,0,0,1,153 154 155 156 157 158 159 160 161 162 163 164 165 166
2147483931,0,0,inf,1,0,0,0,1,153 154 155 156 157 158 159 160 161 162 163 164 165 166
2147483932,0,0,0.0207194,1,0,1,0,0,127 128 129 130 51 133 134
2147483933,0,0,0.0143062,1,0,0,0,1,153 154 155 156 157 158 159 160 161 162 163 164 165 166
2147483934,0,0,inf,1,0,0,0,1,153 154 155 156 157 158 159 160 161 162 163 164 165 166
2147483935,0,0,0.0207194,1,0,1,0,0,127 128 129 130 51 133 134
2147483936,0,0,0.0148361,1,0,0,0,1,153 154 155 156 157 158 159 160 161 162 163 164 165 166
2147483937,0,0,0.0148361,1,0,0,0,1,153 154 155 156 157 158 159 160 161 162 163 164 165 166
2147483938,0,0,0.0207194,1,0,1,0,0,127 128 129 130 51 133 134
2147483939,0,0,0.0148361,1,0,0,0,1,153 154 155 156 157 158 159 160 161 162 163 164 165 166
2147483940,0,0,0.0148361,1,0,0,0,1,153 154 155 156 157 158 159 160 161 162 163 164 165 166
2147483941,0,0,0.0207194,1,0,1,0,0,127 128 129 130 51 133 134
2147483942,0,0,0.0148361,1,0,0,0,1,153 154 155 156 157 158 159 160 161 162 163 164 165 166
2147483943,0,0,0.0148361,1,0,0,0,1,153 154 155 156 157 158 159 160 161 162 163 164 165 166
2147483944,0,0,0.0207194,1,0,1,0,0,127 128 129 130 51 133 134
2147483945,0,0,0.0143062,1,0,0,0,1,153 154 155 156 157 158 159 160 161 162 163 164 165 166
2147483946,0,0,inf,1,0,0,0,1,153 154 155 156 157 158 159 160 161 162 163 164 165 166
2147483947,0,0,0.0207194,1,0,1,0,0,127 128 129 130 51 133 134
2147483948,0,0,0.0143062,1,0,0,0,1,153 154 155 156 157 158 159 160 161 162 163 164 165 166
2147483949,0,0,inf,1,0,0,0,1,153 154 155 156 157 158 159 160 161 162 163 164 165 166
2147483950,0,0,0.0207194,1,0,1,0,0,127 128 129 130 51 133 134
2147483951,0,0,0.0143062,1,0,0,0,1,153 154 155 156 157 158 159 160 161 162 163 164 165 166
2147483952,0,0,inf,1,0,0,0,1,153 154 155 156 157 158 159 160 161 162 163 164 165 166
2147483953,0,0,0.0207194,1,0,1,0,0,127 128 129 130 51 133 134
2147483954,0,0,0.0148361,1,0,0,0,1,153 154 155 156 157 158 159 160 161 162 163 164 165 166
2147483955,0,0,0.0148361,1,0,0,0,1,153 154 155 156 157 158 159 160 161 162 163 164 165 166
2147483956,0,0,0.0207194,1,0,1,0,0,127 128 129 130 51 133 134
2147483957,0,0,0.0148361,1,0,0,0,1,153 154 155 156 157 158 159 160 161 162 163 164 165 166
2147483958,0,0,0.0148361,1,0,0,0,1,153 154 155 156 157 158 159 160 161 162 163 164 165 166
2147483959,0,0,0.0207194,1,0,1,0,0,127 128 129 130 51 133 134
2147483960,0,0,0.0148361,1,0,0,0,1,153 154 155 156 157 158 159 160 161 162 163 164 165 166
2147483961,0,0,0.0148361,1,0,0,0,1,153 154 155 156 157 158 159 160 161 162 163 164 165 166
2147483962,0,0,0.0207194,1,0,1,0,0,127 128 129 130 51 133 134
2147483963,0,0,0.0143062,1,0,0,0,1,153 154 155 156 157 158 159 160 161 162 163 164 165 166
2147483964,0,0,inf,1,0,0,0,1,153 154 155 156 157 158 159 160 161 162 163 164 165 166
2147483965,0,0,0.0207194,1,0,1,0,0,127 128 129 130 51 133 134
2147483966,0,0,0.0143062,1,0,0,0,1,153 154 155 156 157 158 159 160 161 162 163 164 165 166
2147483967,0,0,inf,1,0,0,0,1,153 154 155 156 157 158 159 160 161 162 163 164 165 166
2147483968,0,0,0.0207194,1,0,1,0,0,127 128 129 130 51 133 134
2147483969,0,0,0.0143062,1,0,0,0,1,153 154 155 156 157 158 159 160 161 162 163 164 165 166
2147483970,0,0,inf,1,0,0,0,1,153 154 155 156 157 158 159 160 161 162 163 164 165 166
2147483971,0,0,0.0207194,1,0,1,0,0,127 128 129 130 51 133 134
2147483972,0,0,0.0148361,1,0,0,0,1,153 154 155 156 157 158 159 160 161 162 163 164 165 166
2147483973,0,0,0.0148361,1,0,0,0,1,153 154 155 156 157 158 159 160 161 162 163 164 165 166
2147483974,0,0,0.0207194,1,0,1,0,0,127 128 129 130 51 133 134
2147483975,0,0,0.0148361,1,0,0,0,1,153 154 155 156 157 158 159 160 161 162 163 164 165 166
2147483976,0,0,0.0148361,1,0,0,0,1,153 154 155 156 157 158 159 160 161 162 163 164 165 166
2147483977,0,0,0.0207194,1,0,1,0,0,127 128 129 130 51 133 134
2147483978,0,0,0.0148361,1,0,0,0,1,153 154 155 156 157 158 159 160 161 162 163 164 165 166
2147483979,0,0,0.0148361,1,0,0,0,1,153 154 155 156 157 158 159 160 161 162 163 164 165 166
2147483980,0,0,0.0207194,1,0,1,0,0,127 128 129 130 51 133 134
2147483981,0,0,0.0143062,1,0,0,0,1,153 154 155 156 157 158 159 160 161 162 163 164 165 166
2147483982,0,0,inf,1,0,0,0,1,153 154 155 156 157 158 159 160 161 162 163 164 165 166
2147483983,0,0,0.0207194,1,0,1,0,0,127 128 129 130 51 133 134
2147483984,0,0,0.0143062,1,0,0,0,1,153 154 155 156 157 158 159 160 161 162 163 164 165 166
2147483985,0,0,inf,1,0,0,0,1,153 154 155 156 157 158 159 160 161 162 163 164 165 166
2147483986,0,0,0.0207194,1,0,1,0,0,127 128 129 130 51 133 134
2147483987,0,0,0.0143062,1,0,0,0,1,153 154 155 156 157 158 159 160 161 162 163 164 165 166
2147483988,0,0,inf,1,0,0,0,1,153 154 155 156 157 158 159 160 161 162 163 164 165 166
2147483989,0,0,0.0207194,1,0,1,0,0,127 128 129 130 51 133 134
2147483990,0,0,0.0148361,1,0,0,0,1,153 154 155 156 157 158 159 160 161 162 163 164 165 166
2147483991,0,0,0.0148361,1,0,0,0,1,153 154 155 156 157 158 159 160 161 162 163 164 165 166
2147483992,0,0,0.0207194,1,0,1,0,0,127 128 129 130 51 133 134
2147483993,0,0,0.0148361,1,0,0,0,1,153 154 155 156 157 158 159 160 161 162 163 164 165 166
2147483994,0,0,0.0148361,1,0,0,0,1,153 154 155 156 157 158 159 160 161 162 163 164 165 166
2147483995,0,0,0.0207194,1,0,1,0,0,127 128 129 130 51 133 134
2147483996,0,0,0.0148361,1,0,0,0,1,153 154 155 156 157 158 159 160 161 162 163 164 165 166
2147483997,0,0,0.0148361,1,0,0,0,1,153 154 155 156 157 158 159 160 161 162 163 164 165 166
2147483998,0,0,0.0207194,1,0,1,0,0,127 128 129 130 51 133 134
2147483999,0,0,0.0143062,1,0,0,0,1,153 154 155 156 157 158 159 160 161 162 163 164 165 166
2147484000,0,0,inf,1,0,0,0,1,153 154 155 156 157 158 159 160 161 162 163 164 165 166
2147484001,0,0,0.0207194,1,0,1,0,0,127 128 129 130 51 133 134
2147484002,0,0,0.0143062,1,0,0,0,1,153 154 155 156 157 158 159 160 161 162 163 164 165 166
2147484003,0,0,inf,1,0,0,0,1,153 154 155 156 157 158 159 160 161 162 163 164 165 166
2147484004,0,0,0.0207194,1,0,1,0,0,127 128 129 130 51 133 134
2147484005,0,0,0.0143062,1,0,0,0,1,153 154 155 156 157 158 159 160 161 162 163 164 165 166
2147484006,0,0,inf,1,0,0,0,1,153 154 155 156 157 158 159 160 161 162 163 164 165 166
2147484007,0,0,0.0207194,1,0,1,0,0,57 127 128 129 130 51 133 134
2147484008,0,0,0.0148361,1,0,0,0,1,153 154 155 156 157 158 159 160 161 162 163 164 165 166
2147484009,0,0,0.0148361,1,0,0,0,1,153 154 155 156 157 158 159 160 161 162 163 164 165 166
2147484017,0,0,inf,1,0,1,0,0,32 26 263 264 265 266 24 269 270 267 268
2147484023,0,0,inf,1,0,1,0,0,25 26 263 264 265 266 24 269 270 267 268
2147484026,0,0,0.00549036,1,0,1,0,0,27 26 263 264 265 266 24 267
2147484030,0,0,0.168577,2,0,1,0,0,49 52 54 127 128 129 130 133
2147484032,0,0,0.163139,2,0,1,0,0,49 52 54 127 128 129 130 133
2147484033,0,0,0.0936539,1,0,1,0,0,49 52 54 127 128 129 130 133
2147484035,0,0,0.163139,2,0,1,0,0,49 52 54 127 128 129 130 133
2147484036,0,0,0.0936539,1,0,1,0,0,49 52 54 127 128 129 130 133
2147484038,0,0,0.138286,2,0,1,0,0,
2147484039,0,0,0.153252,2,0,1,0,0,
2147484049,0,0,0.105361,1,0,1,0,0,49 54 127 128 129 130 131
2147484051,0,0,0.210722,2,0,1,0,0,49 54 127 128 129 130 131
2147484061,0,0,0.17439,2,0,1,0,0,49 52 54 57 127 128 129 130 134
2147484063,0,0,0.168577,2,0,1,0,0,49 52 54 127 128 129 130
2147484064,0,0,0.0903091,1,0,1,0,0,49 52 54 127 128 129 130
2147484066,0,0,0.163139,2,0,1,0,0,52 54 127 128 129 130
2147484067,0,0,0.0903091,1,0,1,0,0,49 52 54 127 128 129 130
2147484069,0,0,0.142747,2,0,1,0,0,
2147484070,0,0,0.0903091,1,0,1,0,0,49 52 54 127 128 129 130 134 50
2147484076,0,0,0.00544917,2,0,1,0,0,49 52 54 127 128 129 130 133 134
2147484087,0,0,0.00343129,1,0,1,0,0,32 26 263 264 265 266 268
2147484091,0,0,0.105361,2,0,1,0,0,49 52 127 128 129 130 133 132
2147484093,0,0,0.101962,2,0,1,0,0,49 52 54 127 128 129 130 133 132
2147484094,0,0,0.0585339,1,0,1,0,0,49 52 54 127 128 129 130 133 132
2147484096,0,0,0.101962,2,0,1,0,0,49 52 54 127 128 129 130 133 132
2147484097,0,0,0.0585339,1,0,1,0,0,49 52 54 127 128 129 130 133 132
2147484099,0,0,0.0864289,2,0,1,0,0,132
2147484100,0,0,0.0957827,2,0,1,0,0,132
2147484110,0,0,0.0658503,1,0,1,0,0,49 127 128 129 130 132
2147484112,0,0,0.131701,2,0,1,0,0,49 52 127 128 129 130 132
2147484122,0,0,0.108994,2,0,1,0,0,49 52 57 127 128 129 130 133 132
2147484124,0,0,0.105361,2,0,1,0,0,49 52 54 127 128 129 130 133
2147484125,0,0,0.0564434,1,0,1,0,0,49 52 54 127 128 129 130 133
2147484127,0,0,0.101962,2,0,1,0,0,49 52 54 127 128 129 130
2147484128,0,0,0.0564434,1,0,1,0,0,49 52 54 127 128 129 130
2147484130,0,0,0.089217,2,0,1,0,0,
2147484131,0,0,0.0564434,1,0,1,0,0,49 52 54 127 128 129 130 132 50
2147484137,0,0,0.00340585,2,0,1,0,0,127 128 129 130 134 50
2147484147,0,0,0.00167374,1,0,1,0,0,27 32 26 263 264 265 266 24 269 270 267
2147484149,0,0,inf,4,0,1,0,0,27 32 26 263 264 265 266 24 269 270 267
2147484153,0,0,0.00113713,1,0,1,0,0,265 266 270 267 268
2147484154,0,0,0.00113713,1,0,1,0,0,265 266 270 267 268
2147484155,0,0,0.00131481,1,0,1,0,0,265 266 270 267 268
2147484156,0,0,0.00131481,1,0,1,0,0,265 266 270 267 268
2147484157,0,0,0.00131481,1,0,1,0,0,265 266 270 267 268
2147484158,0,0,inf,1,0,1,0,0,53 129 130 134 131 132
2147484159,0,0,0.00155829,1,0,1,0,0,49 129 130 134 131 132
2147484161,0,0,0.000788565,1,0,1,0,0,
2147484162,0,0,0.000876183,1,0,1,0,0,
2147484163,0,0,0.000876183,1,0,1,0,0,
2147484164,0,0,0.000876183,1,0,1,0,0,
2147484165,0,0,inf,1,0,1,0,0,52 54 57 53 128 129 130
2147484166,0,0,inf,1,0,1,0,0,52 54 57 53 128 129 130
2147484167,0,0,0.000973537,1,0,1,0,0,49 52 54 57 128 129 130
2147484168,0,0,inf,1,0,1,0,0,52 54 57 53 127 128 129 130 51
2147484169,0,0,inf,1,0,1,0,0,52 54 57 53 127 128 129 130 51
2147484170,0,0,0.000973537,1,0,1,0,0,49 52 54 57 127 128 129 130 51
2147484171,0,0,0.00699655,1,0,1,0,0,52 54 127 128 129 130
2147484172,0,0,0.00191757,1,0,1,0,0,49 52 54 127 128 129 130
2147484179,0,0,1.1948e-05,1,0,1,0,0,134
2147484180,0,0,1.06678e-05,1,0,1,0,0,52 57 53 127 128 129 130 134
2147484182,0,0,1.86687e-05,2,0,1,0,0,52 127 128 129 130 134
2147484185,0,0,1.1948e-05,1,0,1,0,0,134
2147484186,0,0,1.06678e-05,1,0,1,0,0,52 57 53 127 128 129 130 134
2147484188,0,0,1.86687e-05,2,0,1,0,0,52 127 128 129 130 134
2147484191,0,0,1.1948e-05,1,0,1,0,0,134
2147484192,0,0,1.06678e-05,1,0,1,0,0,52 57 53 127 128 129 130 134
2147484194,0,0,1.86687e-05,2,0,1,0,0,52 127 128 129 130 134
2147484197,0,0,1.06678e-05,1,0,1,0,0,52 57 53 127 128 129 130 134
2147484203,0,0,4.83607e-05,1,0,1,0,0,133 134
2147484204,0,0,4.31792e-05,1,0,1,0,0,52 57 53 127 128 129 130 133 134
2147484206,0,0,7.55637e-05,2,0,1,0,0,52 127 128 129 130 133 134
2147484209,0,0,9.67215e-05,1,0,1,0,0,133 134
2147484210,0,0,8.63585e-05,1,0,1,0,0,52 57 53 127 128 129 130 133 134
2147484212,0,0,0.000151127,2,0,1,0,0,52 127 128 129 130 133 134
2147484219,0,0,0.000145082,1,0,1,0,0,134
2147484220,0,0,0.000129538,1,0,1,0,0,52 57 53 127 128 129 130 134
2147484222,0,0,0.000226691,2,0,1,0,0,52 127 128 129 130 134
2147484225,0,0,inf,1,0,1,0,0,52 54 57 53 127 128 129 130 51 134 132
2147484226,0,0,0.000773968,1,0,1,0,0,49 52 54 127 128 129 130 134 132
2147484227,0,0,0.000166247,2,0,1,0,0,134 132
2147484229,0,0,0.000431527,1,0,1,0,0,49 52 127 128 129 130 51 134 132 50
2147484230,0,0,0.000438269,1,0,1,0,0,22 25 263 264 265 266 24 23 270 268
2147484237,0,0,0.000314945,1,0,1,0,0,57 127 128 129 130 134 132 50
2147484238,0,0,0.000136326,1,0,1,0,0,127 128 129 130 134 132 50
2147484239,0,0,0.00013812,1,0,1,0,0,263 264 265 266 23 270 268
2147484240,0,0,0.00013812,1,0,1,0,0,127 128 129 130 134 132 50
2147484241,0,0,0.000192467,1,0,0,1,0,153 154 155 156 157 158 159 160 161 162 163 164 165 166
2147484242,0,0,0.000192467,1,0,0,1,0,153 154 155 156 157 158 159 160 161 162 163 164 165 166
2147484243,0,0,0.00013812,1,0,0,1,0,154 155 156 157 158 159 160 161 162 163 164 165 166
2147484244,0,0,0.00013812,1,0,0,1,0,154 155 156 157 158 159 160 161 162 163 164 165 166
2147484245,0,0,inf,1,0,0,1,0,154 155 156 157 158 159 160 161 162 163 164 165 166
2147484246,0,0,0.000141853,1,0,0,1,0,154 155 156 157 158 159 160 161 162 163 164 165 166
2147484252,0,0,9.38343e-05,1,0,1,0,0,49 127 128 129 130 134 132 50
2147484253,0,0,9.5256e-05,1,0,1,0,0,22 263 264 265 266 23 270 268
2147484254,0,0,9.5256e-05,1,0,1,0,0,49 127 128 129 130 134 132 50
2147484261,0,0,0.000831299,1,0,1,0,0,49 52 54 57 127 128 129 130 51 134 132 50
2147484265,0,0,inf,1,0,1,0,0,25 27 32 26 263 264 265 266 24 23 270 268
2147484266,0,0,inf,1,0,1,0,0,54 57 53 127 128 129 130 51 134 131 132 50
2147484267,0,0,inf,1,0,1,0,0,54 57 53 127 128 129 130 51 134 131 132 50
2147484273,0,0,0.0907975,5,0,1,0,0,
2147484276,0,0,0.114053,5,0,1,0,0,
2147484277,0,0,0.0744491,5,0,1,0,0,
2147484278,0,0,0.30805,3,0,1,0,0,
2147484279,0,0,0.0907975,5,0,1,0,255,
2147484285,0,0,0.0567487,5,0,1,0,0,268
2147484288,0,0,0.0712836,5,0,1,0,0,132
2147484289,0,0,0.0465307,5,0,1,0,0,132
2147484290,0,0,0.19253,3,0,1,0,0,132
2147484291,0,0,0.0567487,5,0,1,0,255,
2147484295,0,0,0.0398119,5,0,1,0,0,
2147484297,0,0,0.000460153,3,0,1,0,0,54 57 53 127 128 129 130 51 134 131 132 50
2147484319,0,0,0.00219414,12,0,1,0,0,
2147484320,0,0,0.00155216,1,0,1,0,0,
2147484323,0,0,inf,1,0,1,0,0,52 54 57 53 127 128 129 130 51 134
2147484324,0,0,2.07961e-05,2,0,1,0,0,52 54 57 53 127 128 129 130 51 134
2147484325,0,0,0.000955496,4,0,1,0,0,54 57 53 127 128 129 130 51 134 131 132 50
2147484326,0,0,0.000545194,2,0,1,0,0,57 127 128 129 130 134 132 50
2147484327,0,0,inf,1,0,1,0,0,52 54 57 53 127 128 129 130 133 134 131 132
2147484328,0,0,inf,1,0,1,0,0,52 54 57 53 127 128 129 130 133 134 131 132
2147484329,0,0,inf,1,0,1,0,0,52 54 57 53 127 128 129 130 133 134 131 132
2147484330,0,0,inf,1,0,1,0,0,52 54 57 53 127 128 129 130 133 134
2147484331,0,0,inf,1,0,1,0,0,52 54 57 53 127 128 129 130 134
2147484332,0,0,inf,1,0,1,0,0,52 54 57 53 127 128 129 130 134
2147484333,0,0,inf,1,0,1,0,0,52 54 57 53 127 128 129 130 134
2147484334,0,0,inf,1,0,1,0,0,52 54 57 53 127 128 129 130 134
2147484335,0,0,inf,1,0,1,0,0,52 54 57 53 127 128 129 130 133 134
2147484336,0,0,inf,1,0,1,0,0,52 54 57 53 127 128 129 130 133 134
2147484337,0,0,inf,1,0,1,0,0,52 54 57 53 127 128 129 130 51 134
2147484338,0,0,inf,1,0,1,0,0,52 54 57 53 127 128 129 130 51 134
2147484339,0,0,inf,1,0,1,0,0,52 54 57 53 127 128 129 130 51 134
2147484340,0,0,inf,1,0,1,0,0,52 54 57 53 127 128 129 130 51 134
2147484341,0,0,inf,1,0,1,0,0,52 54 57 53 127 128 129 130 51 133 134
2147484342,0,0,inf,1,0,1,0,0,52 54 57 53 127 128 129 130 51 133 134
2147484344,0,0,0.00141841,1,0,1,0,0,52 127 128 129 130 51 133 134 131
2147484345,0,0,0.000149684,11,0,1,0,0,134
2147484347,0,0,0.00141278,1,0,1,0,0,52 127 128 129 130 51 133 134 131
2147484348,0,0,0.000238399,1,0,1,0,0,
2147484350,0,0,0.0015104,5,0,1,0,0,134
2147484351,0,0,0.00154551,1,0,1,0,0,
2147484356,0,0,0.0386163,1,0,1,0,0,127 128 129 130 51 133 134
2147484357,0,0,inf,1,0,1,0,0,52 54 57 53 127 128 129 130 133 134 131 50
2147484358,0,0,inf,1,0,1,0,0,52 54 57 53 127 128 129 130 133 134 131 50
2147484359,0,0,inf,1,0,1,0,0,53 127 128 129 130 51 133 134 131 132
2147484360,0,0,inf,1,0,1,0,0,52 54 53 127 128 129 130 133 50
2147484361,0,0,inf,1,0,1,0,0,52 54 57 53 127 128 129 130 133 134 131 50
2147484363,0,0,0.0377971,1,0,1,0,0,127 128 129 130 51 133 134
2147484364,0,0,inf,1,0,1,0,0,54 127 128 129 130 51 133 134
2147484367,0,0,0.00967265,10,0,1,0,0,
2147484368,0,0,inf,1,0,1,0,0,49 127 128 129 130 51 133 134
2147484370,0,0,inf,1,0,1,0,0,49 128 129 130 51 133 134
2147484372,0,0,inf,1,0,1,0,0,49 52 54 57 53 127 128 129 130 51 50
2147484373,0,0,inf,1,0,1,0,0,54 53 127 128 129 130 51 131
2147484374,0,0,inf,1,0,1,0,0,49 52 54 57 53 127 128 129 130 133 131
2147484375,0,0,inf,1,0,1,0,0,52 54 57 53 127 128 129 130 133 131 132
2147484376,0,0,inf,1,0,1,0,0,49 57 53 127 128 129 130 51 132 50
2147484377,0,0,inf,1,0,1,0,0,57 53 127 128 129 130 132
2147484378,0,0,inf,1,0,1,0,0,49 53 127 128 129 130 51 134 132 50
2147484379,0,0,inf,1,0,1,0,0,53 127 128 129 130 51 134 132 50
2147484381,0,0,inf,1,0,1,0,0,27 26 263 264 265 266 24 269 270 267
2147484382,0,0,inf,1,0,1,0,0,32 26 263 264 265 266 269 268
2147484386,0,0,inf,1,0,1,0,0,25 27 26 263 264 265 266 270 268
2147484387,0,0,inf,1,0,1,0,0,52 54 53 127 128 129 130 134 132
2147484388,0,0,inf,1,0,1,0,0,25 27 26 263 264 265 266 270 267 268
2147484389,0,0,inf,1,0,1,0,0,25 27 26 263 264 265 266 270 268
2147484391,0,0,0.0198096,4,0,1,0,0,
2147484392,0,0,0.0570703,1,0,1,0,0,
2147484393,0,0,0.00353789,1,0,1,0,0,134
2147484394,0,0,0.0650312,1,0,1,0,0,
2147484395,0,0,0.00114938,1,0,1,0,0,51 133 134
2147484396,0,0,0.0119949,9,0,1,0,0,127 128 129 130 134
2147484398,0,0,0.001411,1,0,1,0,0,
2147484401,0,0,0.147934,3,0,1,0,0,
2147484402,0,0,0.00395065,1,0,1,0,0,49 54 57 53 127 128 129 130 51 133
2147484404,0,0,0.060112,11,0,1,0,0,127 128 129 130
2147484405,0,0,0.00151953,1,0,1,0,0,
2147484407,0,0,0.00278225,1,0,1,0,0,50 127 128 129 130 134
2147484408,0,0,0.100651,3,0,1,0,0,
2147484409,0,0,0.00785668,3,0,1,0,0,53 127 128 129 130 133
2147484410,0,0,0.00166,1,0,1,0,0,
2147484412,0,0,0.0105358,1,0,1,0,0,53 127 128 129 130 133 134
2147484413,0,0,0.0090307,3,0,1,0,0,52 54 53 127 128 129 130 133
2147484414,0,0,0.0024886,3,0,1,0,0,52 54 53 127 128 129 130 133
2147484415,0,0,0.019207,3,0,1,0,0,
2147484417,0,0,0.00718299,3,0,1,0,0,134
2147484420,0,0,0.0675498,11,0,1,0,0,127 128 129 130
2147484421,0,0,0.00326511,2,0,1,0,0,
2147484423,0,0,0.00611452,1,0,1,0,0,53 127 128 129 130 133 50
2147484424,0,0,0.00551786,3,0,1,0,0,53 127 128 129 130 134 132 50
2147484426,0,0,0.118061,8,0,1,0,0,127 128 129 130
2147484427,0,0,0.12157,1,0,1,0,0,
2147484429,0,0,0.0815402,8,0,1,0,0,57 127 128 129 130 132
2147484430,0,0,0.0598639,1,0,1,0,0,132
2147484432,0,0,0.00625313,6,0,1,0,0,
2147484435,0,0,0.00447106,6,0,1,0,0,127 128 129 130 50
2147484439,0,0,0.0123952,3,0,1,0,0,53 127 128 129 130 51 131
2147484440,0,0,0.0033008,3,0,1,0,0,134
2147484441,0,0,inf,1,0,1,0,0,52 54 57 53 127 128 129 130 133 50
2147484443,0,0,0.0499078,1,0,1,0,0,
2147484444,0,0,0.00329232,2,0,1,0,0,53 127 128 129 130 134 132 50
2147484446,0,0,0.0798523,1,0,1,0,0,
2147484447,0,0,0.00518118,2,0,1,0,0,52 54 53 127 128 129 130 133 134
2147484449,0,0,0.081015,5,0,1,0,0,134 52 54 127 128 129 130 133
2147484451,0,0,inf,1,0,1,0,0,52 54 57 53 127 128 129 130 133 134
2147484452,0,0,inf,1,0,1,0,0,49 52 54 53 127 128 129 130 133 134 132 50
2147484454,0,0,0.00102411,1,0,1,0,0,264 265 266
2147484455,0,0,inf,1,0,1,0,0,52 54 57 127 128 129 130
