22 2147483713 2147483716 2147483726 2147483733 2147483740 2147483747 2147483754 2147483761 2147483768 2147483775 2147483782 2147483789 2147483796 2147483803 2147483810 2147483817 2147483820 2147483824 2147483829 2147483835 2147483841 2147483844 2147483850 2147483853 2147483856 2147483859 2147483862 2147483865 2147483868 2147483893 2147483911 2147483913 2147483915 2147483917 
23 2147483713 2147483796 2147483803 2147483810 2147483817 2147483820 2147483824 2147483829 2147483835 2147483841 2147483844 2147483850 2147483853 2147483856 2147483859 2147483862 2147483865 2147483868 2147483915 2147483917 
24 2147483713 2147483761 2147483768 2147483775 2147483782 2147483789 2147483796 2147483803 2147483810 2147483817 2147483820 2147483824 2147483829 2147483835 2147483841 2147483844 2147483850 2147483853 2147483856 2147483859 2147483862 2147483865 2147483868 2147483911 2147483913 2147483915 2147483917 
25 2147483713 2147483726 2147483733 2147483740 2147483747 2147483754 2147483761 2147483768 2147483775 2147483782 2147483789 2147483796 2147483803 2147483810 2147483817 2147483820 2147483824 2147483829 2147483835 2147483841 2147483844 2147483850 2147483853 2147483856 2147483859 2147483862 2147483865 2147483868 2147483911 2147483913 2147483915 2147483917 
26 2147483713 2147483716 2147483726 2147483733 2147483740 2147483747 2147483754 2147483761 2147483768 2147483775 2147483782 2147483789 2147483796 2147483803 2147483810 2147483817 2147483820 2147483824 2147483829 2147483835 2147483841 2147483844 2147483850 2147483853 2147483856 2147483859 2147483862 2147483865 2147483868 2147483911 2147483913 2147483915 2147483917 
27 2147483713 2147483733 2147483740 2147483747 2147483754 2147483761 2147483768 2147483775 2147483782 2147483789 2147483796 2147483803 2147483810 2147483817 2147483820 2147483824 2147483829 2147483835 2147483841 2147483844 2147483850 2147483853 2147483856 2147483859 2147483862 2147483865 2147483868 2147483911 2147483913 2147483915 2147483917 
32 2147483713 2147483716 2147483726 2147483733 2147483740 2147483747 2147483754 2147483761 2147483768 2147483775 2147483782 2147483789 2147483796 2147483803 2147483810 2147483817 2147483820 2147483824 2147483829 2147483835 2147483841 2147483844 2147483850 2147483853 2147483856 2147483859 2147483862 2147483865 2147483868 2147483911 2147483913 2147483915 2147483917 
49 2147483712 
50 2147483712 
51 2147483712 
52 2147483712 
53 2147483712 
54 2147483712 
57 2147483712 
127 2147483712 
128 2147483712 
129 2147483712 
130 2147483712 
131 2147483712 
132 2147483712 
133 2147483712 
134 2147483712 
263 2147483713 2147483747 2147483754 2147483761 2147483768 2147483775 2147483782 2147483789 2147483796 2147483803 2147483810 2147483817 2147483820 2147483824 2147483829 2147483835 2147483841 2147483844 2147483850 2147483853 2147483856 2147483859 2147483862 2147483865 2147483868 2147483911 2147483913 2147483915 2147483917 
264 2147483713 2147483768 2147483775 2147483782 2147483789 2147483796 2147483803 2147483810 2147483817 2147483820 2147483824 2147483829 2147483835 2147483841 2147483844 2147483850 2147483853 2147483856 2147483859 2147483862 2147483865 2147483868 2147483893 2147483911 2147483913 2147483915 2147483917 
265 2147483713 2147483716 2147483726 2147483733 2147483740 2147483747 2147483754 2147483761 2147483768 2147483775 2147483782 2147483789 2147483796 2147483803 2147483810 2147483817 2147483820 2147483824 2147483829 2147483835 2147483841 2147483844 2147483850 2147483853 2147483856 2147483859 2147483862 2147483865 2147483868 2147483893 2147483911 2147483913 2147483915 2147483917 
266 2147483713 2147483716 2147483726 2147483733 2147483740 2147483747 2147483754 2147483761 2147483768 2147483775 2147483782 2147483789 2147483796 2147483803 2147483810 2147483817 2147483820 2147483824 2147483829 2147483835 2147483841 2147483844 2147483850 2147483853 2147483856 2147483859 2147483862 2147483865 2147483868 2147483911 2147483913 2147483915 2147483917 
267 2147483713 2147483803 2147483810 2147483817 2147483820 2147483824 2147483829 2147483835 2147483841 2147483844 2147483850 2147483853 2147483856 2147483859 2147483862 2147483865 2147483868 2147483915 2147483917 
268 2147483713 2147483775 2147483782 2147483789 2147483796 2147483803 2147483810 2147483817 2147483820 2147483824 2147483829 2147483835 2147483841 2147483844 2147483850 2147483853 2147483856 2147483859 2147483862 2147483865 2147483868 2147483913 2147483915 2147483917 
269 2147483713 2147483740 2147483747 2147483754 2147483761 2147483768 2147483775 2147483782 2147483789 2147483796 2147483803 2147483810 2147483817 2147483820 2147483824 2147483829 2147483835 2147483841 2147483844 2147483850 2147483853 2147483856 2147483859 2147483862 2147483865 2147483868 2147483911 2147483913 2147483915 2147483917 
270 2147483713 2147483754 2147483761 2147483768 2147483775 2147483782 2147483789 2147483796 2147483803 2147483810 2147483817 2147483820 2147483824 2147483829 2147483835 2147483841 2147483844 2147483850 2147483853 2147483856 2147483859 2147483862 2147483865 2147483868 2147483911 2147483913 2147483915 2147483917 
2147483712 2147483713 2147483716 2147483726 2147483733 2147483740 2147483747 2147483754 2147483761 2147483768 2147483775 2147483782 2147483789 2147483796 2147483803 2147483810 2147483817 2147483820 2147483824 2147483829 2147483835 2147483841 2147483844 2147483850 2147483853 2147483856 2147483859 2147483862 2147483865 2147483868 2147483911 2147483913 2147483915 2147483917 53 49 52 54 57 127 128 129 130 51 133 134 131 132 50 2147483713 2147483716 2147483726 2147483733 2147483740 2147483747 2147483754 2147483761 2147483768 2147483775 2147483782 2147483789 2147483796 2147483803 2147483810 2147483817 2147483820 2147483824 2147483829 2147483835 2147483841 2147483844 2147483850 2147483853 2147483856 2147483859 2147483862 2147483865 2147483868 2147483911 2147483913 2147483915 2147483917 
2147483713 2147483712 2147483712 2147483716 2147483726 2147483733 2147483740 2147483747 2147483754 2147483761 2147483768 2147483775 2147483782 2147483789 2147483796 2147483803 2147483810 2147483817 2147483820 2147483824 2147483829 2147483835 2147483841 2147483844 2147483850 2147483853 2147483856 2147483859 2147483862 2147483865 2147483868 2147483911 2147483913 2147483915 2147483917 32 22 25 27 26 263 264 265 266 24 23 269 270 267 268 2147483716 2147483726 2147483733 2147483740 2147483747 2147483754 2147483761 2147483768 2147483775 2147483782 2147483789 2147483796 2147483803 2147483810 2147483817 2147483820 2147483824 2147483829 2147483835 2147483841 2147483844 2147483850 2147483853 2147483856 2147483859 2147483862 2147483865 2147483868 2147483911 2147483913 2147483915 2147483917 
2147483716 2147483712 2147483713 2147483712 2147483713 2147483820 2147483829 265 266 22 32 26 2147483820 2147483829 
2147483726 2147483712 2147483713 2147483712 2147483713 2147483820 2147483829 2147483911 22 25 32 26 265 266 2147483820 2147483829 2147483911 
2147483733 2147483712 2147483713 2147483712 2147483713 2147483820 2147483829 2147483911 2147483913 22 25 27 32 26 265 266 2147483820 2147483829 2147483911 2147483913 
2147483740 2147483712 2147483713 2147483712 2147483713 2147483820 2147483829 2147483835 2147483911 2147483913 269 22 25 27 32 26 265 266 2147483820 2147483829 2147483835 2147483911 2147483913 
2147483747 2147483712 2147483713 2147483712 2147483713 2147483820 2147483829 2147483835 2147483911 2147483913 2147483915 22 25 27 32 26 263 265 266 269 2147483820 2147483829 2147483835 2147483911 2147483913 2147483915 
2147483754 2147483712 2147483713 2147483712 2147483713 2147483820 2147483829 2147483835 2147483841 2147483911 2147483913 2147483915 270 22 25 27 32 26 263 265 266 269 2147483820 2147483829 2147483835 2147483841 2147483911 2147483913 2147483915 
2147483761 2147483712 2147483713 2147483712 2147483713 2147483820 2147483829 2147483835 2147483841 2147483844 2147483911 2147483913 2147483915 24 22 25 27 32 26 263 265 266 269 270 2147483820 2147483829 2147483835 2147483841 2147483844 2147483911 2147483913 2147483915 
2147483768 2147483712 2147483713 2147483712 2147483713 2147483820 2147483829 2147483835 2147483841 2147483844 2147483911 2147483913 2147483915 2147483917 22 25 27 32 26 263 264 265 266 24 269 270 2147483820 2147483829 2147483835 2147483841 2147483844 2147483911 2147483913 2147483915 2147483917 
2147483775 2147483712 2147483713 2147483712 2147483713 2147483820 2147483829 2147483835 2147483841 2147483844 2147483850 2147483911 2147483913 2147483915 2147483917 268 22 25 27 32 26 263 264 265 266 24 269 270 2147483820 2147483829 2147483835 2147483841 2147483844 2147483850 2147483911 2147483913 2147483915 2147483917 
2147483782 2147483712 2147483713 2147483712 2147483713 2147483820 2147483829 2147483835 2147483841 2147483844 2147483850 2147483853 2147483913 2147483915 2147483917 22 25 27 32 26 263 264 265 266 24 269 270 268 2147483820 2147483829 2147483835 2147483841 2147483844 2147483850 2147483853 2147483913 2147483915 2147483917 
2147483789 2147483712 2147483713 2147483712 2147483713 2147483820 2147483829 2147483835 2147483841 2147483844 2147483850 2147483853 2147483856 2147483915 2147483917 25 22 27 32 26 263 264 265 266 24 269 270 268 2147483820 2147483829 2147483835 2147483841 2147483844 2147483850 2147483853 2147483856 2147483915 2147483917 
2147483796 2147483712 2147483713 2147483712 2147483713 2147483820 2147483829 2147483835 2147483841 2147483844 2147483850 2147483853 2147483856 2147483859 2147483915 2147483917 23 22 25 27 32 26 263 264 265 266 24 269 270 268 2147483820 2147483829 2147483835 2147483841 2147483844 2147483850 2147483853 2147483856 2147483859 2147483915 2147483917 
2147483803 2147483712 2147483713 2147483712 2147483713 2147483820 2147483829 2147483835 2147483841 2147483844 2147483850 2147483853 2147483856 2147483859 2147483862 2147483915 2147483917 267 22 25 27 32 26 263 264 265 266 24 23 269 270 268 2147483820 2147483829 2147483835 2147483841 2147483844 2147483850 2147483853 2147483856 2147483859 2147483862 2147483915 2147483917 
2147483810 2147483712 2147483713 2147483712 2147483713 2147483820 2147483829 2147483835 2147483841 2147483844 2147483850 2147483853 2147483856 2147483859 2147483862 2147483865 2147483917 263 22 25 27 32 26 264 265 266 24 23 269 270 267 268 2147483820 2147483829 2147483835 2147483841 2147483844 2147483850 2147483853 2147483856 2147483859 2147483862 2147483865 2147483917 
2147483817 2147483712 2147483713 2147483712 2147483713 2147483820 2147483829 2147483835 2147483841 2147483844 2147483850 2147483853 2147483856 2147483859 2147483862 2147483865 2147483868 264 22 25 27 32 26 263 265 266 24 23 269 270 267 268 2147483820 2147483829 2147483835 2147483841 2147483844 2147483850 2147483853 2147483856 2147483859 2147483862 2147483865 2147483868 
2147483820 2147483712 2147483713 2147483716 2147483726 2147483733 2147483740 2147483747 2147483754 2147483761 2147483768 2147483775 2147483782 2147483789 2147483796 2147483803 2147483810 2147483817 2147483712 2147483713 2147483716 2147483726 2147483733 2147483740 2147483747 2147483754 2147483761 2147483768 2147483775 2147483782 2147483789 2147483796 2147483803 2147483810 2147483817 2147483824 2147483829 2147483835 2147483841 2147483844 2147483850 2147483853 2147483856 2147483859 2147483862 2147483865 2147483868 2147483893 2147483911 2147483913 2147483915 2147483917 27 22 269 270 24 268 25 23 267 263 264 32 26 265 266 2147483824 2147483829 2147483835 2147483841 2147483844 2147483850 2147483853 2147483856 2147483859 2147483862 2147483865 2147483868 2147483893 2147483911 2147483913 2147483915 2147483917 
2147483824 2147483712 2147483713 2147483820 2147483712 2147483713 2147483820 2147483829 2147483835 2147483841 2147483844 2147483850 2147483853 2147483856 2147483859 2147483862 2147483865 2147483868 265 22 25 27 32 26 263 264 266 24 23 269 270 267 268 2147483829 2147483835 2147483841 2147483844 2147483850 2147483853 2147483856 2147483859 2147483862 2147483865 2147483868 
2147483829 2147483712 2147483713 2147483716 2147483726 2147483733 2147483740 2147483747 2147483754 2147483761 2147483768 2147483775 2147483782 2147483789 2147483796 2147483803 2147483810 2147483817 2147483820 2147483824 2147483712 2147483713 2147483716 2147483726 2147483733 2147483740 2147483747 2147483754 2147483761 2147483768 2147483775 2147483782 2147483789 2147483796 2147483803 2147483810 2147483817 2147483820 2147483824 2147483835 2147483841 2147483844 2147483850 2147483853 2147483856 2147483859 2147483862 2147483865 2147483868 2147483911 2147483913 2147483915 2147483917 22 25 27 32 26 263 264 265 266 24 23 269 270 267 268 2147483835 2147483841 2147483844 2147483850 2147483853 2147483856 2147483859 2147483862 2147483865 2147483868 2147483911 2147483913 2147483915 2147483917 
2147483835 2147483712 2147483713 2147483740 2147483747 2147483754 2147483761 2147483768 2147483775 2147483782 2147483789 2147483796 2147483803 2147483810 2147483817 2147483820 2147483824 2147483829 2147483712 2147483713 2147483740 2147483747 2147483754 2147483761 2147483768 2147483775 2147483782 2147483789 2147483796 2147483803 2147483810 2147483817 2147483820 2147483824 2147483829 2147483841 2147483844 2147483850 2147483853 2147483856 2147483859 2147483862 2147483865 2147483868 2147483911 2147483913 2147483915 2147483917 22 265 25 27 32 26 263 264 266 24 23 269 270 267 268 2147483841 2147483844 2147483850 2147483853 2147483856 2147483859 2147483862 2147483865 2147483868 2147483911 2147483913 2147483915 2147483917 
2147483841 2147483712 2147483713 2147483754 2147483761 2147483768 2147483775 2147483782 2147483789 2147483796 2147483803 2147483810 2147483817 2147483820 2147483824 2147483829 2147483835 2147483712 2147483713 2147483754 2147483761 2147483768 2147483775 2147483782 2147483789 2147483796 2147483803 2147483810 2147483817 2147483820 2147483824 2147483829 2147483835 2147483844 2147483850 2147483853 2147483856 2147483859 2147483862 2147483865 2147483868 2147483911 2147483913 2147483915 2147483917 22 265 25 27 32 26 263 264 266 24 23 269 270 267 268 2147483844 2147483850 2147483853 2147483856 2147483859 2147483862 2147483865 2147483868 2147483911 2147483913 2147483915 2147483917 
2147483844 2147483712 2147483713 2147483761 2147483768 2147483775 2147483782 2147483789 2147483796 2147483803 2147483810 2147483817 2147483820 2147483824 2147483829 2147483835 2147483841 2147483712 2147483713 2147483761 2147483768 2147483775 2147483782 2147483789 2147483796 2147483803 2147483810 2147483817 2147483820 2147483824 2147483829 2147483835 2147483841 2147483850 2147483853 2147483856 2147483859 2147483862 2147483865 2147483868 2147483911 2147483913 2147483915 2147483917 22 265 25 27 32 26 263 264 266 24 23 269 270 267 268 2147483850 2147483853 2147483856 2147483859 2147483862 2147483865 2147483868 2147483911 2147483913 2147483915 2147483917 
2147483850 2147483712 2147483713 2147483775 2147483782 2147483789 2147483796 2147483803 2147483810 2147483817 2147483820 2147483824 2147483829 2147483835 2147483841 2147483844 2147483712 2147483713 2147483775 2147483782 2147483789 2147483796 2147483803 2147483810 2147483817 2147483820 2147483824 2147483829 2147483835 2147483841 2147483844 2147483853 2147483856 2147483859 2147483862 2147483865 2147483868 2147483913 2147483915 2147483917 22 265 25 27 32 26 263 264 266 24 23 269 270 267 268 2147483853 2147483856 2147483859 2147483862 2147483865 2147483868 2147483913 2147483915 2147483917 
2147483853 2147483712 2147483713 2147483782 2147483789 2147483796 2147483803 2147483810 2147483817 2147483820 2147483824 2147483829 2147483835 2147483841 2147483844 2147483850 2147483712 2147483713 2147483782 2147483789 2147483796 2147483803 2147483810 2147483817 2147483820 2147483824 2147483829 2147483835 2147483841 2147483844 2147483850 2147483856 2147483859 2147483862 2147483865 2147483868 2147483915 2147483917 25 265 22 27 32 26 263 264 266 24 23 269 270 267 268 2147483856 2147483859 2147483862 2147483865 2147483868 2147483915 2147483917 
2147483856 2147483712 2147483713 2147483789 2147483796 2147483803 2147483810 2147483817 2147483820 2147483824 2147483829 2147483835 2147483841 2147483844 2147483850 2147483853 2147483712 2147483713 2147483789 2147483796 2147483803 2147483810 2147483817 2147483820 2147483824 2147483829 2147483835 2147483841 2147483844 2147483850 2147483853 2147483859 2147483862 2147483865 2147483868 2147483915 2147483917 27 265 22 25 32 26 263 264 266 24 23 269 270 267 268 2147483859 2147483862 2147483865 2147483868 2147483915 2147483917 
2147483859 2147483712 2147483713 2147483796 2147483803 2147483810 2147483817 2147483820 2147483824 2147483829 2147483835 2147483841 2147483844 2147483850 2147483853 2147483856 2147483712 2147483713 2147483796 2147483803 2147483810 2147483817 2147483820 2147483824 2147483829 2147483835 2147483841 2147483844 2147483850 2147483853 2147483856 2147483862 2147483865 2147483868 2147483915 2147483917 27 265 22 25 32 26 263 264 266 24 23 269 270 267 268 2147483862 2147483865 2147483868 2147483915 2147483917 
2147483862 2147483712 2147483713 2147483803 2147483810 2147483817 2147483820 2147483824 2147483829 2147483835 2147483841 2147483844 2147483850 2147483853 2147483856 2147483859 2147483712 2147483713 2147483803 2147483810 2147483817 2147483820 2147483824 2147483829 2147483835 2147483841 2147483844 2147483850 2147483853 2147483856 2147483859 2147483865 2147483868 2147483915 2147483917 27 265 22 25 32 26 263 264 266 24 23 269 270 267 268 2147483865 2147483868 2147483915 2147483917 
2147483865 2147483712 2147483713 2147483810 2147483817 2147483820 2147483824 2147483829 2147483835 2147483841 2147483844 2147483850 2147483853 2147483856 2147483859 2147483862 2147483712 2147483713 2147483810 2147483817 2147483820 2147483824 2147483829 2147483835 2147483841 2147483844 2147483850 2147483853 2147483856 2147483859 2147483862 2147483868 2147483917 27 265 22 25 32 26 263 264 266 24 23 269 270 267 268 2147483868 2147483917 
2147483868 2147483712 2147483713 2147483817 2147483820 2147483824 2147483829 2147483835 2147483841 2147483844 2147483850 2147483853 2147483856 2147483859 2147483862 2147483865 2147483712 2147483713 2147483817 2147483820 2147483824 2147483829 2147483835 2147483841 2147483844 2147483850 2147483853 2147483856 2147483859 2147483862 2147483865 2147483893 27 265 22 25 32 26 263 264 266 24 23 269 270 267 268 2147483893 
2147483893 2147483820 2147483868 2147483820 2147483868 22 264 265 
2147483911 2147483712 2147483713 2147483726 2147483733 2147483740 2147483747 2147483754 2147483761 2147483768 2147483775 2147483820 2147483829 2147483835 2147483841 2147483844 2147483712 2147483713 2147483726 2147483733 2147483740 2147483747 2147483754 2147483761 2147483768 2147483775 2147483820 2147483829 2147483835 2147483841 2147483844 2147483913 2147483915 2147483917 22 265 25 27 32 26 263 264 266 24 269 270 2147483913 2147483915 2147483917 
2147483913 2147483712 2147483713 2147483733 2147483740 2147483747 2147483754 2147483761 2147483768 2147483775 2147483782 2147483820 2147483829 2147483835 2147483841 2147483844 2147483850 2147483911 2147483712 2147483713 2147483733 2147483740 2147483747 2147483754 2147483761 2147483768 2147483775 2147483782 2147483820 2147483829 2147483835 2147483841 2147483844 2147483850 2147483911 2147483915 2147483917 22 265 25 27 32 26 263 264 266 24 269 270 268 2147483915 2147483917 
2147483915 2147483712 2147483713 2147483747 2147483754 2147483761 2147483768 2147483775 2147483782 2147483789 2147483796 2147483803 2147483820 2147483829 2147483835 2147483841 2147483844 2147483850 2147483853 2147483856 2147483859 2147483862 2147483911 2147483913 2147483712 2147483713 2147483747 2147483754 2147483761 2147483768 2147483775 2147483782 2147483789 2147483796 2147483803 2147483820 2147483829 2147483835 2147483841 2147483844 2147483850 2147483853 2147483856 2147483859 2147483862 2147483911 2147483913 2147483917 22 265 25 27 32 26 263 264 266 24 23 269 270 267 268 2147483917 
2147483917 2147483712 2147483713 2147483768 2147483775 2147483782 2147483789 2147483796 2147483803 2147483810 2147483820 2147483829 2147483835 2147483841 2147483844 2147483850 2147483853 2147483856 2147483859 2147483862 2147483865 2147483911 2147483913 2147483915 2147483712 2147483713 2147483768 2147483775 2147483782 2147483789 2147483796 2147483803 2147483810 2147483820 2147483829 2147483835 2147483841 2147483844 2147483850 2147483853 2147483856 2147483859 2147483862 2147483865 2147483911 2147483913 2147483915 22 265 25 27 32 26 263 264 266 24 23 269 270 267 268 
