2,1,2,-1,0,1,0,0,0,
5,1,5,-1,0,1,0,0,0,
8,1,8,-1,0,1,0,0,0,
11,1,11,-1,0,1,0,0,0,
18,1,18,-1,0,1,0,0,0,
19,1,19,-1,0,1,0,0,0,
22,1,22,-1,0,1,0,0,0,
23,1,23,-1,0,1,0,0,0,
24,1,24,-1,0,1,0,0,0,
25,1,25,-1,0,1,0,0,0,
26,1,26,-1,0,1,0,0,0,
27,1,27,-1,0,1,0,0,0,
32,1,32,-1,0,1,0,0,0,
49,1,49,-1,0,1,0,0,0,
50,1,50,-1,0,1,0,0,0,
51,1,51,-1,0,1,0,0,0,
52,1,52,-1,0,1,0,0,0,
53,1,53,-1,0,1,0,0,0,
54,1,54,-1,0,1,0,0,0,
57,1,57,-1,0,1,0,0,0,
61,1,61,-1,0,1,0,0,0,
127,1,127,-1,0,1,0,0,0,
128,1,128,-1,0,1,0,0,0,
129,1,129,-1,0,1,0,0,0,
130,1,130,-1,0,1,0,0,0,
131,1,131,-1,0,1,0,0,0,
132,1,132,-1,0,1,0,0,0,
133,1,133,-1,0,1,0,0,0,
134,1,134,-1,0,1,0,0,0,
247,1,247,-1,0,1,0,0,0,
248,1,248,-1,0,1,0,0,0,
249,1,249,-1,0,1,0,0,0,
250,1,250,-1,0,1,0,0,0,
251,1,251,-1,0,1,0,0,0,
252,1,252,-1,0,1,0,0,0,
253,1,253,-1,0,1,0,0,0,
254,1,254,-1,0,1,0,0,0,
263,1,263,-1,0,1,0,0,0,
264,1,264,-1,0,1,0,0,0,
265,1,265,-1,0,1,0,0,0,
266,1,266,-1,0,1,0,0,0,
267,1,267,-1,0,1,0,0,0,
268,1,268,-1,0,1,0,0,0,
269,1,269,-1,0,1,0,0,0,
270,1,270,-1,0,1,0,0,0,
2147483648,0,0,0.00515063,1,0,1,0,0,22 25 27 263 264 265 266 24 23 269 267
2147483650,0,0,0.023325,11,0,1,0,0,133 131 50
2147483652,0,0,0.0042576,2,0,1,0,0,263 264 265 266 23 269 267
2147483653,0,0,0.0012438,3,0,1,0,0,127 128 129 130 133 131 50
2147483654,0,0,0.00147932,2,0,1,0,0,127 128 129 130 133 131 50
2147483663,0,0,0.00262965,1,0,1,0,0,127 128 129 130 133 131 50
2147483672,0,0,0.00091705,4,0,1,0,0,32 26 263 264 265 266 23 269 267
2147483673,0,0,0.000953195,3,0,1,0,0,57 53 127 128 129 130 133 131 50
2147483677,0,0,0.00163666,4,0,1,0,0,
2147483700,0,0,0.00153467,1,0,1,0,0,
2147483703,0,0,0.000944076,1,0,1,0,0,
2147483705,0,0,inf,2,0,1,0,0,25 27 32 26 263 264 265 266 23
2147483706,0,0,0.00281662,2,0,1,0,0,
2147483709,0,0,0.00127253,1,0,1,0,0,27 32 26 263 264 265 266 24 23 269 267
2147483715,0,0,0.000821842,1,0,1,0,0,51 131
2147483716,0,0,0.000419664,1,0,1,0,0,51 131
2147483717,0,0,0.000680145,1,0,1,0,0,22 25 263 264 265 266 24 267
2147483718,0,0,0.000680145,1,0,1,0,0,22 25 263 264 265 266 24 267
2147483723,0,0,0.000404989,1,0,1,0,0,57 53 127 128 129 130 133 131 50
2147483768,0,0,0.00265828,1,0,1,0,0,27 25 263 264 265 266 23 269
2147483772,0,0,inf,1,0,1,0,0,54 57 53 127 128 129 130 50
2147483774,0,0,0.00584015,2,0,1,0,0,54 57 53 127 128 129 130 50
2147483775,0,0,0.00231293,1,0,1,0,0,
2147483778,0,0,inf,2,0,1,0,0,25 27 32 26 263 264 265 266
2147483781,0,0,0.00115647,1,0,1,0,0,
2147483784,0,0,inf,2,0,1,0,0,25 27 32 26 263 264 265 266
2147483787,0,0,0.000578233,1,0,1,0,0,
2147483790,0,0,inf,2,0,1,0,0,25 27 32 26 263 264 265 266
2147483793,0,0,0.000289117,1,0,1,0,0,
2147483796,0,0,inf,2,0,1,0,0,25 27 32 26 263 264 265 266
2147483799,0,0,0.000144558,1,0,1,0,0,
2147483802,0,0,inf,2,0,1,0,0,25 27 32 26 263 264 265 266
2147483805,0,0,7.22791e-05,1,0,1,0,0,
2147483808,0,0,inf,2,0,1,0,0,25 27 32 26 263 264 265 266
2147483811,0,0,3.61396e-05,1,0,1,0,0,
2147483814,0,0,inf,2,0,1,0,0,25 27 32 26 263 264 265 266
2147483817,0,0,1.80698e-05,1,0,1,0,0,
2147483820,0,0,4.01511e-05,2,0,1,0,0,27 32 26 263 264 265 266
2147483823,0,0,2.12965e-05,1,0,1,0,0,54 57 53 127 128 129 130 50
2147483830,0,0,0.0036136,3,0,1,0,0,57 53 127 128 129 130 50
2147483831,0,0,0.00136298,1,0,1,0,0,57 53 127 128 129 130 131 50
2147483832,0,0,inf,1,0,1,0,0,52 54 57 53 127 128 129 130 133 131 50
2147483834,0,0,0.000264789,1,0,1,0,0,53 52 54 127 128 129 130 51 133 131 50
2147483836,0,0,0.000284403,1,0,1,0,0,25 27 263 264 265 266 24 23 269 267
2147483843,0,0,0.00442289,1,0,1,0,0,53 52 54 127 128 129 130 133 131 50
2147483844,0,0,0.00442289,1,0,1,0,0,25 27 263 264 265 266 23 269 267
2147483845,0,0,0.00399487,1,0,1,0,0,27 25 263 264 265 266 23 269 267
2147483846,0,0,0.00427038,1,0,1,0,0,25 27 263 264 265 266 23 269 267
2147483848,0,0,0.0039988,2,0,1,0,0,
2147483850,0,0,0.00266866,1,0,1,0,0,27 25 263 264 265 266 269
2147483851,0,0,0.00313748,1,0,1,0,0,
2147483852,0,0,0.00276397,1,0,1,0,0,11 19 61 18 247 248 249 250
2147483854,0,0,0.00284822,4,0,1,0,0,
2147483856,0,0,0.00515941,2,0,1,0,0,54 57 53 127 128 129 130
2147483859,0,0,inf,2,0,1,0,0,54 57 53 127 128 129 130 50
2147483860,0,0,0.00276397,1,0,1,0,0,53 52 54 127 128 129 130 131 50
2147483861,0,0,0.00276397,1,0,1,0,0,25 27 263 264 265 266 23 267
2147483862,0,0,0.00249649,1,0,1,0,0,27 25 263 264 265 266 23 267
2147483863,0,0,0.00266866,1,0,1,0,0,25 27 263 264 265 266 23 267
2147483865,0,0,0.0024572,2,0,1,0,0,
2147483867,0,0,0.00166662,1,0,1,0,0,27 25 263 264 265 266 267
2147483868,0,0,0.0019594,1,0,1,0,0,
2147483869,0,0,0.00172614,1,0,1,0,0,11 19 61 18 247 248 249 250
2147483872,0,0,0.00226545,4,0,1,0,0,
2147483874,0,0,0.00322212,2,0,1,0,0,54 57 53 127 128 129 130 133
2147483877,0,0,inf,2,0,1,0,0,54 57 53 127 128 129 130 133 50
2147483878,0,0,0.00172614,1,0,1,0,0,53 52 54 127 128 129 130 133 50
2147483879,0,0,0.00172614,1,0,1,0,0,25 27 263 264 265 266 23 269
2147483880,0,0,0.00155909,1,0,1,0,0,27 25 263 264 265 266 23 269
2147483881,0,0,0.00166662,1,0,1,0,0,25 27 263 264 265 266 23 269
2147483885,0,0,0.00104099,1,0,1,0,0,27 25 263 264 265 266 269
2147483886,0,0,0.00122386,1,0,1,0,0,
2147483887,0,0,0.00107816,1,0,1,0,0,11 19 61 18 247 248 249 250
2147483890,0,0,0.00140003,4,0,1,0,0,
2147483892,0,0,0.00201257,2,0,1,0,0,54 57 53 127 128 129 130 131
2147483895,0,0,inf,2,0,1,0,0,54 57 53 127 128 129 130 131 50
2147483896,0,0,0.00107816,1,0,1,0,0,53 52 54 127 128 129 130 131 50
2147483897,0,0,0.00107816,1,0,1,0,0,25 27 263 264 265 266 23 267
2147483898,0,0,0.000973825,1,0,1,0,0,27 25 263 264 265 266 23 267
2147483899,0,0,0.00104099,1,0,1,0,0,25 27 263 264 265 266 23 267
2147483903,0,0,0.000651589,1,0,1,0,0,27 25 263 264 265 266 267
2147483904,0,0,0.000766058,1,0,1,0,0,
2147483905,0,0,0.00067486,1,0,1,0,0,11 19 61 18 247 248 249 250 254
2147483909,0,0,0.00184853,4,0,1,0,0,134
2147483911,0,0,0.00125974,2,0,1,0,0,54 57 53 127 128 129 130 133 134 131
2147483914,0,0,inf,2,0,1,0,0,54 57 53 127 128 129 130 133 134 131 50
2147483916,0,0,0.000651589,1,0,1,0,0,53 52 54 127 128 129 130 133 134 131 50
2147483918,0,0,0.00067486,1,0,1,0,0,25 27 263 264 265 266 24 23 269 270 267
2147483919,0,0,0.00211397,2,0,1,0,0,32 26 263 264 265 266 24 23 269 270 267
2147483928,0,0,inf,1,0,1,0,0,52 54 57 53 127 128 129 130 51 133 134 131 50
2147483930,0,0,0.000131746,1,0,1,0,0,22 25 27 263 264 265 266 24 269 270 267
2147483931,0,0,inf,1,0,1,0,0,25 27 32 26 263 264 265 266 24 269 270 267
2147483933,0,0,7.45379e-05,1,0,1,0,0,27 32 26 263 264 265 266 24 269 270 267
2147483936,0,0,inf,2,0,1,0,0,27 32 26 263 264 265 266 24 269 270 267
2147483939,0,0,0.000439516,1,0,1,0,0,27 32 26 263 264 265 266 24 23 269 270 267
2147483942,0,0,inf,2,0,1,0,0,27 32 26 263 264 265 266 24 23 269 270 267
2147483945,0,0,0.00358296,1,0,1,0,0,27 32 26 263 264 265 266 24 23 269 270 267
2147483948,0,0,inf,2,0,1,0,0,27 32 26 263 264 265 266 24 23 269 270 267
2147483950,0,0,5.37737e-05,1,0,1,0,0,22 25 27 263 264 265 266 24 269 270 267
2147483951,0,0,inf,1,0,1,0,0,25 27 32 26 263 264 265 266 24 269 270 267
2147483953,0,0,3.08433e-05,1,0,1,0,0,27 32 26 263 264 265 266 24 269 270 267
2147483956,0,0,inf,2,0,1,0,0,27 32 26 263 264 265 266 24 269 270 267
2147483957,0,0,inf,1,0,1,0,0,25 27 32 26 263 264 265 266 24 269 270 267
2147483963,0,0,0.00260386,2,0,1,0,0,27 32 26 263 264 265 266 24 23 269 267
2147483965,0,0,0.0126041,2,0,1,0,0,263 264 265 266 23 269 267
2147483967,0,0,0.0126041,2,0,1,0,0,263 264 265 266 23 269 267
2147483969,0,0,0.0126041,2,0,1,0,0,263 264 265 266 23 269 267
2147483971,0,0,0.0126041,2,0,1,0,0,263 264 265 266 23 269 267
2147483973,0,0,0.0157539,2,0,1,0,0,263 264 265 266 23 269 267
2147483975,0,0,0.00833333,2,0,1,0,0,25 27 32 26 263 264 265 266 24 269 270 267
2147483979,0,0,0.0127757,5,0,1,0,0,127 128 129 130 133 131 50
2147483981,0,0,0.0209183,3,0,1,0,0,127 128 129 130 133 131 50
2147483986,0,0,0.00249313,4,0,1,0,0,
2147483992,0,0,0.00744015,4,0,1,0,0,57 53 127 128 129 130 133 131 50
2147483995,0,0,0.0173994,4,0,1,0,0,57 53 127 128 129 130 51 133 134 131 50
2147483996,0,0,0.00200884,5,0,1,0,0,24 269 270 267
2147483997,0,0,4.79172e-05,1,0,1,0,0,54 57 53 127 128 129 130 51 133 134 131
2147483998,0,0,0.00556638,1,0,1,0,0,54 57 53 127 128 129 130 51 133 134 131 50
2147483999,0,0,0.0001158,1,0,1,0,0,54 57 53 127 128 129 130 51 133 134 131
2147484000,0,0,0.00068282,1,0,1,0,0,54 57 53 127 128 129 130 51 133 134 131 50
2147484001,0,0,0.00167169,8,0,1,0,0,
2147484003,0,0,0.000341965,2,0,1,0,0,54 57 53 127 128 129 130 51 133 131 50
2147484004,0,0,0.00344152,2,0,1,0,0,57 53 127 128 129 130 131 50
2147484005,0,0,0.00236004,3,0,1,0,0,57 53 127 128 129 130 51 133 134 131 50
2147484006,0,0,inf,1,0,1,0,0,52 54 57 53 127 128 129 130 133 131 50
2147484007,0,0,inf,1,0,1,0,0,52 54 57 53 127 128 129 130 51 133 131 50
2147484008,0,0,inf,1,0,1,0,0,52 54 57 53 127 128 129 130 51 133 131 50
2147484009,0,0,inf,1,0,1,0,0,52 54 57 53 127 128 129 130 51 133 131 50
2147484010,0,0,inf,1,0,1,0,0,52 54 57 53 127 128 129 130 51 133 131 50
2147484012,0,0,0.00147098,8,0,1,0,0,133
2147484014,0,0,0.000959718,2,0,1,0,0,
2147484015,0,0,0.000581633,1,0,1,0,0,
2147484016,0,0,0.000358282,1,0,1,0,0,
2147484017,0,0,0.00107649,6,0,1,0,0,269 267
2147484018,0,0,0.000744007,6,0,1,0,0,
2147484019,0,0,0.00104056,3,0,1,0,0,
2147484021,0,0,0.00196757,1,0,1,0,0,
2147484023,0,0,inf,1,0,1,0,0,54 57 53 127 128 129 130 133 50
2147484024,0,0,inf,1,0,1,0,0,54 57 53 127 128 129 130 131 50
2147484025,0,0,inf,1,0,1,0,0,25 27 32 26 263 264 265 266 23 269 267
2147484026,0,0,inf,1,0,1,0,0,52 54 57 53 127 128 129 130 131
2147484029,0,0,inf,1,0,1,0,0,54 57 53 127 128 129 130 133 134 131 50
2147484030,0,0,inf,1,0,1,0,0,52 54 57 53 127 128 129 130 131
