2 2147483649 
5 2147483649 
8 2147483649 
11 2147483649 
18 2147483649 
19 2147483649 
22 2147483683 2147483702 
23 2147483694 2147483702 
24 2147483683 2147483694 2147483702 
25 2147483702 
26 2147483683 2147483694 2147483702 
27 2147483702 
32 2147483683 2147483694 2147483702 
49 2147483650 2147483651 2147483653 2147483665 2147483667 2147483669 2147483672 2147483684 2147483688 2147483691 2147483693 2147483703 2147483704 2147483705 2147483706 2147483707 2147483708 2147483709 2147483710 2147483712 2147483715 2147483717 2147483718 2147483719 
50 2147483650 2147483651 2147483653 2147483665 2147483667 2147483669 2147483672 2147483684 2147483688 2147483691 2147483693 2147483703 2147483704 2147483705 2147483706 2147483707 2147483709 2147483710 2147483712 2147483713 2147483715 2147483717 2147483718 2147483719 
51 2147483650 2147483651 2147483653 2147483665 2147483667 2147483669 2147483672 2147483684 2147483688 2147483691 2147483693 2147483703 2147483704 2147483705 2147483706 2147483707 2147483708 2147483709 2147483710 2147483712 2147483713 2147483715 2147483716 2147483718 2147483719 
52 2147483650 2147483651 2147483653 2147483665 2147483667 2147483669 2147483672 2147483684 2147483688 2147483691 2147483693 2147483703 2147483704 2147483705 2147483706 2147483707 2147483708 2147483709 2147483710 2147483715 2147483716 2147483718 2147483719 
53 2147483650 2147483651 2147483653 2147483665 2147483667 2147483669 2147483688 2147483691 2147483693 2147483703 2147483704 2147483705 2147483706 2147483707 2147483708 2147483709 2147483710 2147483712 2147483713 2147483715 2147483716 2147483718 2147483719 
54 2147483650 2147483651 2147483653 2147483665 2147483667 2147483669 2147483672 2147483684 2147483688 2147483691 2147483693 2147483703 2147483704 2147483705 2147483706 2147483707 2147483708 2147483709 2147483710 2147483715 2147483716 2147483718 2147483719 
57 2147483650 2147483651 2147483653 2147483665 2147483667 2147483669 2147483688 2147483691 2147483693 2147483703 2147483704 2147483705 2147483706 2147483707 2147483708 2147483709 2147483710 2147483712 2147483713 2147483715 2147483718 2147483719 
61 2147483649 
127 2147483650 2147483651 2147483653 2147483665 2147483667 2147483669 2147483693 2147483703 2147483704 2147483705 2147483706 2147483708 2147483709 2147483710 2147483718 
128 2147483650 2147483651 2147483653 2147483665 2147483667 2147483669 2147483693 2147483703 2147483704 2147483705 2147483706 2147483708 2147483709 2147483710 2147483718 
129 2147483650 2147483651 2147483653 2147483665 2147483667 2147483669 2147483693 2147483703 2147483704 2147483705 2147483706 2147483708 2147483709 2147483710 2147483718 
130 2147483650 2147483651 2147483653 2147483665 2147483667 2147483669 2147483693 2147483703 2147483704 2147483705 2147483706 2147483708 2147483709 2147483710 2147483718 
131 2147483650 2147483651 2147483653 2147483667 2147483669 2147483691 2147483693 2147483703 2147483704 2147483705 2147483706 2147483707 2147483708 2147483709 2147483710 2147483712 2147483715 2147483716 2147483718 2147483719 
132 2147483650 2147483651 2147483653 2147483665 2147483667 2147483669 2147483684 2147483688 2147483691 2147483693 2147483703 2147483704 2147483705 2147483706 2147483707 2147483709 2147483710 2147483712 2147483713 2147483715 2147483719 
133 2147483650 2147483651 2147483653 2147483665 2147483667 2147483669 2147483693 2147483703 2147483704 2147483705 2147483706 2147483707 2147483708 2147483709 2147483710 2147483712 2147483713 2147483718 2147483719 
134 2147483650 2147483651 2147483653 2147483665 2147483667 2147483669 2147483672 2147483684 2147483688 2147483691 2147483693 2147483703 2147483704 2147483705 2147483706 2147483707 2147483708 2147483709 2147483710 2147483712 2147483713 2147483715 2147483716 2147483717 2147483718 2147483719 
247 2147483649 
248 2147483649 
249 2147483649 
250 2147483649 
251 2147483649 
252 2147483649 
253 2147483649 
254 2147483649 
263 2147483702 
264 2147483702 
265 2147483702 
266 2147483702 
267 2147483694 2147483702 
268 2147483694 2147483702 
269 2147483694 2147483702 
270 2147483694 2147483702 
2147483649 2147483650 2147483651 2147483653 2147483667 2147483669 2147483706 2147483707 2147483712 2 11 19 61 18 247 248 249 250 5 8 253 254 251 252 2147483650 2147483651 2147483653 2147483667 2147483669 2147483706 2147483707 2147483712 
2147483650 2147483649 2147483649 2147483653 2147483667 2147483669 2147483702 2147483707 2147483708 2147483710 54 50 49 52 57 53 127 128 129 130 51 133 134 131 132 2147483653 2147483667 2147483669 2147483702 2147483707 2147483708 2147483710 
2147483651 2147483649 2147483649 2147483653 2147483667 2147483669 2147483706 2147483707 2147483712 57 54 50 49 52 53 127 128 129 130 51 133 134 131 132 2147483653 2147483667 2147483669 2147483706 2147483707 2147483712 
2147483653 2147483649 2147483650 2147483651 2147483649 2147483650 2147483651 2147483667 2147483669 2147483672 2147483684 2147483688 2147483691 2147483693 2147483702 2147483704 2147483706 2147483707 2147483710 2147483712 2147483715 2147483719 53 133 49 57 52 54 127 128 129 130 51 134 131 132 50 2147483667 2147483669 2147483672 2147483684 2147483688 2147483691 2147483693 2147483702 2147483704 2147483706 2147483707 2147483710 2147483712 2147483715 2147483719 
2147483665 2147483667 2147483703 2147483704 2147483705 2147483713 54 49 52 57 53 127 128 129 130 51 133 134 132 50 2147483667 2147483703 2147483704 2147483705 2147483713 
2147483667 2147483649 2147483650 2147483651 2147483653 2147483665 2147483649 2147483650 2147483651 2147483653 2147483665 2147483669 2147483672 2147483684 2147483688 2147483691 2147483693 2147483694 2147483702 2147483703 2147483704 2147483705 2147483706 2147483707 2147483708 2147483709 2147483710 2147483712 2147483713 2147483715 2147483716 2147483717 2147483718 2147483719 53 49 52 54 57 127 128 129 130 51 133 134 131 132 50 2147483669 2147483672 2147483684 2147483688 2147483691 2147483693 2147483694 2147483702 2147483703 2147483704 2147483705 2147483706 2147483707 2147483708 2147483709 2147483710 2147483712 2147483713 2147483715 2147483716 2147483717 2147483718 2147483719 
2147483669 2147483649 2147483650 2147483651 2147483653 2147483667 2147483649 2147483650 2147483651 2147483653 2147483667 2147483672 2147483683 2147483684 2147483688 2147483691 2147483693 2147483694 2147483702 2147483703 2147483704 2147483705 2147483706 2147483707 2147483709 2147483710 2147483712 2147483715 2147483716 2147483718 2147483719 54 49 52 57 53 127 128 129 130 51 133 134 131 132 50 2147483672 2147483683 2147483684 2147483688 2147483691 2147483693 2147483694 2147483702 2147483703 2147483704 2147483705 2147483706 2147483707 2147483709 2147483710 2147483712 2147483715 2147483716 2147483718 2147483719 
2147483672 2147483653 2147483667 2147483669 2147483653 2147483667 2147483669 2147483707 2147483719 49 52 54 51 134 50 2147483707 2147483719 
2147483683 2147483669 2147483669 2147483712 32 22 26 24 2147483712 
2147483684 2147483653 2147483667 2147483669 2147483653 2147483667 2147483669 2147483704 2147483707 2147483719 50 49 52 54 51 134 132 2147483704 2147483707 2147483719 
2147483688 2147483653 2147483667 2147483669 2147483653 2147483667 2147483669 2147483691 2147483704 2147483707 2147483715 2147483719 50 49 52 54 57 53 51 134 132 2147483691 2147483704 2147483707 2147483715 2147483719 
2147483691 2147483653 2147483667 2147483669 2147483688 2147483653 2147483667 2147483669 2147483688 2147483693 2147483704 2147483707 2147483715 2147483719 50 49 52 54 57 53 51 134 131 132 2147483693 2147483704 2147483707 2147483715 2147483719 
2147483693 2147483653 2147483667 2147483669 2147483691 2147483653 2147483667 2147483669 2147483691 2147483694 2147483703 2147483704 2147483705 2147483707 2147483709 2147483715 2147483716 2147483718 2147483719 53 133 49 52 54 57 127 128 129 130 51 134 131 132 50 2147483694 2147483703 2147483704 2147483705 2147483707 2147483709 2147483715 2147483716 2147483718 2147483719 
2147483694 2147483667 2147483669 2147483693 2147483667 2147483669 2147483693 2147483703 2147483704 2147483705 32 26 24 23 269 270 267 268 2147483703 2147483704 2147483705 
2147483702 2147483650 2147483653 2147483667 2147483669 2147483650 2147483653 2147483667 2147483669 2147483707 2147483708 2147483710 32 22 25 27 26 263 264 265 266 24 23 269 270 267 268 2147483707 2147483708 2147483710 
2147483703 2147483665 2147483667 2147483669 2147483693 2147483694 2147483665 2147483667 2147483669 2147483693 2147483694 2147483704 2147483705 2147483713 2147483719 53 54 131 49 52 57 127 128 129 130 51 133 134 132 50 2147483704 2147483705 2147483713 2147483719 
2147483704 2147483653 2147483665 2147483667 2147483669 2147483684 2147483688 2147483691 2147483693 2147483694 2147483703 2147483653 2147483665 2147483667 2147483669 2147483684 2147483688 2147483691 2147483693 2147483694 2147483703 2147483705 2147483707 2147483709 2147483713 2147483715 2147483719 53 57 49 52 54 127 128 129 130 51 133 134 131 132 50 2147483705 2147483707 2147483709 2147483713 2147483715 2147483719 
2147483705 2147483665 2147483667 2147483669 2147483693 2147483694 2147483703 2147483704 2147483665 2147483667 2147483669 2147483693 2147483694 2147483703 2147483704 2147483709 2147483713 2147483717 2147483719 49 53 52 54 57 127 128 129 130 51 133 134 131 132 50 2147483709 2147483713 2147483717 2147483719 
2147483706 2147483649 2147483651 2147483653 2147483667 2147483669 2147483649 2147483651 2147483653 2147483667 2147483669 2147483712 49 54 52 57 53 127 128 129 130 51 133 134 131 132 50 2147483712 
2147483707 2147483649 2147483650 2147483651 2147483653 2147483667 2147483669 2147483672 2147483684 2147483688 2147483691 2147483693 2147483702 2147483704 2147483649 2147483650 2147483651 2147483653 2147483667 2147483669 2147483672 2147483684 2147483688 2147483691 2147483693 2147483702 2147483704 2147483715 2147483716 2147483719 57 131 133 132 51 49 52 54 53 134 50 2147483715 2147483716 2147483719 
2147483708 2147483650 2147483667 2147483702 2147483650 2147483667 2147483702 53 54 49 52 57 127 128 129 130 51 133 134 131 
2147483709 2147483667 2147483669 2147483693 2147483704 2147483705 2147483667 2147483669 2147483693 2147483704 2147483705 2147483718 2147483719 133 54 49 52 57 53 127 128 129 130 51 134 131 132 50 2147483718 2147483719 
2147483710 2147483650 2147483653 2147483667 2147483669 2147483702 2147483650 2147483653 2147483667 2147483669 2147483702 54 49 52 57 53 127 128 129 130 51 133 134 131 132 50 
2147483712 2147483649 2147483651 2147483653 2147483667 2147483669 2147483683 2147483706 2147483649 2147483651 2147483653 2147483667 2147483669 2147483683 2147483706 53 57 132 49 51 133 134 131 50 
2147483713 2147483665 2147483667 2147483703 2147483704 2147483705 2147483665 2147483667 2147483703 2147483704 2147483705 57 53 51 133 134 132 50 
2147483715 2147483653 2147483667 2147483669 2147483688 2147483691 2147483693 2147483704 2147483707 2147483653 2147483667 2147483669 2147483688 2147483691 2147483693 2147483704 2147483707 2147483719 53 49 52 54 57 51 134 131 132 50 2147483719 
2147483716 2147483667 2147483669 2147483693 2147483707 2147483667 2147483669 2147483693 2147483707 2147483719 53 52 54 51 134 131 2147483719 
2147483717 2147483667 2147483705 2147483667 2147483705 49 134 50 
2147483718 2147483667 2147483669 2147483693 2147483709 2147483667 2147483669 2147483693 2147483709 52 49 54 57 53 127 128 129 130 51 133 134 131 50 
2147483719 2147483653 2147483667 2147483669 2147483672 2147483684 2147483688 2147483691 2147483693 2147483703 2147483704 2147483705 2147483707 2147483709 2147483715 2147483716 2147483653 2147483667 2147483669 2147483672 2147483684 2147483688 2147483691 2147483693 2147483703 2147483704 2147483705 2147483707 2147483709 2147483715 2147483716 52 50 49 54 57 53 51 133 134 131 132 
