2,1,2,-1,0,1,0,0,0,
5,1,5,-1,0,1,0,0,0,
8,1,8,-1,0,1,0,0,0,
11,1,11,-1,0,1,0,0,0,
18,1,18,-1,0,1,0,0,0,
19,1,19,-1,0,1,0,0,0,
22,1,22,-1,0,1,0,0,0,
23,1,23,-1,0,1,0,0,0,
24,1,24,-1,0,1,0,0,0,
25,1,25,-1,0,1,0,0,0,
26,1,26,-1,0,1,0,0,0,
27,1,27,-1,0,1,0,0,0,
32,1,32,-1,0,1,0,0,0,
49,1,49,-1,0,1,0,0,0,
50,1,50,-1,0,1,0,0,0,
51,1,51,-1,0,1,0,0,0,
52,1,52,-1,0,1,0,0,0,
53,1,53,-1,0,1,0,0,0,
54,1,54,-1,0,1,0,0,0,
57,1,57,-1,0,1,0,0,0,
61,1,61,-1,0,1,0,0,0,
127,1,127,-1,0,1,0,0,0,
128,1,128,-1,0,1,0,0,0,
129,1,129,-1,0,1,0,0,0,
130,1,130,-1,0,1,0,0,0,
131,1,131,-1,0,1,0,0,0,
132,1,132,-1,0,1,0,0,0,
133,1,133,-1,0,1,0,0,0,
134,1,134,-1,0,1,0,0,0,
151,1,151,-1,0,1,0,0,0,
152,1,152,-1,0,1,0,0,0,
153,1,153,-1,0,1,0,0,0,
154,1,154,-1,0,1,0,0,0,
155,1,155,-1,0,1,0,0,0,
156,1,156,-1,0,1,0,0,0,
157,1,157,-1,0,1,0,0,0,
158,1,158,-1,0,1,0,0,0,
159,1,159,-1,0,1,0,0,0,
160,1,160,-1,0,1,0,0,0,
161,1,161,-1,0,1,0,0,0,
162,1,162,-1,0,1,0,0,0,
163,1,163,-1,0,1,0,0,0,
164,1,164,-1,0,1,0,0,0,
165,1,165,-1,0,1,0,0,0,
166,1,166,-1,0,1,0,0,0,
247,1,247,-1,0,1,0,0,0,
248,1,248,-1,0,1,0,0,0,
249,1,249,-1,0,1,0,0,0,
250,1,250,-1,0,1,0,0,0,
251,1,251,-1,0,1,0,0,0,
252,1,252,-1,0,1,0,0,0,
253,1,253,-1,0,1,0,0,0,
254,1,254,-1,0,1,0,0,0,
263,1,263,-1,0,1,0,0,0,
264,1,264,-1,0,1,0,0,0,
265,1,265,-1,0,1,0,0,0,
266,1,266,-1,0,1,0,0,0,
267,1,267,-1,0,1,0,0,0,
268,1,268,-1,0,1,0,0,0,
269,1,269,-1,0,1,0,0,0,
270,1,270,-1,0,1,0,0,0,
2147483650,0,0,0.00104203,3,0,1,0,0,50
2147483651,0,0,0.00114071,1,0,1,0,0,32 25 27 263 264 265 266 23
2147483653,0,0,0.00081019,4,0,1,0,0,
2147483654,0,0,0.00160146,7,0,1,0,0,
2147483655,0,0,0.00175436,1,0,1,0,0,
2147483656,0,0,0.00148919,1,0,1,0,0,
2147483659,0,0,0.00467593,1,0,1,0,0,53 52 54 57 127 128 129 130 50
2147483660,0,0,inf,1,0,1,0,0,11 19 61 18 247 248 249 250 8
2147483661,0,0,0.00201761,1,0,1,0,0,
2147483662,0,0,inf,1,0,1,0,0,25 27 32 26 263 264 265 266
2147483668,0,0,inf,1,0,1,0,0,25 27 32 26 263 264 265 266 23
2147483669,0,0,inf,1,0,1,0,0,11 19 61 18 247 248 249 250 8
2147483672,0,0,0.000827326,1,0,0,1,0,152 153 154 155 156 157 158 159 160 161 162 163 164 165 166
2147483677,0,0,inf,1,0,1,0,0,11 19 61 18 247 248 249 250 8
2147483678,0,0,inf,1,0,1,0,0,49 52 54 57 127 128 129 130 50
2147483679,0,0,inf,1,0,1,0,0,52 54 57 53 127 128 129 130 134 131 132 50
2147483680,0,0,inf,1,0,0,0,1,152 153 154 155 156 157 158 159 160 161 162 163 164 165 166
2147483681,0,0,inf,1,0,0,0,1,152 153 154 155 156 157 158 159 160 161 162 163 164 165 166
2147483682,0,0,inf,1,0,0,0,1,152 153 154 155 156 157 158 159 160 161 162 163 164 165 166
2147483683,0,0,0.000286697,1,0,0,0,1,155 156 157 158 159 160 161 162 163 164 165 166
2147483684,0,0,0.00030581,1,0,0,0,1,155 156 157 158 159 160 161 162 163 164 165 166
2147483685,0,0,0.000327654,1,0,0,0,1,155 156 157 158 159 160 161 162 163 164 165 166
2147483686,0,0,inf,1,0,0,0,1,155 156 157 158 159 160 161 162 163 164 165 166
2147483688,0,0,inf,1,0,1,0,0,49 52 54 57 127 128 129 130 50
2147483689,0,0,inf,1,0,1,0,0,52 54 57 53 127 128 129 130 134 131 132 50
2147483690,0,0,inf,1,0,0,0,1,152 153 154 155 156 157 158 159 160 161 162 163 164 165 166
2147483691,0,0,inf,1,0,0,0,1,152 153 154 155 156 157 158 159 160 161 162 163 164 165 166
2147483692,0,0,inf,1,0,0,0,1,152 153 154 155 156 157 158 159 160 161 162 163 164 165 166
2147483693,0,0,0.000322534,1,0,0,0,1,155 156 157 158 159 160 161 162 163 164 165 166
2147483694,0,0,0.000344037,1,0,0,0,1,155 156 157 158 159 160 161 162 163 164 165 166
2147483695,0,0,0.000368611,1,0,0,0,1,155 156 157 158 159 160 161 162 163 164 165 166
2147483696,0,0,inf,1,0,0,0,1,155 156 157 158 159 160 161 162 163 164 165 166
2147483700,0,0,0.00467593,1,0,1,0,0,53 52 54 57 127 128 129 130 134 132 50
2147483702,0,0,0.00765151,2,0,1,0,0,22 25 263 264 265 266 270 268
2147483704,0,0,0.00169572,4,0,1,0,0,
2147483706,0,0,0.00428179,5,0,1,0,0,270 268
