22 
23 
24 
25 
26 
27 
32 
49 2147483650 2147483653 2147483669 2147483670 2147483754 
50 
51 
52 2147483650 2147483653 2147483669 2147483670 2147483754 
53 2147483649 2147483650 2147483653 2147483669 2147483670 2147483705 2147483706 2147483720 2147483754 
54 2147483650 2147483653 2147483669 2147483670 2147483754 
57 2147483650 2147483653 2147483669 2147483670 2147483706 2147483754 
127 2147483650 2147483653 2147483669 2147483670 2147483754 
128 2147483650 2147483653 2147483669 2147483670 2147483754 
129 2147483650 2147483653 2147483669 2147483670 2147483754 
130 2147483650 2147483653 2147483669 2147483670 2147483754 
131 
132 
133 
134 
263 
264 
265 
266 
267 
268 
269 
270 
2147483648 2147483649 2147483669 2147483670 2147483649 2147483669 2147483670 
2147483649 2147483648 2147483648 2147483669 2147483670 53 2147483669 2147483670 
2147483650 2147483652 2147483653 2147483669 2147483670 2147483685 2147483688 2147483689 2147483696 2147483701 2147483702 2147483704 2147483756 49 57 53 52 54 127 128 129 130 2147483652 2147483653 2147483669 2147483670 2147483685 2147483688 2147483689 2147483696 2147483701 2147483702 2147483704 2147483756 
2147483652 2147483650 2147483650 2147483669 2147483670 2147483669 2147483670 
2147483653 2147483650 2147483650 2147483669 2147483670 2147483704 2147483705 49 52 54 57 53 127 128 129 130 2147483669 2147483670 2147483704 2147483705 
2147483654 2147483669 2147483670 2147483669 2147483670 
2147483657 2147483669 2147483670 2147483710 2147483716 2147483669 2147483670 2147483710 2147483716 
2147483659 2147483669 2147483670 2147483669 2147483670 
2147483663 2147483669 2147483670 2147483723 2147483669 2147483670 2147483723 
2147483664 2147483669 2147483669 
2147483667 2147483669 2147483735 2147483669 2147483735 
2147483669 2147483648 2147483649 2147483650 2147483652 2147483653 2147483654 2147483657 2147483659 2147483663 2147483664 2147483667 2147483648 2147483649 2147483650 2147483652 2147483653 2147483654 2147483657 2147483659 2147483663 2147483664 2147483667 2147483670 2147483672 2147483685 2147483688 2147483689 2147483696 2147483701 2147483702 2147483704 2147483705 2147483706 2147483708 2147483710 2147483712 2147483714 2147483716 2147483718 2147483720 2147483723 2147483730 2147483735 2147483739 2147483741 2147483744 2147483746 2147483748 2147483752 2147483753 2147483754 2147483756 53 49 52 54 57 127 128 129 130 2147483670 2147483672 2147483685 2147483688 2147483689 2147483696 2147483701 2147483702 2147483704 2147483705 2147483706 2147483708 2147483710 2147483712 2147483714 2147483716 2147483718 2147483720 2147483723 2147483730 2147483735 2147483739 2147483741 2147483744 2147483746 2147483748 2147483752 2147483753 2147483754 2147483756 
2147483670 2147483648 2147483649 2147483650 2147483652 2147483653 2147483654 2147483657 2147483659 2147483663 2147483669 2147483648 2147483649 2147483650 2147483652 2147483653 2147483654 2147483657 2147483659 2147483663 2147483669 2147483672 2147483685 2147483688 2147483689 2147483696 2147483701 2147483702 2147483704 2147483705 2147483706 2147483708 2147483710 2147483712 2147483714 2147483716 2147483718 2147483720 2147483723 2147483752 2147483753 2147483756 57 49 52 54 53 127 128 129 130 2147483672 2147483685 2147483688 2147483689 2147483696 2147483701 2147483702 2147483704 2147483705 2147483706 2147483708 2147483710 2147483712 2147483714 2147483716 2147483718 2147483720 2147483723 2147483752 2147483753 2147483756 
2147483672 2147483669 2147483670 2147483669 2147483670 2147483714 2147483716 2147483714 2147483716 
2147483685 2147483650 2147483669 2147483670 2147483650 2147483669 2147483670 2147483756 2147483756 
2147483688 2147483650 2147483669 2147483670 2147483650 2147483669 2147483670 2147483756 2147483756 
2147483689 2147483650 2147483669 2147483670 2147483650 2147483669 2147483670 2147483756 2147483756 
2147483696 2147483650 2147483669 2147483670 2147483650 2147483669 2147483670 2147483756 2147483756 
2147483701 2147483650 2147483669 2147483670 2147483650 2147483669 2147483670 
2147483702 2147483650 2147483669 2147483670 2147483650 2147483669 2147483670 
2147483704 2147483650 2147483653 2147483669 2147483670 2147483650 2147483653 2147483669 2147483670 
2147483705 2147483653 2147483669 2147483670 2147483653 2147483669 2147483670 2147483706 53 2147483706 
2147483706 2147483669 2147483670 2147483705 2147483669 2147483670 2147483705 57 53 
2147483708 2147483669 2147483670 2147483669 2147483670 
2147483710 2147483657 2147483669 2147483670 2147483657 2147483669 2147483670 
2147483712 2147483669 2147483670 2147483669 2147483670 2147483716 2147483716 
2147483714 2147483669 2147483670 2147483672 2147483669 2147483670 2147483672 2147483716 2147483716 
2147483716 2147483657 2147483669 2147483670 2147483672 2147483712 2147483714 2147483657 2147483669 2147483670 2147483672 2147483712 2147483714 
2147483718 2147483669 2147483670 2147483669 2147483670 
2147483720 2147483669 2147483670 2147483669 2147483670 53 
2147483723 2147483663 2147483669 2147483670 2147483663 2147483669 2147483670 
2147483730 2147483669 2147483669 2147483754 2147483754 
2147483735 2147483667 2147483669 2147483667 2147483669 
2147483739 2147483669 2147483669 
2147483741 2147483669 2147483669 
2147483744 2147483669 2147483669 2147483748 2147483748 
2147483746 2147483669 2147483669 2147483748 2147483748 
2147483748 2147483669 2147483744 2147483746 2147483669 2147483744 2147483746 
2147483752 2147483669 2147483670 2147483669 2147483670 
2147483753 2147483669 2147483670 2147483669 2147483670 
2147483754 2147483669 2147483730 2147483669 2147483730 49 52 54 57 53 127 128 129 130 
2147483756 2147483650 2147483669 2147483670 2147483685 2147483688 2147483689 2147483696 2147483650 2147483669 2147483670 2147483685 2147483688 2147483689 2147483696 
