3 
6 
9 
13 
16 
21 
22 2147483650 
23 
24 
25 2147483650 
26 2147483650 
27 2147483650 
32 2147483650 
49 2147483657 2147483670 2147483671 2147483708 
50 
51 
52 2147483657 2147483670 2147483671 2147483708 
53 2147483657 2147483659 2147483670 2147483671 2147483708 2147483721 
54 2147483657 2147483670 2147483671 2147483708 
57 2147483657 2147483670 2147483671 2147483708 2147483721 
59 
127 2147483657 2147483670 2147483671 2147483708 
128 2147483657 2147483670 2147483671 2147483708 
129 2147483657 2147483670 2147483671 2147483708 
130 2147483657 2147483670 2147483671 2147483708 
131 
132 
133 
134 
263 2147483650 
264 2147483650 
265 2147483650 
266 2147483650 
267 
268 
269 
270 
271 
272 
273 
274 
275 
276 
277 
278 
2147483650 2147483652 2147483653 2147483657 2147483659 2147483670 2147483671 2147483676 2147483691 2147483693 2147483695 2147483697 2147483699 2147483704 2147483708 2147483720 2147483721 2147483729 2147483731 26 22 25 27 32 263 264 265 266 2147483652 2147483653 2147483657 2147483659 2147483670 2147483671 2147483676 2147483691 2147483693 2147483695 2147483697 2147483699 2147483704 2147483708 2147483720 2147483721 2147483729 2147483731 
2147483652 2147483650 2147483650 2147483670 2147483671 2147483708 2147483731 2147483670 2147483671 2147483708 2147483731 
2147483653 2147483650 2147483650 2147483670 2147483671 2147483708 2147483670 2147483671 2147483708 
2147483657 2147483650 2147483650 2147483659 2147483670 2147483671 2147483691 2147483693 2147483695 2147483697 2147483699 2147483704 2147483708 2147483714 2147483729 2147483731 57 54 49 52 53 127 128 129 130 2147483659 2147483670 2147483671 2147483691 2147483693 2147483695 2147483697 2147483699 2147483704 2147483708 2147483714 2147483729 2147483731 
2147483659 2147483650 2147483657 2147483650 2147483657 2147483670 2147483671 2147483697 2147483699 2147483704 2147483708 2147483731 53 2147483670 2147483671 2147483697 2147483699 2147483704 2147483708 2147483731 
2147483670 2147483650 2147483652 2147483653 2147483657 2147483659 2147483650 2147483652 2147483653 2147483657 2147483659 2147483671 2147483674 2147483676 2147483691 2147483693 2147483695 2147483697 2147483699 2147483704 2147483708 2147483720 2147483721 2147483729 2147483731 53 57 49 52 54 127 128 129 130 2147483671 2147483674 2147483676 2147483691 2147483693 2147483695 2147483697 2147483699 2147483704 2147483708 2147483720 2147483721 2147483729 2147483731 
2147483671 2147483650 2147483652 2147483653 2147483657 2147483659 2147483670 2147483650 2147483652 2147483653 2147483657 2147483659 2147483670 2147483674 2147483676 2147483691 2147483693 2147483695 2147483697 2147483699 2147483704 2147483708 2147483720 2147483729 2147483731 57 54 49 52 53 127 128 129 130 2147483674 2147483676 2147483691 2147483693 2147483695 2147483697 2147483699 2147483704 2147483708 2147483720 2147483729 2147483731 
2147483674 2147483670 2147483671 2147483670 2147483671 
2147483676 2147483650 2147483670 2147483671 2147483650 2147483670 2147483671 
2147483691 2147483650 2147483657 2147483670 2147483671 2147483650 2147483657 2147483670 2147483671 2147483693 2147483708 2147483731 2147483693 2147483708 2147483731 
2147483693 2147483650 2147483657 2147483670 2147483671 2147483691 2147483650 2147483657 2147483670 2147483671 2147483691 2147483695 2147483708 2147483729 2147483731 2147483695 2147483708 2147483729 2147483731 
2147483695 2147483650 2147483657 2147483670 2147483671 2147483693 2147483650 2147483657 2147483670 2147483671 2147483693 2147483708 2147483729 2147483731 2147483708 2147483729 2147483731 
2147483697 2147483650 2147483657 2147483659 2147483670 2147483671 2147483650 2147483657 2147483659 2147483670 2147483671 2147483708 2147483731 2147483708 2147483731 
2147483699 2147483650 2147483657 2147483659 2147483670 2147483671 2147483650 2147483657 2147483659 2147483670 2147483671 2147483708 2147483731 2147483708 2147483731 
2147483704 2147483650 2147483657 2147483659 2147483670 2147483671 2147483650 2147483657 2147483659 2147483670 2147483671 
2147483708 2147483650 2147483652 2147483653 2147483657 2147483659 2147483670 2147483671 2147483691 2147483693 2147483695 2147483697 2147483699 2147483650 2147483652 2147483653 2147483657 2147483659 2147483670 2147483671 2147483691 2147483693 2147483695 2147483697 2147483699 2147483729 2147483731 49 52 54 57 53 127 128 129 130 2147483729 2147483731 
2147483714 2147483657 2147483657 2147483731 2147483731 
2147483720 2147483650 2147483670 2147483671 2147483650 2147483670 2147483671 
2147483721 2147483650 2147483670 2147483650 2147483670 57 53 
2147483723 2147483731 2147483731 
2147483729 2147483650 2147483657 2147483670 2147483671 2147483693 2147483695 2147483708 2147483650 2147483657 2147483670 2147483671 2147483693 2147483695 2147483708 2147483731 2147483731 
2147483731 2147483650 2147483652 2147483657 2147483659 2147483670 2147483671 2147483691 2147483693 2147483695 2147483697 2147483699 2147483708 2147483714 2147483723 2147483729 2147483650 2147483652 2147483657 2147483659 2147483670 2147483671 2147483691 2147483693 2147483695 2147483697 2147483699 2147483708 2147483714 2147483723 2147483729 
