22 2147483654 2147483662 2147483663 
23 
24 
25 2147483654 2147483662 2147483663 
26 2147483654 2147483662 2147483663 
27 2147483654 2147483662 2147483663 
32 2147483654 2147483662 2147483663 2147483673 
49 2147483648 2147483664 2147483665 2147483729 
50 
51 
52 2147483648 2147483664 2147483665 2147483729 
53 2147483648 2147483664 2147483665 2147483684 2147483723 2147483729 
54 2147483648 2147483664 2147483665 2147483723 2147483729 
57 2147483648 2147483664 2147483665 2147483723 2147483729 
127 2147483648 2147483664 2147483665 2147483729 
128 2147483648 2147483664 2147483665 2147483729 
129 2147483648 2147483664 2147483665 2147483729 
130 2147483648 2147483664 2147483665 2147483729 
131 
132 
133 
134 
263 2147483654 2147483662 2147483663 
264 2147483654 2147483662 2147483663 
265 2147483654 2147483662 2147483663 
266 2147483654 2147483662 2147483663 
267 
268 
269 
270 
2147483648 2147483650 2147483651 2147483662 2147483663 2147483664 2147483665 2147483667 2147483671 2147483673 2147483679 2147483729 2147483730 49 52 54 57 53 127 128 129 130 2147483650 2147483651 2147483662 2147483663 2147483664 2147483665 2147483667 2147483671 2147483673 2147483679 2147483729 2147483730 
2147483650 2147483648 2147483648 2147483651 2147483662 2147483663 2147483664 2147483665 2147483667 2147483729 2147483651 2147483662 2147483663 2147483664 2147483665 2147483667 2147483729 
2147483651 2147483648 2147483650 2147483648 2147483650 2147483662 2147483663 2147483664 2147483665 2147483667 2147483729 2147483662 2147483663 2147483664 2147483665 2147483667 2147483729 
2147483654 2147483662 2147483663 2147483664 2147483665 2147483682 2147483684 26 22 25 27 32 263 264 265 266 2147483662 2147483663 2147483664 2147483665 2147483682 2147483684 
2147483660 2147483661 2147483662 2147483718 2147483719 2147483721 2147483729 2147483661 2147483662 2147483718 2147483719 2147483721 2147483729 
2147483661 2147483660 2147483660 2147483662 2147483718 2147483729 2147483662 2147483718 2147483729 
2147483662 2147483648 2147483650 2147483651 2147483654 2147483660 2147483661 2147483648 2147483650 2147483651 2147483654 2147483660 2147483661 2147483663 2147483664 2147483665 2147483667 2147483671 2147483673 2147483679 2147483682 2147483684 2147483702 2147483705 2147483706 2147483708 2147483711 2147483712 2147483713 2147483714 2147483715 2147483716 2147483718 2147483719 2147483721 2147483723 2147483729 2147483730 26 22 25 27 32 263 264 265 266 2147483663 2147483664 2147483665 2147483667 2147483671 2147483673 2147483679 2147483682 2147483684 2147483702 2147483705 2147483706 2147483708 2147483711 2147483712 2147483713 2147483714 2147483715 2147483716 2147483718 2147483719 2147483721 2147483723 2147483729 2147483730 
2147483663 2147483648 2147483650 2147483651 2147483654 2147483662 2147483648 2147483650 2147483651 2147483654 2147483662 2147483664 2147483665 2147483667 2147483671 2147483673 2147483679 2147483682 2147483684 2147483729 2147483730 32 26 22 25 27 263 264 265 266 2147483664 2147483665 2147483667 2147483671 2147483673 2147483679 2147483682 2147483684 2147483729 2147483730 
2147483664 2147483648 2147483650 2147483651 2147483654 2147483662 2147483663 2147483648 2147483650 2147483651 2147483654 2147483662 2147483663 2147483665 2147483667 2147483671 2147483673 2147483679 2147483682 2147483684 2147483729 2147483730 54 57 49 52 53 127 128 129 130 2147483665 2147483667 2147483671 2147483673 2147483679 2147483682 2147483684 2147483729 2147483730 
2147483665 2147483648 2147483650 2147483651 2147483654 2147483662 2147483663 2147483664 2147483648 2147483650 2147483651 2147483654 2147483662 2147483663 2147483664 2147483667 2147483671 2147483673 2147483679 2147483682 2147483684 2147483702 2147483705 2147483706 2147483729 2147483730 52 49 54 57 53 127 128 129 130 2147483667 2147483671 2147483673 2147483679 2147483682 2147483684 2147483702 2147483705 2147483706 2147483729 2147483730 
2147483667 2147483648 2147483650 2147483651 2147483662 2147483663 2147483664 2147483665 2147483648 2147483650 2147483651 2147483662 2147483663 2147483664 2147483665 2147483729 2147483729 
2147483671 2147483648 2147483662 2147483663 2147483664 2147483665 2147483648 2147483662 2147483663 2147483664 2147483665 2147483729 2147483729 
2147483673 2147483648 2147483662 2147483663 2147483664 2147483665 2147483648 2147483662 2147483663 2147483664 2147483665 32 
2147483679 2147483648 2147483662 2147483663 2147483664 2147483665 2147483648 2147483662 2147483663 2147483664 2147483665 2147483729 2147483730 2147483729 2147483730 
2147483682 2147483654 2147483662 2147483663 2147483664 2147483665 2147483654 2147483662 2147483663 2147483664 2147483665 2147483684 2147483684 
2147483684 2147483654 2147483662 2147483663 2147483664 2147483665 2147483682 2147483654 2147483662 2147483663 2147483664 2147483665 2147483682 53 
2147483702 2147483662 2147483665 2147483662 2147483665 2147483705 2147483729 2147483730 2147483705 2147483729 2147483730 
2147483705 2147483662 2147483665 2147483702 2147483662 2147483665 2147483702 2147483729 2147483730 2147483729 2147483730 
2147483706 2147483662 2147483665 2147483662 2147483665 2147483729 2147483729 
2147483708 2147483662 2147483662 2147483729 2147483729 
2147483711 2147483662 2147483662 2147483712 2147483729 2147483712 2147483729 
2147483712 2147483662 2147483711 2147483662 2147483711 2147483729 2147483729 
2147483713 2147483662 2147483662 2147483714 2147483729 2147483714 2147483729 
2147483714 2147483662 2147483713 2147483662 2147483713 2147483729 2147483729 
2147483715 2147483662 2147483662 2147483716 2147483729 2147483716 2147483729 
2147483716 2147483662 2147483715 2147483662 2147483715 2147483729 2147483729 
2147483718 2147483660 2147483661 2147483662 2147483660 2147483661 2147483662 2147483729 2147483729 
2147483719 2147483660 2147483662 2147483660 2147483662 2147483721 2147483729 2147483721 2147483729 
2147483721 2147483660 2147483662 2147483719 2147483660 2147483662 2147483719 2147483723 2147483729 2147483723 2147483729 
2147483723 2147483662 2147483721 2147483662 2147483721 2147483729 54 57 53 2147483729 
2147483729 2147483648 2147483650 2147483651 2147483660 2147483661 2147483662 2147483663 2147483664 2147483665 2147483667 2147483671 2147483679 2147483702 2147483705 2147483706 2147483708 2147483711 2147483712 2147483713 2147483714 2147483715 2147483716 2147483718 2147483719 2147483721 2147483723 2147483648 2147483650 2147483651 2147483660 2147483661 2147483662 2147483663 2147483664 2147483665 2147483667 2147483671 2147483679 2147483702 2147483705 2147483706 2147483708 2147483711 2147483712 2147483713 2147483714 2147483715 2147483716 2147483718 2147483719 2147483721 2147483723 2147483730 49 54 52 57 53 127 128 129 130 2147483730 
2147483730 2147483648 2147483662 2147483663 2147483664 2147483665 2147483679 2147483702 2147483705 2147483729 2147483648 2147483662 2147483663 2147483664 2147483665 2147483679 2147483702 2147483705 2147483729 
