22 
23 
24 
25 
26 
27 
32 
49 
50 
51 
52 
53 
54 
57 
127 
128 
129 
130 
131 
132 
133 
134 
263 
264 
265 
266 
267 
268 
269 
270 
2147483652 2147483656 2147483661 2147483666 2147483670 2147483673 2147483679 2147483680 2147483681 2147483682 2147483683 2147483684 2147483656 2147483661 2147483666 2147483670 2147483673 2147483679 2147483680 2147483681 2147483682 2147483683 2147483684 
2147483656 2147483652 2147483652 2147483661 2147483673 2147483679 2147483680 2147483681 2147483684 2147483661 2147483673 2147483679 2147483680 2147483681 2147483684 
2147483661 2147483652 2147483656 2147483652 2147483656 2147483662 2147483666 2147483670 2147483673 2147483675 2147483679 2147483680 2147483681 2147483682 2147483683 2147483684 2147483685 2147483662 2147483666 2147483670 2147483673 2147483675 2147483679 2147483680 2147483681 2147483682 2147483683 2147483684 2147483685 
2147483662 2147483661 2147483661 2147483679 2147483680 2147483679 2147483680 
2147483666 2147483652 2147483661 2147483652 2147483661 2147483679 2147483680 2147483683 2147483679 2147483680 2147483683 
2147483670 2147483652 2147483661 2147483652 2147483661 2147483679 2147483680 2147483681 2147483682 2147483679 2147483680 2147483681 2147483682 
2147483673 2147483652 2147483656 2147483661 2147483652 2147483656 2147483661 2147483679 2147483680 2147483681 2147483684 2147483679 2147483680 2147483681 2147483684 
2147483675 2147483661 2147483661 2147483685 2147483685 
2147483679 2147483652 2147483656 2147483661 2147483662 2147483666 2147483670 2147483673 2147483652 2147483656 2147483661 2147483662 2147483666 2147483670 2147483673 2147483680 2147483681 2147483682 2147483683 2147483684 2147483680 2147483681 2147483682 2147483683 2147483684 
2147483680 2147483652 2147483656 2147483661 2147483662 2147483666 2147483670 2147483673 2147483679 2147483652 2147483656 2147483661 2147483662 2147483666 2147483670 2147483673 2147483679 2147483681 2147483682 2147483683 2147483684 2147483681 2147483682 2147483683 2147483684 
2147483681 2147483652 2147483656 2147483661 2147483670 2147483673 2147483679 2147483680 2147483652 2147483656 2147483661 2147483670 2147483673 2147483679 2147483680 2147483682 2147483684 2147483682 2147483684 
2147483682 2147483652 2147483661 2147483670 2147483679 2147483680 2147483681 2147483652 2147483661 2147483670 2147483679 2147483680 2147483681 
2147483683 2147483652 2147483661 2147483666 2147483679 2147483680 2147483652 2147483661 2147483666 2147483679 2147483680 
2147483684 2147483652 2147483656 2147483661 2147483673 2147483679 2147483680 2147483681 2147483652 2147483656 2147483661 2147483673 2147483679 2147483680 2147483681 
2147483685 2147483661 2147483675 2147483661 2147483675 
