2 
3 
5 
6 
8 
9 
11 
13 
16 
18 
19 
21 
22 2147483664 2147483676 2147483704 2147483781 2147483862 
23 
24 
25 2147483664 2147483676 2147483704 2147483781 2147483862 
26 2147483664 2147483676 2147483704 2147483781 2147483853 2147483862 
27 2147483664 2147483676 2147483704 2147483781 2147483862 
32 2147483651 2147483664 2147483676 2147483704 2147483716 2147483759 2147483763 2147483781 2147483796 2147483800 2147483803 2147483807 2147483862 
49 2147483650 2147483652 2147483653 2147483657 2147483661 2147483665 2147483673 2147483677 2147483683 2147483684 2147483700 2147483705 2147483863 2147483865 2147483866 2147483867 
50 
51 
52 2147483650 2147483652 2147483653 2147483657 2147483661 2147483665 2147483673 2147483677 2147483683 2147483684 2147483700 2147483705 2147483863 2147483865 2147483866 2147483867 
53 2147483650 2147483652 2147483653 2147483657 2147483661 2147483665 2147483673 2147483677 2147483683 2147483684 2147483700 2147483705 2147483809 2147483863 2147483865 2147483866 2147483867 
54 2147483650 2147483652 2147483653 2147483657 2147483661 2147483665 2147483673 2147483677 2147483683 2147483684 2147483700 2147483705 2147483809 2147483863 2147483865 2147483866 2147483867 
57 2147483650 2147483652 2147483653 2147483657 2147483661 2147483665 2147483673 2147483677 2147483683 2147483684 2147483700 2147483705 2147483809 2147483863 2147483865 2147483866 2147483867 
59 
61 
127 2147483650 2147483652 2147483653 2147483657 2147483661 2147483665 2147483673 2147483677 2147483683 2147483684 2147483700 2147483705 2147483863 2147483865 2147483866 2147483867 
128 2147483650 2147483652 2147483653 2147483657 2147483661 2147483665 2147483673 2147483677 2147483683 2147483684 2147483700 2147483705 2147483863 2147483865 2147483866 2147483867 
129 2147483650 2147483652 2147483653 2147483657 2147483661 2147483665 2147483673 2147483677 2147483683 2147483684 2147483700 2147483705 2147483863 2147483865 2147483866 2147483867 
130 2147483650 2147483652 2147483653 2147483657 2147483661 2147483665 2147483673 2147483677 2147483683 2147483684 2147483700 2147483705 2147483863 2147483865 2147483866 2147483867 
131 
132 
133 
134 
247 
248 
249 
250 
251 
252 
253 
254 
263 2147483664 2147483676 2147483704 2147483781 2147483862 
264 2147483664 2147483676 2147483704 2147483781 2147483862 
265 2147483664 2147483676 2147483704 2147483781 2147483862 
266 2147483664 2147483676 2147483704 2147483781 2147483862 
267 
268 
269 
270 
271 
272 
273 
274 
275 
276 
277 
278 
2147483649 2147483650 2147483704 2147483705 2147483706 2147483650 2147483704 2147483705 2147483706 
2147483650 2147483649 2147483649 2147483651 2147483652 2147483653 2147483657 2147483661 2147483662 2147483663 2147483664 2147483665 2147483673 2147483674 2147483675 2147483676 2147483677 2147483683 2147483684 2147483693 2147483700 2147483702 2147483704 2147483705 2147483706 2147483716 2147483728 2147483729 2147483734 2147483738 2147483743 2147483745 2147483747 2147483750 2147483759 2147483763 2147483772 2147483775 2147483780 2147483781 2147483782 2147483784 2147483787 2147483796 2147483800 2147483803 2147483807 2147483812 2147483815 2147483816 2147483817 2147483820 2147483821 2147483824 2147483826 2147483827 2147483830 2147483831 2147483839 2147483840 2147483845 2147483852 2147483853 2147483854 2147483860 2147483861 2147483862 2147483863 2147483864 2147483865 2147483866 2147483867 2147483868 2147483869 54 49 52 57 53 127 128 129 130 2147483651 2147483652 2147483653 2147483657 2147483661 2147483662 2147483663 2147483664 2147483665 2147483673 2147483674 2147483675 2147483676 2147483677 2147483683 2147483684 2147483693 2147483700 2147483702 2147483704 2147483705 2147483706 2147483716 2147483728 2147483729 2147483734 2147483738 2147483743 2147483745 2147483747 2147483750 2147483759 2147483763 2147483772 2147483775 2147483780 2147483781 2147483782 2147483784 2147483787 2147483796 2147483800 2147483803 2147483807 2147483812 2147483815 2147483816 2147483817 2147483820 2147483821 2147483824 2147483826 2147483827 2147483830 2147483831 2147483839 2147483840 2147483845 2147483852 2147483853 2147483854 2147483860 2147483861 2147483862 2147483863 2147483864 2147483865 2147483866 2147483867 2147483868 2147483869 
2147483651 2147483650 2147483650 32 
2147483652 2147483650 2147483650 2147483653 2147483657 2147483661 2147483662 2147483663 2147483664 2147483665 2147483673 2147483674 2147483675 2147483676 2147483677 2147483704 2147483705 2147483728 2147483729 2147483734 2147483738 2147483743 2147483745 2147483747 2147483750 2147483759 2147483763 2147483772 2147483775 2147483780 2147483781 2147483782 2147483784 2147483787 2147483796 2147483800 2147483803 2147483807 2147483861 2147483862 2147483863 2147483864 2147483865 2147483866 49 52 54 57 53 127 128 129 130 2147483653 2147483657 2147483661 2147483662 2147483663 2147483664 2147483665 2147483673 2147483674 2147483675 2147483676 2147483677 2147483704 2147483705 2147483728 2147483729 2147483734 2147483738 2147483743 2147483745 2147483747 2147483750 2147483759 2147483763 2147483772 2147483775 2147483780 2147483781 2147483782 2147483784 2147483787 2147483796 2147483800 2147483803 2147483807 2147483861 2147483862 2147483863 2147483864 2147483865 2147483866 
2147483653 2147483650 2147483652 2147483650 2147483652 2147483657 2147483661 2147483662 2147483663 2147483664 2147483665 2147483673 2147483674 2147483675 2147483676 2147483677 2147483704 2147483705 2147483734 2147483738 2147483743 2147483745 2147483747 2147483750 2147483759 2147483763 2147483772 2147483775 2147483780 2147483781 2147483782 2147483784 2147483787 2147483796 2147483800 2147483803 2147483807 2147483861 2147483862 2147483863 2147483864 2147483865 2147483866 49 52 54 57 53 127 128 129 130 2147483657 2147483661 2147483662 2147483663 2147483664 2147483665 2147483673 2147483674 2147483675 2147483676 2147483677 2147483704 2147483705 2147483734 2147483738 2147483743 2147483745 2147483747 2147483750 2147483759 2147483763 2147483772 2147483775 2147483780 2147483781 2147483782 2147483784 2147483787 2147483796 2147483800 2147483803 2147483807 2147483861 2147483862 2147483863 2147483864 2147483865 2147483866 
2147483657 2147483650 2147483652 2147483653 2147483650 2147483652 2147483653 2147483661 2147483662 2147483663 2147483664 2147483665 2147483673 2147483674 2147483675 2147483676 2147483677 2147483704 2147483705 2147483738 2147483743 2147483745 2147483747 2147483750 2147483759 2147483763 2147483772 2147483775 2147483780 2147483781 2147483782 2147483784 2147483787 2147483796 2147483800 2147483862 2147483863 2147483864 2147483865 2147483866 49 52 54 57 53 127 128 129 130 2147483661 2147483662 2147483663 2147483664 2147483665 2147483673 2147483674 2147483675 2147483676 2147483677 2147483704 2147483705 2147483738 2147483743 2147483745 2147483747 2147483750 2147483759 2147483763 2147483772 2147483775 2147483780 2147483781 2147483782 2147483784 2147483787 2147483796 2147483800 2147483862 2147483863 2147483864 2147483865 2147483866 
2147483661 2147483650 2147483652 2147483653 2147483657 2147483650 2147483652 2147483653 2147483657 2147483662 2147483663 2147483704 2147483705 2147483738 2147483743 2147483745 2147483781 2147483862 2147483863 49 52 54 57 53 127 128 129 130 2147483662 2147483663 2147483704 2147483705 2147483738 2147483743 2147483745 2147483781 2147483862 2147483863 
2147483662 2147483650 2147483652 2147483653 2147483657 2147483661 2147483650 2147483652 2147483653 2147483657 2147483661 2147483663 2147483704 2147483705 2147483781 2147483862 2147483863 2147483663 2147483704 2147483705 2147483781 2147483862 2147483863 
2147483663 2147483650 2147483652 2147483653 2147483657 2147483661 2147483662 2147483650 2147483652 2147483653 2147483657 2147483661 2147483662 2147483704 2147483705 2147483738 2147483781 2147483862 2147483863 2147483704 2147483705 2147483738 2147483781 2147483862 2147483863 
2147483664 2147483650 2147483652 2147483653 2147483657 2147483650 2147483652 2147483653 2147483657 2147483665 2147483704 2147483705 2147483747 2147483750 2147483781 2147483862 2147483863 26 22 25 27 32 263 264 265 266 2147483665 2147483704 2147483705 2147483747 2147483750 2147483781 2147483862 2147483863 
2147483665 2147483650 2147483652 2147483653 2147483657 2147483664 2147483650 2147483652 2147483653 2147483657 2147483664 2147483704 2147483705 2147483747 2147483750 2147483759 2147483763 2147483781 2147483862 2147483863 54 49 52 57 53 127 128 129 130 2147483704 2147483705 2147483747 2147483750 2147483759 2147483763 2147483781 2147483862 2147483863 
2147483673 2147483650 2147483652 2147483653 2147483657 2147483650 2147483652 2147483653 2147483657 2147483674 2147483675 2147483704 2147483705 2147483775 2147483780 2147483781 2147483782 2147483862 2147483865 2147483866 49 52 54 57 53 127 128 129 130 2147483674 2147483675 2147483704 2147483705 2147483775 2147483780 2147483781 2147483782 2147483862 2147483865 2147483866 
2147483674 2147483650 2147483652 2147483653 2147483657 2147483673 2147483650 2147483652 2147483653 2147483657 2147483673 2147483675 2147483704 2147483705 2147483781 2147483862 2147483865 2147483866 2147483675 2147483704 2147483705 2147483781 2147483862 2147483865 2147483866 
2147483675 2147483650 2147483652 2147483653 2147483657 2147483673 2147483674 2147483650 2147483652 2147483653 2147483657 2147483673 2147483674 2147483704 2147483705 2147483775 2147483781 2147483862 2147483865 2147483866 2147483704 2147483705 2147483775 2147483781 2147483862 2147483865 2147483866 
2147483676 2147483650 2147483652 2147483653 2147483657 2147483650 2147483652 2147483653 2147483657 2147483677 2147483704 2147483705 2147483781 2147483784 2147483787 2147483862 2147483865 2147483866 26 22 25 27 32 263 264 265 266 2147483677 2147483704 2147483705 2147483781 2147483784 2147483787 2147483862 2147483865 2147483866 
2147483677 2147483650 2147483652 2147483653 2147483657 2147483676 2147483650 2147483652 2147483653 2147483657 2147483676 2147483704 2147483705 2147483781 2147483784 2147483787 2147483796 2147483800 2147483862 2147483865 2147483866 54 49 52 57 53 127 128 129 130 2147483704 2147483705 2147483781 2147483784 2147483787 2147483796 2147483800 2147483862 2147483865 2147483866 
2147483683 2147483650 2147483650 2147483684 2147483693 2147483700 2147483704 2147483705 2147483815 2147483816 2147483817 2147483820 2147483821 2147483824 2147483826 2147483827 2147483830 2147483831 2147483839 2147483840 2147483845 2147483852 2147483867 2147483868 2147483869 49 52 54 57 53 127 128 129 130 2147483684 2147483693 2147483700 2147483704 2147483705 2147483815 2147483816 2147483817 2147483820 2147483821 2147483824 2147483826 2147483827 2147483830 2147483831 2147483839 2147483840 2147483845 2147483852 2147483867 2147483868 2147483869 
2147483684 2147483650 2147483683 2147483650 2147483683 2147483693 2147483704 2147483705 2147483821 2147483824 2147483826 2147483827 2147483830 2147483831 2147483839 2147483840 2147483845 2147483867 2147483868 2147483869 49 52 54 57 53 127 128 129 130 2147483693 2147483704 2147483705 2147483821 2147483824 2147483826 2147483827 2147483830 2147483831 2147483839 2147483840 2147483845 2147483867 2147483868 2147483869 
2147483693 2147483650 2147483683 2147483684 2147483650 2147483683 2147483684 2147483704 2147483705 2147483839 2147483840 2147483845 2147483867 2147483868 2147483869 2147483704 2147483705 2147483839 2147483840 2147483845 2147483867 2147483868 2147483869 
2147483700 2147483650 2147483683 2147483650 2147483683 2147483704 2147483705 2147483852 49 52 54 57 53 127 128 129 130 2147483704 2147483705 2147483852 
2147483702 2147483650 2147483650 2147483704 2147483705 2147483704 2147483705 
2147483704 2147483649 2147483650 2147483652 2147483653 2147483657 2147483661 2147483662 2147483663 2147483664 2147483665 2147483673 2147483674 2147483675 2147483676 2147483677 2147483683 2147483684 2147483693 2147483700 2147483702 2147483649 2147483650 2147483652 2147483653 2147483657 2147483661 2147483662 2147483663 2147483664 2147483665 2147483673 2147483674 2147483675 2147483676 2147483677 2147483683 2147483684 2147483693 2147483700 2147483702 2147483705 2147483706 2147483728 2147483729 2147483734 2147483738 2147483743 2147483745 2147483747 2147483750 2147483759 2147483763 2147483772 2147483775 2147483780 2147483781 2147483782 2147483784 2147483787 2147483796 2147483800 2147483803 2147483807 2147483809 2147483812 2147483815 2147483816 2147483817 2147483820 2147483821 2147483824 2147483826 2147483827 2147483830 2147483831 2147483839 2147483840 2147483845 2147483852 2147483853 2147483854 2147483861 2147483862 2147483863 2147483864 2147483865 2147483866 2147483867 2147483868 2147483869 26 22 25 27 32 263 264 265 266 2147483705 2147483706 2147483728 2147483729 2147483734 2147483738 2147483743 2147483745 2147483747 2147483750 2147483759 2147483763 2147483772 2147483775 2147483780 2147483781 2147483782 2147483784 2147483787 2147483796 2147483800 2147483803 2147483807 2147483809 2147483812 2147483815 2147483816 2147483817 2147483820 2147483821 2147483824 2147483826 2147483827 2147483830 2147483831 2147483839 2147483840 2147483845 2147483852 2147483853 2147483854 2147483861 2147483862 2147483863 2147483864 2147483865 2147483866 2147483867 2147483868 2147483869 
2147483705 2147483649 2147483650 2147483652 2147483653 2147483657 2147483661 2147483662 2147483663 2147483664 2147483665 2147483673 2147483674 2147483675 2147483676 2147483677 2147483683 2147483684 2147483693 2147483700 2147483702 2147483704 2147483649 2147483650 2147483652 2147483653 2147483657 2147483661 2147483662 2147483663 2147483664 2147483665 2147483673 2147483674 2147483675 2147483676 2147483677 2147483683 2147483684 2147483693 2147483700 2147483702 2147483704 2147483706 2147483728 2147483729 2147483734 2147483738 2147483743 2147483745 2147483747 2147483750 2147483759 2147483763 2147483772 2147483775 2147483780 2147483781 2147483782 2147483784 2147483787 2147483796 2147483800 2147483803 2147483807 2147483809 2147483812 2147483815 2147483816 2147483817 2147483820 2147483821 2147483824 2147483826 2147483827 2147483830 2147483831 2147483839 2147483840 2147483845 2147483852 2147483853 2147483854 2147483861 2147483862 2147483863 2147483864 2147483865 2147483866 2147483867 2147483868 2147483869 57 54 52 49 53 127 128 129 130 2147483706 2147483728 2147483729 2147483734 2147483738 2147483743 2147483745 2147483747 2147483750 2147483759 2147483763 2147483772 2147483775 2147483780 2147483781 2147483782 2147483784 2147483787 2147483796 2147483800 2147483803 2147483807 2147483809 2147483812 2147483815 2147483816 2147483817 2147483820 2147483821 2147483824 2147483826 2147483827 2147483830 2147483831 2147483839 2147483840 2147483845 2147483852 2147483853 2147483854 2147483861 2147483862 2147483863 2147483864 2147483865 2147483866 2147483867 2147483868 2147483869 
2147483706 2147483649 2147483650 2147483704 2147483705 2147483649 2147483650 2147483704 2147483705 
2147483716 2147483650 2147483650 32 
2147483728 2147483650 2147483652 2147483704 2147483705 2147483650 2147483652 2147483704 2147483705 
2147483729 2147483650 2147483652 2147483704 2147483705 2147483650 2147483652 2147483704 2147483705 
2147483734 2147483650 2147483652 2147483653 2147483704 2147483705 2147483650 2147483652 2147483653 2147483704 2147483705 2147483781 2147483861 2147483862 2147483781 2147483861 2147483862 
2147483738 2147483650 2147483652 2147483653 2147483657 2147483661 2147483663 2147483704 2147483705 2147483650 2147483652 2147483653 2147483657 2147483661 2147483663 2147483704 2147483705 2147483781 2147483862 2147483863 2147483781 2147483862 2147483863 
2147483743 2147483650 2147483652 2147483653 2147483657 2147483661 2147483704 2147483705 2147483650 2147483652 2147483653 2147483657 2147483661 2147483704 2147483705 2147483781 2147483862 2147483863 2147483781 2147483862 2147483863 
2147483745 2147483650 2147483652 2147483653 2147483657 2147483661 2147483704 2147483705 2147483650 2147483652 2147483653 2147483657 2147483661 2147483704 2147483705 2147483781 2147483862 2147483863 2147483781 2147483862 2147483863 
2147483747 2147483650 2147483652 2147483653 2147483657 2147483664 2147483665 2147483704 2147483705 2147483650 2147483652 2147483653 2147483657 2147483664 2147483665 2147483704 2147483705 2147483781 2147483862 2147483863 2147483781 2147483862 2147483863 
2147483750 2147483650 2147483652 2147483653 2147483657 2147483664 2147483665 2147483704 2147483705 2147483650 2147483652 2147483653 2147483657 2147483664 2147483665 2147483704 2147483705 2147483781 2147483862 2147483863 2147483781 2147483862 2147483863 
2147483759 2147483650 2147483652 2147483653 2147483657 2147483665 2147483704 2147483705 2147483650 2147483652 2147483653 2147483657 2147483665 2147483704 2147483705 2147483781 2147483862 2147483863 32 2147483781 2147483862 2147483863 
2147483763 2147483650 2147483652 2147483653 2147483657 2147483665 2147483704 2147483705 2147483650 2147483652 2147483653 2147483657 2147483665 2147483704 2147483705 2147483781 2147483862 2147483863 32 2147483781 2147483862 2147483863 
2147483772 2147483650 2147483652 2147483653 2147483657 2147483704 2147483705 2147483650 2147483652 2147483653 2147483657 2147483704 2147483705 2147483781 2147483862 2147483865 2147483781 2147483862 2147483865 
2147483775 2147483650 2147483652 2147483653 2147483657 2147483673 2147483675 2147483704 2147483705 2147483650 2147483652 2147483653 2147483657 2147483673 2147483675 2147483704 2147483705 2147483781 2147483862 2147483865 2147483866 2147483781 2147483862 2147483865 2147483866 
2147483780 2147483650 2147483652 2147483653 2147483657 2147483673 2147483704 2147483705 2147483650 2147483652 2147483653 2147483657 2147483673 2147483704 2147483705 2147483781 2147483862 2147483865 2147483866 2147483781 2147483862 2147483865 2147483866 
2147483781 2147483650 2147483652 2147483653 2147483657 2147483661 2147483662 2147483663 2147483664 2147483665 2147483673 2147483674 2147483675 2147483676 2147483677 2147483704 2147483705 2147483734 2147483738 2147483743 2147483745 2147483747 2147483750 2147483759 2147483763 2147483772 2147483775 2147483780 2147483650 2147483652 2147483653 2147483657 2147483661 2147483662 2147483663 2147483664 2147483665 2147483673 2147483674 2147483675 2147483676 2147483677 2147483704 2147483705 2147483734 2147483738 2147483743 2147483745 2147483747 2147483750 2147483759 2147483763 2147483772 2147483775 2147483780 2147483782 2147483784 2147483787 2147483796 2147483800 2147483803 2147483807 2147483861 2147483862 2147483863 2147483864 2147483865 2147483866 22 25 27 32 26 263 264 265 266 2147483782 2147483784 2147483787 2147483796 2147483800 2147483803 2147483807 2147483861 2147483862 2147483863 2147483864 2147483865 2147483866 
2147483782 2147483650 2147483652 2147483653 2147483657 2147483673 2147483704 2147483705 2147483781 2147483650 2147483652 2147483653 2147483657 2147483673 2147483704 2147483705 2147483781 2147483862 2147483865 2147483866 2147483862 2147483865 2147483866 
2147483784 2147483650 2147483652 2147483653 2147483657 2147483676 2147483677 2147483704 2147483705 2147483781 2147483650 2147483652 2147483653 2147483657 2147483676 2147483677 2147483704 2147483705 2147483781 2147483862 2147483865 2147483866 2147483862 2147483865 2147483866 
2147483787 2147483650 2147483652 2147483653 2147483657 2147483676 2147483677 2147483704 2147483705 2147483781 2147483650 2147483652 2147483653 2147483657 2147483676 2147483677 2147483704 2147483705 2147483781 2147483862 2147483865 2147483866 2147483862 2147483865 2147483866 
2147483796 2147483650 2147483652 2147483653 2147483657 2147483677 2147483704 2147483705 2147483781 2147483650 2147483652 2147483653 2147483657 2147483677 2147483704 2147483705 2147483781 2147483862 2147483865 2147483866 32 2147483862 2147483865 2147483866 
2147483800 2147483650 2147483652 2147483653 2147483657 2147483677 2147483704 2147483705 2147483781 2147483650 2147483652 2147483653 2147483657 2147483677 2147483704 2147483705 2147483781 2147483862 2147483865 2147483866 32 2147483862 2147483865 2147483866 
2147483803 2147483650 2147483652 2147483653 2147483704 2147483705 2147483781 2147483650 2147483652 2147483653 2147483704 2147483705 2147483781 2147483862 32 2147483862 
2147483807 2147483650 2147483652 2147483653 2147483704 2147483705 2147483781 2147483650 2147483652 2147483653 2147483704 2147483705 2147483781 2147483862 32 2147483862 
2147483809 2147483704 2147483705 2147483704 2147483705 54 57 53 
2147483812 2147483650 2147483704 2147483705 2147483650 2147483704 2147483705 
2147483815 2147483650 2147483683 2147483704 2147483705 2147483650 2147483683 2147483704 2147483705 
2147483816 2147483650 2147483683 2147483704 2147483705 2147483650 2147483683 2147483704 2147483705 
2147483817 2147483650 2147483683 2147483704 2147483705 2147483650 2147483683 2147483704 2147483705 
2147483820 2147483650 2147483683 2147483704 2147483705 2147483650 2147483683 2147483704 2147483705 
2147483821 2147483650 2147483683 2147483684 2147483704 2147483705 2147483650 2147483683 2147483684 2147483704 2147483705 2147483867 2147483867 
2147483824 2147483650 2147483683 2147483684 2147483704 2147483705 2147483650 2147483683 2147483684 2147483704 2147483705 2147483830 2147483831 2147483867 2147483830 2147483831 2147483867 
2147483826 2147483650 2147483683 2147483684 2147483704 2147483705 2147483650 2147483683 2147483684 2147483704 2147483705 2147483867 2147483867 
2147483827 2147483650 2147483683 2147483684 2147483704 2147483705 2147483650 2147483683 2147483684 2147483704 2147483705 2147483867 2147483867 
2147483830 2147483650 2147483683 2147483684 2147483704 2147483705 2147483824 2147483650 2147483683 2147483684 2147483704 2147483705 2147483824 2147483867 2147483867 
2147483831 2147483650 2147483683 2147483684 2147483704 2147483705 2147483824 2147483650 2147483683 2147483684 2147483704 2147483705 2147483824 2147483867 2147483867 
2147483839 2147483650 2147483683 2147483684 2147483693 2147483704 2147483705 2147483650 2147483683 2147483684 2147483693 2147483704 2147483705 2147483840 2147483845 2147483867 2147483868 2147483869 2147483840 2147483845 2147483867 2147483868 2147483869 
2147483840 2147483650 2147483683 2147483684 2147483693 2147483704 2147483705 2147483839 2147483650 2147483683 2147483684 2147483693 2147483704 2147483705 2147483839 2147483867 2147483868 2147483869 2147483867 2147483868 2147483869 
2147483845 2147483650 2147483683 2147483684 2147483693 2147483704 2147483705 2147483839 2147483650 2147483683 2147483684 2147483693 2147483704 2147483705 2147483839 2147483867 2147483868 2147483869 2147483867 2147483868 2147483869 
2147483852 2147483650 2147483683 2147483700 2147483704 2147483705 2147483650 2147483683 2147483700 2147483704 2147483705 
2147483853 2147483650 2147483704 2147483705 2147483650 2147483704 2147483705 2147483854 26 2147483854 
2147483854 2147483650 2147483704 2147483705 2147483853 2147483650 2147483704 2147483705 2147483853 
2147483860 2147483650 2147483650 
2147483861 2147483650 2147483652 2147483653 2147483704 2147483705 2147483734 2147483781 2147483650 2147483652 2147483653 2147483704 2147483705 2147483734 2147483781 2147483862 2147483862 
2147483862 2147483650 2147483652 2147483653 2147483657 2147483661 2147483662 2147483663 2147483664 2147483665 2147483673 2147483674 2147483675 2147483676 2147483677 2147483704 2147483705 2147483734 2147483738 2147483743 2147483745 2147483747 2147483750 2147483759 2147483763 2147483772 2147483775 2147483780 2147483781 2147483782 2147483784 2147483787 2147483796 2147483800 2147483803 2147483807 2147483861 2147483650 2147483652 2147483653 2147483657 2147483661 2147483662 2147483663 2147483664 2147483665 2147483673 2147483674 2147483675 2147483676 2147483677 2147483704 2147483705 2147483734 2147483738 2147483743 2147483745 2147483747 2147483750 2147483759 2147483763 2147483772 2147483775 2147483780 2147483781 2147483782 2147483784 2147483787 2147483796 2147483800 2147483803 2147483807 2147483861 2147483863 2147483864 2147483865 2147483866 22 25 27 32 26 263 264 265 266 2147483863 2147483864 2147483865 2147483866 
2147483863 2147483650 2147483652 2147483653 2147483657 2147483661 2147483662 2147483663 2147483664 2147483665 2147483704 2147483705 2147483738 2147483743 2147483745 2147483747 2147483750 2147483759 2147483763 2147483781 2147483862 2147483650 2147483652 2147483653 2147483657 2147483661 2147483662 2147483663 2147483664 2147483665 2147483704 2147483705 2147483738 2147483743 2147483745 2147483747 2147483750 2147483759 2147483763 2147483781 2147483862 2147483864 49 52 54 57 53 127 128 129 130 2147483864 
2147483864 2147483650 2147483652 2147483653 2147483657 2147483704 2147483705 2147483781 2147483862 2147483863 2147483650 2147483652 2147483653 2147483657 2147483704 2147483705 2147483781 2147483862 2147483863 2147483865 2147483865 
2147483865 2147483650 2147483652 2147483653 2147483657 2147483673 2147483674 2147483675 2147483676 2147483677 2147483704 2147483705 2147483772 2147483775 2147483780 2147483781 2147483782 2147483784 2147483787 2147483796 2147483800 2147483862 2147483864 2147483650 2147483652 2147483653 2147483657 2147483673 2147483674 2147483675 2147483676 2147483677 2147483704 2147483705 2147483772 2147483775 2147483780 2147483781 2147483782 2147483784 2147483787 2147483796 2147483800 2147483862 2147483864 2147483866 49 52 54 57 53 127 128 129 130 2147483866 
2147483866 2147483650 2147483652 2147483653 2147483657 2147483673 2147483674 2147483675 2147483676 2147483677 2147483704 2147483705 2147483775 2147483780 2147483781 2147483782 2147483784 2147483787 2147483796 2147483800 2147483862 2147483865 2147483650 2147483652 2147483653 2147483657 2147483673 2147483674 2147483675 2147483676 2147483677 2147483704 2147483705 2147483775 2147483780 2147483781 2147483782 2147483784 2147483787 2147483796 2147483800 2147483862 2147483865 49 52 54 57 53 127 128 129 130 
2147483867 2147483650 2147483683 2147483684 2147483693 2147483704 2147483705 2147483821 2147483824 2147483826 2147483827 2147483830 2147483831 2147483839 2147483840 2147483845 2147483650 2147483683 2147483684 2147483693 2147483704 2147483705 2147483821 2147483824 2147483826 2147483827 2147483830 2147483831 2147483839 2147483840 2147483845 2147483868 2147483869 49 52 54 57 53 127 128 129 130 2147483868 2147483869 
2147483868 2147483650 2147483683 2147483684 2147483693 2147483704 2147483705 2147483839 2147483840 2147483845 2147483867 2147483650 2147483683 2147483684 2147483693 2147483704 2147483705 2147483839 2147483840 2147483845 2147483867 2147483869 2147483869 
2147483869 2147483650 2147483683 2147483684 2147483693 2147483704 2147483705 2147483839 2147483840 2147483845 2147483867 2147483868 2147483650 2147483683 2147483684 2147483693 2147483704 2147483705 2147483839 2147483840 2147483845 2147483867 2147483868 
