2 
5 
8 
11 
18 
19 
22 2147483823 2147484101 2147484107 2147484118 2147484122 2147484128 2147484134 2147484140 2147484146 2147484152 2147484158 
23 
24 
25 2147483823 2147484101 2147484107 2147484118 2147484122 2147484128 2147484134 2147484140 2147484146 2147484152 2147484158 
26 2147483823 2147484101 2147484107 2147484118 2147484122 2147484128 2147484134 2147484140 2147484146 2147484152 2147484158 
27 2147483823 2147484101 2147484107 2147484118 2147484122 2147484128 2147484134 2147484140 2147484146 2147484152 2147484158 
32 2147483823 2147484101 2147484107 2147484118 2147484122 2147484128 2147484134 2147484140 2147484146 2147484152 2147484158 
49 2147483648 2147483670 2147483824 2147484098 2147484102 2147484103 2147484105 2147484111 2147484114 2147484119 2147484120 2147484126 2147484130 2147484132 2147484133 2147484138 2147484142 2147484144 2147484145 2147484150 2147484154 2147484156 2147484157 2147484162 
50 
51 
52 2147483648 2147483670 2147483824 2147484098 2147484102 2147484103 2147484105 2147484111 2147484114 2147484119 2147484120 2147484126 2147484130 2147484132 2147484133 2147484138 2147484142 2147484144 2147484145 2147484150 2147484154 2147484156 2147484157 2147484162 
53 2147483648 2147483670 2147483822 2147483824 2147483826 2147483827 2147484098 2147484102 2147484103 2147484105 2147484111 2147484114 2147484119 2147484120 2147484126 2147484130 2147484132 2147484133 2147484138 2147484142 2147484144 2147484145 2147484150 2147484154 2147484156 2147484157 2147484162 
54 2147483648 2147483670 2147483824 2147484098 2147484102 2147484103 2147484105 2147484111 2147484114 2147484119 2147484120 2147484126 2147484130 2147484132 2147484133 2147484138 2147484142 2147484144 2147484145 2147484150 2147484154 2147484156 2147484157 2147484162 
57 2147483648 2147483670 2147483824 2147483827 2147484098 2147484102 2147484103 2147484105 2147484111 2147484114 2147484119 2147484120 2147484126 2147484130 2147484132 2147484133 2147484138 2147484142 2147484144 2147484145 2147484150 2147484154 2147484156 2147484157 2147484162 
61 
127 2147483648 2147483670 2147483824 2147484098 2147484102 2147484103 2147484105 2147484111 2147484114 2147484119 2147484120 2147484126 2147484130 2147484132 2147484133 2147484138 2147484142 2147484144 2147484145 2147484150 2147484154 2147484156 2147484157 2147484162 
128 2147483648 2147483670 2147483824 2147484098 2147484102 2147484103 2147484105 2147484111 2147484114 2147484119 2147484120 2147484126 2147484130 2147484132 2147484133 2147484138 2147484142 2147484144 2147484145 2147484150 2147484154 2147484156 2147484157 2147484162 
129 2147483648 2147483670 2147483824 2147484098 2147484102 2147484103 2147484105 2147484111 2147484114 2147484119 2147484120 2147484126 2147484130 2147484132 2147484133 2147484138 2147484142 2147484144 2147484145 2147484150 2147484154 2147484156 2147484157 2147484162 
130 2147483648 2147483670 2147483824 2147484098 2147484102 2147484103 2147484105 2147484111 2147484114 2147484119 2147484120 2147484126 2147484130 2147484132 2147484133 2147484138 2147484142 2147484144 2147484145 2147484150 2147484154 2147484156 2147484157 2147484162 
131 
132 
133 
134 
247 
248 
249 
250 
251 
252 
253 
254 
263 2147483823 2147484101 2147484107 2147484118 2147484122 2147484128 2147484134 2147484140 2147484146 2147484152 2147484158 
264 2147483823 2147484101 2147484107 2147484118 2147484122 2147484128 2147484134 2147484140 2147484146 2147484152 2147484158 
265 2147483823 2147484101 2147484107 2147484118 2147484122 2147484128 2147484134 2147484140 2147484146 2147484152 2147484158 
266 2147483823 2147484101 2147484107 2147484118 2147484122 2147484128 2147484134 2147484140 2147484146 2147484152 2147484158 
267 
268 
269 
270 
2147483648 2147483822 2147483823 2147483824 2147483825 2147483826 2147483827 2147483829 49 52 54 57 53 127 128 129 130 2147483822 2147483823 2147483824 2147483825 2147483826 2147483827 2147483829 
2147483657 2147483823 2147483824 2147484096 2147483823 2147483824 2147484096 
2147483666 
2147483670 2147483680 2147484064 2147484075 2147484076 2147484078 2147484079 2147484080 2147484098 2147484099 2147484101 49 52 54 57 53 127 128 129 130 2147483680 2147484064 2147484075 2147484076 2147484078 2147484079 2147484080 2147484098 2147484099 2147484101 
2147483680 2147483670 2147483670 2147484101 2147484101 
2147483701 
2147483702 
2147483703 
2147483704 
2147483705 
2147483707 
2147483820 2147483822 2147483823 2147483824 2147483822 2147483823 2147483824 
2147483822 2147483648 2147483820 2147483648 2147483820 2147483823 2147483824 2147483825 53 2147483823 2147483824 2147483825 
2147483823 2147483648 2147483657 2147483820 2147483822 2147483648 2147483657 2147483820 2147483822 2147483824 2147483825 2147483826 2147483827 2147483829 2147483833 2147483834 2147484092 2147484094 2147484095 2147484096 25 22 27 32 26 263 264 265 266 2147483824 2147483825 2147483826 2147483827 2147483829 2147483833 2147483834 2147484092 2147484094 2147484095 2147484096 
2147483824 2147483648 2147483657 2147483820 2147483822 2147483823 2147483648 2147483657 2147483820 2147483822 2147483823 2147483825 2147483826 2147483827 2147483829 2147483833 2147483834 2147483844 2147483846 2147484092 2147484094 2147484095 2147484096 2147484162 127 49 52 54 57 53 128 129 130 2147483825 2147483826 2147483827 2147483829 2147483833 2147483834 2147483844 2147483846 2147484092 2147484094 2147484095 2147484096 2147484162 
2147483825 2147483648 2147483822 2147483823 2147483824 2147483648 2147483822 2147483823 2147483824 2147483826 2147483827 2147483826 2147483827 
2147483826 2147483648 2147483823 2147483824 2147483825 2147483648 2147483823 2147483824 2147483825 2147483827 53 2147483827 
2147483827 2147483648 2147483823 2147483824 2147483825 2147483826 2147483648 2147483823 2147483824 2147483825 2147483826 57 53 
2147483829 2147483648 2147483823 2147483824 2147483648 2147483823 2147483824 
2147483833 2147483823 2147483824 2147483823 2147483824 2147484096 2147484096 
2147483834 2147483823 2147483824 2147483823 2147483824 2147484096 2147484096 
2147483844 2147483824 2147483824 2147483846 2147484162 2147483846 2147484162 
2147483846 2147483824 2147483844 2147483824 2147483844 2147484162 2147484162 
2147483850 2147484162 2147484162 
2147483854 2147484162 2147484162 
2147483855 2147484162 2147484162 
2147483869 
2147483883 
2147483886 
2147483910 2147484114 2147484114 
2147483913 2147484111 2147484114 2147484118 2147484111 2147484114 2147484118 
2147483923 2147483925 2147483926 2147484118 2147483925 2147483926 2147484118 
2147483925 2147483923 2147483923 
2147483926 2147483923 2147483923 
2147483927 2147483929 2147483930 2147484118 2147483929 2147483930 2147484118 
2147483929 2147483927 2147483927 
2147483930 2147483927 2147483927 
2147483934 2147484119 2147484119 
2147483937 2147484119 2147484120 2147484122 2147484119 2147484120 2147484122 
2147483943 2147484119 2147484119 
2147483944 2147484119 2147484119 
2147483948 2147484130 2147484130 
2147483951 2147484126 2147484128 2147484130 2147484133 2147484126 2147484128 2147484130 2147484133 
2147483957 2147484130 2147484133 2147484130 2147484133 
2147483958 2147484130 2147484133 2147484130 2147484133 
2147483961 2147484130 2147484132 2147484134 2147484130 2147484132 2147484134 
2147483967 2147484130 2147484130 
2147483968 2147484130 2147484130 
2147483972 2147484142 2147484142 
2147483975 2147484138 2147484140 2147484142 2147484145 2147484138 2147484140 2147484142 2147484145 
2147483981 2147484142 2147484145 2147484142 2147484145 
2147483982 2147484142 2147484145 2147484142 2147484145 
2147483985 2147484142 2147484144 2147484146 2147484142 2147484144 2147484146 
2147483991 2147484142 2147484142 
2147483992 2147484142 2147484142 
2147483996 2147484154 2147484154 
2147483999 2147484150 2147484152 2147484154 2147484157 2147484150 2147484152 2147484154 2147484157 
2147484005 2147484154 2147484157 2147484154 2147484157 
2147484006 2147484154 2147484157 2147484154 2147484157 
2147484009 2147484154 2147484156 2147484158 2147484154 2147484156 2147484158 
2147484015 2147484154 2147484154 
2147484016 2147484154 2147484154 
2147484019 
2147484022 
2147484034 2147484103 2147484103 
2147484037 2147484103 2147484105 2147484107 2147484103 2147484105 2147484107 
2147484043 2147484103 2147484103 
2147484044 2147484103 2147484103 
2147484046 
2147484064 2147483670 2147483670 2147484098 2147484101 2147484098 2147484101 
2147484075 2147483670 2147483670 
2147484076 2147483670 2147483670 
2147484078 2147483670 2147483670 
2147484079 2147483670 2147483670 
2147484080 2147483670 2147483670 
2147484092 2147483823 2147483824 2147483823 2147483824 2147484094 2147484096 2147484094 2147484096 
2147484094 2147483823 2147483824 2147484092 2147483823 2147483824 2147484092 2147484096 2147484096 
2147484095 2147483823 2147483824 2147483823 2147483824 2147484096 2147484096 
2147484096 2147483657 2147483823 2147483824 2147483833 2147483834 2147484092 2147484094 2147484095 2147483657 2147483823 2147483824 2147483833 2147483834 2147484092 2147484094 2147484095 
2147484097 
2147484098 2147483670 2147484064 2147483670 2147484064 2147484099 2147484101 49 52 54 57 53 127 128 129 130 2147484099 2147484101 
2147484099 2147483670 2147484098 2147483670 2147484098 2147484101 2147484101 
2147484101 2147483670 2147483680 2147484064 2147484098 2147484099 2147483670 2147483680 2147484064 2147484098 2147484099 22 25 27 32 26 263 264 265 266 
2147484102 2147484103 49 52 54 57 53 127 128 129 130 2147484103 
2147484103 2147484034 2147484037 2147484043 2147484044 2147484102 2147484034 2147484037 2147484043 2147484044 2147484102 2147484105 2147484106 2147484107 49 52 54 57 53 127 128 129 130 2147484105 2147484106 2147484107 
2147484105 2147484037 2147484103 2147484037 2147484103 2147484106 2147484107 49 52 54 57 53 127 128 129 130 2147484106 2147484107 
2147484106 2147484103 2147484105 2147484103 2147484105 2147484107 2147484107 
2147484107 2147484037 2147484103 2147484105 2147484106 2147484037 2147484103 2147484105 2147484106 22 25 27 32 26 263 264 265 266 
2147484111 2147483913 2147483913 2147484114 2147484115 2147484118 49 52 54 57 53 127 128 129 130 2147484114 2147484115 2147484118 
2147484114 2147483910 2147483913 2147484111 2147483910 2147483913 2147484111 2147484115 2147484118 49 52 54 57 53 127 128 129 130 2147484115 2147484118 
2147484115 2147484111 2147484114 2147484111 2147484114 2147484118 2147484118 
2147484118 2147483913 2147483923 2147483927 2147484111 2147484114 2147484115 2147483913 2147483923 2147483927 2147484111 2147484114 2147484115 22 25 27 32 26 263 264 265 266 
2147484119 2147483934 2147483937 2147483943 2147483944 2147483934 2147483937 2147483943 2147483944 2147484120 2147484121 2147484122 49 52 54 57 53 127 128 129 130 2147484120 2147484121 2147484122 
2147484120 2147483937 2147484119 2147483937 2147484119 2147484121 2147484122 49 52 54 57 53 127 128 129 130 2147484121 2147484122 
2147484121 2147484119 2147484120 2147484119 2147484120 2147484122 2147484122 
2147484122 2147483937 2147484119 2147484120 2147484121 2147483937 2147484119 2147484120 2147484121 22 25 27 32 26 263 264 265 266 
2147484126 2147483951 2147483951 2147484127 2147484128 2147484130 2147484133 49 52 54 57 53 127 128 129 130 2147484127 2147484128 2147484130 2147484133 
2147484127 2147484126 2147484126 2147484128 2147484130 2147484133 2147484128 2147484130 2147484133 
2147484128 2147483951 2147484126 2147484127 2147483951 2147484126 2147484127 2147484130 2147484133 22 25 27 32 26 263 264 265 266 2147484130 2147484133 
2147484130 2147483948 2147483951 2147483957 2147483958 2147483961 2147483967 2147483968 2147484126 2147484127 2147484128 2147483948 2147483951 2147483957 2147483958 2147483961 2147483967 2147483968 2147484126 2147484127 2147484128 2147484132 2147484133 2147484134 49 52 54 57 53 127 128 129 130 2147484132 2147484133 2147484134 
2147484132 2147483961 2147484130 2147483961 2147484130 2147484133 2147484134 49 52 54 57 53 127 128 129 130 2147484133 2147484134 
2147484133 2147483951 2147483957 2147483958 2147484126 2147484127 2147484128 2147484130 2147484132 2147483951 2147483957 2147483958 2147484126 2147484127 2147484128 2147484130 2147484132 2147484134 53 49 52 54 57 127 128 129 130 2147484134 
2147484134 2147483961 2147484130 2147484132 2147484133 2147483961 2147484130 2147484132 2147484133 22 25 27 32 26 263 264 265 266 
2147484138 2147483975 2147483975 2147484139 2147484140 2147484142 2147484145 49 52 54 57 53 127 128 129 130 2147484139 2147484140 2147484142 2147484145 
2147484139 2147484138 2147484138 2147484140 2147484142 2147484145 2147484140 2147484142 2147484145 
2147484140 2147483975 2147484138 2147484139 2147483975 2147484138 2147484139 2147484142 2147484145 22 25 27 32 26 263 264 265 266 2147484142 2147484145 
2147484142 2147483972 2147483975 2147483981 2147483982 2147483985 2147483991 2147483992 2147484138 2147484139 2147484140 2147483972 2147483975 2147483981 2147483982 2147483985 2147483991 2147483992 2147484138 2147484139 2147484140 2147484144 2147484145 2147484146 49 52 54 57 53 127 128 129 130 2147484144 2147484145 2147484146 
2147484144 2147483985 2147484142 2147483985 2147484142 2147484145 2147484146 49 52 54 57 53 127 128 129 130 2147484145 2147484146 
2147484145 2147483975 2147483981 2147483982 2147484138 2147484139 2147484140 2147484142 2147484144 2147483975 2147483981 2147483982 2147484138 2147484139 2147484140 2147484142 2147484144 2147484146 53 49 52 54 57 127 128 129 130 2147484146 
2147484146 2147483985 2147484142 2147484144 2147484145 2147483985 2147484142 2147484144 2147484145 22 25 27 32 26 263 264 265 266 
2147484150 2147483999 2147483999 2147484151 2147484152 2147484154 2147484157 49 52 54 57 53 127 128 129 130 2147484151 2147484152 2147484154 2147484157 
2147484151 2147484150 2147484150 2147484152 2147484154 2147484157 2147484152 2147484154 2147484157 
2147484152 2147483999 2147484150 2147484151 2147483999 2147484150 2147484151 2147484154 2147484157 22 25 27 32 26 263 264 265 266 2147484154 2147484157 
2147484154 2147483996 2147483999 2147484005 2147484006 2147484009 2147484015 2147484016 2147484150 2147484151 2147484152 2147483996 2147483999 2147484005 2147484006 2147484009 2147484015 2147484016 2147484150 2147484151 2147484152 2147484156 2147484157 2147484158 49 52 54 57 53 127 128 129 130 2147484156 2147484157 2147484158 
2147484156 2147484009 2147484154 2147484009 2147484154 2147484157 2147484158 49 52 54 57 53 127 128 129 130 2147484157 2147484158 
2147484157 2147483999 2147484005 2147484006 2147484150 2147484151 2147484152 2147484154 2147484156 2147483999 2147484005 2147484006 2147484150 2147484151 2147484152 2147484154 2147484156 2147484158 53 49 52 54 57 127 128 129 130 2147484158 
2147484158 2147484009 2147484154 2147484156 2147484157 2147484009 2147484154 2147484156 2147484157 22 25 27 32 26 263 264 265 266 
2147484162 2147483824 2147483844 2147483846 2147483850 2147483854 2147483855 2147483824 2147483844 2147483846 2147483850 2147483854 2147483855 49 52 54 57 53 127 128 129 130 
