2 
5 
8 
11 
18 
19 
22 
23 
24 
25 
26 
27 
32 
49 2147483649 2147483652 2147483660 2147483685 2147483735 
50 
51 
52 2147483649 2147483652 2147483660 2147483685 2147483735 
53 2147483649 2147483652 2147483654 2147483657 2147483660 2147483662 2147483668 2147483675 2147483678 2147483685 2147483686 2147483690 2147483694 2147483698 2147483708 2147483714 2147483725 2147483730 2147483735 
54 2147483649 2147483652 2147483660 2147483662 2147483663 2147483685 2147483686 2147483694 2147483725 2147483735 
57 2147483649 2147483652 2147483660 2147483662 2147483663 2147483685 2147483686 2147483694 2147483725 2147483735 
61 
127 2147483649 2147483652 2147483660 2147483685 2147483735 
128 2147483649 2147483652 2147483660 2147483685 2147483735 
129 2147483649 2147483652 2147483660 2147483685 2147483735 
130 2147483649 2147483652 2147483660 2147483685 2147483735 
131 
132 
133 
134 
247 
248 
249 
250 
251 
252 
253 
254 
263 
264 
265 
266 
267 
268 
269 
270 
2147483649 2147483652 2147483660 2147483674 2147483675 2147483677 2147483678 2147483685 2147483686 2147483688 2147483690 2147483694 2147483696 2147483698 2147483735 53 49 52 54 57 127 128 129 130 2147483652 2147483660 2147483674 2147483675 2147483677 2147483678 2147483685 2147483686 2147483688 2147483690 2147483694 2147483696 2147483698 2147483735 
2147483652 2147483649 2147483649 2147483660 2147483685 2147483686 2147483688 2147483690 2147483694 2147483696 2147483698 2147483735 57 49 52 54 53 127 128 129 130 2147483660 2147483685 2147483686 2147483688 2147483690 2147483694 2147483696 2147483698 2147483735 
2147483654 53 
2147483656 2147483657 2147483657 
2147483657 2147483656 2147483656 53 
2147483659 
2147483660 2147483649 2147483652 2147483649 2147483652 2147483661 2147483662 2147483663 2147483666 2147483668 2147483674 2147483675 2147483677 2147483678 2147483685 2147483686 2147483688 2147483690 2147483694 2147483696 2147483698 2147483735 49 52 54 57 53 127 128 129 130 2147483661 2147483662 2147483663 2147483666 2147483668 2147483674 2147483675 2147483677 2147483678 2147483685 2147483686 2147483688 2147483690 2147483694 2147483696 2147483698 2147483735 
2147483661 2147483660 2147483660 
2147483662 2147483660 2147483660 2147483663 54 57 53 2147483663 
2147483663 2147483660 2147483662 2147483660 2147483662 54 57 
2147483666 2147483660 2147483660 
2147483668 2147483660 2147483660 53 
2147483674 2147483649 2147483660 2147483649 2147483660 2147483675 2147483675 
2147483675 2147483649 2147483660 2147483674 2147483649 2147483660 2147483674 53 
2147483677 2147483649 2147483660 2147483649 2147483660 
2147483678 2147483649 2147483660 2147483649 2147483660 53 
2147483685 2147483649 2147483652 2147483660 2147483649 2147483652 2147483660 2147483686 2147483688 2147483690 2147483694 2147483696 2147483698 2147483735 49 52 54 57 53 127 128 129 130 2147483686 2147483688 2147483690 2147483694 2147483696 2147483698 2147483735 
2147483686 2147483649 2147483652 2147483660 2147483685 2147483649 2147483652 2147483660 2147483685 2147483735 54 57 53 2147483735 
2147483688 2147483649 2147483652 2147483660 2147483685 2147483649 2147483652 2147483660 2147483685 2147483735 2147483735 
2147483690 2147483649 2147483652 2147483660 2147483685 2147483649 2147483652 2147483660 2147483685 2147483735 53 2147483735 
2147483694 2147483649 2147483652 2147483660 2147483685 2147483649 2147483652 2147483660 2147483685 2147483735 54 57 53 2147483735 
2147483696 2147483649 2147483652 2147483660 2147483685 2147483649 2147483652 2147483660 2147483685 2147483735 2147483735 
2147483698 2147483649 2147483652 2147483660 2147483685 2147483649 2147483652 2147483660 2147483685 2147483735 53 2147483735 
2147483703 
2147483707 
2147483708 53 
2147483712 
2147483713 2147483714 2147483714 
2147483714 2147483713 2147483713 53 
2147483716 
2147483719 
2147483720 
2147483723 
2147483724 
2147483725 54 57 53 
2147483728 
2147483730 53 
2147483734 
2147483735 2147483649 2147483652 2147483660 2147483685 2147483686 2147483688 2147483690 2147483694 2147483696 2147483698 2147483649 2147483652 2147483660 2147483685 2147483686 2147483688 2147483690 2147483694 2147483696 2147483698 49 52 54 57 53 127 128 129 130 
