22 2147483696 
23 
24 
25 2147483696 
26 2147483696 
27 2147483696 
32 2147483696 
49 2147483687 
50 
51 
52 2147483687 
53 2147483687 
54 2147483687 
57 2147483687 
127 2147483687 
128 2147483687 
129 2147483687 
130 2147483687 
131 
132 
133 
134 
151 
152 
153 
154 
155 
156 
157 
158 
159 
160 
161 
162 
163 
164 
165 
166 
263 2147483696 
264 2147483696 
265 2147483696 
266 2147483696 
267 
268 
269 
270 
2147483648 2147483657 2147483662 2147483696 2147483697 2147483657 2147483662 2147483696 2147483697 
2147483657 2147483648 2147483648 2147483662 2147483667 2147483669 2147483672 2147483695 2147483696 2147483697 2147483662 2147483667 2147483669 2147483672 2147483695 2147483696 2147483697 
2147483662 2147483648 2147483657 2147483648 2147483657 2147483696 2147483697 2147483696 2147483697 
2147483667 2147483657 2147483657 2147483696 2147483696 
2147483669 2147483657 2147483657 2147483672 2147483696 2147483672 2147483696 
2147483672 2147483657 2147483669 2147483657 2147483669 2147483696 2147483696 
2147483686 
2147483687 2147483689 2147483691 2147483692 53 49 52 54 57 127 128 129 130 2147483689 2147483691 2147483692 
2147483689 2147483687 2147483687 
2147483691 2147483687 2147483687 
2147483692 2147483687 2147483687 
2147483695 2147483657 2147483657 2147483696 2147483696 
2147483696 2147483648 2147483657 2147483662 2147483667 2147483669 2147483672 2147483695 2147483648 2147483657 2147483662 2147483667 2147483669 2147483672 2147483695 2147483697 22 25 27 32 26 263 264 265 266 2147483697 
2147483697 2147483648 2147483657 2147483662 2147483696 2147483648 2147483657 2147483662 2147483696 
