2 
5 
8 
11 
18 
19 
22 2147483679 2147483747 
23 
24 
25 2147483679 2147483747 
26 2147483679 2147483747 
27 2147483679 2147483747 
32 2147483679 2147483747 
49 2147483658 2147483659 2147483670 2147483678 
50 
51 
52 2147483658 2147483659 2147483670 2147483678 
53 2147483658 2147483659 2147483670 2147483678 
54 2147483658 2147483659 2147483670 2147483678 
57 2147483658 2147483659 2147483670 2147483678 
61 
127 2147483658 2147483659 2147483670 2147483678 
128 2147483658 2147483659 2147483670 2147483678 
129 2147483658 2147483659 2147483670 2147483678 
130 2147483658 2147483659 2147483670 2147483678 
131 
132 
133 
134 
247 
248 
249 
250 
251 
252 
253 
254 
263 2147483679 2147483747 
264 2147483679 2147483747 
265 2147483679 2147483747 
266 2147483679 2147483747 
267 
268 
269 
270 
2147483649 2147483650 2147483652 2147483670 2147483678 2147483679 2147483683 2147483692 2147483693 2147483694 2147483695 2147483699 2147483712 2147483743 2147483744 2147483650 2147483652 2147483670 2147483678 2147483679 2147483683 2147483692 2147483693 2147483694 2147483695 2147483699 2147483712 2147483743 2147483744 
2147483650 2147483649 2147483649 2147483670 2147483678 2147483679 2147483692 2147483693 2147483694 2147483695 2147483712 2147483743 2147483670 2147483678 2147483679 2147483692 2147483693 2147483694 2147483695 2147483712 2147483743 
2147483652 2147483649 2147483649 2147483670 2147483678 2147483679 2147483699 2147483712 2147483744 2147483670 2147483678 2147483679 2147483699 2147483712 2147483744 
2147483658 2147483659 2147483661 2147483664 2147483670 2147483678 2147483679 2147483709 2147483711 2147483718 2147483719 2147483747 2147483748 49 52 54 57 53 127 128 129 130 2147483659 2147483661 2147483664 2147483670 2147483678 2147483679 2147483709 2147483711 2147483718 2147483719 2147483747 2147483748 
2147483659 2147483658 2147483658 2147483661 2147483664 2147483670 2147483678 2147483679 2147483709 2147483711 2147483747 2147483748 49 52 54 57 53 127 128 129 130 2147483661 2147483664 2147483670 2147483678 2147483679 2147483709 2147483711 2147483747 2147483748 
2147483661 2147483658 2147483659 2147483658 2147483659 2147483664 2147483670 2147483678 2147483679 2147483709 2147483711 2147483747 2147483748 2147483664 2147483670 2147483678 2147483679 2147483709 2147483711 2147483747 2147483748 
2147483664 2147483658 2147483659 2147483661 2147483658 2147483659 2147483661 2147483670 2147483678 2147483679 2147483747 2147483670 2147483678 2147483679 2147483747 
2147483669 2147483670 2147483674 2147483678 2147483712 2147483725 2147483734 2147483735 2147483736 2147483737 2147483741 2147483751 2147483752 2147483670 2147483674 2147483678 2147483712 2147483725 2147483734 2147483735 2147483736 2147483737 2147483741 2147483751 2147483752 
2147483670 2147483649 2147483650 2147483652 2147483658 2147483659 2147483661 2147483664 2147483669 2147483649 2147483650 2147483652 2147483658 2147483659 2147483661 2147483664 2147483669 2147483678 2147483679 2147483683 2147483692 2147483693 2147483694 2147483695 2147483699 2147483709 2147483711 2147483712 2147483718 2147483719 2147483725 2147483734 2147483735 2147483736 2147483737 2147483743 2147483744 2147483747 2147483748 2147483751 49 52 54 57 53 127 128 129 130 2147483678 2147483679 2147483683 2147483692 2147483693 2147483694 2147483695 2147483699 2147483709 2147483711 2147483712 2147483718 2147483719 2147483725 2147483734 2147483735 2147483736 2147483737 2147483743 2147483744 2147483747 2147483748 2147483751 
2147483674 2147483669 2147483669 2147483712 2147483741 2147483752 2147483712 2147483741 2147483752 
2147483678 2147483649 2147483650 2147483652 2147483658 2147483659 2147483661 2147483664 2147483669 2147483670 2147483649 2147483650 2147483652 2147483658 2147483659 2147483661 2147483664 2147483669 2147483670 2147483679 2147483683 2147483692 2147483693 2147483694 2147483695 2147483699 2147483709 2147483711 2147483712 2147483718 2147483719 2147483725 2147483734 2147483735 2147483736 2147483737 2147483743 2147483744 2147483747 2147483748 2147483751 53 49 52 54 57 127 128 129 130 2147483679 2147483683 2147483692 2147483693 2147483694 2147483695 2147483699 2147483709 2147483711 2147483712 2147483718 2147483719 2147483725 2147483734 2147483735 2147483736 2147483737 2147483743 2147483744 2147483747 2147483748 2147483751 
2147483679 2147483649 2147483650 2147483652 2147483658 2147483659 2147483661 2147483664 2147483670 2147483678 2147483649 2147483650 2147483652 2147483658 2147483659 2147483661 2147483664 2147483670 2147483678 2147483683 2147483692 2147483693 2147483694 2147483695 2147483699 2147483709 2147483711 2147483712 2147483718 2147483719 2147483743 2147483744 2147483747 2147483748 32 22 25 27 26 263 264 265 266 2147483683 2147483692 2147483693 2147483694 2147483695 2147483699 2147483709 2147483711 2147483712 2147483718 2147483719 2147483743 2147483744 2147483747 2147483748 
2147483683 2147483649 2147483670 2147483678 2147483679 2147483649 2147483670 2147483678 2147483679 2147483712 2147483712 
2147483692 2147483649 2147483650 2147483670 2147483678 2147483679 2147483649 2147483650 2147483670 2147483678 2147483679 2147483712 2147483743 2147483712 2147483743 
2147483693 2147483649 2147483650 2147483670 2147483678 2147483679 2147483649 2147483650 2147483670 2147483678 2147483679 2147483712 2147483743 2147483712 2147483743 
2147483694 2147483649 2147483650 2147483670 2147483678 2147483679 2147483649 2147483650 2147483670 2147483678 2147483679 2147483712 2147483743 2147483712 2147483743 
2147483695 2147483649 2147483650 2147483670 2147483678 2147483679 2147483649 2147483650 2147483670 2147483678 2147483679 2147483712 2147483743 2147483712 2147483743 
2147483699 2147483649 2147483652 2147483670 2147483678 2147483679 2147483649 2147483652 2147483670 2147483678 2147483679 2147483712 2147483744 2147483712 2147483744 
2147483709 2147483658 2147483659 2147483661 2147483670 2147483678 2147483679 2147483658 2147483659 2147483661 2147483670 2147483678 2147483679 2147483747 2147483747 
2147483711 2147483658 2147483659 2147483661 2147483670 2147483678 2147483679 2147483658 2147483659 2147483661 2147483670 2147483678 2147483679 2147483747 2147483747 
2147483712 2147483649 2147483650 2147483652 2147483669 2147483670 2147483674 2147483678 2147483679 2147483683 2147483692 2147483693 2147483694 2147483695 2147483699 2147483649 2147483650 2147483652 2147483669 2147483670 2147483674 2147483678 2147483679 2147483683 2147483692 2147483693 2147483694 2147483695 2147483699 2147483725 2147483734 2147483735 2147483736 2147483737 2147483741 2147483743 2147483744 2147483751 2147483752 2147483725 2147483734 2147483735 2147483736 2147483737 2147483741 2147483743 2147483744 2147483751 2147483752 
2147483718 2147483658 2147483670 2147483678 2147483679 2147483658 2147483670 2147483678 2147483679 
2147483719 2147483658 2147483670 2147483678 2147483679 2147483658 2147483670 2147483678 2147483679 
2147483725 2147483669 2147483670 2147483678 2147483712 2147483669 2147483670 2147483678 2147483712 
2147483734 2147483669 2147483670 2147483678 2147483712 2147483669 2147483670 2147483678 2147483712 2147483751 2147483751 
2147483735 2147483669 2147483670 2147483678 2147483712 2147483669 2147483670 2147483678 2147483712 2147483751 2147483751 
2147483736 2147483669 2147483670 2147483678 2147483712 2147483669 2147483670 2147483678 2147483712 2147483751 2147483751 
2147483737 2147483669 2147483670 2147483678 2147483712 2147483669 2147483670 2147483678 2147483712 2147483751 2147483751 
2147483741 2147483669 2147483674 2147483712 2147483669 2147483674 2147483712 2147483752 2147483752 
2147483743 2147483649 2147483650 2147483670 2147483678 2147483679 2147483692 2147483693 2147483694 2147483695 2147483712 2147483649 2147483650 2147483670 2147483678 2147483679 2147483692 2147483693 2147483694 2147483695 2147483712 
2147483744 2147483649 2147483652 2147483670 2147483678 2147483679 2147483699 2147483712 2147483649 2147483652 2147483670 2147483678 2147483679 2147483699 2147483712 
2147483747 2147483658 2147483659 2147483661 2147483664 2147483670 2147483678 2147483679 2147483709 2147483711 2147483658 2147483659 2147483661 2147483664 2147483670 2147483678 2147483679 2147483709 2147483711 2147483748 22 25 27 32 26 263 264 265 266 2147483748 
2147483748 2147483658 2147483659 2147483661 2147483670 2147483678 2147483679 2147483747 2147483658 2147483659 2147483661 2147483670 2147483678 2147483679 2147483747 
2147483751 2147483669 2147483670 2147483678 2147483712 2147483734 2147483735 2147483736 2147483737 2147483669 2147483670 2147483678 2147483712 2147483734 2147483735 2147483736 2147483737 
2147483752 2147483669 2147483674 2147483712 2147483741 2147483669 2147483674 2147483712 2147483741 
