22 2147483669 
23 
24 
25 2147483669 
26 2147483669 
27 2147483669 
32 2147483669 
49 2147483651 2147483661 
50 
51 
52 2147483651 2147483661 
53 2147483651 2147483661 
54 2147483651 2147483661 
57 2147483651 2147483661 
127 2147483651 2147483661 
128 2147483651 2147483661 
129 2147483651 2147483661 
130 2147483651 2147483661 
131 
132 
133 
134 
263 2147483669 
264 2147483669 
265 2147483669 
266 2147483669 
267 
268 
269 
270 
2147483651 2147483652 2147483661 2147483669 2147483670 2147483671 2147483672 53 49 52 54 57 127 128 129 130 2147483652 2147483661 2147483669 2147483670 2147483671 2147483672 
2147483652 2147483651 2147483651 2147483661 2147483669 2147483661 2147483669 
2147483661 2147483651 2147483652 2147483651 2147483652 2147483666 2147483669 2147483670 2147483671 2147483672 53 49 52 54 57 127 128 129 130 2147483666 2147483669 2147483670 2147483671 2147483672 
2147483666 2147483661 2147483661 2147483669 2147483670 2147483669 2147483670 
2147483669 2147483651 2147483652 2147483661 2147483666 2147483651 2147483652 2147483661 2147483666 2147483670 2147483671 2147483672 22 25 27 32 26 263 264 265 266 2147483670 2147483671 2147483672 
2147483670 2147483651 2147483661 2147483666 2147483669 2147483651 2147483661 2147483666 2147483669 
2147483671 2147483651 2147483661 2147483669 2147483651 2147483661 2147483669 2147483672 2147483672 
2147483672 2147483651 2147483661 2147483669 2147483671 2147483651 2147483661 2147483669 2147483671 
