22 
23 
24 
25 2147483653 
26 2147483653 
27 2147483653 
32 2147483653 
49 2147483651 2147483661 
50 
51 
52 2147483651 2147483661 
53 2147483651 2147483661 
54 2147483651 2147483661 2147483672 
57 2147483651 2147483661 2147483666 
127 2147483651 2147483661 
128 2147483651 2147483661 
129 2147483651 2147483661 
130 2147483651 2147483661 
131 
132 
133 
134 
263 
264 
265 
266 
267 
268 
269 
270 
2147483651 2147483652 2147483653 2147483661 2147483669 2147483670 2147483672 2147483681 2147483682 2147483683 2147483684 2147483685 2147483686 2147483690 2147483691 2147483692 2147483699 2147483701 49 52 54 57 53 127 128 129 130 2147483652 2147483653 2147483661 2147483669 2147483670 2147483672 2147483681 2147483682 2147483683 2147483684 2147483685 2147483686 2147483690 2147483691 2147483692 2147483699 2147483701 
2147483652 2147483651 2147483651 2147483653 2147483661 2147483669 2147483653 2147483661 2147483669 
2147483653 2147483651 2147483652 2147483651 2147483652 2147483661 2147483669 2147483672 25 27 32 26 2147483661 2147483669 2147483672 
2147483661 2147483651 2147483652 2147483653 2147483651 2147483652 2147483653 2147483666 2147483669 2147483670 2147483672 2147483681 2147483682 2147483683 2147483684 2147483685 2147483686 2147483690 2147483691 2147483692 2147483698 2147483699 2147483701 53 128 49 52 54 57 127 129 130 2147483666 2147483669 2147483670 2147483672 2147483681 2147483682 2147483683 2147483684 2147483685 2147483686 2147483690 2147483691 2147483692 2147483698 2147483699 2147483701 
2147483666 2147483661 2147483661 57 
2147483669 2147483651 2147483652 2147483653 2147483661 2147483651 2147483652 2147483653 2147483661 2147483670 2147483670 
2147483670 2147483651 2147483661 2147483669 2147483651 2147483661 2147483669 
2147483672 2147483651 2147483653 2147483661 2147483651 2147483653 2147483661 54 
2147483681 2147483651 2147483661 2147483651 2147483661 
2147483682 2147483651 2147483661 2147483651 2147483661 2147483683 2147483684 2147483683 2147483684 
2147483683 2147483651 2147483661 2147483682 2147483651 2147483661 2147483682 
2147483684 2147483651 2147483661 2147483682 2147483651 2147483661 2147483682 
2147483685 2147483651 2147483661 2147483651 2147483661 2147483686 2147483699 2147483686 2147483699 
2147483686 2147483651 2147483661 2147483685 2147483651 2147483661 2147483685 
2147483690 2147483651 2147483661 2147483651 2147483661 2147483699 2147483701 2147483699 2147483701 
2147483691 2147483651 2147483661 2147483651 2147483661 2147483699 2147483701 2147483699 2147483701 
2147483692 2147483651 2147483661 2147483651 2147483661 2147483699 2147483701 2147483699 2147483701 
2147483698 2147483661 2147483661 
2147483699 2147483651 2147483661 2147483685 2147483690 2147483691 2147483692 2147483651 2147483661 2147483685 2147483690 2147483691 2147483692 2147483701 2147483701 
2147483701 2147483651 2147483661 2147483690 2147483691 2147483692 2147483699 2147483651 2147483661 2147483690 2147483691 2147483692 2147483699 
