22 2147483746 2147483798 
23 
24 
25 2147483746 2147483798 
26 2147483746 2147483798 
27 2147483746 2147483798 
32 2147483746 2147483798 
49 2147483652 2147483685 2147483700 2147483719 2147483721 2147483729 2147483852 2147483875 2147483879 2147483889 
50 
51 
52 2147483652 2147483685 2147483700 2147483719 2147483721 2147483729 2147483852 2147483875 2147483879 2147483889 
53 2147483652 2147483685 2147483700 2147483719 2147483721 2147483729 2147483852 2147483875 2147483878 2147483879 2147483888 2147483889 
54 2147483652 2147483685 2147483700 2147483719 2147483721 2147483729 2147483852 2147483875 2147483879 2147483889 
57 2147483652 2147483685 2147483700 2147483719 2147483721 2147483729 2147483852 2147483875 2147483879 2147483889 
127 2147483652 2147483685 2147483700 2147483719 2147483721 2147483729 2147483852 2147483875 2147483879 2147483889 
128 2147483652 2147483685 2147483700 2147483719 2147483721 2147483729 2147483852 2147483875 2147483879 2147483889 
129 2147483652 2147483685 2147483700 2147483719 2147483721 2147483729 2147483852 2147483875 2147483879 2147483889 
130 2147483652 2147483685 2147483700 2147483719 2147483721 2147483729 2147483852 2147483875 2147483879 2147483889 
131 
132 
133 
134 
263 2147483746 2147483798 
264 2147483746 2147483798 
265 2147483746 2147483798 
266 2147483746 2147483798 
267 
268 
269 
270 
2147483652 2147483654 2147483655 2147483658 2147483659 2147483665 2147483670 2147483671 2147483673 2147483674 2147483676 2147483677 2147483680 2147483685 2147483686 2147483692 2147483695 2147483700 2147483702 2147483703 2147483719 2147483721 2147483723 2147483724 2147483729 2147483741 2147483745 2147483746 2147483747 2147483755 2147483758 2147483764 2147483765 2147483766 2147483775 2147483779 2147483782 2147483788 2147483791 2147483793 2147483798 2147483801 2147483802 2147483805 2147483807 2147483809 2147483823 2147483832 2147483833 2147483845 2147483852 2147483859 2147483861 2147483865 2147483870 2147483875 2147483888 2147483889 2147483891 2147483892 2147483893 2147483894 49 52 54 57 53 127 128 129 130 2147483654 2147483655 2147483658 2147483659 2147483665 2147483670 2147483671 2147483673 2147483674 2147483676 2147483677 2147483680 2147483685 2147483686 2147483692 2147483695 2147483700 2147483702 2147483703 2147483719 2147483721 2147483723 2147483724 2147483729 2147483741 2147483745 2147483746 2147483747 2147483755 2147483758 2147483764 2147483765 2147483766 2147483775 2147483779 2147483782 2147483788 2147483791 2147483793 2147483798 2147483801 2147483802 2147483805 2147483807 2147483809 2147483823 2147483832 2147483833 2147483845 2147483852 2147483859 2147483861 2147483865 2147483870 2147483875 2147483888 2147483889 2147483891 2147483892 2147483893 2147483894 
2147483654 2147483652 2147483652 2147483655 2147483658 2147483659 2147483665 2147483685 2147483746 2147483755 2147483758 2147483798 2147483852 2147483891 2147483892 2147483655 2147483658 2147483659 2147483665 2147483685 2147483746 2147483755 2147483758 2147483798 2147483852 2147483891 2147483892 
2147483655 2147483652 2147483654 2147483652 2147483654 2147483658 2147483659 2147483665 2147483670 2147483671 2147483673 2147483674 2147483676 2147483677 2147483685 2147483686 2147483692 2147483695 2147483746 2147483755 2147483758 2147483764 2147483765 2147483766 2147483775 2147483779 2147483782 2147483788 2147483791 2147483793 2147483798 2147483852 2147483859 2147483865 2147483870 2147483891 2147483892 2147483893 2147483894 2147483658 2147483659 2147483665 2147483670 2147483671 2147483673 2147483674 2147483676 2147483677 2147483685 2147483686 2147483692 2147483695 2147483746 2147483755 2147483758 2147483764 2147483765 2147483766 2147483775 2147483779 2147483782 2147483788 2147483791 2147483793 2147483798 2147483852 2147483859 2147483865 2147483870 2147483891 2147483892 2147483893 2147483894 
2147483658 2147483652 2147483654 2147483655 2147483652 2147483654 2147483655 2147483659 2147483665 2147483670 2147483671 2147483673 2147483674 2147483676 2147483677 2147483680 2147483685 2147483686 2147483692 2147483695 2147483746 2147483755 2147483758 2147483764 2147483765 2147483766 2147483775 2147483779 2147483782 2147483788 2147483791 2147483793 2147483798 2147483801 2147483802 2147483805 2147483807 2147483809 2147483852 2147483859 2147483861 2147483865 2147483870 2147483891 2147483892 2147483893 2147483894 2147483659 2147483665 2147483670 2147483671 2147483673 2147483674 2147483676 2147483677 2147483680 2147483685 2147483686 2147483692 2147483695 2147483746 2147483755 2147483758 2147483764 2147483765 2147483766 2147483775 2147483779 2147483782 2147483788 2147483791 2147483793 2147483798 2147483801 2147483802 2147483805 2147483807 2147483809 2147483852 2147483859 2147483861 2147483865 2147483870 2147483891 2147483892 2147483893 2147483894 
2147483659 2147483652 2147483654 2147483655 2147483658 2147483652 2147483654 2147483655 2147483658 2147483665 2147483670 2147483671 2147483673 2147483674 2147483676 2147483677 2147483680 2147483685 2147483686 2147483692 2147483695 2147483746 2147483755 2147483758 2147483764 2147483765 2147483766 2147483775 2147483779 2147483782 2147483788 2147483791 2147483793 2147483798 2147483801 2147483802 2147483805 2147483807 2147483809 2147483852 2147483859 2147483861 2147483865 2147483870 2147483891 2147483892 2147483893 2147483894 2147483665 2147483670 2147483671 2147483673 2147483674 2147483676 2147483677 2147483680 2147483685 2147483686 2147483692 2147483695 2147483746 2147483755 2147483758 2147483764 2147483765 2147483766 2147483775 2147483779 2147483782 2147483788 2147483791 2147483793 2147483798 2147483801 2147483802 2147483805 2147483807 2147483809 2147483852 2147483859 2147483861 2147483865 2147483870 2147483891 2147483892 2147483893 2147483894 
2147483665 2147483652 2147483654 2147483655 2147483658 2147483659 2147483652 2147483654 2147483655 2147483658 2147483659 2147483746 2147483758 2147483798 2147483852 2147483891 2147483892 2147483746 2147483758 2147483798 2147483852 2147483891 2147483892 
2147483670 2147483652 2147483655 2147483658 2147483659 2147483652 2147483655 2147483658 2147483659 2147483685 2147483746 2147483798 2147483852 2147483685 2147483746 2147483798 2147483852 
2147483671 2147483652 2147483655 2147483658 2147483659 2147483652 2147483655 2147483658 2147483659 2147483673 2147483674 2147483676 2147483677 2147483680 2147483685 2147483686 2147483692 2147483695 2147483746 2147483775 2147483779 2147483782 2147483788 2147483791 2147483793 2147483798 2147483801 2147483802 2147483805 2147483807 2147483809 2147483852 2147483861 2147483865 2147483870 2147483893 2147483894 2147483673 2147483674 2147483676 2147483677 2147483680 2147483685 2147483686 2147483692 2147483695 2147483746 2147483775 2147483779 2147483782 2147483788 2147483791 2147483793 2147483798 2147483801 2147483802 2147483805 2147483807 2147483809 2147483852 2147483861 2147483865 2147483870 2147483893 2147483894 
2147483673 2147483652 2147483655 2147483658 2147483659 2147483671 2147483652 2147483655 2147483658 2147483659 2147483671 2147483674 2147483676 2147483677 2147483685 2147483686 2147483692 2147483695 2147483746 2147483775 2147483779 2147483782 2147483788 2147483791 2147483793 2147483798 2147483852 2147483865 2147483870 2147483893 2147483894 2147483674 2147483676 2147483677 2147483685 2147483686 2147483692 2147483695 2147483746 2147483775 2147483779 2147483782 2147483788 2147483791 2147483793 2147483798 2147483852 2147483865 2147483870 2147483893 2147483894 
2147483674 2147483652 2147483655 2147483658 2147483659 2147483671 2147483673 2147483652 2147483655 2147483658 2147483659 2147483671 2147483673 2147483676 2147483677 2147483680 2147483685 2147483686 2147483692 2147483695 2147483746 2147483775 2147483779 2147483782 2147483788 2147483791 2147483793 2147483798 2147483801 2147483802 2147483805 2147483807 2147483809 2147483852 2147483861 2147483865 2147483870 2147483893 2147483894 2147483676 2147483677 2147483680 2147483685 2147483686 2147483692 2147483695 2147483746 2147483775 2147483779 2147483782 2147483788 2147483791 2147483793 2147483798 2147483801 2147483802 2147483805 2147483807 2147483809 2147483852 2147483861 2147483865 2147483870 2147483893 2147483894 
2147483676 2147483652 2147483655 2147483658 2147483659 2147483671 2147483673 2147483674 2147483652 2147483655 2147483658 2147483659 2147483671 2147483673 2147483674 2147483677 2147483685 2147483686 2147483692 2147483695 2147483746 2147483775 2147483779 2147483782 2147483788 2147483791 2147483793 2147483798 2147483852 2147483865 2147483870 2147483893 2147483894 2147483677 2147483685 2147483686 2147483692 2147483695 2147483746 2147483775 2147483779 2147483782 2147483788 2147483791 2147483793 2147483798 2147483852 2147483865 2147483870 2147483893 2147483894 
2147483677 2147483652 2147483655 2147483658 2147483659 2147483671 2147483673 2147483674 2147483676 2147483652 2147483655 2147483658 2147483659 2147483671 2147483673 2147483674 2147483676 2147483680 2147483685 2147483686 2147483692 2147483695 2147483746 2147483775 2147483779 2147483782 2147483788 2147483791 2147483793 2147483798 2147483801 2147483802 2147483805 2147483807 2147483809 2147483852 2147483861 2147483865 2147483870 2147483893 2147483894 2147483680 2147483685 2147483686 2147483692 2147483695 2147483746 2147483775 2147483779 2147483782 2147483788 2147483791 2147483793 2147483798 2147483801 2147483802 2147483805 2147483807 2147483809 2147483852 2147483861 2147483865 2147483870 2147483893 2147483894 
2147483680 2147483652 2147483658 2147483659 2147483671 2147483674 2147483677 2147483652 2147483658 2147483659 2147483671 2147483674 2147483677 2147483685 2147483746 2147483798 2147483807 2147483809 2147483852 2147483861 2147483685 2147483746 2147483798 2147483807 2147483809 2147483852 2147483861 
2147483685 2147483652 2147483654 2147483655 2147483658 2147483659 2147483670 2147483671 2147483673 2147483674 2147483676 2147483677 2147483680 2147483652 2147483654 2147483655 2147483658 2147483659 2147483670 2147483671 2147483673 2147483674 2147483676 2147483677 2147483680 2147483686 2147483692 2147483695 2147483700 2147483702 2147483703 2147483746 2147483775 2147483779 2147483782 2147483788 2147483791 2147483793 2147483798 2147483801 2147483802 2147483805 2147483807 2147483809 2147483823 2147483852 2147483861 2147483865 2147483870 2147483875 2147483878 2147483879 2147483891 2147483893 2147483894 49 52 54 57 53 127 128 129 130 2147483686 2147483692 2147483695 2147483700 2147483702 2147483703 2147483746 2147483775 2147483779 2147483782 2147483788 2147483791 2147483793 2147483798 2147483801 2147483802 2147483805 2147483807 2147483809 2147483823 2147483852 2147483861 2147483865 2147483870 2147483875 2147483878 2147483879 2147483891 2147483893 2147483894 
2147483686 2147483652 2147483655 2147483658 2147483659 2147483671 2147483673 2147483674 2147483676 2147483677 2147483685 2147483652 2147483655 2147483658 2147483659 2147483671 2147483673 2147483674 2147483676 2147483677 2147483685 2147483692 2147483746 2147483779 2147483782 2147483798 2147483852 2147483865 2147483893 2147483894 2147483692 2147483746 2147483779 2147483782 2147483798 2147483852 2147483865 2147483893 2147483894 
2147483692 2147483652 2147483655 2147483658 2147483659 2147483671 2147483673 2147483674 2147483676 2147483677 2147483685 2147483686 2147483652 2147483655 2147483658 2147483659 2147483671 2147483673 2147483674 2147483676 2147483677 2147483685 2147483686 2147483746 2147483782 2147483798 2147483852 2147483865 2147483893 2147483894 2147483746 2147483782 2147483798 2147483852 2147483865 2147483893 2147483894 
2147483695 2147483652 2147483655 2147483658 2147483659 2147483671 2147483673 2147483674 2147483676 2147483677 2147483685 2147483652 2147483655 2147483658 2147483659 2147483671 2147483673 2147483674 2147483676 2147483677 2147483685 2147483746 2147483791 2147483793 2147483798 2147483852 2147483865 2147483746 2147483791 2147483793 2147483798 2147483852 2147483865 
2147483700 2147483652 2147483685 2147483652 2147483685 2147483702 2147483703 2147483746 2147483798 2147483852 2147483875 49 52 54 57 53 127 128 129 130 2147483702 2147483703 2147483746 2147483798 2147483852 2147483875 
2147483702 2147483652 2147483685 2147483700 2147483652 2147483685 2147483700 2147483703 2147483746 2147483798 2147483852 2147483875 2147483703 2147483746 2147483798 2147483852 2147483875 
2147483703 2147483652 2147483685 2147483700 2147483702 2147483652 2147483685 2147483700 2147483702 2147483746 2147483798 2147483852 2147483875 2147483746 2147483798 2147483852 2147483875 
2147483719 2147483652 2147483652 2147483721 2147483723 2147483724 2147483729 2147483832 2147483833 2147483845 2147483888 2147483889 57 49 53 52 54 127 128 129 130 2147483721 2147483723 2147483724 2147483729 2147483832 2147483833 2147483845 2147483888 2147483889 
2147483721 2147483652 2147483719 2147483652 2147483719 2147483723 2147483724 2147483729 2147483889 49 52 54 57 53 127 128 129 130 2147483723 2147483724 2147483729 2147483889 
2147483723 2147483652 2147483719 2147483721 2147483652 2147483719 2147483721 2147483724 2147483729 2147483889 2147483724 2147483729 2147483889 
2147483724 2147483652 2147483719 2147483721 2147483723 2147483652 2147483719 2147483721 2147483723 2147483729 2147483889 2147483729 2147483889 
2147483729 2147483652 2147483719 2147483721 2147483723 2147483724 2147483652 2147483719 2147483721 2147483723 2147483724 2147483845 2147483889 49 52 54 57 53 127 128 129 130 2147483845 2147483889 
2147483738 
2147483739 
2147483741 2147483652 2147483652 2147483852 2147483852 
2147483745 2147483652 2147483652 2147483746 2147483798 2147483852 2147483746 2147483798 2147483852 
2147483746 2147483652 2147483654 2147483655 2147483658 2147483659 2147483665 2147483670 2147483671 2147483673 2147483674 2147483676 2147483677 2147483680 2147483685 2147483686 2147483692 2147483695 2147483700 2147483702 2147483703 2147483745 2147483652 2147483654 2147483655 2147483658 2147483659 2147483665 2147483670 2147483671 2147483673 2147483674 2147483676 2147483677 2147483680 2147483685 2147483686 2147483692 2147483695 2147483700 2147483702 2147483703 2147483745 2147483747 2147483755 2147483758 2147483764 2147483765 2147483766 2147483775 2147483779 2147483782 2147483788 2147483791 2147483793 2147483798 2147483801 2147483802 2147483805 2147483807 2147483809 2147483823 2147483852 2147483859 2147483861 2147483865 2147483870 2147483875 2147483878 2147483879 2147483891 2147483892 2147483893 2147483894 22 25 27 32 26 263 264 265 266 2147483747 2147483755 2147483758 2147483764 2147483765 2147483766 2147483775 2147483779 2147483782 2147483788 2147483791 2147483793 2147483798 2147483801 2147483802 2147483805 2147483807 2147483809 2147483823 2147483852 2147483859 2147483861 2147483865 2147483870 2147483875 2147483878 2147483879 2147483891 2147483892 2147483893 2147483894 
2147483747 2147483652 2147483746 2147483652 2147483746 2147483798 2147483852 2147483798 2147483852 
2147483755 2147483652 2147483654 2147483655 2147483658 2147483659 2147483746 2147483652 2147483654 2147483655 2147483658 2147483659 2147483746 2147483758 2147483798 2147483852 2147483891 2147483892 2147483758 2147483798 2147483852 2147483891 2147483892 
2147483758 2147483652 2147483654 2147483655 2147483658 2147483659 2147483665 2147483746 2147483755 2147483652 2147483654 2147483655 2147483658 2147483659 2147483665 2147483746 2147483755 2147483798 2147483852 2147483891 2147483892 2147483798 2147483852 2147483891 2147483892 
2147483764 2147483652 2147483655 2147483658 2147483659 2147483746 2147483652 2147483655 2147483658 2147483659 2147483746 2147483765 2147483798 2147483852 2147483765 2147483798 2147483852 
2147483765 2147483652 2147483655 2147483658 2147483659 2147483746 2147483764 2147483652 2147483655 2147483658 2147483659 2147483746 2147483764 2147483798 2147483852 2147483798 2147483852 
2147483766 2147483652 2147483655 2147483658 2147483659 2147483746 2147483652 2147483655 2147483658 2147483659 2147483746 2147483798 2147483852 2147483798 2147483852 
2147483775 2147483652 2147483655 2147483658 2147483659 2147483671 2147483673 2147483674 2147483676 2147483677 2147483685 2147483746 2147483652 2147483655 2147483658 2147483659 2147483671 2147483673 2147483674 2147483676 2147483677 2147483685 2147483746 2147483798 2147483852 2147483865 2147483798 2147483852 2147483865 
2147483779 2147483652 2147483655 2147483658 2147483659 2147483671 2147483673 2147483674 2147483676 2147483677 2147483685 2147483686 2147483746 2147483652 2147483655 2147483658 2147483659 2147483671 2147483673 2147483674 2147483676 2147483677 2147483685 2147483686 2147483746 2147483782 2147483798 2147483852 2147483865 2147483893 2147483894 2147483782 2147483798 2147483852 2147483865 2147483893 2147483894 
2147483782 2147483652 2147483655 2147483658 2147483659 2147483671 2147483673 2147483674 2147483676 2147483677 2147483685 2147483686 2147483692 2147483746 2147483779 2147483652 2147483655 2147483658 2147483659 2147483671 2147483673 2147483674 2147483676 2147483677 2147483685 2147483686 2147483692 2147483746 2147483779 2147483798 2147483852 2147483865 2147483893 2147483894 2147483798 2147483852 2147483865 2147483893 2147483894 
2147483788 2147483652 2147483655 2147483658 2147483659 2147483671 2147483673 2147483674 2147483676 2147483677 2147483685 2147483746 2147483652 2147483655 2147483658 2147483659 2147483671 2147483673 2147483674 2147483676 2147483677 2147483685 2147483746 2147483798 2147483852 2147483865 2147483798 2147483852 2147483865 
2147483791 2147483652 2147483655 2147483658 2147483659 2147483671 2147483673 2147483674 2147483676 2147483677 2147483685 2147483695 2147483746 2147483652 2147483655 2147483658 2147483659 2147483671 2147483673 2147483674 2147483676 2147483677 2147483685 2147483695 2147483746 2147483793 2147483798 2147483852 2147483865 2147483793 2147483798 2147483852 2147483865 
2147483793 2147483652 2147483655 2147483658 2147483659 2147483671 2147483673 2147483674 2147483676 2147483677 2147483685 2147483695 2147483746 2147483791 2147483652 2147483655 2147483658 2147483659 2147483671 2147483673 2147483674 2147483676 2147483677 2147483685 2147483695 2147483746 2147483791 2147483798 2147483852 2147483865 2147483798 2147483852 2147483865 
2147483798 2147483652 2147483654 2147483655 2147483658 2147483659 2147483665 2147483670 2147483671 2147483673 2147483674 2147483676 2147483677 2147483680 2147483685 2147483686 2147483692 2147483695 2147483700 2147483702 2147483703 2147483745 2147483746 2147483747 2147483755 2147483758 2147483764 2147483765 2147483766 2147483775 2147483779 2147483782 2147483788 2147483791 2147483793 2147483652 2147483654 2147483655 2147483658 2147483659 2147483665 2147483670 2147483671 2147483673 2147483674 2147483676 2147483677 2147483680 2147483685 2147483686 2147483692 2147483695 2147483700 2147483702 2147483703 2147483745 2147483746 2147483747 2147483755 2147483758 2147483764 2147483765 2147483766 2147483775 2147483779 2147483782 2147483788 2147483791 2147483793 2147483801 2147483802 2147483805 2147483807 2147483809 2147483823 2147483852 2147483859 2147483861 2147483865 2147483870 2147483875 2147483878 2147483879 2147483891 2147483892 2147483893 2147483894 22 25 27 32 26 263 264 265 266 2147483801 2147483802 2147483805 2147483807 2147483809 2147483823 2147483852 2147483859 2147483861 2147483865 2147483870 2147483875 2147483878 2147483879 2147483891 2147483892 2147483893 2147483894 
2147483801 2147483652 2147483658 2147483659 2147483671 2147483674 2147483677 2147483685 2147483746 2147483798 2147483652 2147483658 2147483659 2147483671 2147483674 2147483677 2147483685 2147483746 2147483798 2147483852 2147483861 2147483852 2147483861 
2147483802 2147483652 2147483658 2147483659 2147483671 2147483674 2147483677 2147483685 2147483746 2147483798 2147483652 2147483658 2147483659 2147483671 2147483674 2147483677 2147483685 2147483746 2147483798 2147483852 2147483861 2147483852 2147483861 
2147483805 2147483652 2147483658 2147483659 2147483671 2147483674 2147483677 2147483685 2147483746 2147483798 2147483652 2147483658 2147483659 2147483671 2147483674 2147483677 2147483685 2147483746 2147483798 2147483852 2147483861 2147483852 2147483861 
2147483807 2147483652 2147483658 2147483659 2147483671 2147483674 2147483677 2147483680 2147483685 2147483746 2147483798 2147483652 2147483658 2147483659 2147483671 2147483674 2147483677 2147483680 2147483685 2147483746 2147483798 2147483809 2147483852 2147483861 2147483809 2147483852 2147483861 
2147483809 2147483652 2147483658 2147483659 2147483671 2147483674 2147483677 2147483680 2147483685 2147483746 2147483798 2147483807 2147483652 2147483658 2147483659 2147483671 2147483674 2147483677 2147483680 2147483685 2147483746 2147483798 2147483807 2147483852 2147483861 2147483852 2147483861 
2147483823 2147483652 2147483685 2147483746 2147483798 2147483652 2147483685 2147483746 2147483798 2147483852 2147483875 2147483852 2147483875 
2147483832 2147483652 2147483719 2147483652 2147483719 
2147483833 2147483652 2147483719 2147483652 2147483719 
2147483845 2147483652 2147483719 2147483729 2147483652 2147483719 2147483729 2147483889 2147483889 
2147483852 2147483652 2147483654 2147483655 2147483658 2147483659 2147483665 2147483670 2147483671 2147483673 2147483674 2147483676 2147483677 2147483680 2147483685 2147483686 2147483692 2147483695 2147483700 2147483702 2147483703 2147483741 2147483745 2147483746 2147483747 2147483755 2147483758 2147483764 2147483765 2147483766 2147483775 2147483779 2147483782 2147483788 2147483791 2147483793 2147483798 2147483801 2147483802 2147483805 2147483807 2147483809 2147483823 2147483652 2147483654 2147483655 2147483658 2147483659 2147483665 2147483670 2147483671 2147483673 2147483674 2147483676 2147483677 2147483680 2147483685 2147483686 2147483692 2147483695 2147483700 2147483702 2147483703 2147483741 2147483745 2147483746 2147483747 2147483755 2147483758 2147483764 2147483765 2147483766 2147483775 2147483779 2147483782 2147483788 2147483791 2147483793 2147483798 2147483801 2147483802 2147483805 2147483807 2147483809 2147483823 2147483859 2147483861 2147483865 2147483870 2147483875 2147483878 2147483879 2147483891 2147483892 2147483893 2147483894 57 49 53 52 54 127 128 129 130 2147483859 2147483861 2147483865 2147483870 2147483875 2147483878 2147483879 2147483891 2147483892 2147483893 2147483894 
2147483859 2147483652 2147483655 2147483658 2147483659 2147483746 2147483798 2147483852 2147483652 2147483655 2147483658 2147483659 2147483746 2147483798 2147483852 
2147483861 2147483652 2147483658 2147483659 2147483671 2147483674 2147483677 2147483680 2147483685 2147483746 2147483798 2147483801 2147483802 2147483805 2147483807 2147483809 2147483852 2147483652 2147483658 2147483659 2147483671 2147483674 2147483677 2147483680 2147483685 2147483746 2147483798 2147483801 2147483802 2147483805 2147483807 2147483809 2147483852 
2147483865 2147483652 2147483655 2147483658 2147483659 2147483671 2147483673 2147483674 2147483676 2147483677 2147483685 2147483686 2147483692 2147483695 2147483746 2147483775 2147483779 2147483782 2147483788 2147483791 2147483793 2147483798 2147483852 2147483652 2147483655 2147483658 2147483659 2147483671 2147483673 2147483674 2147483676 2147483677 2147483685 2147483686 2147483692 2147483695 2147483746 2147483775 2147483779 2147483782 2147483788 2147483791 2147483793 2147483798 2147483852 2147483870 2147483893 2147483894 2147483870 2147483893 2147483894 
2147483870 2147483652 2147483655 2147483658 2147483659 2147483671 2147483673 2147483674 2147483676 2147483677 2147483685 2147483746 2147483798 2147483852 2147483865 2147483652 2147483655 2147483658 2147483659 2147483671 2147483673 2147483674 2147483676 2147483677 2147483685 2147483746 2147483798 2147483852 2147483865 
2147483875 2147483652 2147483685 2147483700 2147483702 2147483703 2147483746 2147483798 2147483823 2147483852 2147483652 2147483685 2147483700 2147483702 2147483703 2147483746 2147483798 2147483823 2147483852 2147483878 2147483879 49 52 54 57 53 127 128 129 130 2147483878 2147483879 
2147483878 2147483685 2147483746 2147483798 2147483852 2147483875 2147483685 2147483746 2147483798 2147483852 2147483875 2147483879 53 2147483879 
2147483879 2147483685 2147483746 2147483798 2147483852 2147483875 2147483878 2147483685 2147483746 2147483798 2147483852 2147483875 2147483878 49 52 54 57 53 127 128 129 130 
2147483888 2147483652 2147483719 2147483652 2147483719 2147483889 53 2147483889 
2147483889 2147483652 2147483719 2147483721 2147483723 2147483724 2147483729 2147483845 2147483888 2147483652 2147483719 2147483721 2147483723 2147483724 2147483729 2147483845 2147483888 49 52 54 57 53 127 128 129 130 
2147483891 2147483652 2147483654 2147483655 2147483658 2147483659 2147483665 2147483685 2147483746 2147483755 2147483758 2147483798 2147483852 2147483652 2147483654 2147483655 2147483658 2147483659 2147483665 2147483685 2147483746 2147483755 2147483758 2147483798 2147483852 2147483892 2147483892 
2147483892 2147483652 2147483654 2147483655 2147483658 2147483659 2147483665 2147483746 2147483755 2147483758 2147483798 2147483852 2147483891 2147483652 2147483654 2147483655 2147483658 2147483659 2147483665 2147483746 2147483755 2147483758 2147483798 2147483852 2147483891 
2147483893 2147483652 2147483655 2147483658 2147483659 2147483671 2147483673 2147483674 2147483676 2147483677 2147483685 2147483686 2147483692 2147483746 2147483779 2147483782 2147483798 2147483852 2147483865 2147483652 2147483655 2147483658 2147483659 2147483671 2147483673 2147483674 2147483676 2147483677 2147483685 2147483686 2147483692 2147483746 2147483779 2147483782 2147483798 2147483852 2147483865 2147483894 2147483894 
2147483894 2147483652 2147483655 2147483658 2147483659 2147483671 2147483673 2147483674 2147483676 2147483677 2147483685 2147483686 2147483692 2147483746 2147483779 2147483782 2147483798 2147483852 2147483865 2147483893 2147483652 2147483655 2147483658 2147483659 2147483671 2147483673 2147483674 2147483676 2147483677 2147483685 2147483686 2147483692 2147483746 2147483779 2147483782 2147483798 2147483852 2147483865 2147483893 
