2 
5 
8 
11 
18 
19 
22 2147483697 2147483927 
23 
24 
25 2147483697 2147483790 2147483909 2147483916 2147483920 2147483927 
26 2147483697 2147483790 2147483927 
27 2147483697 2147483790 2147483927 
32 2147483697 2147483927 
49 2147483683 2147483690 2147483738 2147483739 2147483746 2147483747 2147483749 2147483768 2147483924 2147483925 2147483926 2147483928 2147483929 2147483931 
50 
51 
52 2147483683 2147483690 2147483699 2147483700 2147483738 2147483739 2147483746 2147483747 2147483749 2147483768 2147483845 2147483861 2147483917 2147483919 2147483921 2147483924 2147483925 2147483926 2147483928 2147483929 2147483931 
53 2147483683 2147483690 2147483691 2147483738 2147483739 2147483746 2147483747 2147483749 2147483768 2147483924 2147483925 2147483926 2147483928 2147483929 2147483931 
54 2147483683 2147483690 2147483738 2147483739 2147483746 2147483747 2147483749 2147483768 2147483924 2147483925 2147483926 2147483928 2147483929 2147483931 
57 2147483683 2147483690 2147483738 2147483739 2147483746 2147483747 2147483749 2147483768 2147483924 2147483925 2147483926 2147483928 2147483929 2147483931 
61 
127 2147483683 2147483690 2147483738 2147483739 2147483746 2147483747 2147483749 2147483768 2147483924 2147483925 2147483926 2147483928 2147483929 2147483931 
128 2147483683 2147483690 2147483738 2147483739 2147483746 2147483747 2147483749 2147483768 2147483924 2147483925 2147483926 2147483928 2147483929 2147483931 
129 2147483683 2147483690 2147483738 2147483739 2147483746 2147483747 2147483749 2147483768 2147483924 2147483925 2147483926 2147483928 2147483929 2147483931 
130 2147483683 2147483690 2147483738 2147483739 2147483746 2147483747 2147483749 2147483768 2147483924 2147483925 2147483926 2147483928 2147483929 2147483931 
131 
132 
133 
134 
247 
248 
249 
250 
251 
252 
253 
254 
263 2147483697 2147483927 
264 2147483697 2147483927 
265 2147483697 2147483927 
266 2147483697 2147483927 
267 
268 
269 
270 
2147483653 2147483749 2147483798 2147483909 2147483910 2147483931 2147483749 2147483798 2147483909 2147483910 2147483931 
2147483670 2147483674 2147483675 2147483676 2147483677 2147483678 2147483679 2147483681 2147483682 2147483683 2147483749 2147483803 2147483806 2147483811 2147483813 2147483814 2147483816 2147483908 2147483909 2147483910 2147483912 2147483931 2147483674 2147483675 2147483676 2147483677 2147483678 2147483679 2147483681 2147483682 2147483683 2147483749 2147483803 2147483806 2147483811 2147483813 2147483814 2147483816 2147483908 2147483909 2147483910 2147483912 2147483931 
2147483674 2147483670 2147483670 2147483675 2147483676 2147483677 2147483678 2147483679 2147483681 2147483682 2147483683 2147483749 2147483803 2147483813 2147483814 2147483816 2147483820 2147483909 2147483910 2147483931 2147483675 2147483676 2147483677 2147483678 2147483679 2147483681 2147483682 2147483683 2147483749 2147483803 2147483813 2147483814 2147483816 2147483820 2147483909 2147483910 2147483931 
2147483675 2147483670 2147483674 2147483670 2147483674 2147483676 2147483677 2147483678 2147483679 2147483681 2147483683 2147483749 2147483803 2147483811 2147483813 2147483909 2147483910 2147483912 2147483931 2147483676 2147483677 2147483678 2147483679 2147483681 2147483683 2147483749 2147483803 2147483811 2147483813 2147483909 2147483910 2147483912 2147483931 
2147483676 2147483670 2147483674 2147483675 2147483670 2147483674 2147483675 2147483677 2147483678 2147483679 2147483681 2147483683 2147483749 2147483803 2147483811 2147483909 2147483910 2147483931 2147483677 2147483678 2147483679 2147483681 2147483683 2147483749 2147483803 2147483811 2147483909 2147483910 2147483931 
2147483677 2147483670 2147483674 2147483675 2147483676 2147483670 2147483674 2147483675 2147483676 2147483678 2147483679 2147483681 2147483683 2147483749 2147483803 2147483811 2147483813 2147483814 2147483909 2147483910 2147483931 2147483678 2147483679 2147483681 2147483683 2147483749 2147483803 2147483811 2147483813 2147483814 2147483909 2147483910 2147483931 
2147483678 2147483670 2147483674 2147483675 2147483676 2147483677 2147483670 2147483674 2147483675 2147483676 2147483677 2147483679 2147483681 2147483683 2147483749 2147483803 2147483811 2147483909 2147483910 2147483931 2147483679 2147483681 2147483683 2147483749 2147483803 2147483811 2147483909 2147483910 2147483931 
2147483679 2147483670 2147483674 2147483675 2147483676 2147483677 2147483678 2147483670 2147483674 2147483675 2147483676 2147483677 2147483678 2147483681 2147483683 2147483749 2147483803 2147483811 2147483813 2147483814 2147483909 2147483910 2147483931 2147483681 2147483683 2147483749 2147483803 2147483811 2147483813 2147483814 2147483909 2147483910 2147483931 
2147483681 2147483670 2147483674 2147483675 2147483676 2147483677 2147483678 2147483679 2147483670 2147483674 2147483675 2147483676 2147483677 2147483678 2147483679 2147483683 2147483749 2147483803 2147483811 2147483813 2147483814 2147483816 2147483909 2147483910 2147483931 2147483683 2147483749 2147483803 2147483811 2147483813 2147483814 2147483816 2147483909 2147483910 2147483931 
2147483682 2147483670 2147483674 2147483670 2147483674 2147483683 2147483749 2147483803 2147483820 2147483909 2147483910 2147483931 2147483683 2147483749 2147483803 2147483820 2147483909 2147483910 2147483931 
2147483683 2147483670 2147483674 2147483675 2147483676 2147483677 2147483678 2147483679 2147483681 2147483682 2147483670 2147483674 2147483675 2147483676 2147483677 2147483678 2147483679 2147483681 2147483682 2147483684 2147483687 2147483690 2147483691 2147483749 2147483797 2147483798 2147483803 2147483806 2147483811 2147483813 2147483814 2147483816 2147483820 2147483887 2147483908 2147483909 2147483910 2147483912 2147483931 49 57 52 54 53 127 128 129 130 2147483684 2147483687 2147483690 2147483691 2147483749 2147483797 2147483798 2147483803 2147483806 2147483811 2147483813 2147483814 2147483816 2147483820 2147483887 2147483908 2147483909 2147483910 2147483912 2147483931 
2147483684 2147483683 2147483683 2147483687 2147483690 2147483749 2147483687 2147483690 2147483749 
2147483687 2147483683 2147483684 2147483683 2147483684 2147483690 2147483749 2147483690 2147483749 
2147483690 2147483683 2147483684 2147483687 2147483683 2147483684 2147483687 2147483691 2147483749 2147483887 53 49 52 54 57 127 128 129 130 2147483691 2147483749 2147483887 
2147483691 2147483683 2147483690 2147483683 2147483690 2147483749 53 2147483749 
2147483697 2147483699 2147483700 2147483709 2147483715 2147483716 2147483717 2147483719 2147483720 2147483728 2147483730 2147483731 2147483732 2147483803 2147483830 2147483834 2147483842 2147483844 2147483845 2147483852 2147483854 2147483855 2147483857 2147483861 2147483870 2147483876 2147483877 2147483909 2147483910 2147483916 2147483917 2147483918 2147483919 2147483920 2147483921 2147483922 2147483924 2147483925 2147483931 22 25 27 32 26 263 264 265 266 2147483699 2147483700 2147483709 2147483715 2147483716 2147483717 2147483719 2147483720 2147483728 2147483730 2147483731 2147483732 2147483803 2147483830 2147483834 2147483842 2147483844 2147483845 2147483852 2147483854 2147483855 2147483857 2147483861 2147483870 2147483876 2147483877 2147483909 2147483910 2147483916 2147483917 2147483918 2147483919 2147483920 2147483921 2147483922 2147483924 2147483925 2147483931 
2147483699 2147483697 2147483697 2147483700 2147483709 2147483715 2147483716 2147483717 2147483719 2147483720 2147483803 2147483842 2147483844 2147483845 2147483852 2147483854 2147483855 2147483857 2147483861 2147483909 2147483910 2147483916 2147483917 2147483918 2147483919 2147483920 2147483921 2147483922 2147483931 52 2147483700 2147483709 2147483715 2147483716 2147483717 2147483719 2147483720 2147483803 2147483842 2147483844 2147483845 2147483852 2147483854 2147483855 2147483857 2147483861 2147483909 2147483910 2147483916 2147483917 2147483918 2147483919 2147483920 2147483921 2147483922 2147483931 
2147483700 2147483697 2147483699 2147483697 2147483699 2147483709 2147483715 2147483716 2147483717 2147483719 2147483720 2147483803 2147483842 2147483844 2147483845 2147483852 2147483854 2147483855 2147483857 2147483861 2147483909 2147483910 2147483916 2147483917 2147483918 2147483919 2147483920 2147483921 2147483922 2147483931 52 2147483709 2147483715 2147483716 2147483717 2147483719 2147483720 2147483803 2147483842 2147483844 2147483845 2147483852 2147483854 2147483855 2147483857 2147483861 2147483909 2147483910 2147483916 2147483917 2147483918 2147483919 2147483920 2147483921 2147483922 2147483931 
2147483709 2147483697 2147483699 2147483700 2147483697 2147483699 2147483700 2147483842 2147483844 2147483845 2147483861 2147483909 2147483916 2147483917 2147483919 2147483920 2147483921 2147483931 2147483842 2147483844 2147483845 2147483861 2147483909 2147483916 2147483917 2147483919 2147483920 2147483921 2147483931 
2147483715 2147483697 2147483699 2147483700 2147483697 2147483699 2147483700 2147483716 2147483717 2147483719 2147483842 2147483844 2147483845 2147483852 2147483861 2147483909 2147483916 2147483917 2147483918 2147483919 2147483920 2147483921 2147483931 2147483716 2147483717 2147483719 2147483842 2147483844 2147483845 2147483852 2147483861 2147483909 2147483916 2147483917 2147483918 2147483919 2147483920 2147483921 2147483931 
2147483716 2147483697 2147483699 2147483700 2147483715 2147483697 2147483699 2147483700 2147483715 2147483717 2147483719 2147483842 2147483844 2147483845 2147483852 2147483861 2147483909 2147483916 2147483917 2147483918 2147483919 2147483920 2147483921 2147483931 2147483717 2147483719 2147483842 2147483844 2147483845 2147483852 2147483861 2147483909 2147483916 2147483917 2147483918 2147483919 2147483920 2147483921 2147483931 
2147483717 2147483697 2147483699 2147483700 2147483715 2147483716 2147483697 2147483699 2147483700 2147483715 2147483716 2147483719 2147483842 2147483844 2147483845 2147483854 2147483855 2147483861 2147483909 2147483916 2147483917 2147483918 2147483919 2147483920 2147483921 2147483931 2147483719 2147483842 2147483844 2147483845 2147483854 2147483855 2147483861 2147483909 2147483916 2147483917 2147483918 2147483919 2147483920 2147483921 2147483931 
2147483719 2147483697 2147483699 2147483700 2147483715 2147483716 2147483717 2147483697 2147483699 2147483700 2147483715 2147483716 2147483717 2147483842 2147483844 2147483845 2147483852 2147483854 2147483855 2147483857 2147483861 2147483909 2147483916 2147483917 2147483918 2147483919 2147483920 2147483921 2147483931 2147483842 2147483844 2147483845 2147483852 2147483854 2147483855 2147483857 2147483861 2147483909 2147483916 2147483917 2147483918 2147483919 2147483920 2147483921 2147483931 
2147483720 2147483697 2147483699 2147483700 2147483697 2147483699 2147483700 2147483842 2147483844 2147483845 2147483861 2147483909 2147483916 2147483917 2147483918 2147483919 2147483920 2147483921 2147483931 2147483842 2147483844 2147483845 2147483861 2147483909 2147483916 2147483917 2147483918 2147483919 2147483920 2147483921 2147483931 
2147483728 2147483697 2147483697 2147483730 2147483731 2147483732 2147483870 2147483876 2147483877 2147483924 2147483925 2147483931 2147483730 2147483731 2147483732 2147483870 2147483876 2147483877 2147483924 2147483925 2147483931 
2147483730 2147483697 2147483728 2147483697 2147483728 2147483731 2147483924 2147483925 2147483931 2147483731 2147483924 2147483925 2147483931 
2147483731 2147483697 2147483728 2147483730 2147483697 2147483728 2147483730 2147483732 2147483924 2147483925 2147483931 2147483732 2147483924 2147483925 2147483931 
2147483732 2147483697 2147483728 2147483731 2147483697 2147483728 2147483731 2147483870 2147483876 2147483877 2147483924 2147483925 2147483931 2147483870 2147483876 2147483877 2147483924 2147483925 2147483931 
2147483734 2147483749 2147483926 2147483749 2147483926 
2147483738 2147483739 2147483746 2147483747 2147483749 2147483765 2147483766 2147483768 2147483769 2147483927 2147483928 2147483929 49 52 54 57 53 127 128 129 130 2147483739 2147483746 2147483747 2147483749 2147483765 2147483766 2147483768 2147483769 2147483927 2147483928 2147483929 
2147483739 2147483738 2147483738 2147483746 2147483747 2147483765 2147483766 2147483768 2147483769 2147483927 2147483928 2147483929 49 52 54 57 53 127 128 129 130 2147483746 2147483747 2147483765 2147483766 2147483768 2147483769 2147483927 2147483928 2147483929 
2147483746 2147483738 2147483739 2147483738 2147483739 2147483747 2147483765 2147483766 2147483768 2147483769 2147483927 2147483928 2147483929 49 52 54 57 53 127 128 129 130 2147483747 2147483765 2147483766 2147483768 2147483769 2147483927 2147483928 2147483929 
2147483747 2147483738 2147483739 2147483746 2147483738 2147483739 2147483746 2147483765 2147483766 2147483768 2147483927 2147483928 2147483929 53 49 52 54 57 127 128 129 130 2147483765 2147483766 2147483768 2147483927 2147483928 2147483929 
2147483749 2147483653 2147483670 2147483674 2147483675 2147483676 2147483677 2147483678 2147483679 2147483681 2147483682 2147483683 2147483684 2147483687 2147483690 2147483691 2147483734 2147483738 2147483653 2147483670 2147483674 2147483675 2147483676 2147483677 2147483678 2147483679 2147483681 2147483682 2147483683 2147483684 2147483687 2147483690 2147483691 2147483734 2147483738 2147483751 2147483753 2147483759 2147483760 2147483776 2147483779 2147483780 2147483790 2147483797 2147483798 2147483801 2147483803 2147483806 2147483811 2147483813 2147483814 2147483816 2147483820 2147483828 2147483887 2147483908 2147483909 2147483910 2147483912 2147483919 2147483921 2147483926 2147483927 2147483930 2147483931 53 49 52 54 57 127 128 129 130 2147483751 2147483753 2147483759 2147483760 2147483776 2147483779 2147483780 2147483790 2147483797 2147483798 2147483801 2147483803 2147483806 2147483811 2147483813 2147483814 2147483816 2147483820 2147483828 2147483887 2147483908 2147483909 2147483910 2147483912 2147483919 2147483921 2147483926 2147483927 2147483930 2147483931 
2147483751 2147483749 2147483749 2147483927 2147483930 2147483927 2147483930 
2147483753 2147483749 2147483749 2147483927 2147483930 2147483927 2147483930 
2147483759 2147483749 2147483749 2147483927 2147483927 
2147483760 2147483749 2147483749 2147483927 2147483927 
2147483765 2147483738 2147483739 2147483746 2147483747 2147483738 2147483739 2147483746 2147483747 2147483768 2147483927 2147483928 2147483929 2147483768 2147483927 2147483928 2147483929 
2147483766 2147483738 2147483739 2147483746 2147483747 2147483738 2147483739 2147483746 2147483747 2147483768 2147483927 2147483928 2147483929 2147483768 2147483927 2147483928 2147483929 
2147483768 2147483738 2147483739 2147483746 2147483747 2147483765 2147483766 2147483738 2147483739 2147483746 2147483747 2147483765 2147483766 2147483769 2147483927 2147483928 2147483929 54 49 52 57 53 127 128 129 130 2147483769 2147483927 2147483928 2147483929 
2147483769 2147483738 2147483739 2147483746 2147483768 2147483738 2147483739 2147483746 2147483768 2147483927 2147483928 2147483929 2147483927 2147483928 2147483929 
2147483771 
2147483776 2147483749 2147483749 2147483926 2147483926 
2147483779 2147483749 2147483749 2147483926 2147483926 
2147483780 2147483749 2147483749 2147483926 2147483926 
2147483783 
2147483790 2147483749 2147483749 2147483931 25 27 26 2147483931 
2147483797 2147483683 2147483749 2147483683 2147483749 2147483909 2147483910 2147483931 2147483909 2147483910 2147483931 
2147483798 2147483653 2147483683 2147483749 2147483653 2147483683 2147483749 2147483801 2147483908 2147483909 2147483910 2147483931 2147483801 2147483908 2147483909 2147483910 2147483931 
2147483801 2147483749 2147483798 2147483749 2147483798 2147483909 2147483910 2147483931 2147483909 2147483910 2147483931 
2147483803 2147483670 2147483674 2147483675 2147483676 2147483677 2147483678 2147483679 2147483681 2147483682 2147483683 2147483697 2147483699 2147483700 2147483749 2147483670 2147483674 2147483675 2147483676 2147483677 2147483678 2147483679 2147483681 2147483682 2147483683 2147483697 2147483699 2147483700 2147483749 2147483806 2147483811 2147483813 2147483814 2147483816 2147483820 2147483828 2147483830 2147483831 2147483834 2147483908 2147483909 2147483910 2147483912 2147483919 2147483921 2147483931 2147483806 2147483811 2147483813 2147483814 2147483816 2147483820 2147483828 2147483830 2147483831 2147483834 2147483908 2147483909 2147483910 2147483912 2147483919 2147483921 2147483931 
2147483806 2147483670 2147483683 2147483749 2147483803 2147483670 2147483683 2147483749 2147483803 2147483909 2147483910 2147483912 2147483931 2147483909 2147483910 2147483912 2147483931 
2147483811 2147483670 2147483675 2147483676 2147483677 2147483678 2147483679 2147483681 2147483683 2147483749 2147483803 2147483670 2147483675 2147483676 2147483677 2147483678 2147483679 2147483681 2147483683 2147483749 2147483803 2147483909 2147483910 2147483931 2147483909 2147483910 2147483931 
2147483813 2147483670 2147483674 2147483675 2147483677 2147483679 2147483681 2147483683 2147483749 2147483803 2147483670 2147483674 2147483675 2147483677 2147483679 2147483681 2147483683 2147483749 2147483803 2147483909 2147483910 2147483931 2147483909 2147483910 2147483931 
2147483814 2147483670 2147483674 2147483677 2147483679 2147483681 2147483683 2147483749 2147483803 2147483670 2147483674 2147483677 2147483679 2147483681 2147483683 2147483749 2147483803 2147483816 2147483909 2147483910 2147483931 2147483816 2147483909 2147483910 2147483931 
2147483816 2147483670 2147483674 2147483681 2147483683 2147483749 2147483803 2147483814 2147483670 2147483674 2147483681 2147483683 2147483749 2147483803 2147483814 2147483909 2147483910 2147483931 2147483909 2147483910 2147483931 
2147483820 2147483674 2147483682 2147483683 2147483749 2147483803 2147483674 2147483682 2147483683 2147483749 2147483803 2147483909 2147483910 2147483931 2147483909 2147483910 2147483931 
2147483828 2147483749 2147483803 2147483749 2147483803 2147483830 2147483831 2147483909 2147483910 2147483919 2147483921 2147483931 2147483830 2147483831 2147483909 2147483910 2147483919 2147483921 2147483931 
2147483830 2147483697 2147483803 2147483828 2147483697 2147483803 2147483828 2147483831 2147483909 2147483910 2147483919 2147483921 2147483931 2147483831 2147483909 2147483910 2147483919 2147483921 2147483931 
2147483831 2147483803 2147483828 2147483830 2147483803 2147483828 2147483830 2147483909 2147483910 2147483919 2147483921 2147483931 2147483909 2147483910 2147483919 2147483921 2147483931 
2147483834 2147483697 2147483803 2147483697 2147483803 2147483909 2147483910 2147483919 2147483921 2147483931 2147483909 2147483910 2147483919 2147483921 2147483931 
2147483842 2147483697 2147483699 2147483700 2147483709 2147483715 2147483716 2147483717 2147483719 2147483720 2147483697 2147483699 2147483700 2147483709 2147483715 2147483716 2147483717 2147483719 2147483720 2147483844 2147483845 2147483852 2147483854 2147483855 2147483857 2147483861 2147483909 2147483916 2147483917 2147483918 2147483919 2147483920 2147483921 2147483922 2147483931 2147483844 2147483845 2147483852 2147483854 2147483855 2147483857 2147483861 2147483909 2147483916 2147483917 2147483918 2147483919 2147483920 2147483921 2147483922 2147483931 
2147483844 2147483697 2147483699 2147483700 2147483709 2147483715 2147483716 2147483717 2147483719 2147483720 2147483842 2147483697 2147483699 2147483700 2147483709 2147483715 2147483716 2147483717 2147483719 2147483720 2147483842 2147483845 2147483852 2147483854 2147483855 2147483857 2147483861 2147483909 2147483916 2147483917 2147483918 2147483919 2147483920 2147483921 2147483922 2147483931 2147483845 2147483852 2147483854 2147483855 2147483857 2147483861 2147483909 2147483916 2147483917 2147483918 2147483919 2147483920 2147483921 2147483922 2147483931 
2147483845 2147483697 2147483699 2147483700 2147483709 2147483715 2147483716 2147483717 2147483719 2147483720 2147483842 2147483844 2147483697 2147483699 2147483700 2147483709 2147483715 2147483716 2147483717 2147483719 2147483720 2147483842 2147483844 2147483852 2147483854 2147483855 2147483857 2147483861 2147483909 2147483916 2147483917 2147483918 2147483919 2147483920 2147483921 2147483922 2147483931 52 2147483852 2147483854 2147483855 2147483857 2147483861 2147483909 2147483916 2147483917 2147483918 2147483919 2147483920 2147483921 2147483922 2147483931 
2147483852 2147483697 2147483699 2147483700 2147483715 2147483716 2147483719 2147483842 2147483844 2147483845 2147483697 2147483699 2147483700 2147483715 2147483716 2147483719 2147483842 2147483844 2147483845 2147483861 2147483909 2147483916 2147483917 2147483918 2147483919 2147483920 2147483921 2147483931 2147483861 2147483909 2147483916 2147483917 2147483918 2147483919 2147483920 2147483921 2147483931 
2147483854 2147483697 2147483699 2147483700 2147483717 2147483719 2147483842 2147483844 2147483845 2147483697 2147483699 2147483700 2147483717 2147483719 2147483842 2147483844 2147483845 2147483861 2147483909 2147483916 2147483917 2147483918 2147483919 2147483920 2147483921 2147483931 2147483861 2147483909 2147483916 2147483917 2147483918 2147483919 2147483920 2147483921 2147483931 
2147483855 2147483697 2147483699 2147483700 2147483717 2147483719 2147483842 2147483844 2147483845 2147483697 2147483699 2147483700 2147483717 2147483719 2147483842 2147483844 2147483845 2147483857 2147483861 2147483909 2147483916 2147483917 2147483918 2147483919 2147483920 2147483921 2147483931 2147483857 2147483861 2147483909 2147483916 2147483917 2147483918 2147483919 2147483920 2147483921 2147483931 
2147483857 2147483697 2147483699 2147483700 2147483719 2147483842 2147483844 2147483845 2147483855 2147483697 2147483699 2147483700 2147483719 2147483842 2147483844 2147483845 2147483855 2147483861 2147483909 2147483916 2147483917 2147483918 2147483919 2147483920 2147483921 2147483931 2147483861 2147483909 2147483916 2147483917 2147483918 2147483919 2147483920 2147483921 2147483931 
2147483861 2147483697 2147483699 2147483700 2147483709 2147483715 2147483716 2147483717 2147483719 2147483720 2147483842 2147483844 2147483845 2147483852 2147483854 2147483855 2147483857 2147483697 2147483699 2147483700 2147483709 2147483715 2147483716 2147483717 2147483719 2147483720 2147483842 2147483844 2147483845 2147483852 2147483854 2147483855 2147483857 2147483909 2147483916 2147483917 2147483918 2147483919 2147483920 2147483921 2147483922 2147483931 52 2147483909 2147483916 2147483917 2147483918 2147483919 2147483920 2147483921 2147483922 2147483931 
2147483870 2147483697 2147483728 2147483732 2147483697 2147483728 2147483732 2147483924 2147483925 2147483931 2147483924 2147483925 2147483931 
2147483876 2147483697 2147483728 2147483732 2147483697 2147483728 2147483732 2147483877 2147483924 2147483925 2147483931 2147483877 2147483924 2147483925 2147483931 
2147483877 2147483697 2147483728 2147483732 2147483876 2147483697 2147483728 2147483732 2147483876 2147483924 2147483925 2147483931 2147483924 2147483925 2147483931 
2147483887 2147483683 2147483690 2147483749 2147483683 2147483690 2147483749 
2147483908 2147483670 2147483683 2147483749 2147483798 2147483803 2147483670 2147483683 2147483749 2147483798 2147483803 2147483909 2147483910 2147483931 2147483909 2147483910 2147483931 
2147483909 2147483653 2147483670 2147483674 2147483675 2147483676 2147483677 2147483678 2147483679 2147483681 2147483682 2147483683 2147483697 2147483699 2147483700 2147483709 2147483715 2147483716 2147483717 2147483719 2147483720 2147483749 2147483797 2147483798 2147483801 2147483803 2147483806 2147483811 2147483813 2147483814 2147483816 2147483820 2147483828 2147483830 2147483831 2147483834 2147483842 2147483844 2147483845 2147483852 2147483854 2147483855 2147483857 2147483861 2147483908 2147483653 2147483670 2147483674 2147483675 2147483676 2147483677 2147483678 2147483679 2147483681 2147483682 2147483683 2147483697 2147483699 2147483700 2147483709 2147483715 2147483716 2147483717 2147483719 2147483720 2147483749 2147483797 2147483798 2147483801 2147483803 2147483806 2147483811 2147483813 2147483814 2147483816 2147483820 2147483828 2147483830 2147483831 2147483834 2147483842 2147483844 2147483845 2147483852 2147483854 2147483855 2147483857 2147483861 2147483908 2147483910 2147483912 2147483916 2147483917 2147483918 2147483919 2147483920 2147483921 2147483922 2147483931 25 2147483910 2147483912 2147483916 2147483917 2147483918 2147483919 2147483920 2147483921 2147483922 2147483931 
2147483910 2147483653 2147483670 2147483674 2147483675 2147483676 2147483677 2147483678 2147483679 2147483681 2147483682 2147483683 2147483697 2147483699 2147483700 2147483749 2147483797 2147483798 2147483801 2147483803 2147483806 2147483811 2147483813 2147483814 2147483816 2147483820 2147483828 2147483830 2147483831 2147483834 2147483908 2147483909 2147483653 2147483670 2147483674 2147483675 2147483676 2147483677 2147483678 2147483679 2147483681 2147483682 2147483683 2147483697 2147483699 2147483700 2147483749 2147483797 2147483798 2147483801 2147483803 2147483806 2147483811 2147483813 2147483814 2147483816 2147483820 2147483828 2147483830 2147483831 2147483834 2147483908 2147483909 2147483912 2147483919 2147483921 2147483931 2147483912 2147483919 2147483921 2147483931 
2147483912 2147483670 2147483675 2147483683 2147483749 2147483803 2147483806 2147483909 2147483910 2147483670 2147483675 2147483683 2147483749 2147483803 2147483806 2147483909 2147483910 2147483931 2147483931 
2147483916 2147483697 2147483699 2147483700 2147483709 2147483715 2147483716 2147483717 2147483719 2147483720 2147483842 2147483844 2147483845 2147483852 2147483854 2147483855 2147483857 2147483861 2147483909 2147483697 2147483699 2147483700 2147483709 2147483715 2147483716 2147483717 2147483719 2147483720 2147483842 2147483844 2147483845 2147483852 2147483854 2147483855 2147483857 2147483861 2147483909 2147483917 2147483918 2147483919 2147483920 2147483921 2147483922 2147483931 25 2147483917 2147483918 2147483919 2147483920 2147483921 2147483922 2147483931 
2147483917 2147483697 2147483699 2147483700 2147483709 2147483715 2147483716 2147483717 2147483719 2147483720 2147483842 2147483844 2147483845 2147483852 2147483854 2147483855 2147483857 2147483861 2147483909 2147483916 2147483697 2147483699 2147483700 2147483709 2147483715 2147483716 2147483717 2147483719 2147483720 2147483842 2147483844 2147483845 2147483852 2147483854 2147483855 2147483857 2147483861 2147483909 2147483916 2147483918 2147483919 2147483920 2147483921 2147483922 2147483931 52 2147483918 2147483919 2147483920 2147483921 2147483922 2147483931 
2147483918 2147483697 2147483699 2147483700 2147483715 2147483716 2147483717 2147483719 2147483720 2147483842 2147483844 2147483845 2147483852 2147483854 2147483855 2147483857 2147483861 2147483909 2147483916 2147483917 2147483697 2147483699 2147483700 2147483715 2147483716 2147483717 2147483719 2147483720 2147483842 2147483844 2147483845 2147483852 2147483854 2147483855 2147483857 2147483861 2147483909 2147483916 2147483917 2147483919 2147483920 2147483921 2147483922 2147483931 2147483919 2147483920 2147483921 2147483922 2147483931 
2147483919 2147483697 2147483699 2147483700 2147483709 2147483715 2147483716 2147483717 2147483719 2147483720 2147483749 2147483803 2147483828 2147483830 2147483831 2147483834 2147483842 2147483844 2147483845 2147483852 2147483854 2147483855 2147483857 2147483861 2147483909 2147483910 2147483916 2147483917 2147483918 2147483697 2147483699 2147483700 2147483709 2147483715 2147483716 2147483717 2147483719 2147483720 2147483749 2147483803 2147483828 2147483830 2147483831 2147483834 2147483842 2147483844 2147483845 2147483852 2147483854 2147483855 2147483857 2147483861 2147483909 2147483910 2147483916 2147483917 2147483918 2147483920 2147483921 2147483922 2147483931 52 2147483920 2147483921 2147483922 2147483931 
2147483920 2147483697 2147483699 2147483700 2147483709 2147483715 2147483716 2147483717 2147483719 2147483720 2147483842 2147483844 2147483845 2147483852 2147483854 2147483855 2147483857 2147483861 2147483909 2147483916 2147483917 2147483918 2147483919 2147483697 2147483699 2147483700 2147483709 2147483715 2147483716 2147483717 2147483719 2147483720 2147483842 2147483844 2147483845 2147483852 2147483854 2147483855 2147483857 2147483861 2147483909 2147483916 2147483917 2147483918 2147483919 2147483921 2147483922 2147483931 25 2147483921 2147483922 2147483931 
2147483921 2147483697 2147483699 2147483700 2147483709 2147483715 2147483716 2147483717 2147483719 2147483720 2147483749 2147483803 2147483828 2147483830 2147483831 2147483834 2147483842 2147483844 2147483845 2147483852 2147483854 2147483855 2147483857 2147483861 2147483909 2147483910 2147483916 2147483917 2147483918 2147483919 2147483920 2147483697 2147483699 2147483700 2147483709 2147483715 2147483716 2147483717 2147483719 2147483720 2147483749 2147483803 2147483828 2147483830 2147483831 2147483834 2147483842 2147483844 2147483845 2147483852 2147483854 2147483855 2147483857 2147483861 2147483909 2147483910 2147483916 2147483917 2147483918 2147483919 2147483920 2147483922 2147483931 52 2147483922 2147483931 
2147483922 2147483697 2147483699 2147483700 2147483842 2147483844 2147483845 2147483861 2147483909 2147483916 2147483917 2147483918 2147483919 2147483920 2147483921 2147483697 2147483699 2147483700 2147483842 2147483844 2147483845 2147483861 2147483909 2147483916 2147483917 2147483918 2147483919 2147483920 2147483921 2147483931 2147483931 
2147483924 2147483697 2147483728 2147483730 2147483731 2147483732 2147483870 2147483876 2147483877 2147483697 2147483728 2147483730 2147483731 2147483732 2147483870 2147483876 2147483877 2147483925 2147483931 57 49 52 54 53 127 128 129 130 2147483925 2147483931 
2147483925 2147483697 2147483728 2147483730 2147483731 2147483732 2147483870 2147483876 2147483877 2147483924 2147483697 2147483728 2147483730 2147483731 2147483732 2147483870 2147483876 2147483877 2147483924 2147483931 49 52 54 57 53 127 128 129 130 2147483931 
2147483926 2147483734 2147483749 2147483776 2147483779 2147483780 2147483734 2147483749 2147483776 2147483779 2147483780 49 52 54 57 53 127 128 129 130 
2147483927 2147483738 2147483739 2147483746 2147483747 2147483749 2147483751 2147483753 2147483759 2147483760 2147483765 2147483766 2147483768 2147483769 2147483738 2147483739 2147483746 2147483747 2147483749 2147483751 2147483753 2147483759 2147483760 2147483765 2147483766 2147483768 2147483769 2147483928 2147483929 2147483930 32 22 25 27 26 263 264 265 266 2147483928 2147483929 2147483930 
2147483928 2147483738 2147483739 2147483746 2147483747 2147483765 2147483766 2147483768 2147483769 2147483927 2147483738 2147483739 2147483746 2147483747 2147483765 2147483766 2147483768 2147483769 2147483927 2147483929 57 49 52 54 53 127 128 129 130 2147483929 
2147483929 2147483738 2147483739 2147483746 2147483747 2147483765 2147483766 2147483768 2147483769 2147483927 2147483928 2147483738 2147483739 2147483746 2147483747 2147483765 2147483766 2147483768 2147483769 2147483927 2147483928 53 49 52 54 57 127 128 129 130 
2147483930 2147483749 2147483751 2147483753 2147483927 2147483749 2147483751 2147483753 2147483927 2147483931 2147483931 
2147483931 2147483653 2147483670 2147483674 2147483675 2147483676 2147483677 2147483678 2147483679 2147483681 2147483682 2147483683 2147483697 2147483699 2147483700 2147483709 2147483715 2147483716 2147483717 2147483719 2147483720 2147483728 2147483730 2147483731 2147483732 2147483749 2147483790 2147483797 2147483798 2147483801 2147483803 2147483806 2147483811 2147483813 2147483814 2147483816 2147483820 2147483828 2147483830 2147483831 2147483834 2147483842 2147483844 2147483845 2147483852 2147483854 2147483855 2147483857 2147483861 2147483870 2147483876 2147483877 2147483908 2147483909 2147483910 2147483912 2147483916 2147483917 2147483918 2147483919 2147483920 2147483921 2147483922 2147483924 2147483925 2147483930 2147483653 2147483670 2147483674 2147483675 2147483676 2147483677 2147483678 2147483679 2147483681 2147483682 2147483683 2147483697 2147483699 2147483700 2147483709 2147483715 2147483716 2147483717 2147483719 2147483720 2147483728 2147483730 2147483731 2147483732 2147483749 2147483790 2147483797 2147483798 2147483801 2147483803 2147483806 2147483811 2147483813 2147483814 2147483816 2147483820 2147483828 2147483830 2147483831 2147483834 2147483842 2147483844 2147483845 2147483852 2147483854 2147483855 2147483857 2147483861 2147483870 2147483876 2147483877 2147483908 2147483909 2147483910 2147483912 2147483916 2147483917 2147483918 2147483919 2147483920 2147483921 2147483922 2147483924 2147483925 2147483930 49 52 54 57 53 127 128 129 130 
