22 2147483687 
23 
24 
25 2147483687 
26 2147483687 
27 2147483687 
32 2147483687 
49 2147483690 
50 
51 
52 2147483690 
53 2147483658 2147483677 2147483681 2147483684 2147483690 
54 2147483690 
57 2147483690 
127 2147483690 
128 2147483690 
129 2147483690 
130 2147483690 
131 
132 
133 
134 
263 2147483687 
264 2147483687 
265 2147483687 
266 2147483687 
267 
268 
269 
270 
2147483658 2147483687 53 2147483687 
2147483665 2147483669 2147483671 2147483672 2147483687 2147483690 2147483692 2147483669 2147483671 2147483672 2147483687 2147483690 2147483692 
2147483669 2147483665 2147483665 2147483687 2147483690 2147483692 2147483687 2147483690 2147483692 
2147483671 2147483665 2147483665 2147483672 2147483687 2147483690 2147483692 2147483672 2147483687 2147483690 2147483692 
2147483672 2147483665 2147483671 2147483665 2147483671 2147483675 2147483687 2147483690 2147483692 2147483675 2147483687 2147483690 2147483692 
2147483675 2147483672 2147483672 2147483690 2147483690 
2147483676 2147483677 2147483690 2147483677 2147483690 
2147483677 2147483676 2147483676 2147483690 53 2147483690 
2147483680 2147483681 2147483690 2147483681 2147483690 
2147483681 2147483680 2147483680 2147483690 53 2147483690 
2147483684 53 
2147483687 2147483658 2147483665 2147483669 2147483671 2147483672 2147483658 2147483665 2147483669 2147483671 2147483672 2147483690 2147483692 26 22 25 27 32 263 264 265 266 2147483690 2147483692 
2147483690 2147483665 2147483669 2147483671 2147483672 2147483675 2147483676 2147483677 2147483680 2147483681 2147483687 2147483665 2147483669 2147483671 2147483672 2147483675 2147483676 2147483677 2147483680 2147483681 2147483687 2147483692 49 52 54 57 53 127 128 129 130 2147483692 
2147483692 2147483665 2147483669 2147483671 2147483672 2147483687 2147483690 2147483665 2147483669 2147483671 2147483672 2147483687 2147483690 
