49,1,49,-1,0,1,0,0,0,
50,1,50,-1,0,1,0,0,255,
51,1,51,-1,0,1,0,0,255,
52,1,52,-1,0,1,0,0,0,
53,1,53,-1,0,1,0,0,0,
54,1,54,-1,0,1,0,0,0,
57,1,57,-1,0,1,0,0,0,
127,1,127,-1,0,1,0,0,0,
128,1,128,-1,0,1,0,0,255,
129,1,129,-1,0,1,0,0,255,
130,1,130,-1,0,1,0,0,255,
131,1,131,-1,0,1,0,0,255,
132,1,132,-1,0,1,0,0,255,
133,1,133,-1,0,1,0,0,255,
134,1,134,-1,0,1,0,0,255,
2147483648,0,0,0.00619898,1,0,1,0,0,51 133 134 131 132 50
2147483650,0,0,0.00672238,4,0,1,0,255,49 52 54 57 53 127 128 129 130 51 133 134 131 132 50
2147483653,0,0,0.0567636,1,0,1,0,255,53 49 52 54 57 127 128 129 130 51 133 134 131 132 50
2147483655,0,0,0.0246375,9,0,1,0,255,49 52 54 57 53 127 128 129 130 51 133 134 131 132 50
2147483657,0,0,0.001348,3,0,1,0,255,49 52 54 57 53 127 128 129 130 51 133 134 131 132 50
2147483658,0,0,0.0395672,10,0,1,0,255,49 52 54 57 53 127 128 129 130 51 133 134 131 132 50
2147483668,0,0,0.00385576,2,0,1,0,255,51 133 134 131 132 50
2147483674,0,0,inf,1,0,1,0,255,49 52 54 57 53 127 128 129 130 51 133 134 131 132 50
2147483677,0,0,0.0954017,2,0,1,0,255,49 52 54 57 53 127 128 129 130 51 133 134 131 132 50
2147483685,0,0,0.017165,1,0,1,0,255,49 52 54 57 53 127 128 129 130 51 133 134 131 132 50
2147483690,0,0,inf,1,0,1,0,255,49 52 54 57 53 127 128 129 130 51 133 134 131 132 50
2147483696,0,0,inf,1,0,1,0,255,49 52 54 57 53 127 128 129 130 51 133 134 131 132 50
2147483697,0,0,inf,1,0,1,0,255,49 52 54 57 53 127 128 129 130 51 133 134 131 132 50
2147483698,0,0,0.00276855,1,0,1,0,255,49 52 54 57 53 127 128 129 130 51 133 134 131 132 50
2147483700,0,0,inf,1,0,1,0,255,49 52 54 57 53 127 128 129 130 51 133 134 131 132 50
2147483702,0,0,0.112256,3,0,1,0,255,51 133 134 131 132 50
