2 
5 
8 
11 
18 
19 
22 2147483653 
23 
24 
25 2147483653 2147483785 
26 2147483653 2147483785 
27 2147483653 2147483785 
32 2147483653 2147483785 
49 2147483666 2147483691 2147483693 2147483694 2147483705 2147483774 2147483776 2147483778 2147483780 2147483784 
50 
51 
52 2147483666 2147483691 2147483693 2147483694 2147483705 2147483774 2147483776 2147483778 2147483780 2147483782 2147483784 
53 2147483657 2147483666 2147483691 2147483693 2147483694 2147483705 2147483774 2147483776 2147483778 2147483780 2147483782 2147483784 2147483795 
54 2147483666 2147483691 2147483693 2147483694 2147483705 2147483774 2147483776 2147483778 2147483780 2147483782 2147483784 2147483795 
57 2147483666 2147483691 2147483693 2147483694 2147483705 2147483774 2147483776 2147483778 2147483780 2147483782 2147483784 2147483795 
61 
127 2147483666 2147483691 2147483693 2147483694 2147483705 2147483774 2147483776 2147483778 2147483780 2147483782 2147483784 
128 2147483666 2147483691 2147483693 2147483694 2147483705 2147483774 2147483776 2147483778 2147483780 2147483782 2147483784 
129 2147483666 2147483691 2147483693 2147483694 2147483705 2147483774 2147483776 2147483778 2147483780 2147483784 
130 2147483666 2147483691 2147483693 2147483694 2147483705 2147483774 2147483776 2147483778 2147483780 2147483784 
131 
132 
133 
134 
247 
248 
249 
250 
251 
252 
253 
254 
263 2147483653 
264 2147483653 
265 2147483653 
266 2147483653 
267 
268 
269 
270 
2147483653 2147483657 2147483666 2147483691 2147483693 2147483694 2147483701 2147483702 2147483705 2147483774 2147483783 2147483784 2147483785 22 25 27 32 26 263 264 265 266 2147483657 2147483666 2147483691 2147483693 2147483694 2147483701 2147483702 2147483705 2147483774 2147483783 2147483784 2147483785 
2147483657 2147483653 2147483653 2147483666 2147483691 2147483693 2147483694 2147483701 2147483702 2147483705 2147483774 2147483784 2147483785 53 2147483666 2147483691 2147483693 2147483694 2147483701 2147483702 2147483705 2147483774 2147483784 2147483785 
2147483662 2147483666 2147483691 2147483693 2147483694 2147483741 2147483774 2147483795 2147483666 2147483691 2147483693 2147483694 2147483741 2147483774 2147483795 
2147483666 2147483653 2147483657 2147483662 2147483653 2147483657 2147483662 2147483670 2147483690 2147483691 2147483693 2147483694 2147483701 2147483702 2147483705 2147483730 2147483738 2147483739 2147483741 2147483745 2147483774 2147483776 2147483778 2147483780 2147483782 2147483783 2147483784 2147483785 2147483795 2147483800 54 49 52 57 53 127 128 129 130 2147483670 2147483690 2147483691 2147483693 2147483694 2147483701 2147483702 2147483705 2147483730 2147483738 2147483739 2147483741 2147483745 2147483774 2147483776 2147483778 2147483780 2147483782 2147483783 2147483784 2147483785 2147483795 2147483800 
2147483670 2147483666 2147483666 2147483671 2147483691 2147483693 2147483694 2147483741 2147483774 2147483776 2147483778 2147483780 2147483795 2147483800 2147483671 2147483691 2147483693 2147483694 2147483741 2147483774 2147483776 2147483778 2147483780 2147483795 2147483800 
2147483671 2147483670 2147483670 2147483691 2147483693 2147483694 2147483741 2147483774 2147483776 2147483778 2147483780 2147483795 2147483800 2147483691 2147483693 2147483694 2147483741 2147483774 2147483776 2147483778 2147483780 2147483795 2147483800 
2147483690 2147483666 2147483666 2147483691 2147483693 2147483694 2147483741 2147483774 2147483776 2147483778 2147483780 2147483795 2147483800 2147483691 2147483693 2147483694 2147483741 2147483774 2147483776 2147483778 2147483780 2147483795 2147483800 
2147483691 2147483653 2147483657 2147483662 2147483666 2147483670 2147483671 2147483690 2147483653 2147483657 2147483662 2147483666 2147483670 2147483671 2147483690 2147483693 2147483694 2147483701 2147483702 2147483705 2147483730 2147483738 2147483739 2147483741 2147483745 2147483774 2147483776 2147483778 2147483780 2147483782 2147483783 2147483784 2147483785 2147483795 2147483800 53 57 49 52 54 127 128 129 130 2147483693 2147483694 2147483701 2147483702 2147483705 2147483730 2147483738 2147483739 2147483741 2147483745 2147483774 2147483776 2147483778 2147483780 2147483782 2147483783 2147483784 2147483785 2147483795 2147483800 
2147483693 2147483653 2147483657 2147483662 2147483666 2147483670 2147483671 2147483690 2147483691 2147483653 2147483657 2147483662 2147483666 2147483670 2147483671 2147483690 2147483691 2147483694 2147483701 2147483702 2147483705 2147483730 2147483738 2147483739 2147483741 2147483745 2147483774 2147483776 2147483778 2147483780 2147483782 2147483783 2147483784 2147483785 2147483795 2147483800 54 127 49 52 57 53 128 129 130 2147483694 2147483701 2147483702 2147483705 2147483730 2147483738 2147483739 2147483741 2147483745 2147483774 2147483776 2147483778 2147483780 2147483782 2147483783 2147483784 2147483785 2147483795 2147483800 
2147483694 2147483653 2147483657 2147483662 2147483666 2147483670 2147483671 2147483690 2147483691 2147483693 2147483653 2147483657 2147483662 2147483666 2147483670 2147483671 2147483690 2147483691 2147483693 2147483701 2147483702 2147483705 2147483730 2147483738 2147483739 2147483741 2147483745 2147483774 2147483776 2147483778 2147483780 2147483782 2147483783 2147483784 2147483785 2147483795 2147483800 52 128 49 54 57 53 127 129 130 2147483701 2147483702 2147483705 2147483730 2147483738 2147483739 2147483741 2147483745 2147483774 2147483776 2147483778 2147483780 2147483782 2147483783 2147483784 2147483785 2147483795 2147483800 
2147483701 2147483653 2147483657 2147483666 2147483691 2147483693 2147483694 2147483653 2147483657 2147483666 2147483691 2147483693 2147483694 2147483705 2147483774 2147483784 2147483785 2147483705 2147483774 2147483784 2147483785 
2147483702 2147483653 2147483657 2147483666 2147483691 2147483693 2147483694 2147483653 2147483657 2147483666 2147483691 2147483693 2147483694 2147483705 2147483774 2147483784 2147483705 2147483774 2147483784 
2147483705 2147483653 2147483657 2147483666 2147483691 2147483693 2147483694 2147483701 2147483702 2147483653 2147483657 2147483666 2147483691 2147483693 2147483694 2147483701 2147483702 2147483774 2147483783 2147483784 2147483785 49 52 54 57 53 127 128 129 130 2147483774 2147483783 2147483784 2147483785 
2147483730 2147483666 2147483691 2147483693 2147483694 2147483666 2147483691 2147483693 2147483694 2147483741 2147483774 2147483776 2147483778 2147483780 2147483795 2147483800 2147483741 2147483774 2147483776 2147483778 2147483780 2147483795 2147483800 
2147483738 2147483666 2147483691 2147483693 2147483694 2147483666 2147483691 2147483693 2147483694 2147483741 2147483774 2147483776 2147483778 2147483780 2147483795 2147483800 2147483741 2147483774 2147483776 2147483778 2147483780 2147483795 2147483800 
2147483739 2147483666 2147483691 2147483693 2147483694 2147483666 2147483691 2147483693 2147483694 2147483741 2147483745 2147483774 2147483776 2147483778 2147483780 2147483782 2147483795 2147483800 2147483741 2147483745 2147483774 2147483776 2147483778 2147483780 2147483782 2147483795 2147483800 
2147483741 2147483662 2147483666 2147483670 2147483671 2147483690 2147483691 2147483693 2147483694 2147483730 2147483738 2147483739 2147483662 2147483666 2147483670 2147483671 2147483690 2147483691 2147483693 2147483694 2147483730 2147483738 2147483739 2147483774 2147483776 2147483778 2147483780 2147483795 2147483800 2147483774 2147483776 2147483778 2147483780 2147483795 2147483800 
2147483745 2147483666 2147483691 2147483693 2147483694 2147483739 2147483666 2147483691 2147483693 2147483694 2147483739 2147483774 2147483776 2147483778 2147483780 2147483782 2147483795 2147483800 2147483774 2147483776 2147483778 2147483780 2147483782 2147483795 2147483800 
2147483774 2147483653 2147483657 2147483662 2147483666 2147483670 2147483671 2147483690 2147483691 2147483693 2147483694 2147483701 2147483702 2147483705 2147483730 2147483738 2147483739 2147483741 2147483745 2147483653 2147483657 2147483662 2147483666 2147483670 2147483671 2147483690 2147483691 2147483693 2147483694 2147483701 2147483702 2147483705 2147483730 2147483738 2147483739 2147483741 2147483745 2147483776 2147483778 2147483780 2147483782 2147483783 2147483784 2147483785 2147483795 2147483800 127 49 52 54 57 53 128 129 130 2147483776 2147483778 2147483780 2147483782 2147483783 2147483784 2147483785 2147483795 2147483800 
2147483776 2147483666 2147483670 2147483671 2147483690 2147483691 2147483693 2147483694 2147483730 2147483738 2147483739 2147483741 2147483745 2147483774 2147483666 2147483670 2147483671 2147483690 2147483691 2147483693 2147483694 2147483730 2147483738 2147483739 2147483741 2147483745 2147483774 2147483778 2147483780 2147483782 2147483795 2147483800 49 52 54 57 53 127 128 129 130 2147483778 2147483780 2147483782 2147483795 2147483800 
2147483778 2147483666 2147483670 2147483671 2147483690 2147483691 2147483693 2147483694 2147483730 2147483738 2147483739 2147483741 2147483745 2147483774 2147483776 2147483666 2147483670 2147483671 2147483690 2147483691 2147483693 2147483694 2147483730 2147483738 2147483739 2147483741 2147483745 2147483774 2147483776 2147483780 2147483782 2147483795 2147483800 49 52 54 57 53 127 128 129 130 2147483780 2147483782 2147483795 2147483800 
2147483780 2147483666 2147483670 2147483671 2147483690 2147483691 2147483693 2147483694 2147483730 2147483738 2147483739 2147483741 2147483745 2147483774 2147483776 2147483778 2147483666 2147483670 2147483671 2147483690 2147483691 2147483693 2147483694 2147483730 2147483738 2147483739 2147483741 2147483745 2147483774 2147483776 2147483778 2147483782 2147483795 2147483800 49 52 54 57 53 127 128 129 130 2147483782 2147483795 2147483800 
2147483782 2147483666 2147483691 2147483693 2147483694 2147483739 2147483745 2147483774 2147483776 2147483778 2147483780 2147483666 2147483691 2147483693 2147483694 2147483739 2147483745 2147483774 2147483776 2147483778 2147483780 2147483795 2147483800 52 54 57 53 127 128 2147483795 2147483800 
2147483783 2147483653 2147483666 2147483691 2147483693 2147483694 2147483705 2147483774 2147483653 2147483666 2147483691 2147483693 2147483694 2147483705 2147483774 2147483784 2147483784 
2147483784 2147483653 2147483657 2147483666 2147483691 2147483693 2147483694 2147483701 2147483702 2147483705 2147483774 2147483783 2147483653 2147483657 2147483666 2147483691 2147483693 2147483694 2147483701 2147483702 2147483705 2147483774 2147483783 2147483785 49 52 54 57 53 127 128 129 130 2147483785 
2147483785 2147483653 2147483657 2147483666 2147483691 2147483693 2147483694 2147483701 2147483705 2147483774 2147483784 2147483653 2147483657 2147483666 2147483691 2147483693 2147483694 2147483701 2147483705 2147483774 2147483784 25 27 32 26 
2147483795 2147483662 2147483666 2147483670 2147483671 2147483690 2147483691 2147483693 2147483694 2147483730 2147483738 2147483739 2147483741 2147483745 2147483774 2147483776 2147483778 2147483780 2147483782 2147483662 2147483666 2147483670 2147483671 2147483690 2147483691 2147483693 2147483694 2147483730 2147483738 2147483739 2147483741 2147483745 2147483774 2147483776 2147483778 2147483780 2147483782 2147483800 57 54 53 2147483800 
2147483800 2147483666 2147483670 2147483671 2147483690 2147483691 2147483693 2147483694 2147483730 2147483738 2147483739 2147483741 2147483745 2147483774 2147483776 2147483778 2147483780 2147483782 2147483795 2147483666 2147483670 2147483671 2147483690 2147483691 2147483693 2147483694 2147483730 2147483738 2147483739 2147483741 2147483745 2147483774 2147483776 2147483778 2147483780 2147483782 2147483795 
