22 2147483691 
23 
24 
25 2147483691 
26 2147483691 
27 2147483691 
32 2147483691 
49 2147483663 2147483664 2147483665 2147483690 2147483752 2147483753 2147483757 2147483759 2147483770 2147483771 
50 
51 
52 2147483663 2147483664 2147483665 2147483690 2147483752 2147483753 2147483757 2147483759 2147483770 2147483771 
53 2147483663 2147483664 2147483665 2147483690 2147483752 2147483753 2147483757 2147483759 2147483770 2147483771 
54 2147483663 2147483664 2147483665 2147483690 2147483752 2147483753 2147483757 2147483759 2147483770 2147483771 
57 2147483663 2147483664 2147483665 2147483690 2147483752 2147483753 2147483757 2147483759 2147483770 2147483771 
127 2147483663 2147483664 2147483665 2147483690 2147483752 2147483753 2147483757 2147483759 2147483770 2147483771 
128 2147483663 2147483664 2147483665 2147483690 2147483752 2147483753 2147483757 2147483759 2147483770 2147483771 
129 2147483663 2147483664 2147483665 2147483690 2147483752 2147483753 2147483757 2147483759 2147483770 2147483771 
130 2147483663 2147483664 2147483665 2147483690 2147483752 2147483753 2147483757 2147483759 2147483770 2147483771 
131 
132 
133 
134 
263 2147483691 
264 2147483691 
265 2147483691 
266 2147483691 
267 
268 
269 
270 
2147483648 2147483690 2147483691 2147483690 2147483691 
2147483663 2147483664 2147483665 2147483690 2147483691 2147483717 2147483719 2147483757 2147483759 2147483763 49 52 54 57 53 127 128 129 130 2147483664 2147483665 2147483690 2147483691 2147483717 2147483719 2147483757 2147483759 2147483763 
2147483664 2147483663 2147483663 2147483665 2147483690 2147483691 2147483698 2147483705 2147483706 2147483717 2147483719 2147483752 2147483753 2147483755 2147483757 2147483759 2147483763 49 52 54 57 53 127 128 129 130 2147483665 2147483690 2147483691 2147483698 2147483705 2147483706 2147483717 2147483719 2147483752 2147483753 2147483755 2147483757 2147483759 2147483763 
2147483665 2147483663 2147483664 2147483663 2147483664 2147483690 2147483691 2147483717 2147483719 2147483757 2147483759 2147483763 49 52 54 57 53 127 128 129 130 2147483690 2147483691 2147483717 2147483719 2147483757 2147483759 2147483763 
2147483677 2147483690 2147483691 2147483690 2147483691 
2147483678 2147483690 2147483690 
2147483679 2147483681 2147483690 2147483769 2147483681 2147483690 2147483769 
2147483681 2147483679 2147483679 2147483690 2147483769 2147483690 2147483769 
2147483690 2147483648 2147483663 2147483664 2147483665 2147483677 2147483678 2147483679 2147483681 2147483648 2147483663 2147483664 2147483665 2147483677 2147483678 2147483679 2147483681 2147483691 2147483698 2147483705 2147483706 2147483709 2147483717 2147483719 2147483739 2147483742 2147483752 2147483753 2147483755 2147483757 2147483759 2147483763 2147483769 2147483770 2147483771 53 49 52 54 57 127 128 129 130 2147483691 2147483698 2147483705 2147483706 2147483709 2147483717 2147483719 2147483739 2147483742 2147483752 2147483753 2147483755 2147483757 2147483759 2147483763 2147483769 2147483770 2147483771 
2147483691 2147483648 2147483663 2147483664 2147483665 2147483677 2147483690 2147483648 2147483663 2147483664 2147483665 2147483677 2147483690 2147483698 2147483705 2147483706 2147483709 2147483717 2147483719 2147483752 2147483753 2147483755 2147483757 2147483759 2147483763 32 22 25 27 26 263 264 265 266 2147483698 2147483705 2147483706 2147483709 2147483717 2147483719 2147483752 2147483753 2147483755 2147483757 2147483759 2147483763 
2147483698 2147483664 2147483690 2147483691 2147483664 2147483690 2147483691 2147483752 2147483753 2147483752 2147483753 
2147483705 2147483664 2147483690 2147483691 2147483664 2147483690 2147483691 2147483752 2147483753 2147483752 2147483753 
2147483706 2147483664 2147483690 2147483691 2147483664 2147483690 2147483691 2147483752 2147483753 2147483752 2147483753 
2147483709 2147483690 2147483691 2147483690 2147483691 2147483752 2147483753 2147483752 2147483753 
2147483717 2147483663 2147483664 2147483665 2147483690 2147483691 2147483663 2147483664 2147483665 2147483690 2147483691 2147483757 2147483759 2147483763 2147483757 2147483759 2147483763 
2147483719 2147483663 2147483664 2147483665 2147483690 2147483691 2147483663 2147483664 2147483665 2147483690 2147483691 2147483757 2147483759 2147483763 2147483757 2147483759 2147483763 
2147483739 2147483690 2147483690 2147483742 2147483742 
2147483742 2147483690 2147483739 2147483690 2147483739 
2147483752 2147483664 2147483690 2147483691 2147483698 2147483705 2147483706 2147483709 2147483664 2147483690 2147483691 2147483698 2147483705 2147483706 2147483709 2147483753 2147483755 49 52 54 57 53 127 128 129 130 2147483753 2147483755 
2147483753 2147483664 2147483690 2147483691 2147483698 2147483705 2147483706 2147483709 2147483752 2147483664 2147483690 2147483691 2147483698 2147483705 2147483706 2147483709 2147483752 2147483755 49 52 54 57 53 127 128 129 130 2147483755 
2147483755 2147483664 2147483690 2147483691 2147483752 2147483753 2147483664 2147483690 2147483691 2147483752 2147483753 
2147483757 2147483663 2147483664 2147483665 2147483690 2147483691 2147483717 2147483719 2147483663 2147483664 2147483665 2147483690 2147483691 2147483717 2147483719 2147483759 2147483763 49 52 54 57 53 127 128 129 130 2147483759 2147483763 
2147483759 2147483663 2147483664 2147483665 2147483690 2147483691 2147483717 2147483719 2147483757 2147483663 2147483664 2147483665 2147483690 2147483691 2147483717 2147483719 2147483757 2147483763 49 52 54 57 53 127 128 129 130 2147483763 
2147483763 2147483663 2147483664 2147483665 2147483690 2147483691 2147483717 2147483719 2147483757 2147483759 2147483663 2147483664 2147483665 2147483690 2147483691 2147483717 2147483719 2147483757 2147483759 
2147483769 2147483679 2147483681 2147483690 2147483679 2147483681 2147483690 
2147483770 2147483690 2147483690 53 49 52 54 57 127 128 129 130 
2147483771 2147483690 2147483690 53 49 52 54 57 127 128 129 130 
