22 
23 
24 
25 
26 
27 
32 
49 
50 
51 
52 
53 
54 
57 
127 
128 
129 
130 
131 
132 
133 
134 
263 
264 
265 
266 
267 
268 
269 
270 
2147483649 2147483650 2147483651 2147483652 2147483653 2147483654 2147483655 2147483656 2147483659 2147483662 2147483663 2147483664 2147483665 2147483666 2147483667 2147483668 2147483669 2147483671 2147483672 2147483674 2147483675 2147483677 2147483678 2147483680 2147483681 2147483682 2147483683 2147483690 2147483698 2147483700 2147483701 2147483702 2147483706 2147483707 2147483708 2147483709 2147483710 2147483711 2147483712 2147483714 2147483715 2147483716 2147483717 2147483718 2147483719 2147483720 2147483725 2147483726 2147483728 2147483729 2147483730 2147483732 2147483733 2147483735 2147483736 2147483739 2147483741 2147483743 2147483744 2147483745 2147483749 2147483750 2147483752 2147483753 2147483755 2147483650 2147483651 2147483652 2147483653 2147483654 2147483655 2147483656 2147483659 2147483662 2147483663 2147483664 2147483665 2147483666 2147483667 2147483668 2147483669 2147483671 2147483672 2147483674 2147483675 2147483677 2147483678 2147483680 2147483681 2147483682 2147483683 2147483690 2147483698 2147483700 2147483701 2147483702 2147483706 2147483707 2147483708 2147483709 2147483710 2147483711 2147483712 2147483714 2147483715 2147483716 2147483717 2147483718 2147483719 2147483720 2147483725 2147483726 2147483728 2147483729 2147483730 2147483732 2147483733 2147483735 2147483736 2147483739 2147483741 2147483743 2147483744 2147483745 2147483749 2147483750 2147483752 2147483753 2147483755 
2147483650 2147483649 2147483649 2147483651 2147483652 2147483653 2147483654 2147483655 2147483656 2147483662 2147483663 2147483664 2147483665 2147483666 2147483668 2147483669 2147483671 2147483672 2147483674 2147483675 2147483677 2147483678 2147483680 2147483681 2147483698 2147483700 2147483701 2147483702 2147483706 2147483707 2147483710 2147483711 2147483712 2147483714 2147483715 2147483716 2147483717 2147483718 2147483735 2147483736 2147483739 2147483651 2147483652 2147483653 2147483654 2147483655 2147483656 2147483662 2147483663 2147483664 2147483665 2147483666 2147483668 2147483669 2147483671 2147483672 2147483674 2147483675 2147483677 2147483678 2147483680 2147483681 2147483698 2147483700 2147483701 2147483702 2147483706 2147483707 2147483710 2147483711 2147483712 2147483714 2147483715 2147483716 2147483717 2147483718 2147483735 2147483736 2147483739 
2147483651 2147483649 2147483650 2147483649 2147483650 2147483652 2147483662 2147483663 2147483664 2147483665 2147483666 2147483667 2147483668 2147483669 2147483671 2147483672 2147483674 2147483675 2147483677 2147483678 2147483680 2147483681 2147483682 2147483698 2147483700 2147483701 2147483702 2147483706 2147483707 2147483708 2147483709 2147483710 2147483711 2147483712 2147483714 2147483715 2147483716 2147483717 2147483718 2147483719 2147483720 2147483652 2147483662 2147483663 2147483664 2147483665 2147483666 2147483667 2147483668 2147483669 2147483671 2147483672 2147483674 2147483675 2147483677 2147483678 2147483680 2147483681 2147483682 2147483698 2147483700 2147483701 2147483702 2147483706 2147483707 2147483708 2147483709 2147483710 2147483711 2147483712 2147483714 2147483715 2147483716 2147483717 2147483718 2147483719 2147483720 
2147483652 2147483649 2147483650 2147483651 2147483649 2147483650 2147483651 2147483662 2147483663 2147483664 2147483665 2147483666 2147483667 2147483668 2147483669 2147483671 2147483672 2147483674 2147483675 2147483677 2147483678 2147483680 2147483681 2147483682 2147483683 2147483698 2147483700 2147483701 2147483702 2147483706 2147483707 2147483708 2147483709 2147483710 2147483711 2147483712 2147483714 2147483715 2147483716 2147483717 2147483718 2147483719 2147483720 2147483725 2147483726 2147483728 2147483729 2147483750 2147483752 2147483662 2147483663 2147483664 2147483665 2147483666 2147483667 2147483668 2147483669 2147483671 2147483672 2147483674 2147483675 2147483677 2147483678 2147483680 2147483681 2147483682 2147483683 2147483698 2147483700 2147483701 2147483702 2147483706 2147483707 2147483708 2147483709 2147483710 2147483711 2147483712 2147483714 2147483715 2147483716 2147483717 2147483718 2147483719 2147483720 2147483725 2147483726 2147483728 2147483729 2147483750 2147483752 
2147483653 2147483649 2147483650 2147483649 2147483650 2147483698 2147483698 
2147483654 2147483649 2147483650 2147483649 2147483650 2147483698 2147483698 
2147483655 2147483649 2147483650 2147483649 2147483650 2147483698 2147483698 
2147483656 2147483649 2147483650 2147483649 2147483650 2147483698 2147483698 
2147483659 2147483649 2147483649 2147483741 2147483749 2147483741 2147483749 
2147483662 2147483649 2147483650 2147483651 2147483652 2147483649 2147483650 2147483651 2147483652 2147483663 2147483664 2147483665 2147483666 2147483667 2147483668 2147483669 2147483671 2147483672 2147483674 2147483675 2147483677 2147483678 2147483680 2147483681 2147483682 2147483698 2147483706 2147483707 2147483708 2147483709 2147483710 2147483711 2147483712 2147483714 2147483715 2147483716 2147483717 2147483718 2147483719 2147483720 2147483725 2147483663 2147483664 2147483665 2147483666 2147483667 2147483668 2147483669 2147483671 2147483672 2147483674 2147483675 2147483677 2147483678 2147483680 2147483681 2147483682 2147483698 2147483706 2147483707 2147483708 2147483709 2147483710 2147483711 2147483712 2147483714 2147483715 2147483716 2147483717 2147483718 2147483719 2147483720 2147483725 
2147483663 2147483649 2147483650 2147483651 2147483652 2147483662 2147483649 2147483650 2147483651 2147483652 2147483662 2147483698 2147483698 
2147483664 2147483649 2147483650 2147483651 2147483652 2147483662 2147483649 2147483650 2147483651 2147483652 2147483662 2147483698 2147483698 
2147483665 2147483649 2147483650 2147483651 2147483652 2147483662 2147483649 2147483650 2147483651 2147483652 2147483662 2147483698 2147483698 
2147483666 2147483649 2147483650 2147483651 2147483652 2147483662 2147483649 2147483650 2147483651 2147483652 2147483662 2147483698 2147483698 
2147483667 2147483649 2147483651 2147483652 2147483662 2147483649 2147483651 2147483652 2147483662 2147483698 2147483698 
2147483668 2147483649 2147483650 2147483651 2147483652 2147483662 2147483649 2147483650 2147483651 2147483652 2147483662 2147483698 2147483698 
2147483669 2147483649 2147483650 2147483651 2147483652 2147483662 2147483649 2147483650 2147483651 2147483652 2147483662 2147483698 2147483698 
2147483671 2147483649 2147483650 2147483651 2147483652 2147483662 2147483649 2147483650 2147483651 2147483652 2147483662 2147483698 2147483715 2147483698 2147483715 
2147483672 2147483649 2147483650 2147483651 2147483652 2147483662 2147483649 2147483650 2147483651 2147483652 2147483662 2147483698 2147483698 
2147483674 2147483649 2147483650 2147483651 2147483652 2147483662 2147483649 2147483650 2147483651 2147483652 2147483662 2147483698 2147483698 
2147483675 2147483649 2147483650 2147483651 2147483652 2147483662 2147483649 2147483650 2147483651 2147483652 2147483662 2147483698 2147483698 
2147483677 2147483649 2147483650 2147483651 2147483652 2147483662 2147483649 2147483650 2147483651 2147483652 2147483662 2147483698 2147483711 2147483698 2147483711 
2147483678 2147483649 2147483650 2147483651 2147483652 2147483662 2147483649 2147483650 2147483651 2147483652 2147483662 2147483698 2147483698 
2147483680 2147483649 2147483650 2147483651 2147483652 2147483662 2147483649 2147483650 2147483651 2147483652 2147483662 2147483698 2147483698 
2147483681 2147483649 2147483650 2147483651 2147483652 2147483662 2147483649 2147483650 2147483651 2147483652 2147483662 2147483698 2147483698 
2147483682 2147483649 2147483651 2147483652 2147483662 2147483649 2147483651 2147483652 2147483662 2147483698 2147483698 
2147483683 2147483649 2147483652 2147483649 2147483652 2147483698 2147483726 2147483750 2147483698 2147483726 2147483750 
2147483690 2147483649 2147483649 2147483698 2147483730 2147483753 2147483698 2147483730 2147483753 
2147483698 2147483649 2147483650 2147483651 2147483652 2147483653 2147483654 2147483655 2147483656 2147483662 2147483663 2147483664 2147483665 2147483666 2147483667 2147483668 2147483669 2147483671 2147483672 2147483674 2147483675 2147483677 2147483678 2147483680 2147483681 2147483682 2147483683 2147483690 2147483649 2147483650 2147483651 2147483652 2147483653 2147483654 2147483655 2147483656 2147483662 2147483663 2147483664 2147483665 2147483666 2147483667 2147483668 2147483669 2147483671 2147483672 2147483674 2147483675 2147483677 2147483678 2147483680 2147483681 2147483682 2147483683 2147483690 2147483700 2147483701 2147483702 2147483706 2147483707 2147483708 2147483709 2147483710 2147483711 2147483712 2147483714 2147483715 2147483716 2147483717 2147483718 2147483719 2147483720 2147483725 2147483726 2147483728 2147483729 2147483730 2147483732 2147483733 2147483735 2147483736 2147483739 2147483750 2147483752 2147483753 2147483755 2147483700 2147483701 2147483702 2147483706 2147483707 2147483708 2147483709 2147483710 2147483711 2147483712 2147483714 2147483715 2147483716 2147483717 2147483718 2147483719 2147483720 2147483725 2147483726 2147483728 2147483729 2147483730 2147483732 2147483733 2147483735 2147483736 2147483739 2147483750 2147483752 2147483753 2147483755 
2147483700 2147483649 2147483650 2147483651 2147483652 2147483698 2147483649 2147483650 2147483651 2147483652 2147483698 
2147483701 2147483649 2147483650 2147483651 2147483652 2147483698 2147483649 2147483650 2147483651 2147483652 2147483698 
2147483702 2147483649 2147483650 2147483651 2147483652 2147483698 2147483649 2147483650 2147483651 2147483652 2147483698 
2147483706 2147483649 2147483650 2147483651 2147483652 2147483662 2147483698 2147483649 2147483650 2147483651 2147483652 2147483662 2147483698 2147483707 2147483707 
2147483707 2147483649 2147483650 2147483651 2147483652 2147483662 2147483698 2147483706 2147483649 2147483650 2147483651 2147483652 2147483662 2147483698 2147483706 
2147483708 2147483649 2147483651 2147483652 2147483662 2147483698 2147483649 2147483651 2147483652 2147483662 2147483698 2147483709 2147483709 
2147483709 2147483649 2147483651 2147483652 2147483662 2147483698 2147483708 2147483649 2147483651 2147483652 2147483662 2147483698 2147483708 
2147483710 2147483649 2147483650 2147483651 2147483652 2147483662 2147483698 2147483649 2147483650 2147483651 2147483652 2147483662 2147483698 2147483711 2147483711 
2147483711 2147483649 2147483650 2147483651 2147483652 2147483662 2147483677 2147483698 2147483710 2147483649 2147483650 2147483651 2147483652 2147483662 2147483677 2147483698 2147483710 2147483712 2147483712 
2147483712 2147483649 2147483650 2147483651 2147483652 2147483662 2147483698 2147483711 2147483649 2147483650 2147483651 2147483652 2147483662 2147483698 2147483711 
2147483714 2147483649 2147483650 2147483651 2147483652 2147483662 2147483698 2147483649 2147483650 2147483651 2147483652 2147483662 2147483698 2147483715 2147483715 
2147483715 2147483649 2147483650 2147483651 2147483652 2147483662 2147483671 2147483698 2147483714 2147483649 2147483650 2147483651 2147483652 2147483662 2147483671 2147483698 2147483714 2147483716 2147483716 
2147483716 2147483649 2147483650 2147483651 2147483652 2147483662 2147483698 2147483715 2147483649 2147483650 2147483651 2147483652 2147483662 2147483698 2147483715 
2147483717 2147483649 2147483650 2147483651 2147483652 2147483662 2147483698 2147483649 2147483650 2147483651 2147483652 2147483662 2147483698 2147483718 2147483718 
2147483718 2147483649 2147483650 2147483651 2147483652 2147483662 2147483698 2147483717 2147483649 2147483650 2147483651 2147483652 2147483662 2147483698 2147483717 
2147483719 2147483649 2147483651 2147483652 2147483662 2147483698 2147483649 2147483651 2147483652 2147483662 2147483698 2147483720 2147483720 
2147483720 2147483649 2147483651 2147483652 2147483662 2147483698 2147483719 2147483649 2147483651 2147483652 2147483662 2147483698 2147483719 
2147483725 2147483649 2147483652 2147483662 2147483698 2147483649 2147483652 2147483662 2147483698 
2147483726 2147483649 2147483652 2147483683 2147483698 2147483649 2147483652 2147483683 2147483698 2147483750 2147483750 
2147483728 2147483649 2147483652 2147483698 2147483649 2147483652 2147483698 2147483750 2147483750 
2147483729 2147483649 2147483652 2147483698 2147483649 2147483652 2147483698 
2147483730 2147483649 2147483690 2147483698 2147483649 2147483690 2147483698 2147483753 2147483753 
2147483732 2147483649 2147483698 2147483649 2147483698 2147483753 2147483753 
2147483733 2147483649 2147483698 2147483649 2147483698 
2147483735 2147483649 2147483650 2147483698 2147483649 2147483650 2147483698 
2147483736 2147483649 2147483650 2147483698 2147483649 2147483650 2147483698 
2147483739 2147483649 2147483650 2147483698 2147483649 2147483650 2147483698 
2147483741 2147483649 2147483659 2147483649 2147483659 2147483749 2147483749 
2147483743 2147483649 2147483649 2147483749 2147483749 
2147483744 2147483649 2147483649 
2147483745 2147483649 2147483649 
2147483749 2147483649 2147483659 2147483741 2147483743 2147483649 2147483659 2147483741 2147483743 
2147483750 2147483649 2147483652 2147483683 2147483698 2147483726 2147483728 2147483649 2147483652 2147483683 2147483698 2147483726 2147483728 
2147483752 2147483649 2147483652 2147483698 2147483649 2147483652 2147483698 
2147483753 2147483649 2147483690 2147483698 2147483730 2147483732 2147483649 2147483690 2147483698 2147483730 2147483732 
2147483755 2147483649 2147483698 2147483649 2147483698 
