22 2147483658 
23 
24 
25 2147483658 
26 2147483658 2147483673 2147483674 
27 2147483658 2147483673 
32 2147483658 2147483673 
49 2147483655 2147483675 
50 
51 
52 2147483655 2147483672 2147483675 
53 2147483655 2147483672 2147483675 
54 2147483655 2147483672 2147483675 
57 2147483655 2147483672 2147483675 
127 2147483655 2147483675 
128 2147483655 2147483675 
129 2147483655 2147483675 
130 2147483655 2147483675 
131 
132 
133 
134 
263 2147483658 
264 2147483658 
265 2147483658 
266 2147483658 
267 
268 
269 
270 
2147483648 2147483649 2147483655 2147483658 2147483674 2147483675 2147483649 2147483655 2147483658 2147483674 2147483675 
2147483649 2147483648 2147483648 2147483655 2147483658 2147483674 2147483675 2147483655 2147483658 2147483674 2147483675 
2147483655 2147483648 2147483649 2147483648 2147483649 2147483658 2147483667 2147483672 2147483673 2147483674 2147483675 53 49 52 54 57 127 128 129 130 2147483658 2147483667 2147483672 2147483673 2147483674 2147483675 
2147483658 2147483648 2147483649 2147483655 2147483648 2147483649 2147483655 2147483667 2147483672 2147483674 2147483675 25 22 27 32 26 263 264 265 266 2147483667 2147483672 2147483674 2147483675 
2147483667 2147483655 2147483658 2147483655 2147483658 
2147483672 2147483655 2147483658 2147483655 2147483658 2147483673 2147483674 2147483675 52 54 57 53 2147483673 2147483674 2147483675 
2147483673 2147483655 2147483672 2147483655 2147483672 2147483674 2147483675 27 32 26 2147483674 2147483675 
2147483674 2147483648 2147483649 2147483655 2147483658 2147483672 2147483673 2147483648 2147483649 2147483655 2147483658 2147483672 2147483673 2147483675 26 2147483675 
2147483675 2147483648 2147483649 2147483655 2147483658 2147483672 2147483673 2147483674 2147483648 2147483649 2147483655 2147483658 2147483672 2147483673 2147483674 54 53 49 52 57 127 128 129 130 
