22,1,22,-1,0,1,0,0,0,
23,1,23,-1,0,1,0,0,0,
24,1,24,-1,0,1,0,0,0,
25,1,25,-1,0,1,0,0,0,
26,1,26,-1,0,1,0,0,0,
27,1,27,-1,0,1,0,0,0,
32,1,32,-1,0,1,0,0,0,
49,1,49,-1,0,1,0,0,0,
50,1,50,-1,0,1,0,0,0,
51,1,51,-1,0,1,0,0,0,
52,1,52,-1,0,1,0,0,0,
53,1,53,-1,0,1,0,0,0,
54,1,54,-1,0,1,0,0,0,
57,1,57,-1,0,1,0,0,0,
127,1,127,-1,0,1,0,0,0,
128,1,128,-1,0,1,0,0,255,
129,1,129,-1,0,1,0,0,0,
130,1,130,-1,0,1,0,0,0,
131,1,131,-1,0,1,0,0,0,
132,1,132,-1,0,1,0,0,0,
133,1,133,-1,0,1,0,0,0,
134,1,134,-1,0,1,0,0,0,
263,1,263,-1,0,1,0,0,0,
264,1,264,-1,0,1,0,0,0,
265,1,265,-1,0,1,0,0,0,
266,1,266,-1,0,1,0,0,0,
267,1,267,-1,0,1,0,0,0,
268,1,268,-1,0,1,0,0,0,
269,1,269,-1,0,1,0,0,0,
270,1,270,-1,0,1,0,0,0,
2147483655,0,0,0.00928078,3,0,1,0,0,51 133 134 131 132 50
2147483660,0,0,0.00486586,1,0,1,0,0,51 133 134 131 132 50
2147483664,0,0,0.00759008,1,0,1,0,0,24 23 269 270 267 268
2147483665,0,0,0.000277145,1,0,1,0,0,51 133 134 131 132 50
2147483666,0,0,0.020931,1,0,1,0,0,51 133 134 131 132 50
2147483694,0,0,0.0840012,1,0,1,0,0,51 133 134 131 132 50
2147483695,0,0,0.0920013,1,0,1,0,0,57 49 52 54 127 128 129 130 51 133 134 131 132 50
2147483696,0,0,0.0920013,1,0,1,0,0,49 57 52 54 127 128 129 130 51 133 134 131 132 50
2147483699,0,0,0.0613342,1,0,1,0,0,51 133 134 131 132 50
2147483701,0,0,0.083098,1,0,1,0,0,49 54 52 127 128 129 130 51 133 134 131 132 50
2147483702,0,0,0.083098,1,0,1,0,0,52 49 127 128 129 130 51 133 134 131 132 50
2147483703,0,0,0.083098,1,0,1,0,0,127 49 128 129 130 51 133 134 131 132 50
2147483705,0,0,0.0858679,1,0,1,0,0,49 52 127 128 129 130 51 133 134 131 132 50
2147483708,0,0,0.0954088,1,0,1,0,0,49 53 52 54 57 127 128 129 130 51 133 134 131 132 50
2147483710,0,0,0.0805012,1,0,1,0,0,51 133 134 131 132 50
2147483711,0,0,0.0920013,1,0,1,0,0,49 57 52 54 127 128 129 130 51 133 134 131 132 50
2147483713,0,0,0.0920013,1,0,1,0,0,57 49 52 54 127 128 129 130 51 133 134 131 132 50
2147483714,0,0,0.0888289,1,0,1,0,0,49 57 52 54 127 128 129 130 51 133 134 131 132 50
2147483715,0,0,0.0888289,1,0,1,0,0,54 49 52 127 128 129 130 51 133 134 131 132 50
2147483716,0,0,0.0954088,1,0,1,0,0,49 53 52 54 57 127 128 129 130 51 133 134 131 132 50
2147483718,0,0,0.113649,1,0,1,0,0,51 133 134 131 132 50
2147483719,0,0,0.0920013,1,0,1,0,0,49 57 52 54 127 128 129 130 51 133 134 131 132 50
2147483724,0,0,0.0513516,1,0,1,0,0,51 133 134 131 132 50
2147483725,0,0,0.0554833,1,0,1,0,0,57 49 52 54 127 128 129 130 51 133 134 131 132 50
2147483726,0,0,0.0554833,1,0,1,0,0,54 49 52 127 128 129 130 51 133 134 131 132 50
2147483727,0,0,0.0595932,1,0,1,0,0,49 53 52 54 57 127 128 129 130 51 133 134 131 132 50
2147483729,0,0,0.070986,1,0,1,0,0,51 133 134 131 132 50
2147483730,0,0,0.0574649,1,0,1,0,0,49 57 52 54 127 128 129 130 51 133 134 131 132 50
2147483742,0,0,0.00376797,6,0,1,0,0,51 133 134 131 132 50
2147483746,0,0,0.0218609,1,0,1,0,0,51 133 134 131 132 50
2147483747,0,0,0.0236198,1,0,1,0,0,57 49 52 54 127 128 129 130 51 133 134 131 132 50
2147483748,0,0,0.0236198,1,0,1,0,0,54 49 52 127 128 129 130 51 133 134 131 132 50
2147483749,0,0,0.0253694,1,0,1,0,0,49 53 52 54 57 127 128 129 130 51 133 134 131 132 50
2147483751,0,0,0.0302194,1,0,1,0,0,51 133 134 131 132 50
2147483752,0,0,0.0244633,1,0,1,0,0,49 57 52 54 127 128 129 130 51 133 134 131 132 50
2147483756,0,0,0.00304651,1,0,1,0,2,51 133 134 131 132 50
2147483757,0,0,0.00287142,1,0,1,0,0,57 49 52 54 127 128 129 130 51 133 134 131 132 50
2147483758,0,0,0.00287142,1,0,1,0,0,54 49 52 127 128 129 130 51 133 134 131 132 50
2147483759,0,0,0.00308412,1,0,1,0,0,49 53 52 54 57 127 128 129 130 51 133 134 131 132 50
2147483761,0,0,0.00260223,1,0,1,0,0,49 52 127 128 129 130 51 133 134 131 132 50
2147483764,0,0,inf,1,0,1,0,0,49 53 52 54 57 127 128 129 130 51 133 134 131 132 50
2147483768,0,0,0.00719618,5,0,1,0,0,24 23 269 270 267 268
2147483769,0,0,0.00236532,6,0,1,0,0,24 23 269 270 267 268
2147483770,0,0,0.00704207,5,0,1,0,0,24 23 269 270 267 268
2147483771,0,0,0.0140993,4,0,1,0,0,24 23 269 270 267 268
2147483772,0,0,0.0068992,5,0,1,0,0,51 133 134 131 132 50
2147483773,0,0,0.00341926,4,0,1,0,0,51 133 134 131 132 50
2147483774,0,0,0.00133179,8,0,1,0,0,51 133 134 131 132 50
2147483775,0,0,0.0876862,3,0,1,0,0,51 133 134 131 132 50
2147483776,0,0,0.109631,3,0,1,0,0,51 133 134 131 132 50
2147483777,0,0,0.0479943,3,0,1,0,0,51 133 134 131 132 50
