22 
23 
24 
25 
26 
27 
32 
49 2147483666 
50 
51 
52 2147483666 
53 2147483666 
54 2147483666 
57 2147483666 
127 2147483666 
128 2147483666 
129 2147483666 
130 2147483666 
131 
132 
133 
134 
263 
264 
265 
266 
267 
268 
269 
270 
2147483652 2147483666 2147483666 
2147483666 2147483652 2147483652 2147483667 2147483671 2147483688 53 57 49 52 54 127 128 129 130 2147483667 2147483671 2147483688 
2147483667 2147483666 2147483666 
2147483671 2147483666 2147483666 
2147483688 2147483666 2147483666 
2147483734 
2147483738 
2147483740 2147483742 2147483742 
2147483742 2147483740 2147483740 2147483748 2147483748 
2147483746 
2147483748 2147483742 2147483742 
2147483753 
2147483755 
2147483764 
