49 2147483648 2147483649 2147483663 2147483671 2147483677 2147483685 2147483691 2147483698 2147483704 
50 
51 
52 2147483648 2147483649 2147483663 2147483671 2147483677 2147483685 2147483691 2147483698 2147483704 
53 2147483648 2147483649 2147483650 2147483651 2147483655 2147483657 2147483660 2147483663 2147483664 2147483665 2147483666 2147483667 2147483668 2147483669 2147483671 2147483672 2147483673 2147483674 2147483675 2147483676 2147483677 2147483678 2147483679 2147483680 2147483681 2147483682 2147483683 2147483684 2147483685 2147483686 2147483687 2147483688 2147483689 2147483690 2147483691 2147483692 2147483693 2147483694 2147483695 2147483696 2147483697 2147483698 2147483699 2147483700 2147483701 2147483702 2147483703 2147483704 2147483705 2147483706 2147483707 2147483708 2147483709 2147483710 2147483711 2147483712 2147483713 
54 2147483648 2147483649 2147483657 2147483663 2147483667 2147483669 2147483671 2147483675 2147483677 2147483681 2147483683 2147483684 2147483685 2147483689 2147483691 2147483695 2147483697 2147483698 2147483702 2147483704 2147483708 2147483710 2147483711 2147483712 2147483713 
57 2147483648 2147483649 2147483651 2147483655 2147483657 2147483660 2147483663 2147483665 2147483666 2147483667 2147483668 2147483669 2147483671 2147483673 2147483674 2147483675 2147483676 2147483677 2147483679 2147483680 2147483681 2147483682 2147483683 2147483684 2147483685 2147483687 2147483688 2147483689 2147483690 2147483691 2147483693 2147483694 2147483695 2147483696 2147483697 2147483698 2147483700 2147483701 2147483702 2147483703 2147483704 2147483706 2147483707 2147483708 2147483709 2147483710 2147483711 2147483712 2147483713 
127 2147483648 2147483649 2147483663 2147483671 2147483677 2147483685 2147483691 2147483698 2147483704 
128 2147483648 2147483649 2147483663 2147483671 2147483677 2147483685 2147483691 2147483698 2147483704 
129 2147483648 2147483649 2147483663 2147483671 2147483677 2147483685 2147483691 2147483698 2147483704 
130 2147483648 2147483649 2147483663 2147483671 2147483677 2147483685 2147483691 2147483698 2147483704 
131 
132 
133 
134 
2147483648 2147483649 2147483650 2147483651 2147483655 2147483657 2147483660 2147483663 2147483664 2147483665 2147483666 2147483667 2147483668 2147483669 2147483671 2147483672 2147483673 2147483674 2147483675 2147483676 2147483677 2147483678 2147483679 2147483680 2147483681 2147483682 2147483683 2147483684 2147483685 2147483686 2147483687 2147483688 2147483689 2147483690 2147483691 2147483692 2147483693 2147483694 2147483695 2147483696 2147483697 2147483698 2147483699 2147483700 2147483701 2147483702 2147483703 2147483704 2147483705 2147483706 2147483707 2147483708 2147483709 2147483710 2147483711 2147483712 2147483713 53 54 49 52 57 127 128 129 130 2147483649 2147483650 2147483651 2147483655 2147483657 2147483660 2147483663 2147483664 2147483665 2147483666 2147483667 2147483668 2147483669 2147483671 2147483672 2147483673 2147483674 2147483675 2147483676 2147483677 2147483678 2147483679 2147483680 2147483681 2147483682 2147483683 2147483684 2147483685 2147483686 2147483687 2147483688 2147483689 2147483690 2147483691 2147483692 2147483693 2147483694 2147483695 2147483696 2147483697 2147483698 2147483699 2147483700 2147483701 2147483702 2147483703 2147483704 2147483705 2147483706 2147483707 2147483708 2147483709 2147483710 2147483711 2147483712 2147483713 
2147483649 2147483648 2147483648 2147483650 2147483651 2147483655 2147483657 2147483660 2147483663 2147483664 2147483665 2147483666 2147483667 2147483668 2147483669 2147483671 2147483672 2147483673 2147483674 2147483675 2147483676 2147483677 2147483678 2147483679 2147483680 2147483681 2147483682 2147483683 2147483684 2147483685 2147483686 2147483687 2147483688 2147483689 2147483690 2147483691 2147483692 2147483693 2147483694 2147483695 2147483696 2147483697 2147483698 2147483699 2147483700 2147483701 2147483702 2147483703 2147483704 2147483705 2147483706 2147483707 2147483708 54 57 49 52 53 127 128 129 130 2147483650 2147483651 2147483655 2147483657 2147483660 2147483663 2147483664 2147483665 2147483666 2147483667 2147483668 2147483669 2147483671 2147483672 2147483673 2147483674 2147483675 2147483676 2147483677 2147483678 2147483679 2147483680 2147483681 2147483682 2147483683 2147483684 2147483685 2147483686 2147483687 2147483688 2147483689 2147483690 2147483691 2147483692 2147483693 2147483694 2147483695 2147483696 2147483697 2147483698 2147483699 2147483700 2147483701 2147483702 2147483703 2147483704 2147483705 2147483706 2147483707 2147483708 
2147483650 2147483648 2147483649 2147483648 2147483649 2147483651 53 2147483651 
2147483651 2147483648 2147483649 2147483650 2147483648 2147483649 2147483650 57 53 
2147483655 2147483648 2147483649 2147483648 2147483649 57 53 
2147483657 2147483648 2147483649 2147483648 2147483649 54 57 53 
2147483660 2147483648 2147483649 2147483648 2147483649 57 53 
2147483663 2147483648 2147483649 2147483648 2147483649 2147483664 2147483665 2147483666 2147483667 2147483668 2147483669 49 54 52 57 53 127 128 129 130 2147483664 2147483665 2147483666 2147483667 2147483668 2147483669 
2147483664 2147483648 2147483649 2147483663 2147483648 2147483649 2147483663 2147483665 53 2147483665 
2147483665 2147483648 2147483649 2147483663 2147483664 2147483648 2147483649 2147483663 2147483664 57 53 
2147483666 2147483648 2147483649 2147483663 2147483648 2147483649 2147483663 57 53 
2147483667 2147483648 2147483649 2147483663 2147483648 2147483649 2147483663 54 57 53 
2147483668 2147483648 2147483649 2147483663 2147483648 2147483649 2147483663 57 53 
2147483669 2147483648 2147483649 2147483663 2147483648 2147483649 2147483663 54 57 53 
2147483671 2147483648 2147483649 2147483648 2147483649 2147483672 2147483673 2147483674 2147483675 2147483676 2147483677 2147483678 2147483679 2147483680 2147483681 2147483682 2147483683 2147483684 49 54 52 57 53 127 128 129 130 2147483672 2147483673 2147483674 2147483675 2147483676 2147483677 2147483678 2147483679 2147483680 2147483681 2147483682 2147483683 2147483684 
2147483672 2147483648 2147483649 2147483671 2147483648 2147483649 2147483671 2147483673 53 2147483673 
2147483673 2147483648 2147483649 2147483671 2147483672 2147483648 2147483649 2147483671 2147483672 57 53 
2147483674 2147483648 2147483649 2147483671 2147483648 2147483649 2147483671 57 53 
2147483675 2147483648 2147483649 2147483671 2147483648 2147483649 2147483671 54 57 53 
2147483676 2147483648 2147483649 2147483671 2147483648 2147483649 2147483671 57 53 
2147483677 2147483648 2147483649 2147483671 2147483648 2147483649 2147483671 2147483678 2147483679 2147483680 2147483681 2147483682 2147483683 49 54 52 57 53 127 128 129 130 2147483678 2147483679 2147483680 2147483681 2147483682 2147483683 
2147483678 2147483648 2147483649 2147483671 2147483677 2147483648 2147483649 2147483671 2147483677 2147483679 53 2147483679 
2147483679 2147483648 2147483649 2147483671 2147483677 2147483678 2147483648 2147483649 2147483671 2147483677 2147483678 57 53 
2147483680 2147483648 2147483649 2147483671 2147483677 2147483648 2147483649 2147483671 2147483677 57 53 
2147483681 2147483648 2147483649 2147483671 2147483677 2147483648 2147483649 2147483671 2147483677 54 57 53 
2147483682 2147483648 2147483649 2147483671 2147483677 2147483648 2147483649 2147483671 2147483677 57 53 
2147483683 2147483648 2147483649 2147483671 2147483677 2147483648 2147483649 2147483671 2147483677 54 57 53 
2147483684 2147483648 2147483649 2147483671 2147483648 2147483649 2147483671 54 57 53 
2147483685 2147483648 2147483649 2147483648 2147483649 2147483686 2147483687 2147483688 2147483689 2147483690 2147483691 2147483692 2147483693 2147483694 2147483695 2147483696 2147483697 2147483698 2147483699 2147483700 2147483701 2147483702 2147483703 2147483704 2147483705 2147483706 2147483707 2147483708 2147483709 2147483710 2147483711 2147483712 49 54 52 57 53 127 128 129 130 2147483686 2147483687 2147483688 2147483689 2147483690 2147483691 2147483692 2147483693 2147483694 2147483695 2147483696 2147483697 2147483698 2147483699 2147483700 2147483701 2147483702 2147483703 2147483704 2147483705 2147483706 2147483707 2147483708 2147483709 2147483710 2147483711 2147483712 
2147483686 2147483648 2147483649 2147483685 2147483648 2147483649 2147483685 2147483687 53 2147483687 
2147483687 2147483648 2147483649 2147483685 2147483686 2147483648 2147483649 2147483685 2147483686 57 53 
2147483688 2147483648 2147483649 2147483685 2147483648 2147483649 2147483685 57 53 
2147483689 2147483648 2147483649 2147483685 2147483648 2147483649 2147483685 54 57 53 
2147483690 2147483648 2147483649 2147483685 2147483648 2147483649 2147483685 57 53 
2147483691 2147483648 2147483649 2147483685 2147483648 2147483649 2147483685 2147483692 2147483693 2147483694 2147483695 2147483696 2147483697 49 54 52 57 53 127 128 129 130 2147483692 2147483693 2147483694 2147483695 2147483696 2147483697 
2147483692 2147483648 2147483649 2147483685 2147483691 2147483648 2147483649 2147483685 2147483691 2147483693 53 2147483693 
2147483693 2147483648 2147483649 2147483685 2147483691 2147483692 2147483648 2147483649 2147483685 2147483691 2147483692 57 53 
2147483694 2147483648 2147483649 2147483685 2147483691 2147483648 2147483649 2147483685 2147483691 57 53 
2147483695 2147483648 2147483649 2147483685 2147483691 2147483648 2147483649 2147483685 2147483691 54 57 53 
2147483696 2147483648 2147483649 2147483685 2147483691 2147483648 2147483649 2147483685 2147483691 57 53 
2147483697 2147483648 2147483649 2147483685 2147483691 2147483648 2147483649 2147483685 2147483691 54 57 53 
2147483698 2147483648 2147483649 2147483685 2147483648 2147483649 2147483685 2147483699 2147483700 2147483701 2147483702 2147483703 2147483704 2147483705 2147483706 2147483707 2147483708 2147483709 2147483710 2147483711 49 54 52 57 53 127 128 129 130 2147483699 2147483700 2147483701 2147483702 2147483703 2147483704 2147483705 2147483706 2147483707 2147483708 2147483709 2147483710 2147483711 
2147483699 2147483648 2147483649 2147483685 2147483698 2147483648 2147483649 2147483685 2147483698 2147483700 53 2147483700 
2147483700 2147483648 2147483649 2147483685 2147483698 2147483699 2147483648 2147483649 2147483685 2147483698 2147483699 57 53 
2147483701 2147483648 2147483649 2147483685 2147483698 2147483648 2147483649 2147483685 2147483698 57 53 
2147483702 2147483648 2147483649 2147483685 2147483698 2147483648 2147483649 2147483685 2147483698 54 57 53 
2147483703 2147483648 2147483649 2147483685 2147483698 2147483648 2147483649 2147483685 2147483698 57 53 
2147483704 2147483648 2147483649 2147483685 2147483698 2147483648 2147483649 2147483685 2147483698 2147483705 2147483706 2147483707 2147483708 2147483709 2147483710 49 54 52 57 53 127 128 129 130 2147483705 2147483706 2147483707 2147483708 2147483709 2147483710 
2147483705 2147483648 2147483649 2147483685 2147483698 2147483704 2147483648 2147483649 2147483685 2147483698 2147483704 2147483706 53 2147483706 
2147483706 2147483648 2147483649 2147483685 2147483698 2147483704 2147483705 2147483648 2147483649 2147483685 2147483698 2147483704 2147483705 57 53 
2147483707 2147483648 2147483649 2147483685 2147483698 2147483704 2147483648 2147483649 2147483685 2147483698 2147483704 57 53 
2147483708 2147483648 2147483649 2147483685 2147483698 2147483704 2147483648 2147483649 2147483685 2147483698 2147483704 54 57 53 
2147483709 2147483648 2147483685 2147483698 2147483704 2147483648 2147483685 2147483698 2147483704 57 53 
2147483710 2147483648 2147483685 2147483698 2147483704 2147483648 2147483685 2147483698 2147483704 54 57 53 
2147483711 2147483648 2147483685 2147483698 2147483648 2147483685 2147483698 54 57 53 
2147483712 2147483648 2147483685 2147483648 2147483685 54 57 53 
2147483713 2147483648 2147483648 54 57 53 
