22 2147483676 2147483679 
23 
24 
25 2147483676 2147483679 
26 2147483676 2147483679 
27 2147483676 2147483679 
32 2147483676 2147483679 
49 2147483649 2147483655 2147483656 2147483657 2147483658 2147483661 2147483673 2147483682 2147483690 
50 
51 
52 2147483649 2147483655 2147483656 2147483657 2147483658 2147483661 2147483673 2147483682 2147483685 2147483690 
53 2147483649 2147483655 2147483656 2147483657 2147483658 2147483661 2147483662 2147483665 2147483666 2147483668 2147483673 2147483680 2147483681 2147483682 2147483684 2147483685 2147483687 2147483690 
54 2147483649 2147483655 2147483656 2147483657 2147483658 2147483661 2147483662 2147483666 2147483668 2147483673 2147483681 2147483682 2147483684 2147483685 2147483687 2147483690 
57 2147483649 2147483655 2147483656 2147483657 2147483658 2147483661 2147483662 2147483665 2147483666 2147483668 2147483673 2147483680 2147483681 2147483682 2147483684 2147483685 2147483687 2147483690 
127 2147483649 2147483655 2147483656 2147483657 2147483658 2147483661 2147483673 2147483682 2147483690 
128 2147483649 2147483655 2147483656 2147483657 2147483658 2147483661 2147483673 2147483682 2147483690 
129 2147483649 2147483655 2147483656 2147483657 2147483658 2147483661 2147483673 2147483682 2147483690 
130 2147483649 2147483655 2147483656 2147483657 2147483658 2147483661 2147483673 2147483682 2147483690 
131 
132 
133 
134 
263 2147483676 2147483679 
264 2147483676 2147483679 
265 2147483676 2147483679 
266 2147483676 2147483679 
267 
268 
269 
270 
2147483649 2147483650 2147483651 2147483652 2147483653 2147483655 2147483656 2147483657 57 49 52 54 53 127 128 129 130 2147483650 2147483651 2147483652 2147483653 2147483655 2147483656 2147483657 
2147483650 2147483649 2147483649 
2147483651 2147483649 2147483649 
2147483652 2147483649 2147483649 2147483653 2147483653 
2147483653 2147483649 2147483652 2147483649 2147483652 
2147483655 2147483649 2147483649 2147483656 2147483657 2147483658 2147483661 2147483662 2147483665 2147483666 2147483668 2147483671 2147483673 49 52 54 57 53 127 128 129 130 2147483656 2147483657 2147483658 2147483661 2147483662 2147483665 2147483666 2147483668 2147483671 2147483673 
2147483656 2147483649 2147483655 2147483649 2147483655 2147483657 2147483658 2147483661 2147483662 54 49 52 57 53 127 128 129 130 2147483657 2147483658 2147483661 2147483662 
2147483657 2147483649 2147483655 2147483656 2147483649 2147483655 2147483656 2147483658 2147483661 2147483662 127 49 52 54 57 53 128 129 130 2147483658 2147483661 2147483662 
2147483658 2147483655 2147483656 2147483657 2147483655 2147483656 2147483657 2147483661 2147483662 2147483665 2147483666 2147483668 2147483671 2147483673 2147483676 2147483677 2147483679 2147483680 2147483681 2147483682 54 49 52 57 53 127 128 129 130 2147483661 2147483662 2147483665 2147483666 2147483668 2147483671 2147483673 2147483676 2147483677 2147483679 2147483680 2147483681 2147483682 
2147483661 2147483655 2147483656 2147483657 2147483658 2147483655 2147483656 2147483657 2147483658 2147483662 2147483665 2147483666 2147483668 49 54 52 57 53 127 128 129 130 2147483662 2147483665 2147483666 2147483668 
2147483662 2147483655 2147483656 2147483657 2147483658 2147483661 2147483655 2147483656 2147483657 2147483658 2147483661 54 57 53 
2147483665 2147483655 2147483658 2147483661 2147483655 2147483658 2147483661 2147483666 57 53 2147483666 
2147483666 2147483655 2147483658 2147483661 2147483665 2147483655 2147483658 2147483661 2147483665 54 57 53 
2147483668 2147483655 2147483658 2147483661 2147483655 2147483658 2147483661 54 57 53 
2147483671 2147483655 2147483658 2147483655 2147483658 
2147483673 2147483655 2147483658 2147483655 2147483658 2147483676 2147483677 2147483679 2147483680 2147483681 2147483682 2147483684 2147483685 2147483687 54 49 52 57 53 127 128 129 130 2147483676 2147483677 2147483679 2147483680 2147483681 2147483682 2147483684 2147483685 2147483687 
2147483676 2147483658 2147483673 2147483658 2147483673 2147483677 2147483679 2147483680 2147483681 26 22 25 27 32 263 264 265 266 2147483677 2147483679 2147483680 2147483681 
2147483677 2147483658 2147483673 2147483676 2147483658 2147483673 2147483676 
2147483679 2147483658 2147483673 2147483676 2147483658 2147483673 2147483676 2147483680 2147483681 32 22 25 27 26 263 264 265 266 2147483680 2147483681 
2147483680 2147483658 2147483673 2147483676 2147483679 2147483658 2147483673 2147483676 2147483679 2147483681 57 53 2147483681 
2147483681 2147483658 2147483673 2147483676 2147483679 2147483680 2147483658 2147483673 2147483676 2147483679 2147483680 54 57 53 
2147483682 2147483658 2147483673 2147483658 2147483673 2147483684 2147483685 49 54 52 57 53 127 128 129 130 2147483684 2147483685 
2147483684 2147483673 2147483682 2147483673 2147483682 2147483685 54 57 53 2147483685 
2147483685 2147483673 2147483682 2147483684 2147483673 2147483682 2147483684 52 54 57 53 
2147483687 2147483673 2147483673 54 57 53 
2147483688 
2147483690 49 52 54 57 53 127 128 129 130 
