2 
5 
8 
11 
18 
19 
49 2147483650 2147483651 2147483652 2147483657 2147483658 2147483659 2147483660 2147483661 2147483662 2147483663 2147483681 2147483698 2147483704 2147483705 2147483716 
50 
51 
52 2147483650 2147483651 2147483652 2147483657 2147483658 2147483659 2147483660 2147483661 2147483662 2147483663 2147483681 2147483698 2147483704 2147483705 2147483716 
53 2147483650 2147483651 2147483652 2147483657 2147483658 2147483659 2147483660 2147483661 2147483662 2147483663 2147483664 2147483667 2147483672 2147483675 2147483678 2147483681 2147483682 2147483684 2147483687 2147483688 2147483690 2147483693 2147483695 2147483698 2147483699 2147483701 2147483703 2147483704 2147483705 2147483706 2147483707 2147483709 2147483710 2147483711 2147483716 
54 2147483650 2147483651 2147483652 2147483657 2147483658 2147483659 2147483660 2147483661 2147483662 2147483663 2147483667 2147483678 2147483681 2147483682 2147483684 2147483690 2147483695 2147483698 2147483703 2147483704 2147483705 2147483709 2147483716 
57 2147483650 2147483651 2147483652 2147483657 2147483658 2147483659 2147483660 2147483661 2147483662 2147483663 2147483667 2147483675 2147483678 2147483681 2147483682 2147483684 2147483688 2147483690 2147483693 2147483695 2147483698 2147483699 2147483701 2147483703 2147483704 2147483705 2147483706 2147483707 2147483709 2147483710 2147483711 2147483716 
61 
127 2147483650 2147483651 2147483652 2147483657 2147483658 2147483659 2147483660 2147483661 2147483662 2147483663 2147483681 2147483698 2147483704 2147483705 2147483716 
128 2147483650 2147483651 2147483652 2147483657 2147483658 2147483659 2147483660 2147483661 2147483662 2147483663 2147483681 2147483698 2147483704 2147483705 2147483716 
129 2147483650 2147483651 2147483652 2147483657 2147483658 2147483659 2147483660 2147483661 2147483662 2147483663 2147483681 2147483698 2147483704 2147483705 2147483716 
130 2147483650 2147483651 2147483652 2147483657 2147483658 2147483659 2147483660 2147483661 2147483662 2147483663 2147483681 2147483698 2147483704 2147483705 2147483716 
131 
132 
133 
134 
247 
248 
249 
250 
251 
252 
253 
254 
2147483650 2147483651 2147483652 2147483654 2147483657 2147483658 2147483659 2147483660 2147483661 2147483662 2147483663 2147483664 2147483667 2147483670 2147483672 2147483675 2147483678 2147483679 2147483681 2147483682 2147483684 2147483685 2147483687 2147483688 2147483690 2147483691 2147483693 2147483695 2147483696 2147483698 2147483699 2147483701 2147483703 53 54 49 52 57 127 128 129 130 2147483651 2147483652 2147483654 2147483657 2147483658 2147483659 2147483660 2147483661 2147483662 2147483663 2147483664 2147483667 2147483670 2147483672 2147483675 2147483678 2147483679 2147483681 2147483682 2147483684 2147483685 2147483687 2147483688 2147483690 2147483691 2147483693 2147483695 2147483696 2147483698 2147483699 2147483701 2147483703 
2147483651 2147483650 2147483650 2147483652 2147483654 2147483657 2147483658 2147483659 2147483660 2147483661 2147483662 2147483663 2147483664 57 54 49 52 53 127 128 129 130 2147483652 2147483654 2147483657 2147483658 2147483659 2147483660 2147483661 2147483662 2147483663 2147483664 
2147483652 2147483650 2147483651 2147483650 2147483651 2147483654 2147483657 2147483658 2147483659 2147483660 2147483661 2147483662 2147483663 2147483664 54 52 49 57 53 127 128 129 130 2147483654 2147483657 2147483658 2147483659 2147483660 2147483661 2147483662 2147483663 2147483664 
2147483654 2147483650 2147483651 2147483652 2147483650 2147483651 2147483652 
2147483657 2147483650 2147483651 2147483652 2147483650 2147483651 2147483652 2147483658 2147483659 2147483660 2147483661 2147483662 2147483663 2147483664 2147483667 2147483670 2147483672 2147483675 2147483678 2147483679 53 49 54 52 57 127 128 129 130 2147483658 2147483659 2147483660 2147483661 2147483662 2147483663 2147483664 2147483667 2147483670 2147483672 2147483675 2147483678 2147483679 
2147483658 2147483650 2147483651 2147483652 2147483657 2147483650 2147483651 2147483652 2147483657 2147483659 2147483660 2147483661 2147483662 2147483663 2147483664 2147483667 2147483670 2147483672 2147483675 2147483678 2147483679 2147483681 2147483682 2147483684 2147483685 2147483687 2147483688 2147483690 2147483691 2147483693 2147483695 2147483696 2147483698 2147483699 2147483701 2147483703 2147483704 2147483705 53 49 54 52 57 127 128 129 130 2147483659 2147483660 2147483661 2147483662 2147483663 2147483664 2147483667 2147483670 2147483672 2147483675 2147483678 2147483679 2147483681 2147483682 2147483684 2147483685 2147483687 2147483688 2147483690 2147483691 2147483693 2147483695 2147483696 2147483698 2147483699 2147483701 2147483703 2147483704 2147483705 
2147483659 2147483650 2147483651 2147483652 2147483657 2147483658 2147483650 2147483651 2147483652 2147483657 2147483658 2147483660 2147483661 2147483662 2147483663 2147483664 2147483667 2147483670 2147483672 2147483675 2147483678 2147483679 2147483681 2147483682 2147483684 2147483685 49 53 54 52 57 127 128 129 130 2147483660 2147483661 2147483662 2147483663 2147483664 2147483667 2147483670 2147483672 2147483675 2147483678 2147483679 2147483681 2147483682 2147483684 2147483685 
2147483660 2147483650 2147483651 2147483652 2147483657 2147483658 2147483659 2147483650 2147483651 2147483652 2147483657 2147483658 2147483659 2147483661 2147483662 2147483663 2147483664 2147483667 2147483670 2147483672 2147483675 2147483678 2147483679 2147483681 2147483682 2147483684 2147483685 2147483687 2147483688 2147483690 2147483691 49 53 54 52 57 127 128 129 130 2147483661 2147483662 2147483663 2147483664 2147483667 2147483670 2147483672 2147483675 2147483678 2147483679 2147483681 2147483682 2147483684 2147483685 2147483687 2147483688 2147483690 2147483691 
2147483661 2147483650 2147483651 2147483652 2147483657 2147483658 2147483659 2147483660 2147483650 2147483651 2147483652 2147483657 2147483658 2147483659 2147483660 2147483662 2147483663 2147483664 2147483667 2147483670 2147483672 2147483675 2147483678 2147483679 2147483681 2147483682 2147483684 2147483685 2147483687 2147483688 2147483690 2147483691 2147483693 49 52 53 54 57 127 128 129 130 2147483662 2147483663 2147483664 2147483667 2147483670 2147483672 2147483675 2147483678 2147483679 2147483681 2147483682 2147483684 2147483685 2147483687 2147483688 2147483690 2147483691 2147483693 
2147483662 2147483650 2147483651 2147483652 2147483657 2147483658 2147483659 2147483660 2147483661 2147483650 2147483651 2147483652 2147483657 2147483658 2147483659 2147483660 2147483661 2147483663 2147483664 2147483667 2147483670 2147483672 2147483675 2147483678 2147483679 2147483681 2147483682 2147483684 2147483685 2147483687 2147483688 2147483690 2147483691 2147483693 2147483695 2147483696 2147483698 2147483699 2147483701 2147483703 2147483704 53 49 54 52 57 127 128 129 130 2147483663 2147483664 2147483667 2147483670 2147483672 2147483675 2147483678 2147483679 2147483681 2147483682 2147483684 2147483685 2147483687 2147483688 2147483690 2147483691 2147483693 2147483695 2147483696 2147483698 2147483699 2147483701 2147483703 2147483704 
2147483663 2147483650 2147483651 2147483652 2147483657 2147483658 2147483659 2147483660 2147483661 2147483662 2147483650 2147483651 2147483652 2147483657 2147483658 2147483659 2147483660 2147483661 2147483662 2147483664 2147483667 2147483670 2147483672 2147483675 2147483678 2147483679 2147483681 2147483682 2147483684 2147483685 2147483687 2147483688 2147483690 2147483691 2147483693 2147483695 2147483696 2147483698 2147483699 2147483701 2147483703 2147483704 2147483705 2147483706 2147483707 2147483709 49 54 52 57 53 127 128 129 130 2147483664 2147483667 2147483670 2147483672 2147483675 2147483678 2147483679 2147483681 2147483682 2147483684 2147483685 2147483687 2147483688 2147483690 2147483691 2147483693 2147483695 2147483696 2147483698 2147483699 2147483701 2147483703 2147483704 2147483705 2147483706 2147483707 2147483709 
2147483664 2147483650 2147483651 2147483652 2147483657 2147483658 2147483659 2147483660 2147483661 2147483662 2147483663 2147483650 2147483651 2147483652 2147483657 2147483658 2147483659 2147483660 2147483661 2147483662 2147483663 53 
2147483667 2147483650 2147483657 2147483658 2147483659 2147483660 2147483661 2147483662 2147483663 2147483650 2147483657 2147483658 2147483659 2147483660 2147483661 2147483662 2147483663 54 57 53 
2147483670 2147483650 2147483657 2147483658 2147483659 2147483660 2147483661 2147483662 2147483663 2147483650 2147483657 2147483658 2147483659 2147483660 2147483661 2147483662 2147483663 
2147483672 2147483650 2147483657 2147483658 2147483659 2147483660 2147483661 2147483662 2147483663 2147483650 2147483657 2147483658 2147483659 2147483660 2147483661 2147483662 2147483663 53 
2147483675 2147483650 2147483657 2147483658 2147483659 2147483660 2147483661 2147483662 2147483663 2147483650 2147483657 2147483658 2147483659 2147483660 2147483661 2147483662 2147483663 57 53 
2147483678 2147483650 2147483657 2147483658 2147483659 2147483660 2147483661 2147483662 2147483663 2147483650 2147483657 2147483658 2147483659 2147483660 2147483661 2147483662 2147483663 54 57 53 
2147483679 2147483650 2147483657 2147483658 2147483659 2147483660 2147483661 2147483662 2147483663 2147483650 2147483657 2147483658 2147483659 2147483660 2147483661 2147483662 2147483663 
2147483681 2147483650 2147483658 2147483659 2147483660 2147483661 2147483662 2147483663 2147483650 2147483658 2147483659 2147483660 2147483661 2147483662 2147483663 2147483682 49 54 52 57 53 127 128 129 130 2147483682 
2147483682 2147483650 2147483658 2147483659 2147483660 2147483661 2147483662 2147483663 2147483681 2147483650 2147483658 2147483659 2147483660 2147483661 2147483662 2147483663 2147483681 54 57 53 
2147483684 2147483650 2147483658 2147483659 2147483660 2147483661 2147483662 2147483663 2147483650 2147483658 2147483659 2147483660 2147483661 2147483662 2147483663 54 57 53 
2147483685 2147483650 2147483658 2147483659 2147483660 2147483661 2147483662 2147483663 2147483650 2147483658 2147483659 2147483660 2147483661 2147483662 2147483663 
2147483687 2147483650 2147483658 2147483660 2147483661 2147483662 2147483663 2147483650 2147483658 2147483660 2147483661 2147483662 2147483663 53 
2147483688 2147483650 2147483658 2147483660 2147483661 2147483662 2147483663 2147483650 2147483658 2147483660 2147483661 2147483662 2147483663 57 53 
2147483690 2147483650 2147483658 2147483660 2147483661 2147483662 2147483663 2147483650 2147483658 2147483660 2147483661 2147483662 2147483663 54 57 53 
2147483691 2147483650 2147483658 2147483660 2147483661 2147483662 2147483663 2147483650 2147483658 2147483660 2147483661 2147483662 2147483663 
2147483693 2147483650 2147483658 2147483661 2147483662 2147483663 2147483650 2147483658 2147483661 2147483662 2147483663 57 53 
2147483695 2147483650 2147483658 2147483662 2147483663 2147483650 2147483658 2147483662 2147483663 54 57 53 
2147483696 2147483650 2147483658 2147483662 2147483663 2147483650 2147483658 2147483662 2147483663 
2147483698 2147483650 2147483658 2147483662 2147483663 2147483650 2147483658 2147483662 2147483663 2147483699 49 57 52 54 53 127 128 129 130 2147483699 
2147483699 2147483650 2147483658 2147483662 2147483663 2147483698 2147483650 2147483658 2147483662 2147483663 2147483698 57 53 
2147483701 2147483650 2147483658 2147483662 2147483663 2147483650 2147483658 2147483662 2147483663 57 53 
2147483703 2147483650 2147483658 2147483662 2147483663 2147483650 2147483658 2147483662 2147483663 54 57 53 
2147483704 2147483658 2147483662 2147483663 2147483658 2147483662 2147483663 2147483705 2147483706 2147483707 2147483709 2147483710 49 57 52 54 53 127 128 129 130 2147483705 2147483706 2147483707 2147483709 2147483710 
2147483705 2147483658 2147483663 2147483704 2147483658 2147483663 2147483704 2147483706 49 57 52 54 53 127 128 129 130 2147483706 
2147483706 2147483663 2147483704 2147483705 2147483663 2147483704 2147483705 57 53 
2147483707 2147483663 2147483704 2147483663 2147483704 57 53 
2147483709 2147483663 2147483704 2147483663 2147483704 54 57 53 
2147483710 2147483704 2147483704 57 53 
2147483711 57 53 
2147483713 
2147483716 49 52 54 57 53 127 128 129 130 
