49 2147483648 2147483649 2147483650 2147483654 2147483656 2147483659 2147483661 2147483662 2147483678 
50 
51 
52 2147483648 2147483649 2147483650 2147483654 2147483656 2147483659 2147483661 2147483678 
53 2147483648 2147483649 2147483650 2147483653 2147483654 2147483655 2147483656 2147483659 2147483660 2147483661 2147483662 2147483667 2147483668 2147483669 2147483670 2147483672 2147483674 2147483678 
54 2147483648 2147483649 2147483650 2147483654 2147483656 2147483659 2147483660 2147483661 2147483668 2147483670 2147483674 2147483678 
57 2147483648 2147483649 2147483650 2147483653 2147483654 2147483655 2147483656 2147483659 2147483660 2147483661 2147483668 2147483669 2147483670 2147483672 2147483674 2147483678 
127 2147483648 2147483649 2147483650 2147483654 2147483656 2147483659 2147483661 2147483678 
128 2147483648 2147483649 2147483650 2147483654 2147483656 2147483659 2147483661 2147483678 
129 2147483648 2147483649 2147483650 2147483654 2147483656 2147483659 2147483661 2147483678 
130 2147483648 2147483649 2147483650 2147483654 2147483656 2147483659 2147483661 2147483678 
131 
132 
133 
134 
2147483648 2147483649 2147483650 53 49 52 54 57 127 128 129 130 2147483649 2147483650 
2147483649 2147483648 2147483648 2147483650 57 49 52 54 53 127 128 129 130 2147483650 
2147483650 2147483648 2147483649 2147483648 2147483649 54 49 52 57 53 127 128 129 130 
2147483653 57 53 
2147483654 2147483655 2147483656 2147483659 2147483660 2147483661 2147483662 2147483667 2147483668 2147483669 2147483670 2147483672 2147483674 54 49 52 57 53 127 128 129 130 2147483655 2147483656 2147483659 2147483660 2147483661 2147483662 2147483667 2147483668 2147483669 2147483670 2147483672 2147483674 
2147483655 2147483654 2147483654 2147483656 57 53 2147483656 
2147483656 2147483654 2147483655 2147483654 2147483655 2147483659 54 49 52 57 53 127 128 129 130 2147483659 
2147483659 2147483654 2147483656 2147483654 2147483656 2147483660 49 54 52 57 53 127 128 129 130 2147483660 
2147483660 2147483654 2147483659 2147483654 2147483659 54 57 53 
2147483661 2147483654 2147483654 2147483662 2147483667 2147483668 49 54 52 57 53 127 128 129 130 2147483662 2147483667 2147483668 
2147483662 2147483654 2147483661 2147483654 2147483661 49 53 
2147483667 2147483654 2147483661 2147483654 2147483661 53 
2147483668 2147483654 2147483661 2147483654 2147483661 54 57 53 
2147483669 2147483654 2147483654 2147483670 57 53 2147483670 
2147483670 2147483654 2147483669 2147483654 2147483669 54 57 53 
2147483672 2147483654 2147483654 57 53 
2147483674 2147483654 2147483654 54 57 53 
2147483676 
2147483678 49 52 54 57 53 127 128 129 130 
