49 2147483648 2147483649 2147483650 2147483704 
50 
51 
52 2147483648 2147483649 2147483650 2147483656 2147483657 2147483680 2147483681 2147483704 
53 2147483648 2147483649 2147483650 2147483653 2147483654 2147483655 2147483656 2147483657 2147483668 2147483670 2147483673 2147483677 2147483678 2147483679 2147483680 2147483681 2147483692 2147483694 2147483697 2147483704 
54 2147483648 2147483649 2147483650 2147483655 2147483656 2147483657 2147483670 2147483673 2147483679 2147483680 2147483681 2147483694 2147483697 2147483704 
57 2147483648 2147483649 2147483650 2147483654 2147483655 2147483656 2147483657 2147483668 2147483670 2147483673 2147483678 2147483679 2147483680 2147483681 2147483692 2147483694 2147483697 2147483704 
127 2147483648 2147483649 2147483650 2147483657 2147483681 2147483704 
128 2147483648 2147483649 2147483650 2147483704 
129 2147483648 2147483649 2147483650 2147483704 
130 2147483648 2147483649 2147483650 2147483704 
131 
132 
133 
134 
151 
152 
153 
154 
155 
156 
157 
158 
159 
160 
161 
162 
163 
164 
165 
166 
2147483648 2147483649 2147483650 2147483651 2147483653 2147483654 2147483655 2147483656 2147483657 2147483658 2147483659 2147483660 2147483661 2147483662 2147483663 2147483668 2147483670 2147483673 2147483677 2147483678 2147483679 2147483680 2147483681 2147483682 2147483683 2147483684 2147483685 2147483686 2147483687 2147483692 2147483694 2147483697 53 54 49 52 57 127 128 129 130 2147483649 2147483650 2147483651 2147483653 2147483654 2147483655 2147483656 2147483657 2147483658 2147483659 2147483660 2147483661 2147483662 2147483663 2147483668 2147483670 2147483673 2147483677 2147483678 2147483679 2147483680 2147483681 2147483682 2147483683 2147483684 2147483685 2147483686 2147483687 2147483692 2147483694 2147483697 
2147483649 2147483648 2147483648 2147483650 2147483651 2147483653 2147483654 2147483655 2147483656 2147483657 2147483658 2147483659 2147483660 2147483661 2147483662 2147483663 2147483668 2147483670 2147483677 2147483678 2147483679 2147483680 2147483681 2147483682 2147483683 2147483684 2147483685 2147483686 2147483687 2147483692 2147483694 57 54 49 52 53 127 128 129 130 2147483650 2147483651 2147483653 2147483654 2147483655 2147483656 2147483657 2147483658 2147483659 2147483660 2147483661 2147483662 2147483663 2147483668 2147483670 2147483677 2147483678 2147483679 2147483680 2147483681 2147483682 2147483683 2147483684 2147483685 2147483686 2147483687 2147483692 2147483694 
2147483650 2147483648 2147483649 2147483648 2147483649 54 49 52 57 53 127 128 129 130 
2147483651 2147483648 2147483649 2147483648 2147483649 
2147483653 2147483648 2147483649 2147483648 2147483649 2147483654 2147483655 2147483656 2147483657 2147483658 2147483659 2147483660 2147483661 2147483662 2147483663 53 2147483654 2147483655 2147483656 2147483657 2147483658 2147483659 2147483660 2147483661 2147483662 2147483663 
2147483654 2147483648 2147483649 2147483653 2147483648 2147483649 2147483653 2147483655 2147483656 2147483657 2147483658 2147483659 2147483660 2147483661 2147483662 2147483663 57 53 2147483655 2147483656 2147483657 2147483658 2147483659 2147483660 2147483661 2147483662 2147483663 
2147483655 2147483648 2147483649 2147483653 2147483654 2147483648 2147483649 2147483653 2147483654 2147483656 2147483657 2147483658 2147483659 2147483660 2147483661 2147483662 2147483663 54 57 53 2147483656 2147483657 2147483658 2147483659 2147483660 2147483661 2147483662 2147483663 
2147483656 2147483648 2147483649 2147483653 2147483654 2147483655 2147483648 2147483649 2147483653 2147483654 2147483655 2147483657 2147483658 2147483659 2147483660 2147483661 2147483662 2147483663 52 54 57 53 2147483657 2147483658 2147483659 2147483660 2147483661 2147483662 2147483663 
2147483657 2147483648 2147483649 2147483653 2147483654 2147483655 2147483656 2147483648 2147483649 2147483653 2147483654 2147483655 2147483656 2147483658 2147483659 2147483660 2147483661 2147483662 2147483663 52 54 57 53 127 2147483658 2147483659 2147483660 2147483661 2147483662 2147483663 
2147483658 2147483648 2147483649 2147483653 2147483654 2147483655 2147483656 2147483657 2147483648 2147483649 2147483653 2147483654 2147483655 2147483656 2147483657 2147483659 2147483660 2147483661 2147483662 2147483663 2147483659 2147483660 2147483661 2147483662 2147483663 
2147483659 2147483648 2147483649 2147483653 2147483654 2147483655 2147483656 2147483657 2147483658 2147483648 2147483649 2147483653 2147483654 2147483655 2147483656 2147483657 2147483658 2147483660 2147483661 2147483662 2147483663 2147483660 2147483661 2147483662 2147483663 
2147483660 2147483648 2147483649 2147483653 2147483654 2147483655 2147483656 2147483657 2147483658 2147483659 2147483648 2147483649 2147483653 2147483654 2147483655 2147483656 2147483657 2147483658 2147483659 2147483661 2147483662 2147483663 2147483661 2147483662 2147483663 
2147483661 2147483648 2147483649 2147483653 2147483654 2147483655 2147483656 2147483657 2147483658 2147483659 2147483660 2147483648 2147483649 2147483653 2147483654 2147483655 2147483656 2147483657 2147483658 2147483659 2147483660 2147483662 2147483663 2147483662 2147483663 
2147483662 2147483648 2147483649 2147483653 2147483654 2147483655 2147483656 2147483657 2147483658 2147483659 2147483660 2147483661 2147483648 2147483649 2147483653 2147483654 2147483655 2147483656 2147483657 2147483658 2147483659 2147483660 2147483661 2147483663 2147483663 
2147483663 2147483648 2147483649 2147483653 2147483654 2147483655 2147483656 2147483657 2147483658 2147483659 2147483660 2147483661 2147483662 2147483648 2147483649 2147483653 2147483654 2147483655 2147483656 2147483657 2147483658 2147483659 2147483660 2147483661 2147483662 
2147483668 2147483648 2147483649 2147483648 2147483649 57 53 
2147483670 2147483648 2147483649 2147483648 2147483649 54 57 53 
2147483673 2147483648 2147483648 54 57 53 
2147483675 
2147483677 2147483648 2147483649 2147483648 2147483649 2147483678 2147483679 2147483680 2147483681 2147483682 2147483683 2147483684 2147483685 2147483686 2147483687 53 2147483678 2147483679 2147483680 2147483681 2147483682 2147483683 2147483684 2147483685 2147483686 2147483687 
2147483678 2147483648 2147483649 2147483677 2147483648 2147483649 2147483677 2147483679 2147483680 2147483681 2147483682 2147483683 2147483684 2147483685 2147483686 2147483687 57 53 2147483679 2147483680 2147483681 2147483682 2147483683 2147483684 2147483685 2147483686 2147483687 
2147483679 2147483648 2147483649 2147483677 2147483678 2147483648 2147483649 2147483677 2147483678 2147483680 2147483681 2147483682 2147483683 2147483684 2147483685 2147483686 2147483687 54 57 53 2147483680 2147483681 2147483682 2147483683 2147483684 2147483685 2147483686 2147483687 
2147483680 2147483648 2147483649 2147483677 2147483678 2147483679 2147483648 2147483649 2147483677 2147483678 2147483679 2147483681 2147483682 2147483683 2147483684 2147483685 2147483686 2147483687 52 54 57 53 2147483681 2147483682 2147483683 2147483684 2147483685 2147483686 2147483687 
2147483681 2147483648 2147483649 2147483677 2147483678 2147483679 2147483680 2147483648 2147483649 2147483677 2147483678 2147483679 2147483680 2147483682 2147483683 2147483684 2147483685 2147483686 2147483687 52 54 57 53 127 2147483682 2147483683 2147483684 2147483685 2147483686 2147483687 
2147483682 2147483648 2147483649 2147483677 2147483678 2147483679 2147483680 2147483681 2147483648 2147483649 2147483677 2147483678 2147483679 2147483680 2147483681 2147483683 2147483684 2147483685 2147483686 2147483687 2147483683 2147483684 2147483685 2147483686 2147483687 
2147483683 2147483648 2147483649 2147483677 2147483678 2147483679 2147483680 2147483681 2147483682 2147483648 2147483649 2147483677 2147483678 2147483679 2147483680 2147483681 2147483682 2147483684 2147483685 2147483686 2147483687 2147483684 2147483685 2147483686 2147483687 
2147483684 2147483648 2147483649 2147483677 2147483678 2147483679 2147483680 2147483681 2147483682 2147483683 2147483648 2147483649 2147483677 2147483678 2147483679 2147483680 2147483681 2147483682 2147483683 2147483685 2147483686 2147483687 2147483685 2147483686 2147483687 
2147483685 2147483648 2147483649 2147483677 2147483678 2147483679 2147483680 2147483681 2147483682 2147483683 2147483684 2147483648 2147483649 2147483677 2147483678 2147483679 2147483680 2147483681 2147483682 2147483683 2147483684 2147483686 2147483687 2147483686 2147483687 
2147483686 2147483648 2147483649 2147483677 2147483678 2147483679 2147483680 2147483681 2147483682 2147483683 2147483684 2147483685 2147483648 2147483649 2147483677 2147483678 2147483679 2147483680 2147483681 2147483682 2147483683 2147483684 2147483685 2147483687 2147483687 
2147483687 2147483648 2147483649 2147483677 2147483678 2147483679 2147483680 2147483681 2147483682 2147483683 2147483684 2147483685 2147483686 2147483648 2147483649 2147483677 2147483678 2147483679 2147483680 2147483681 2147483682 2147483683 2147483684 2147483685 2147483686 
2147483692 2147483648 2147483649 2147483648 2147483649 57 53 
2147483694 2147483648 2147483649 2147483648 2147483649 54 57 53 
2147483697 2147483648 2147483648 54 57 53 
2147483699 
2147483704 49 52 54 57 53 127 128 129 130 
