49 2147483648 2147483649 2147483665 2147483675 2147483683 
50 
51 
52 2147483648 2147483649 2147483653 2147483665 2147483669 2147483675 2147483679 2147483683 2147483687 
53 2147483648 2147483649 2147483650 2147483651 2147483652 2147483653 2147483657 2147483659 2147483662 2147483665 2147483666 2147483667 2147483668 2147483669 2147483670 2147483671 2147483672 2147483673 2147483675 2147483676 2147483677 2147483678 2147483679 2147483680 2147483681 2147483682 2147483683 2147483684 2147483685 2147483686 2147483687 2147483688 2147483689 2147483690 2147483691 2147483692 2147483693 
54 2147483648 2147483649 2147483652 2147483653 2147483659 2147483665 2147483668 2147483669 2147483671 2147483673 2147483675 2147483678 2147483679 2147483681 2147483683 2147483686 2147483687 2147483689 2147483691 2147483692 2147483693 
57 2147483648 2147483649 2147483651 2147483652 2147483653 2147483657 2147483659 2147483662 2147483665 2147483667 2147483668 2147483669 2147483670 2147483671 2147483672 2147483673 2147483675 2147483677 2147483678 2147483679 2147483680 2147483681 2147483682 2147483683 2147483685 2147483686 2147483687 2147483688 2147483689 2147483690 2147483691 2147483692 2147483693 
127 2147483648 2147483649 2147483665 2147483675 2147483683 
128 2147483648 2147483649 2147483665 2147483675 2147483683 
129 2147483648 2147483649 2147483665 2147483675 2147483683 
130 2147483648 2147483649 2147483665 2147483675 2147483683 
131 
132 
133 
134 
2147483648 2147483649 2147483650 2147483651 2147483652 2147483653 2147483657 2147483659 2147483662 2147483665 2147483666 2147483667 2147483668 2147483669 2147483670 2147483671 2147483672 2147483673 2147483675 2147483676 2147483677 2147483678 2147483679 2147483680 2147483681 2147483682 2147483683 2147483684 2147483685 2147483686 2147483687 2147483688 2147483689 2147483690 2147483691 2147483692 2147483693 53 54 49 52 57 127 128 129 130 2147483649 2147483650 2147483651 2147483652 2147483653 2147483657 2147483659 2147483662 2147483665 2147483666 2147483667 2147483668 2147483669 2147483670 2147483671 2147483672 2147483673 2147483675 2147483676 2147483677 2147483678 2147483679 2147483680 2147483681 2147483682 2147483683 2147483684 2147483685 2147483686 2147483687 2147483688 2147483689 2147483690 2147483691 2147483692 2147483693 
2147483649 2147483648 2147483648 2147483650 2147483651 2147483652 2147483653 2147483657 2147483659 2147483662 2147483665 2147483666 2147483667 2147483668 2147483669 2147483670 2147483671 2147483672 2147483673 2147483675 2147483676 2147483677 2147483678 2147483679 2147483680 2147483681 2147483682 2147483683 2147483684 2147483685 2147483686 2147483687 2147483688 2147483689 54 57 49 52 53 127 128 129 130 2147483650 2147483651 2147483652 2147483653 2147483657 2147483659 2147483662 2147483665 2147483666 2147483667 2147483668 2147483669 2147483670 2147483671 2147483672 2147483673 2147483675 2147483676 2147483677 2147483678 2147483679 2147483680 2147483681 2147483682 2147483683 2147483684 2147483685 2147483686 2147483687 2147483688 2147483689 
2147483650 2147483648 2147483649 2147483648 2147483649 2147483651 2147483652 2147483653 53 2147483651 2147483652 2147483653 
2147483651 2147483648 2147483649 2147483650 2147483648 2147483649 2147483650 2147483652 2147483653 57 53 2147483652 2147483653 
2147483652 2147483648 2147483649 2147483650 2147483651 2147483648 2147483649 2147483650 2147483651 2147483653 54 57 53 2147483653 
2147483653 2147483648 2147483649 2147483650 2147483651 2147483652 2147483648 2147483649 2147483650 2147483651 2147483652 52 54 57 53 
2147483657 2147483648 2147483649 2147483648 2147483649 57 53 
2147483659 2147483648 2147483649 2147483648 2147483649 54 57 53 
2147483662 2147483648 2147483649 2147483648 2147483649 57 53 
2147483665 2147483648 2147483649 2147483648 2147483649 2147483666 2147483667 2147483668 2147483669 2147483670 2147483671 2147483672 2147483673 49 54 52 57 53 127 128 129 130 2147483666 2147483667 2147483668 2147483669 2147483670 2147483671 2147483672 2147483673 
2147483666 2147483648 2147483649 2147483665 2147483648 2147483649 2147483665 2147483667 2147483668 2147483669 53 2147483667 2147483668 2147483669 
2147483667 2147483648 2147483649 2147483665 2147483666 2147483648 2147483649 2147483665 2147483666 2147483668 2147483669 57 53 2147483668 2147483669 
2147483668 2147483648 2147483649 2147483665 2147483666 2147483667 2147483648 2147483649 2147483665 2147483666 2147483667 2147483669 54 57 53 2147483669 
2147483669 2147483648 2147483649 2147483665 2147483666 2147483667 2147483668 2147483648 2147483649 2147483665 2147483666 2147483667 2147483668 52 54 57 53 
2147483670 2147483648 2147483649 2147483665 2147483648 2147483649 2147483665 57 53 
2147483671 2147483648 2147483649 2147483665 2147483648 2147483649 2147483665 54 57 53 
2147483672 2147483648 2147483649 2147483665 2147483648 2147483649 2147483665 57 53 
2147483673 2147483648 2147483649 2147483665 2147483648 2147483649 2147483665 54 57 53 
2147483675 2147483648 2147483649 2147483648 2147483649 2147483676 2147483677 2147483678 2147483679 2147483680 2147483681 2147483682 2147483683 2147483684 2147483685 2147483686 2147483687 2147483688 2147483689 2147483690 2147483691 2147483692 49 54 52 57 53 127 128 129 130 2147483676 2147483677 2147483678 2147483679 2147483680 2147483681 2147483682 2147483683 2147483684 2147483685 2147483686 2147483687 2147483688 2147483689 2147483690 2147483691 2147483692 
2147483676 2147483648 2147483649 2147483675 2147483648 2147483649 2147483675 2147483677 2147483678 2147483679 53 2147483677 2147483678 2147483679 
2147483677 2147483648 2147483649 2147483675 2147483676 2147483648 2147483649 2147483675 2147483676 2147483678 2147483679 57 53 2147483678 2147483679 
2147483678 2147483648 2147483649 2147483675 2147483676 2147483677 2147483648 2147483649 2147483675 2147483676 2147483677 2147483679 54 57 53 2147483679 
2147483679 2147483648 2147483649 2147483675 2147483676 2147483677 2147483678 2147483648 2147483649 2147483675 2147483676 2147483677 2147483678 52 54 57 53 
2147483680 2147483648 2147483649 2147483675 2147483648 2147483649 2147483675 57 53 
2147483681 2147483648 2147483649 2147483675 2147483648 2147483649 2147483675 54 57 53 
2147483682 2147483648 2147483649 2147483675 2147483648 2147483649 2147483675 57 53 
2147483683 2147483648 2147483649 2147483675 2147483648 2147483649 2147483675 2147483684 2147483685 2147483686 2147483687 2147483688 2147483689 2147483690 2147483691 49 54 52 57 53 127 128 129 130 2147483684 2147483685 2147483686 2147483687 2147483688 2147483689 2147483690 2147483691 
2147483684 2147483648 2147483649 2147483675 2147483683 2147483648 2147483649 2147483675 2147483683 2147483685 2147483686 2147483687 53 2147483685 2147483686 2147483687 
2147483685 2147483648 2147483649 2147483675 2147483683 2147483684 2147483648 2147483649 2147483675 2147483683 2147483684 2147483686 2147483687 57 53 2147483686 2147483687 
2147483686 2147483648 2147483649 2147483675 2147483683 2147483684 2147483685 2147483648 2147483649 2147483675 2147483683 2147483684 2147483685 2147483687 54 57 53 2147483687 
2147483687 2147483648 2147483649 2147483675 2147483683 2147483684 2147483685 2147483686 2147483648 2147483649 2147483675 2147483683 2147483684 2147483685 2147483686 52 54 57 53 
2147483688 2147483648 2147483649 2147483675 2147483683 2147483648 2147483649 2147483675 2147483683 57 53 
2147483689 2147483648 2147483649 2147483675 2147483683 2147483648 2147483649 2147483675 2147483683 54 57 53 
2147483690 2147483648 2147483675 2147483683 2147483648 2147483675 2147483683 57 53 
2147483691 2147483648 2147483675 2147483683 2147483648 2147483675 2147483683 54 57 53 
2147483692 2147483648 2147483675 2147483648 2147483675 54 57 53 
2147483693 2147483648 2147483648 54 57 53 
