2 
5 
8 
11 
18 
19 
22 
23 
24 
25 
26 
27 
32 
49 2147483658 2147483675 2147483676 2147483701 2147483710 2147483712 
50 
51 
52 2147483658 2147483675 2147483676 2147483680 2147483701 2147483710 2147483712 
53 2147483658 2147483659 2147483671 2147483675 2147483676 2147483677 2147483679 2147483680 2147483682 2147483696 2147483701 2147483702 2147483705 2147483710 2147483712 
54 2147483658 2147483675 2147483676 2147483680 2147483682 2147483701 2147483705 2147483710 2147483712 
57 2147483658 2147483675 2147483676 2147483677 2147483679 2147483680 2147483682 2147483701 2147483702 2147483705 2147483710 2147483712 
61 
127 2147483658 2147483675 2147483676 2147483701 2147483710 2147483712 
128 2147483658 2147483675 2147483676 2147483701 2147483710 2147483712 
129 2147483658 2147483675 2147483676 2147483701 2147483710 2147483712 
130 2147483658 2147483675 2147483676 2147483701 2147483710 2147483712 
131 
132 
133 
134 
247 
248 
249 
250 
251 
252 
253 
254 
263 
264 
265 
266 
267 
268 
269 
270 
2147483658 2147483659 2147483663 2147483669 2147483671 2147483675 2147483676 2147483677 2147483679 2147483680 2147483682 2147483684 2147483686 2147483687 2147483690 2147483692 2147483696 2147483700 2147483701 2147483711 2147483712 57 49 52 54 53 127 128 129 130 2147483659 2147483663 2147483669 2147483671 2147483675 2147483676 2147483677 2147483679 2147483680 2147483682 2147483684 2147483686 2147483687 2147483690 2147483692 2147483696 2147483700 2147483701 2147483711 2147483712 
2147483659 2147483658 2147483658 2147483712 53 2147483712 
2147483663 2147483658 2147483658 2147483712 2147483712 
2147483669 2147483658 2147483658 2147483690 2147483690 
2147483671 2147483658 2147483658 53 
2147483675 2147483658 2147483658 2147483676 2147483677 2147483679 2147483680 2147483682 49 54 52 57 53 127 128 129 130 2147483676 2147483677 2147483679 2147483680 2147483682 
2147483676 2147483658 2147483675 2147483658 2147483675 2147483677 2147483679 2147483680 52 49 54 57 53 127 128 129 130 2147483677 2147483679 2147483680 
2147483677 2147483658 2147483675 2147483676 2147483658 2147483675 2147483676 57 53 
2147483679 2147483658 2147483675 2147483676 2147483658 2147483675 2147483676 2147483680 57 53 2147483680 
2147483680 2147483658 2147483675 2147483676 2147483679 2147483658 2147483675 2147483676 2147483679 52 54 57 53 
2147483682 2147483658 2147483675 2147483658 2147483675 54 57 53 
2147483684 2147483658 2147483658 
2147483686 2147483658 2147483658 2147483690 2147483692 2147483690 2147483692 
2147483687 2147483658 2147483658 2147483690 2147483690 
2147483690 2147483658 2147483669 2147483686 2147483687 2147483658 2147483669 2147483686 2147483687 
2147483692 2147483658 2147483686 2147483658 2147483686 
2147483696 2147483658 2147483658 53 
2147483700 2147483658 2147483658 
2147483701 2147483658 2147483658 2147483702 2147483705 54 49 52 57 53 127 128 129 130 2147483702 2147483705 
2147483702 2147483701 2147483701 57 53 
2147483705 2147483701 2147483701 54 57 53 
2147483708 
2147483710 49 52 54 57 53 127 128 129 130 
2147483711 2147483658 2147483658 2147483712 2147483712 
2147483712 2147483658 2147483659 2147483663 2147483711 2147483658 2147483659 2147483663 2147483711 49 52 54 57 53 127 128 129 130 
