22 2147483703 
23 
24 
25 2147483703 
26 2147483682 2147483683 2147483688 2147483689 2147483703 
27 2147483683 2147483689 2147483703 
32 2147483682 2147483683 2147483688 2147483689 2147483703 
49 2147483648 2147483658 2147483705 
50 
51 
52 2147483648 2147483658 2147483674 2147483705 
53 2147483648 2147483658 2147483671 2147483674 2147483705 
54 2147483648 2147483658 2147483705 
57 2147483648 2147483658 2147483671 2147483705 
127 2147483648 2147483658 2147483705 
128 2147483648 2147483658 2147483705 
129 2147483648 2147483658 2147483705 
130 2147483648 2147483658 2147483705 
131 
132 
133 
134 
263 2147483703 
264 2147483703 
265 2147483703 
266 2147483703 
267 
268 
269 
270 
2147483648 2147483652 2147483654 2147483658 2147483682 2147483683 2147483688 2147483689 2147483701 2147483703 2147483704 2147483705 53 57 49 52 54 127 128 129 130 2147483652 2147483654 2147483658 2147483682 2147483683 2147483688 2147483689 2147483701 2147483703 2147483704 2147483705 
2147483652 2147483648 2147483648 2147483654 2147483658 2147483701 2147483703 2147483704 2147483654 2147483658 2147483701 2147483703 2147483704 
2147483654 2147483648 2147483652 2147483648 2147483652 2147483658 2147483703 2147483704 2147483658 2147483703 2147483704 
2147483658 2147483648 2147483652 2147483654 2147483648 2147483652 2147483654 2147483682 2147483683 2147483703 2147483704 49 52 54 57 53 127 128 129 130 2147483682 2147483683 2147483703 2147483704 
2147483665 
2147483666 
2147483668 
2147483669 2147483671 2147483671 
2147483671 2147483669 2147483669 57 53 
2147483674 52 53 
2147483678 
2147483682 2147483648 2147483658 2147483648 2147483658 2147483683 2147483703 32 26 2147483683 2147483703 
2147483683 2147483648 2147483658 2147483682 2147483648 2147483658 2147483682 2147483703 27 32 26 2147483703 
2147483688 2147483648 2147483648 2147483689 2147483703 2147483705 32 26 2147483689 2147483703 2147483705 
2147483689 2147483648 2147483688 2147483648 2147483688 2147483703 2147483705 27 32 26 2147483703 2147483705 
2147483698 
2147483699 
2147483701 2147483648 2147483652 2147483648 2147483652 2147483703 2147483704 2147483703 2147483704 
2147483703 2147483648 2147483652 2147483654 2147483658 2147483682 2147483683 2147483688 2147483689 2147483701 2147483648 2147483652 2147483654 2147483658 2147483682 2147483683 2147483688 2147483689 2147483701 2147483704 2147483705 22 25 27 32 26 263 264 265 266 2147483704 2147483705 
2147483704 2147483648 2147483652 2147483654 2147483658 2147483701 2147483703 2147483648 2147483652 2147483654 2147483658 2147483701 2147483703 
2147483705 2147483648 2147483688 2147483689 2147483703 2147483648 2147483688 2147483689 2147483703 49 52 54 57 53 127 128 129 130 
