22 2147483715 2147483835 2147483838 2147483857 
23 
24 
25 2147483715 2147483835 2147483838 2147483857 
26 2147483715 2147483718 2147483723 2147483724 2147483731 2147483761 2147483766 2147483767 2147483772 2147483778 2147483793 2147483798 2147483799 2147483804 2147483810 2147483835 2147483838 2147483857 
27 2147483715 2147483724 2147483767 2147483799 2147483835 2147483838 2147483857 
32 2147483715 2147483718 2147483723 2147483724 2147483731 2147483761 2147483766 2147483767 2147483772 2147483778 2147483793 2147483798 2147483799 2147483804 2147483810 2147483835 2147483838 2147483857 
49 2147483657 2147483666 2147483677 2147483678 2147483689 2147483701 2147483714 2147483856 2147483858 2147483862 2147483863 
50 
51 
52 2147483657 2147483666 2147483677 2147483678 2147483689 2147483701 2147483714 2147483856 2147483858 2147483862 2147483863 
53 2147483657 2147483666 2147483677 2147483678 2147483689 2147483701 2147483714 2147483818 2147483825 2147483841 2147483856 2147483858 2147483862 2147483863 
54 2147483657 2147483666 2147483677 2147483678 2147483689 2147483701 2147483714 2147483856 2147483858 2147483862 2147483863 
57 2147483657 2147483666 2147483677 2147483678 2147483689 2147483701 2147483714 2147483818 2147483825 2147483856 2147483858 2147483862 2147483863 
127 2147483657 2147483666 2147483677 2147483678 2147483689 2147483701 2147483714 2147483856 2147483858 2147483862 2147483863 
128 2147483657 2147483666 2147483677 2147483678 2147483689 2147483701 2147483714 2147483856 2147483858 2147483862 2147483863 
129 2147483657 2147483666 2147483677 2147483678 2147483689 2147483701 2147483714 2147483856 2147483858 2147483862 2147483863 
130 2147483657 2147483666 2147483677 2147483678 2147483689 2147483701 2147483714 2147483856 2147483858 2147483862 2147483863 
131 
132 
133 
134 
263 2147483715 2147483835 2147483838 2147483857 
264 2147483715 2147483835 2147483838 2147483857 
265 2147483715 2147483835 2147483838 2147483857 
266 2147483715 2147483835 2147483838 2147483857 
267 
268 
269 
270 
2147483651 2147483653 2147483657 2147483714 2147483715 2147483836 2147483838 2147483839 2147483653 2147483657 2147483714 2147483715 2147483836 2147483838 2147483839 
2147483653 2147483651 2147483651 2147483657 2147483714 2147483715 2147483838 2147483839 2147483657 2147483714 2147483715 2147483838 2147483839 
2147483657 2147483651 2147483653 2147483651 2147483653 2147483660 2147483666 2147483677 2147483678 2147483689 2147483701 2147483702 2147483703 2147483709 2147483710 2147483714 2147483715 2147483718 2147483723 2147483724 2147483731 2147483742 2147483753 2147483761 2147483766 2147483767 2147483772 2147483777 2147483778 2147483784 2147483786 2147483791 2147483792 2147483793 2147483798 2147483799 2147483804 2147483809 2147483810 2147483818 2147483820 2147483825 2147483835 2147483838 2147483839 2147483840 2147483841 2147483851 2147483856 2147483857 2147483858 2147483861 2147483862 2147483863 49 52 54 57 53 127 128 129 130 2147483660 2147483666 2147483677 2147483678 2147483689 2147483701 2147483702 2147483703 2147483709 2147483710 2147483714 2147483715 2147483718 2147483723 2147483724 2147483731 2147483742 2147483753 2147483761 2147483766 2147483767 2147483772 2147483777 2147483778 2147483784 2147483786 2147483791 2147483792 2147483793 2147483798 2147483799 2147483804 2147483809 2147483810 2147483818 2147483820 2147483825 2147483835 2147483838 2147483839 2147483840 2147483841 2147483851 2147483856 2147483857 2147483858 2147483861 2147483862 2147483863 
2147483660 2147483657 2147483657 2147483714 2147483715 2147483838 2147483840 2147483714 2147483715 2147483838 2147483840 
2147483666 2147483657 2147483657 2147483677 2147483678 2147483689 2147483701 2147483702 2147483703 2147483709 2147483710 2147483714 2147483715 2147483742 2147483753 2147483761 2147483766 2147483767 2147483772 2147483777 2147483778 2147483784 2147483786 2147483791 2147483792 2147483793 2147483798 2147483799 2147483804 2147483809 2147483810 2147483835 2147483838 2147483851 2147483856 2147483857 2147483858 2147483861 2147483862 2147483863 49 52 54 57 53 127 128 129 130 2147483677 2147483678 2147483689 2147483701 2147483702 2147483703 2147483709 2147483710 2147483714 2147483715 2147483742 2147483753 2147483761 2147483766 2147483767 2147483772 2147483777 2147483778 2147483784 2147483786 2147483791 2147483792 2147483793 2147483798 2147483799 2147483804 2147483809 2147483810 2147483835 2147483838 2147483851 2147483856 2147483857 2147483858 2147483861 2147483862 2147483863 
2147483677 2147483657 2147483666 2147483657 2147483666 2147483678 2147483689 2147483701 2147483702 2147483703 2147483714 2147483715 2147483786 2147483791 2147483792 2147483793 2147483798 2147483799 2147483804 2147483809 2147483810 2147483835 2147483838 2147483851 2147483856 2147483862 2147483863 49 52 54 57 53 127 128 129 130 2147483678 2147483689 2147483701 2147483702 2147483703 2147483714 2147483715 2147483786 2147483791 2147483792 2147483793 2147483798 2147483799 2147483804 2147483809 2147483810 2147483835 2147483838 2147483851 2147483856 2147483862 2147483863 
2147483678 2147483657 2147483666 2147483677 2147483657 2147483666 2147483677 2147483689 2147483701 2147483702 2147483703 2147483714 2147483715 2147483742 2147483753 2147483786 2147483791 2147483792 2147483793 2147483798 2147483799 2147483804 2147483809 2147483810 2147483835 2147483838 2147483851 2147483856 2147483861 2147483862 2147483863 52 49 54 57 53 127 128 129 130 2147483689 2147483701 2147483702 2147483703 2147483714 2147483715 2147483742 2147483753 2147483786 2147483791 2147483792 2147483793 2147483798 2147483799 2147483804 2147483809 2147483810 2147483835 2147483838 2147483851 2147483856 2147483861 2147483862 2147483863 
2147483689 2147483657 2147483666 2147483677 2147483678 2147483657 2147483666 2147483677 2147483678 2147483701 2147483702 2147483703 2147483714 2147483715 2147483786 2147483791 2147483792 2147483793 2147483798 2147483799 2147483804 2147483809 2147483810 2147483835 2147483838 2147483851 2147483856 2147483862 2147483863 49 52 54 57 53 127 128 129 130 2147483701 2147483702 2147483703 2147483714 2147483715 2147483786 2147483791 2147483792 2147483793 2147483798 2147483799 2147483804 2147483809 2147483810 2147483835 2147483838 2147483851 2147483856 2147483862 2147483863 
2147483701 2147483657 2147483666 2147483677 2147483678 2147483689 2147483657 2147483666 2147483677 2147483678 2147483689 2147483714 2147483715 2147483798 2147483799 2147483835 2147483838 2147483856 2147483862 2147483863 49 52 54 57 53 127 128 129 130 2147483714 2147483715 2147483798 2147483799 2147483835 2147483838 2147483856 2147483862 2147483863 
2147483702 2147483657 2147483666 2147483677 2147483678 2147483689 2147483657 2147483666 2147483677 2147483678 2147483689 2147483703 2147483714 2147483715 2147483835 2147483838 2147483856 2147483862 2147483863 2147483703 2147483714 2147483715 2147483835 2147483838 2147483856 2147483862 2147483863 
2147483703 2147483657 2147483666 2147483677 2147483678 2147483689 2147483702 2147483657 2147483666 2147483677 2147483678 2147483689 2147483702 2147483714 2147483715 2147483835 2147483838 2147483856 2147483862 2147483863 2147483714 2147483715 2147483835 2147483838 2147483856 2147483862 2147483863 
2147483709 2147483657 2147483666 2147483657 2147483666 2147483710 2147483714 2147483715 2147483835 2147483838 2147483857 2147483710 2147483714 2147483715 2147483835 2147483838 2147483857 
2147483710 2147483657 2147483666 2147483709 2147483657 2147483666 2147483709 2147483714 2147483715 2147483835 2147483838 2147483857 2147483714 2147483715 2147483835 2147483838 2147483857 
2147483714 2147483651 2147483653 2147483657 2147483660 2147483666 2147483677 2147483678 2147483689 2147483701 2147483702 2147483703 2147483709 2147483710 2147483651 2147483653 2147483657 2147483660 2147483666 2147483677 2147483678 2147483689 2147483701 2147483702 2147483703 2147483709 2147483710 2147483715 2147483718 2147483723 2147483724 2147483731 2147483742 2147483753 2147483761 2147483766 2147483767 2147483772 2147483777 2147483778 2147483784 2147483786 2147483791 2147483792 2147483793 2147483798 2147483799 2147483804 2147483809 2147483810 2147483818 2147483820 2147483825 2147483827 2147483835 2147483836 2147483838 2147483839 2147483840 2147483841 2147483851 2147483856 2147483857 2147483858 2147483861 2147483862 2147483863 53 57 52 49 54 127 128 129 130 2147483715 2147483718 2147483723 2147483724 2147483731 2147483742 2147483753 2147483761 2147483766 2147483767 2147483772 2147483777 2147483778 2147483784 2147483786 2147483791 2147483792 2147483793 2147483798 2147483799 2147483804 2147483809 2147483810 2147483818 2147483820 2147483825 2147483827 2147483835 2147483836 2147483838 2147483839 2147483840 2147483841 2147483851 2147483856 2147483857 2147483858 2147483861 2147483862 2147483863 
2147483715 2147483651 2147483653 2147483657 2147483660 2147483666 2147483677 2147483678 2147483689 2147483701 2147483702 2147483703 2147483709 2147483710 2147483714 2147483651 2147483653 2147483657 2147483660 2147483666 2147483677 2147483678 2147483689 2147483701 2147483702 2147483703 2147483709 2147483710 2147483714 2147483718 2147483723 2147483724 2147483731 2147483742 2147483753 2147483761 2147483766 2147483767 2147483772 2147483777 2147483778 2147483784 2147483786 2147483791 2147483792 2147483793 2147483798 2147483799 2147483804 2147483809 2147483810 2147483818 2147483820 2147483825 2147483827 2147483835 2147483836 2147483838 2147483839 2147483840 2147483841 2147483851 2147483856 2147483857 2147483858 2147483861 2147483862 2147483863 32 22 25 27 26 263 264 265 266 2147483718 2147483723 2147483724 2147483731 2147483742 2147483753 2147483761 2147483766 2147483767 2147483772 2147483777 2147483778 2147483784 2147483786 2147483791 2147483792 2147483793 2147483798 2147483799 2147483804 2147483809 2147483810 2147483818 2147483820 2147483825 2147483827 2147483835 2147483836 2147483838 2147483839 2147483840 2147483841 2147483851 2147483856 2147483857 2147483858 2147483861 2147483862 2147483863 
2147483718 2147483657 2147483714 2147483715 2147483657 2147483714 2147483715 2147483838 32 26 2147483838 
2147483723 2147483657 2147483714 2147483715 2147483657 2147483714 2147483715 2147483724 2147483838 32 26 2147483724 2147483838 
2147483724 2147483657 2147483714 2147483715 2147483723 2147483657 2147483714 2147483715 2147483723 2147483838 27 32 26 2147483838 
2147483731 2147483657 2147483714 2147483715 2147483657 2147483714 2147483715 2147483838 2147483841 32 26 2147483838 2147483841 
2147483742 2147483657 2147483666 2147483678 2147483714 2147483715 2147483657 2147483666 2147483678 2147483714 2147483715 2147483835 2147483838 2147483851 2147483861 2147483863 2147483835 2147483838 2147483851 2147483861 2147483863 
2147483753 2147483657 2147483666 2147483678 2147483714 2147483715 2147483657 2147483666 2147483678 2147483714 2147483715 2147483838 2147483861 2147483863 2147483838 2147483861 2147483863 
2147483761 2147483657 2147483666 2147483714 2147483715 2147483657 2147483666 2147483714 2147483715 2147483835 2147483838 2147483857 32 26 2147483835 2147483838 2147483857 
2147483766 2147483657 2147483666 2147483714 2147483715 2147483657 2147483666 2147483714 2147483715 2147483767 2147483835 2147483838 2147483857 2147483858 32 26 2147483767 2147483835 2147483838 2147483857 2147483858 
2147483767 2147483657 2147483666 2147483714 2147483715 2147483766 2147483657 2147483666 2147483714 2147483715 2147483766 2147483835 2147483838 2147483857 2147483858 27 32 26 2147483835 2147483838 2147483857 2147483858 
2147483772 2147483657 2147483666 2147483714 2147483715 2147483657 2147483666 2147483714 2147483715 2147483835 2147483838 2147483857 32 26 2147483835 2147483838 2147483857 
2147483777 2147483657 2147483666 2147483714 2147483715 2147483657 2147483666 2147483714 2147483715 2147483835 2147483838 2147483857 2147483835 2147483838 2147483857 
2147483778 2147483657 2147483666 2147483714 2147483715 2147483657 2147483666 2147483714 2147483715 2147483835 2147483838 2147483857 32 26 2147483835 2147483838 2147483857 
2147483784 2147483657 2147483666 2147483714 2147483715 2147483657 2147483666 2147483714 2147483715 2147483835 2147483838 2147483857 2147483835 2147483838 2147483857 
2147483786 2147483657 2147483666 2147483677 2147483678 2147483689 2147483714 2147483715 2147483657 2147483666 2147483677 2147483678 2147483689 2147483714 2147483715 2147483835 2147483838 2147483862 2147483863 2147483835 2147483838 2147483862 2147483863 
2147483791 2147483657 2147483666 2147483677 2147483678 2147483689 2147483714 2147483715 2147483657 2147483666 2147483677 2147483678 2147483689 2147483714 2147483715 2147483792 2147483835 2147483838 2147483856 2147483862 2147483863 2147483792 2147483835 2147483838 2147483856 2147483862 2147483863 
2147483792 2147483657 2147483666 2147483677 2147483678 2147483689 2147483714 2147483715 2147483791 2147483657 2147483666 2147483677 2147483678 2147483689 2147483714 2147483715 2147483791 2147483835 2147483838 2147483856 2147483862 2147483863 2147483835 2147483838 2147483856 2147483862 2147483863 
2147483793 2147483657 2147483666 2147483677 2147483678 2147483689 2147483714 2147483715 2147483657 2147483666 2147483677 2147483678 2147483689 2147483714 2147483715 2147483835 2147483838 2147483856 2147483862 2147483863 32 26 2147483835 2147483838 2147483856 2147483862 2147483863 
2147483798 2147483657 2147483666 2147483677 2147483678 2147483689 2147483701 2147483714 2147483715 2147483657 2147483666 2147483677 2147483678 2147483689 2147483701 2147483714 2147483715 2147483799 2147483835 2147483838 2147483856 2147483862 2147483863 32 26 2147483799 2147483835 2147483838 2147483856 2147483862 2147483863 
2147483799 2147483657 2147483666 2147483677 2147483678 2147483689 2147483701 2147483714 2147483715 2147483798 2147483657 2147483666 2147483677 2147483678 2147483689 2147483701 2147483714 2147483715 2147483798 2147483835 2147483838 2147483856 2147483862 2147483863 27 32 26 2147483835 2147483838 2147483856 2147483862 2147483863 
2147483804 2147483657 2147483666 2147483677 2147483678 2147483689 2147483714 2147483715 2147483657 2147483666 2147483677 2147483678 2147483689 2147483714 2147483715 2147483835 2147483838 2147483856 2147483862 2147483863 32 26 2147483835 2147483838 2147483856 2147483862 2147483863 
2147483809 2147483657 2147483666 2147483677 2147483678 2147483689 2147483714 2147483715 2147483657 2147483666 2147483677 2147483678 2147483689 2147483714 2147483715 2147483835 2147483838 2147483856 2147483862 2147483863 2147483835 2147483838 2147483856 2147483862 2147483863 
2147483810 2147483657 2147483666 2147483677 2147483678 2147483689 2147483714 2147483715 2147483657 2147483666 2147483677 2147483678 2147483689 2147483714 2147483715 2147483835 2147483838 2147483856 2147483862 2147483863 32 26 2147483835 2147483838 2147483856 2147483862 2147483863 
2147483818 2147483657 2147483714 2147483715 2147483657 2147483714 2147483715 2147483820 2147483838 57 53 2147483820 2147483838 
2147483820 2147483657 2147483714 2147483715 2147483818 2147483657 2147483714 2147483715 2147483818 2147483838 2147483838 
2147483825 2147483657 2147483714 2147483715 2147483657 2147483714 2147483715 2147483827 2147483838 57 53 2147483827 2147483838 
2147483827 2147483714 2147483715 2147483825 2147483714 2147483715 2147483825 2147483838 2147483838 
2147483835 2147483657 2147483666 2147483677 2147483678 2147483689 2147483701 2147483702 2147483703 2147483709 2147483710 2147483714 2147483715 2147483742 2147483761 2147483766 2147483767 2147483772 2147483777 2147483778 2147483784 2147483786 2147483791 2147483792 2147483793 2147483798 2147483799 2147483804 2147483809 2147483810 2147483657 2147483666 2147483677 2147483678 2147483689 2147483701 2147483702 2147483703 2147483709 2147483710 2147483714 2147483715 2147483742 2147483761 2147483766 2147483767 2147483772 2147483777 2147483778 2147483784 2147483786 2147483791 2147483792 2147483793 2147483798 2147483799 2147483804 2147483809 2147483810 2147483838 2147483851 2147483856 2147483857 2147483858 2147483862 2147483863 22 25 27 32 26 263 264 265 266 2147483838 2147483851 2147483856 2147483857 2147483858 2147483862 2147483863 
2147483836 2147483651 2147483714 2147483715 2147483651 2147483714 2147483715 2147483838 2147483839 2147483838 2147483839 
2147483838 2147483651 2147483653 2147483657 2147483660 2147483666 2147483677 2147483678 2147483689 2147483701 2147483702 2147483703 2147483709 2147483710 2147483714 2147483715 2147483718 2147483723 2147483724 2147483731 2147483742 2147483753 2147483761 2147483766 2147483767 2147483772 2147483777 2147483778 2147483784 2147483786 2147483791 2147483792 2147483793 2147483798 2147483799 2147483804 2147483809 2147483810 2147483818 2147483820 2147483825 2147483827 2147483835 2147483836 2147483651 2147483653 2147483657 2147483660 2147483666 2147483677 2147483678 2147483689 2147483701 2147483702 2147483703 2147483709 2147483710 2147483714 2147483715 2147483718 2147483723 2147483724 2147483731 2147483742 2147483753 2147483761 2147483766 2147483767 2147483772 2147483777 2147483778 2147483784 2147483786 2147483791 2147483792 2147483793 2147483798 2147483799 2147483804 2147483809 2147483810 2147483818 2147483820 2147483825 2147483827 2147483835 2147483836 2147483839 2147483840 2147483841 2147483851 2147483856 2147483857 2147483858 2147483861 2147483862 2147483863 22 25 27 32 26 263 264 265 266 2147483839 2147483840 2147483841 2147483851 2147483856 2147483857 2147483858 2147483861 2147483862 2147483863 
2147483839 2147483651 2147483653 2147483657 2147483714 2147483715 2147483836 2147483838 2147483651 2147483653 2147483657 2147483714 2147483715 2147483836 2147483838 
2147483840 2147483657 2147483660 2147483714 2147483715 2147483838 2147483657 2147483660 2147483714 2147483715 2147483838 2147483841 2147483841 
2147483841 2147483657 2147483714 2147483715 2147483731 2147483838 2147483840 2147483657 2147483714 2147483715 2147483731 2147483838 2147483840 53 
2147483851 2147483657 2147483666 2147483677 2147483678 2147483689 2147483714 2147483715 2147483742 2147483835 2147483838 2147483657 2147483666 2147483677 2147483678 2147483689 2147483714 2147483715 2147483742 2147483835 2147483838 2147483856 2147483862 2147483863 2147483856 2147483862 2147483863 
2147483856 2147483657 2147483666 2147483677 2147483678 2147483689 2147483701 2147483702 2147483703 2147483714 2147483715 2147483791 2147483792 2147483793 2147483798 2147483799 2147483804 2147483809 2147483810 2147483835 2147483838 2147483851 2147483657 2147483666 2147483677 2147483678 2147483689 2147483701 2147483702 2147483703 2147483714 2147483715 2147483791 2147483792 2147483793 2147483798 2147483799 2147483804 2147483809 2147483810 2147483835 2147483838 2147483851 2147483862 2147483863 49 52 54 57 53 127 128 129 130 2147483862 2147483863 
2147483857 2147483657 2147483666 2147483709 2147483710 2147483714 2147483715 2147483761 2147483766 2147483767 2147483772 2147483777 2147483778 2147483784 2147483835 2147483838 2147483657 2147483666 2147483709 2147483710 2147483714 2147483715 2147483761 2147483766 2147483767 2147483772 2147483777 2147483778 2147483784 2147483835 2147483838 2147483858 22 25 27 32 26 263 264 265 266 2147483858 
2147483858 2147483657 2147483666 2147483714 2147483715 2147483766 2147483767 2147483835 2147483838 2147483857 2147483657 2147483666 2147483714 2147483715 2147483766 2147483767 2147483835 2147483838 2147483857 49 52 54 57 53 127 128 129 130 
2147483861 2147483657 2147483666 2147483678 2147483714 2147483715 2147483742 2147483753 2147483838 2147483657 2147483666 2147483678 2147483714 2147483715 2147483742 2147483753 2147483838 2147483863 2147483863 
2147483862 2147483657 2147483666 2147483677 2147483678 2147483689 2147483701 2147483702 2147483703 2147483714 2147483715 2147483786 2147483791 2147483792 2147483793 2147483798 2147483799 2147483804 2147483809 2147483810 2147483835 2147483838 2147483851 2147483856 2147483657 2147483666 2147483677 2147483678 2147483689 2147483701 2147483702 2147483703 2147483714 2147483715 2147483786 2147483791 2147483792 2147483793 2147483798 2147483799 2147483804 2147483809 2147483810 2147483835 2147483838 2147483851 2147483856 2147483863 49 52 54 57 53 127 128 129 130 2147483863 
2147483863 2147483657 2147483666 2147483677 2147483678 2147483689 2147483701 2147483702 2147483703 2147483714 2147483715 2147483742 2147483753 2147483786 2147483791 2147483792 2147483793 2147483798 2147483799 2147483804 2147483809 2147483810 2147483835 2147483838 2147483851 2147483856 2147483861 2147483862 2147483657 2147483666 2147483677 2147483678 2147483689 2147483701 2147483702 2147483703 2147483714 2147483715 2147483742 2147483753 2147483786 2147483791 2147483792 2147483793 2147483798 2147483799 2147483804 2147483809 2147483810 2147483835 2147483838 2147483851 2147483856 2147483861 2147483862 49 52 54 57 53 127 128 129 130 
