2,1,2,-1,0,1,0,0,0,
3,1,3,-1,0,1,0,0,0,
5,1,5,-1,0,1,0,0,0,
6,1,6,-1,0,1,0,0,0,
8,1,8,-1,0,1,0,0,0,
9,1,9,-1,0,1,0,0,0,
11,1,11,-1,0,1,0,0,0,
13,1,13,-1,0,1,0,0,0,
16,1,16,-1,0,1,0,0,0,
18,1,18,-1,0,1,0,0,0,
19,1,19,-1,0,1,0,0,0,
21,1,21,-1,0,1,0,0,0,
22,1,22,-1,0,1,0,0,0,
23,1,23,-1,0,1,0,0,0,
24,1,24,-1,0,1,0,0,0,
25,1,25,-1,0,1,0,0,0,
26,1,26,-1,0,1,0,0,0,
27,1,27,-1,0,1,0,0,0,
32,1,32,-1,0,1,0,0,128,
49,1,49,-1,0,1,0,0,0,
50,1,50,-1,0,1,0,0,0,
51,1,51,-1,0,1,0,0,0,
52,1,52,-1,0,1,0,0,0,
53,1,53,-1,0,1,0,0,0,
54,1,54,-1,0,1,0,0,0,
57,1,57,-1,0,1,0,0,0,
59,1,59,-1,0,1,0,0,0,
61,1,61,-1,0,1,0,0,0,
127,1,127,-1,0,1,0,0,0,
128,1,128,-1,0,1,0,0,0,
129,1,129,-1,0,1,0,0,0,
130,1,130,-1,0,1,0,0,0,
131,1,131,-1,0,1,0,0,0,
132,1,132,-1,0,1,0,0,0,
133,1,133,-1,0,1,0,0,0,
134,1,134,-1,0,1,0,0,0,
247,1,247,-1,0,1,0,0,0,
248,1,248,-1,0,1,0,0,0,
249,1,249,-1,0,1,0,0,0,
250,1,250,-1,0,1,0,0,255,
251,1,251,-1,0,1,0,0,0,
252,1,252,-1,0,1,0,0,0,
253,1,253,-1,0,1,0,0,0,
254,1,254,-1,0,1,0,0,0,
263,1,263,-1,0,1,0,0,0,
264,1,264,-1,0,1,0,0,0,
265,1,265,-1,0,1,0,0,0,
266,1,266,-1,0,1,0,0,0,
267,1,267,-1,0,1,0,0,0,
268,1,268,-1,0,1,0,0,0,
269,1,269,-1,0,1,0,0,0,
270,1,270,-1,0,1,0,0,0,
271,1,271,-1,0,1,0,0,0,
272,1,272,-1,0,1,0,0,0,
273,1,273,-1,0,1,0,0,0,
274,1,274,-1,0,1,0,0,0,
275,1,275,-1,0,1,0,0,0,
276,1,276,-1,0,1,0,0,0,
277,1,277,-1,0,1,0,0,0,
278,1,278,-1,0,1,0,0,0,
2147483651,0,0,0.613011,1,0,1,0,0,51 133 134 131 132 50
2147483652,0,0,0.640191,1,0,1,0,0,51 133 134 131 132 50
2147483653,0,0,0.730894,1,0,1,0,0,51 133 134 131 132 50
2147483656,0,0,0.387851,2,0,1,0,0,24 23 269 270 267 268
2147483667,0,0,0.00131272,1,0,1,0,0,24 23 269 270 267 268
2147483672,0,0,10.4174,1,0,1,0,0,49 52 54 57 53 127 128 129 130 51 133 134 131 132 50
2147483673,0,0,6.72791,1,0,1,0,0,49 52 54 57 53 127 128 129 130 51 133 134 131 132 50
2147483674,0,0,3.3252,1,0,1,0,0,49 52 54 57 53 127 128 129 130 51 133 134 131 132 50
2147483675,0,0,inf,1,0,1,0,0,49 52 54 57 53 127 128 129 130 51 133 134 131 132 50
2147483677,0,0,5.29271,1,0,1,0,0,49 52 54 57 53 127 128 129 130 51 133 134 131 132 50
2147483688,0,0,0.19535,6,0,1,0,0,51 133 134 131 132 50
2147483694,0,0,5.69645,1,0,1,0,0,53 49 52 54 127 128 129 130 51 133 134 131 132 50
2147483696,0,0,0.0547922,3,0,1,0,0,51 133 134 131 132 50
2147483698,0,0,0.0252776,3,0,1,0,0,51 133 134 131 132 50
2147483699,0,0,0.402466,1,0,1,0,0,51 133 134 131 132 50
2147483700,0,0,0.278118,1,0,1,0,0,51 133 134 131 132 50
2147483701,0,0,0.0264245,3,0,1,0,0,51 133 134 131 132 50
2147483707,0,0,0.00521597,1,0,1,0,0,57 49 52 54 127 128 129 130 51 133 134 131 132 50
2147483708,0,0,0.0122357,1,0,1,0,0,49 52 54 57 53 127 128 129 130 51 133 134 131 132 50
2147483709,0,0,0.00604792,1,0,1,0,0,49 52 54 57 53 127 128 129 130 51 133 134 131 132 50
2147483710,0,0,inf,1,0,1,0,0,49 52 54 57 53 127 128 129 130 51 133 134 131 132 50
2147483712,0,0,0.00962609,1,0,1,0,0,49 52 54 57 53 127 128 129 130 51 133 134 131 132 50
2147483716,0,0,0.00468759,1,0,1,0,0,54 49 52 127 128 129 130 51 133 134 131 132 50
2147483719,0,0,0.00832472,1,0,1,0,0,51 133 134 131 132 50
2147483720,0,0,0.00964774,1,0,1,0,0,51 133 134 131 132 50
2147483721,0,0,0.00600504,1,0,1,0,0,49 52 54 57 53 127 128 129 130 51 133 134 131 132 50
2147483722,0,0,0.0077221,1,0,1,0,0,49 52 54 57 53 127 128 129 130 51 133 134 131 132 50
2147483730,0,0,0.00406423,1,0,1,0,0,51 133 134 131 132 50
2147483731,0,0,0.00445967,1,0,1,0,0,51 133 134 131 132 50
2147483732,0,0,0.00153975,1,0,1,0,0,51 133 134 131 132 50
2147483733,0,0,0.000946907,1,0,1,0,0,49 52 54 57 53 127 128 129 130 51 133 134 131 132 50
2147483734,0,0,1.88107e-05,1,0,1,0,0,51 133 134 131 132 50
2147483743,0,0,0.0105569,1,0,1,0,0,51 133 134 131 132 50
2147483753,0,0,0.069288,1,0,1,0,0,24 23 269 270 267 268
2147483759,0,0,2.81763,1,0,1,0,0,49 52 54 57 53 127 128 129 130 51 133 134 131 132 50
2147483760,0,0,0.350869,2,0,1,0,0,51 133 134 131 132 50
2147483764,0,0,0.330061,2,0,1,0,0,51 133 134 131 132 50
2147483770,0,0,1.17637,1,0,1,0,0,51 133 134 131 132 50
2147483772,0,0,0.16068,1,0,1,0,0,51 133 134 131 132 50
2147483773,0,0,0.144228,1,0,1,0,0,49 52 54 57 53 127 128 129 130 51 133 134 131 132 50
2147483784,0,0,0.000430313,1,0,1,0,0,5 8 253 254 251 252
2147483788,0,0,0.0234383,6,0,1,0,0,51 133 134 131 132 50
2147483791,0,0,0.428595,5,0,1,0,0,51 133 134 131 132 50
2147483801,0,0,0.000303424,1,0,1,0,0,24 23 269 270 267 268
2147483802,0,0,0.00341153,1,0,1,0,0,52 49 127 128 129 130 51 133 134 131 132 50
2147483804,0,0,5.21703e-05,1,0,1,0,0,24 23 269 270 267 268
2147483806,0,0,0.0146924,1,0,1,0,0,49 52 54 57 53 127 128 129 130 51 133 134 131 132 50
2147483807,0,0,0.0154745,2,0,1,0,0,49 52 54 57 53 127 128 129 130 51 133 134 131 132 50
2147483810,0,0,0.000484927,2,0,1,0,0,24 23 269 270 267 268
2147483818,0,0,0.0298892,1,0,1,0,0,24 23 269 270 267 268
2147483819,0,0,0.0159409,1,0,1,0,0,51 133 134 131 132 50
2147483821,0,0,0.00133162,1,0,1,0,0,52 49 127 128 129 130 51 133 134 131 132 50
2147483825,0,0,0.0103927,1,0,1,0,0,49 52 54 57 53 127 128 129 130 51 133 134 131 132 50
2147483827,0,0,0.0105082,1,0,1,0,0,49 52 54 57 53 127 128 129 130 51 133 134 131 132 50
2147483831,0,0,0.0285769,2,0,1,0,0,51 133 134 131 132 50
2147483840,0,0,0.0271502,1,0,1,0,0,49 52 54 57 53 127 128 129 130 51 133 134 131 132 50
2147483842,0,0,0.0274754,1,0,1,0,0,49 52 54 57 53 127 128 129 130 51 133 134 131 132 50
2147483846,0,0,0.0810437,2,0,1,0,0,51 133 134 131 132 50
2147483851,0,0,0.00522822,1,0,1,0,0,49 52 54 57 53 127 128 129 130 51 133 134 131 132 50
2147483853,0,0,0.00582403,1,0,1,0,0,49 52 54 57 53 127 128 129 130 51 133 134 131 132 50
2147483855,0,0,0.0151671,1,0,1,0,0,49 52 54 57 53 127 128 129 130 51 133 134 131 132 50
2147483858,0,0,0.00677761,2,0,1,0,0,49 52 54 57 53 127 128 129 130 51 133 134 131 132 50
2147483859,0,0,0.00662808,2,0,1,0,0,49 52 54 57 53 127 128 129 130 51 133 134 131 132 50
2147483861,0,0,0.000800907,8,0,1,0,0,263 22 264 265 266 24 23 269 270 267 268
2147483862,0,0,0.000959375,9,0,1,0,0,25 22 263 264 265 266 24 23 269 270 267 268
2147483868,0,0,0.0720719,4,0,1,0,0,49 52 54 57 53 127 128 129 130 51 133 134 131 132 50
2147483871,0,0,0.0014581,2,0,1,0,0,49 52 54 57 53 127 128 129 130 51 133 134 131 132 50
2147483874,0,0,0.00117746,1,0,1,0,0,49 52 54 57 53 127 128 129 130 51 133 134 131 132 50
2147483886,0,0,0.00327861,1,0,1,0,0,53 49 52 54 127 128 129 130 51 133 134 131 132 50
2147483887,0,0,0.00494821,1,0,1,0,0,24 23 269 270 267 268
2147483896,0,0,5.53355e-05,1,0,1,0,0,24 23 269 270 267 268
2147483900,0,0,0.000672536,1,0,1,0,0,49 52 54 57 53 127 128 129 130 51 133 134 131 132 50
2147483910,0,0,0.214646,4,0,1,0,0,51 133 134 131 132 50
2147483911,0,0,0.0596748,9,0,1,0,0,51 133 134 131 132 50
2147483913,0,0,0.456857,3,0,1,0,0,53 49 52 54 57 127 128 129 130 51 133 134 131 132 50
2147483917,0,0,0.491105,2,0,1,0,0,49 52 54 57 53 127 128 129 130 51 133 134 131 132 50
2147483920,0,0,0.30694,2,0,1,0,0,49 52 54 57 53 127 128 129 130 51 133 134 131 132 50
2147483932,0,0,0.0768636,1,0,1,0,0,51 133 134 131 132 50
2147483933,0,0,0.00315046,1,0,1,0,0,51 133 134 131 132 50
2147483934,0,0,0.0998754,1,0,1,0,0,51 133 134 131 132 50
2147483935,0,0,0.0270424,1,0,1,0,0,51 133 134 131 132 50
2147484014,0,0,0.0148633,2,0,1,0,0,51 133 134 131 132 50
2147484019,0,0,0.0285718,1,0,1,0,0,51 133 134 131 132 50
2147484023,0,0,0.607913,3,0,1,0,0,51 133 134 131 132 50
2147484026,0,0,0.491024,1,0,1,0,0,51 133 134 131 132 50
2147484028,0,0,1.21261,2,0,1,0,0,22 25 27 32 26 263 264 265 266 24 23 269 270 267 268
2147484029,0,0,0.496067,1,0,1,0,0,51 133 134 131 132 50
2147484030,0,0,0.7441,2,0,1,0,0,49 52 54 57 53 127 128 129 130 51 133 134 131 132 50
2147484031,0,0,0.187195,1,0,1,0,0,24 23 269 270 267 268
2147484034,0,0,0.168052,1,0,1,0,0,24 23 269 270 267 268
2147484041,0,0,4.29431,1,0,1,0,0,49 54 57 53 127 128 129 130 51 133 134 131 132 50
2147484042,0,0,4.41269,3,0,1,0,0,49 54 57 53 127 128 129 130 51 133 134 131 132 50
2147484054,0,0,0.0198639,2,0,1,0,0,51 133 134 131 132 50
2147484058,0,0,0.389751,1,0,1,0,0,51 133 134 131 132 50
2147484060,0,0,0.278511,1,0,1,0,0,51 133 134 131 132 50
2147484063,0,0,0.241563,1,0,1,0,0,51 133 134 131 132 50
2147484065,0,0,0.714416,2,0,1,0,0,49 52 54 57 53 127 128 129 130 51 133 134 131 132 50
2147484069,0,0,0.0761484,1,0,1,0,0,24 23 269 270 267 268
2147484073,0,0,0.347267,3,0,1,0,0,24 23 269 270 267 268
2147484075,0,0,2.00573,1,0,1,0,0,49 54 57 53 127 128 129 130 51 133 134 131 132 50
2147484076,0,0,1.86881,3,0,1,0,0,49 54 57 53 127 128 129 130 51 133 134 131 132 50
2147484117,0,0,0.10357,1,0,1,0,0,53 49 52 54 57 127 128 129 130 51 133 134 131 132 50
2147484121,0,0,0.0333028,1,0,1,0,0,51 133 134 131 132 50
2147484125,0,0,0.0027269,1,0,1,0,0,53 49 52 54 127 128 129 130 51 133 134 131 132 50
2147484126,0,0,0.0021907,1,0,1,0,0,27 22 25 263 264 265 266 24 23 269 270 267 268
2147484127,0,0,0.00446429,1,0,1,0,0,49 52 54 57 53 127 128 129 130 51 133 134 131 132 50
2147484134,0,0,0.00754576,3,0,1,0,0,22 25 27 32 26 263 264 265 266 24 23 269 270 267 268
2147484140,0,0,0.00161799,1,0,1,0,0,49 129 130 51 133 134 131 132 50
2147484147,0,0,inf,1,0,1,0,0,2 11 19 61 18 247 248 249 250 5 8 253 254 251 252
2147484148,0,0,1.44296,1,0,1,0,0,26 22 25 27 32 263 264 265 266 24 23 269 270 267 268
2147484150,0,0,0.159023,1,0,1,0,0,24 23 269 270 267 268
2147484152,0,0,inf,3,0,1,0,0,22 25 27 32 26 263 264 265 266 24 23 269 270 267 268
2147484153,0,0,1.4964,1,0,1,0,0,26 22 25 27 32 263 264 265 266 24 23 269 270 267 268
2147484155,0,0,inf,3,0,1,0,0,22 25 27 32 26 263 264 265 266 24 23 269 270 267 268
2147484156,0,0,1.44296,1,0,1,0,0,53 49 52 54 57 127 128 129 130 51 133 134 131 132 50
2147484159,0,0,2.2446,1,0,1,0,0,22 25 27 32 26 263 264 265 266 24 23 269 270 267 268
2147484161,0,0,inf,1,0,1,0,0,22 25 27 32 26 263 264 265 266 24 23 269 270 267 268
2147484164,0,0,1.15749,2,0,1,0,0,49 54 57 53 127 128 129 130 51 133 134 131 132 50
2147484172,0,0,inf,1,0,1,0,0,22 25 27 32 26 263 264 265 266 24 23 269 270 267 268
2147484173,0,0,inf,1,0,1,0,0,2 11 19 61 18 247 248 249 250 5 8 253 254 251 252
2147484174,0,0,0.00233709,1,0,1,0,0,53 49 52 54 57 127 128 129 130 51 133 134 131 132 50
2147484175,0,0,0.00427966,1,0,1,0,0,53 49 52 54 127 128 129 130 51 133 134 131 132 50
2147484177,0,0,inf,1,0,1,0,0,49 52 54 57 53 127 128 129 130 51 133 134 131 132 50
2147484179,0,0,0.0087069,2,0,1,0,0,53 49 52 54 57 127 128 129 130 51 133 134 131 132 50
2147484180,0,0,inf,1,0,1,0,0,49 52 54 57 53 127 128 129 130 51 133 134 131 132 50
2147484181,0,0,inf,1,0,1,0,0,22 25 27 32 26 263 264 265 266 24 23 269 270 267 268
2147484182,0,0,0.00669643,1,0,1,0,0,49 52 54 57 53 127 128 129 130 51 133 134 131 132 50
2147484183,0,0,inf,1,0,1,0,0,49 52 54 57 53 127 128 129 130 51 133 134 131 132 50
2147484185,0,0,0.138897,1,0,1,0,0,49 52 54 57 53 127 128 129 130 51 133 134 131 132 50
2147484186,0,0,inf,1,0,1,0,0,49 52 54 57 53 127 128 129 130 51 133 134 131 132 50
2147484189,0,0,inf,2,0,1,0,0,22 25 27 32 26 263 264 265 266 24 23 269 270 267 268
2147484192,0,0,inf,2,0,1,0,0,22 25 27 32 26 263 264 265 266 24 23 269 270 267 268
2147484196,0,0,6.92013,1,0,1,0,0,49 52 54 57 53 127 128 129 130 51 133 134 131 132 50
2147484199,0,0,inf,1,0,1,0,0,49 52 54 57 53 127 128 129 130 51 133 134 131 132 50
2147484200,0,0,25.3645,1,0,1,0,0,51 133 134 131 132 50
2147484204,0,0,21.1371,1,0,1,0,0,49 57 52 54 127 128 129 130 51 133 134 131 132 50
2147484206,0,0,inf,2,0,1,0,0,22 25 27 32 26 263 264 265 266 24 23 269 270 267 268
2147484210,0,0,0.37784,1,0,1,0,0,53 49 52 54 127 128 129 130 51 133 134 131 132 50
2147484232,0,0,0.323283,1,0,1,0,0,49 52 54 57 53 127 128 129 130 51 133 134 131 132 50
2147484233,0,0,inf,1,0,1,0,0,49 52 54 57 53 127 128 129 130 51 133 134 131 132 50
2147484234,0,0,0.314854,1,0,1,0,0,57 49 52 54 127 128 129 130 51 133 134 131 132 50
2147484235,0,0,inf,1,0,1,0,0,22 25 27 32 26 263 264 265 266 24 23 269 270 267 268
2147484236,0,0,inf,1,0,1,0,0,49 52 54 57 53 127 128 129 130 51 133 134 131 132 50
2147484237,0,0,0.183665,1,0,1,0,0,52 49 127 128 129 130 51 133 134 131 132 50
2147484240,0,0,0.204072,1,0,1,0,0,49 52 54 57 53 127 128 129 130 51 133 134 131 132 50
2147484241,0,0,inf,1,0,1,0,0,49 52 54 57 53 127 128 129 130 51 133 134 131 132 50
2147484247,0,0,0.0808206,1,0,1,0,0,49 52 54 57 53 127 128 129 130 51 133 134 131 132 50
2147484248,0,0,0.0117623,2,0,1,0,0,51 133 134 131 132 50
2147484249,0,0,inf,1,0,1,0,0,49 52 54 57 53 127 128 129 130 51 133 134 131 132 50
2147484252,0,0,inf,1,0,1,0,0,22 25 27 32 26 263 264 265 266 24 23 269 270 267 268
2147484255,0,0,inf,1,0,1,0,0,22 25 27 32 26 263 264 265 266 24 23 269 270 267 268
2147484258,0,0,inf,1,0,1,0,0,22 25 27 32 26 263 264 265 266 24 23 269 270 267 268
2147484261,0,0,inf,1,0,1,0,0,22 25 27 32 26 263 264 265 266 24 23 269 270 267 268
2147484264,0,0,inf,1,0,1,0,0,22 25 27 32 26 263 264 265 266 24 23 269 270 267 268
2147484267,0,0,inf,1,0,1,0,0,22 25 27 32 26 263 264 265 266 24 23 269 270 267 268
2147484270,0,0,inf,1,0,1,0,0,22 25 27 32 26 263 264 265 266 24 23 269 270 267 268
2147484273,0,0,inf,1,0,1,0,0,22 25 27 32 26 263 264 265 266 24 23 269 270 267 268
2147484276,0,0,inf,1,0,1,0,0,22 25 27 32 26 263 264 265 266 24 23 269 270 267 268
2147484279,0,0,inf,1,0,1,0,0,22 25 27 32 26 263 264 265 266 24 23 269 270 267 268
2147484283,0,0,inf,1,0,1,0,0,49 52 54 57 53 127 128 129 130 51 133 134 131 132 50
2147484291,0,0,inf,1,0,1,0,0,2 11 19 61 18 247 248 249 250 5 8 253 254 251 252
2147484293,0,0,0.00542759,1,0,1,0,0,49 54 52 127 128 129 130 51 133 134 131 132 50
2147484297,0,0,inf,1,0,1,0,0,49 52 54 57 53 127 128 129 130 51 133 134 131 132 50
2147484302,0,0,inf,1,0,1,0,0,49 52 54 57 53 127 128 129 130 51 133 134 131 132 50
2147484303,0,0,inf,1,0,1,0,0,49 52 54 57 53 127 128 129 130 51 133 134 131 132 50
2147484304,0,0,inf,1,0,1,0,0,49 52 54 57 53 127 128 129 130 51 133 134 131 132 50
2147484307,0,0,0.0129561,1,0,1,0,0,53 49 52 54 57 127 128 129 130 51 133 134 131 132 50
2147484309,0,0,inf,1,0,1,0,0,2 11 19 61 18 247 248 249 250 5 8 253 254 251 252
2147484310,0,0,inf,1,0,1,0,0,49 52 54 57 53 127 128 129 130 51 133 134 131 132 50
2147484312,0,0,0.00303525,1,0,1,0,0,53 49 52 54 57 127 128 129 130 51 133 134 131 132 50
2147484313,0,0,inf,1,0,1,0,0,22 25 27 32 26 263 264 265 266 24 23 269 270 267 268
2147484316,0,0,0.0125853,1,0,1,0,0,49 52 54 57 53 127 128 129 130 51 133 134 131 132 50
2147484319,0,0,inf,1,0,1,0,0,49 52 54 57 53 127 128 129 130 51 133 134 131 132 50
2147484320,0,0,0.0461335,1,0,1,0,0,51 133 134 131 132 50
2147484324,0,0,0.0384445,1,0,1,0,0,49 57 52 54 127 128 129 130 51 133 134 131 132 50
2147484326,0,0,0.0233429,1,0,1,0,0,49 52 54 57 53 127 128 129 130 51 133 134 131 132 50
2147484327,0,0,inf,1,0,1,0,0,49 52 54 57 53 127 128 129 130 51 133 134 131 132 50
2147484328,0,0,0.0272334,1,0,1,0,0,51 133 134 131 132 50
2147484329,0,0,0.0220046,1,0,1,0,0,52 49 127 128 129 130 51 133 134 131 132 50
2147484332,0,0,0.0244496,1,0,1,0,0,49 52 54 57 53 127 128 129 130 51 133 134 131 132 50
2147484333,0,0,inf,1,0,1,0,0,49 52 54 57 53 127 128 129 130 51 133 134 131 132 50
2147484334,0,0,inf,1,0,1,0,0,49 52 54 57 53 127 128 129 130 51 133 134 131 132 50
2147484335,0,0,inf,1,0,1,0,0,49 52 54 57 53 127 128 129 130 51 133 134 131 132 50
2147484336,0,0,inf,1,0,1,0,0,49 52 54 57 53 127 128 129 130 51 133 134 131 132 50
2147484338,0,0,0.0122248,1,0,1,0,0,53 49 52 54 57 127 128 129 130 51 133 134 131 132 50
2147484340,0,0,inf,1,0,1,0,0,2 11 19 61 18 247 248 249 250 5 8 253 254 251 252
2147484341,0,0,0.00363977,1,0,1,0,0,51 133 134 131 132 50
2147484348,0,0,0.00817003,1,0,1,0,0,49 52 54 57 53 127 128 129 130 51 133 134 131 132 50
2147484349,0,0,inf,1,0,1,0,0,49 52 54 57 53 127 128 129 130 51 133 134 131 132 50
2147484351,0,0,inf,2,0,1,0,0,49 52 54 57 53 127 128 129 130 51 133 134 131 132 50
2147484356,0,0,inf,1,0,1,0,0,22 25 27 32 26 263 264 265 266 24 23 269 270 267 268
2147484357,0,0,0.00143123,1,0,1,0,0,53 49 52 54 57 127 128 129 130 51 133 134 131 132 50
2147484358,0,0,0.00133252,1,0,1,0,0,49 54 52 127 128 129 130 51 133 134 131 132 50
2147484361,0,0,0.0160162,1,0,1,0,0,49 52 54 57 53 127 128 129 130 51 133 134 131 132 50
2147484362,0,0,0.00861432,1,0,1,0,0,51 133 134 131 132 50
2147484363,0,0,inf,1,0,1,0,0,49 52 54 57 53 127 128 129 130 51 133 134 131 132 50
2147484364,0,0,0.00545874,1,0,1,0,0,52 49 127 128 129 130 51 133 134 131 132 50
2147484367,0,0,0.00606526,1,0,1,0,0,49 52 54 57 53 127 128 129 130 51 133 134 131 132 50
2147484368,0,0,inf,1,0,1,0,0,49 52 54 57 53 127 128 129 130 51 133 134 131 132 50
2147484369,0,0,0.0192189,1,0,1,0,0,3 13 21 59 16 271 272 273 274 9 6 277 278 275 276
2147484374,0,0,inf,1,0,1,0,0,49 52 54 57 53 127 128 129 130 51 133 134 131 132 50
2147484378,0,0,0.0308884,1,0,1,0,0,49 52 54 57 53 127 128 129 130 51 133 134 131 132 50
2147484380,0,0,0.0138602,1,0,1,0,0,49 52 54 57 53 127 128 129 130 51 133 134 131 132 50
2147484381,0,0,inf,1,0,1,0,245,49 52 54 57 53 127 128 129 130 51 133 134 131 132 50
2147484383,0,0,0.0262969,2,0,1,0,0,49 52 54 57 53 127 128 129 130 51 133 134 131 132 50
2147484384,0,0,0.0204531,2,0,1,0,0,22 25 27 32 26 263 264 265 266 24 23 269 270 267 268
2147484385,0,0,inf,1,0,1,0,0,49 52 54 57 53 127 128 129 130 51 133 134 131 132 50
2147484388,0,0,inf,1,0,1,0,0,22 25 27 32 26 263 264 265 266 24 23 269 270 267 268
2147484389,0,0,inf,1,0,1,0,0,22 25 27 32 26 263 264 265 266 24 23 269 270 267 268
2147484393,0,0,0.00154817,1,0,1,0,0,53 49 52 54 57 127 128 129 130 51 133 134 131 132 50
2147484394,0,0,inf,1,0,1,0,0,22 25 27 32 26 263 264 265 266 24 23 269 270 267 268
2147484395,0,0,inf,1,0,1,0,0,49 52 54 57 53 127 128 129 130 51 133 134 131 132 50
2147484400,0,0,inf,1,0,1,0,0,49 52 54 57 53 127 128 129 130 51 133 134 131 132 50
2147484401,0,0,inf,1,0,1,0,64,49 52 54 57 53 127 128 129 130 51 133 134 131 132 50
2147484403,0,0,inf,1,0,1,0,0,49 52 54 57 53 127 128 129 130 51 133 134 131 132 50
2147484404,0,0,inf,1,0,1,0,240,49 52 54 57 53 127 128 129 130 51 133 134 131 132 50
2147484408,0,0,inf,2,0,1,0,0,22 25 27 32 26 263 264 265 266 24 23 269 270 267 268
2147484419,0,0,0.00264402,1,0,1,0,0,49 52 54 57 53 127 128 129 130 51 133 134 131 132 50
2147484420,0,0,inf,1,0,1,0,247,49 52 54 57 53 127 128 129 130 51 133 134 131 132 50
2147484422,0,0,inf,2,0,1,0,0,49 52 54 57 53 127 128 129 130 51 133 134 131 132 50
2147484425,0,0,inf,1,0,1,0,0,49 52 54 57 53 127 128 129 130 51 133 134 131 132 50
2147484426,0,0,inf,1,0,1,0,247,49 52 54 57 53 127 128 129 130 51 133 134 131 132 50
2147484427,0,0,inf,1,0,1,0,0,49 52 54 57 53 127 128 129 130 51 133 134 131 132 50
2147484431,0,0,0.00073445,1,0,1,0,0,49 52 54 57 53 127 128 129 130 51 133 134 131 132 50
2147484432,0,0,0.000353564,1,0,1,0,0,51 133 134 131 132 50
2147484434,0,0,0.000370025,1,0,1,0,0,53 49 52 54 57 127 128 129 130 51 133 134 131 132 50
2147484438,0,0,inf,1,0,1,0,0,49 52 54 57 53 127 128 129 130 51 133 134 131 132 50
2147484439,0,0,0.000137887,1,0,1,0,247,53 49 52 54 57 127 128 129 130 51 133 134 131 132 50
2147484440,0,0,inf,1,0,1,0,0,22 25 27 32 26 263 264 265 266 24 23 269 270 267 268
2147484441,0,0,inf,1,0,1,0,0,49 52 54 57 53 127 128 129 130 51 133 134 131 132 50
2147484443,0,0,inf,1,0,1,0,247,49 52 54 57 53 127 128 129 130 51 133 134 131 132 50
2147484444,0,0,inf,1,0,1,0,0,22 25 27 32 26 263 264 265 266 24 23 269 270 267 268
2147484446,0,0,0.000610332,3,0,1,0,0,22 25 27 32 26 263 264 265 266 24 23 269 270 267 268
2147484450,0,0,0.000159891,1,0,1,0,0,57 49 52 54 127 128 129 130 51 133 134 131 132 50
2147484451,0,0,inf,1,0,1,0,0,22 25 27 32 26 263 264 265 266 24 23 269 270 267 268
2147484452,0,0,5.87694e-05,1,0,1,0,0,24 23 269 270 267 268
2147484453,0,0,inf,2,0,1,0,0,22 25 27 32 26 263 264 265 266 24 23 269 270 267 268
2147484456,0,0,1.95003e-05,1,0,1,0,0,49 54 52 127 128 129 130 51 133 134 131 132 50
2147484458,0,0,inf,1,0,1,0,0,49 52 54 57 53 127 128 129 130 51 133 134 131 132 50
2147484462,0,0,1.22178e-05,1,0,1,0,0,49 52 54 57 53 127 128 129 130 51 133 134 131 132 50
2147484463,0,0,inf,1,0,1,0,0,49 52 54 57 53 127 128 129 130 51 133 134 131 132 50
2147484467,0,0,inf,1,0,1,0,0,49 52 54 57 53 127 128 129 130 51 133 134 131 132 50
2147484469,0,0,0.0868094,1,0,1,0,0,49 52 54 57 53 127 128 129 130 51 133 134 131 132 50
2147484470,0,0,0.057873,1,0,1,0,0,49 52 54 57 53 127 128 129 130 51 133 134 131 132 50
2147484472,0,0,inf,1,0,1,0,0,22 25 27 32 26 263 264 265 266 24 23 269 270 267 268
2147484478,0,0,inf,1,0,1,0,0,49 52 54 57 53 127 128 129 130 51 133 134 131 132 50
2147484480,0,0,inf,2,0,1,0,0,22 25 27 32 26 263 264 265 266 24 23 269 270 267 268
2147484482,0,0,3.87513,1,0,1,0,0,53 49 52 54 57 127 128 129 130 51 133 134 131 132 50
2147484483,0,0,3.87513,1,0,1,0,0,57 49 52 54 127 128 129 130 51 133 134 131 132 50
2147484484,0,0,inf,1,0,1,0,0,22 25 27 32 26 263 264 265 266 24 23 269 270 267 268
2147484485,0,0,inf,1,0,1,0,0,49 52 54 57 53 127 128 129 130 51 133 134 131 132 50
2147484486,0,0,0.594558,2,0,1,0,0,51 133 134 131 132 50
2147484494,0,0,inf,1,0,1,0,0,49 52 54 57 53 127 128 129 130 51 133 134 131 132 50
2147484496,0,0,inf,1,0,1,0,0,2 11 19 61 18 247 248 249 250 5 8 253 254 251 252
2147484497,0,0,0.294334,1,0,1,0,0,53 49 52 54 57 127 128 129 130 51 133 134 131 132 50
2147484498,0,0,inf,1,0,1,0,0,22 25 27 32 26 263 264 265 266 24 23 269 270 267 268
2147484499,0,0,inf,1,0,1,0,0,49 52 54 57 53 127 128 129 130 51 133 134 131 132 50
2147484500,0,0,0.099338,1,0,1,0,247,53 49 52 54 57 127 128 129 130 51 133 134 131 132 50
2147484501,0,0,inf,1,0,1,0,0,49 52 54 57 53 127 128 129 130 51 133 134 131 132 50
2147484503,0,0,inf,1,0,1,0,0,49 52 54 57 53 127 128 129 130 51 133 134 131 132 50
2147484504,0,0,0.106434,1,0,1,0,247,57 49 52 54 127 128 129 130 51 133 134 131 132 50
2147484505,0,0,inf,1,0,1,0,0,22 25 27 32 26 263 264 265 266 24 23 269 270 267 268
2147484507,0,0,inf,2,0,1,0,0,22 25 27 32 26 263 264 265 266 24 23 269 270 267 268
2147484511,0,0,inf,1,0,1,0,0,49 52 54 57 53 127 128 129 130 51 133 134 131 132 50
2147484512,0,0,0.0614704,1,0,1,0,0,49 52 54 57 53 127 128 129 130 51 133 134 131 132 50
2147484513,0,0,inf,1,0,1,0,0,49 52 54 57 53 127 128 129 130 51 133 134 131 132 50
2147484515,0,0,inf,2,0,1,0,247,49 52 54 57 53 127 128 129 130 51 133 134 131 132 50
2147484517,0,0,0.0987917,1,0,1,0,0,49 52 54 57 53 127 128 129 130 51 133 134 131 132 50
2147484519,0,0,inf,1,0,1,0,0,49 52 54 57 53 127 128 129 130 51 133 134 131 132 50
2147484520,0,0,inf,1,0,1,0,0,49 52 54 57 53 127 128 129 130 51 133 134 131 132 50
2147484521,0,0,inf,1,0,1,0,0,49 52 54 57 53 127 128 129 130 51 133 134 131 132 50
2147484523,0,0,inf,1,0,1,0,0,49 52 54 57 53 127 128 129 130 51 133 134 131 132 50
2147484525,0,0,0.140843,1,0,1,0,0,53 49 52 54 57 127 128 129 130 51 133 134 131 132 50
2147484527,0,0,inf,1,0,1,0,0,49 52 54 57 53 127 128 129 130 51 133 134 131 132 50
2147484529,0,0,inf,1,0,1,0,0,22 25 27 32 26 263 264 265 266 24 23 269 270 267 268
2147484531,0,0,inf,1,0,1,0,0,49 52 54 57 53 127 128 129 130 51 133 134 131 132 50
2147484533,0,0,inf,1,0,1,0,0,49 52 54 57 53 127 128 129 130 51 133 134 131 132 50
2147484534,0,0,0.121455,1,0,1,0,0,22 25 27 32 26 263 264 265 266 24 23 269 270 267 268
2147484535,0,0,0.125504,1,0,1,0,0,49 52 54 57 53 127 128 129 130 51 133 134 131 132 50
2147484536,0,0,inf,1,0,1,0,0,49 52 54 57 53 127 128 129 130 51 133 134 131 132 50
2147484538,0,0,0.418346,2,0,1,0,0,49 52 54 57 53 127 128 129 130 51 133 134 131 132 50
2147484539,0,0,inf,1,0,1,0,240,49 52 54 57 53 127 128 129 130 51 133 134 131 132 50
2147484540,0,0,inf,1,0,1,0,0,49 52 54 57 53 127 128 129 130 51 133 134 131 132 50
2147484541,0,0,inf,1,0,1,0,0,49 52 54 57 53 127 128 129 130 51 133 134 131 132 50
2147484542,0,0,inf,1,0,1,0,247,49 52 54 57 53 127 128 129 130 51 133 134 131 132 50
2147484544,0,0,inf,1,0,1,0,0,49 52 54 57 53 127 128 129 130 51 133 134 131 132 50
2147484549,0,0,0.140843,1,0,1,0,0,49 52 54 57 53 127 128 129 130 51 133 134 131 132 50
2147484550,0,0,inf,1,0,1,0,0,49 52 54 57 53 127 128 129 130 51 133 134 131 132 50
2147484552,0,0,inf,1,0,1,0,0,49 52 54 57 53 127 128 129 130 51 133 134 131 132 50
2147484553,0,0,inf,1,0,1,0,0,49 52 54 57 53 127 128 129 130 51 133 134 131 132 50
2147484558,0,0,0.0325541,1,0,1,0,0,49 52 54 57 53 127 128 129 130 51 133 134 131 132 50
2147484559,0,0,inf,1,0,1,0,0,49 52 54 57 53 127 128 129 130 51 133 134 131 132 50
2147484560,0,0,inf,1,0,1,0,0,49 52 54 57 53 127 128 129 130 51 133 134 131 132 50
2147484561,0,0,inf,1,0,1,0,0,49 52 54 57 53 127 128 129 130 51 133 134 131 132 50
2147484562,0,0,inf,1,0,1,0,0,49 52 54 57 53 127 128 129 130 51 133 134 131 132 50
2147484563,0,0,0.036533,1,0,1,0,0,53 49 52 54 57 127 128 129 130 51 133 134 131 132 50
2147484566,0,0,0.0325541,1,0,1,0,0,49 52 54 57 53 127 128 129 130 51 133 134 131 132 50
2147484567,0,0,inf,1,0,1,0,0,49 52 54 57 53 127 128 129 130 51 133 134 131 132 50
2147484568,0,0,inf,1,0,1,0,0,49 52 54 57 53 127 128 129 130 51 133 134 131 132 50
2147484569,0,0,inf,1,0,1,0,0,49 52 54 57 53 127 128 129 130 51 133 134 131 132 50
2147484570,0,0,inf,1,0,1,0,0,49 52 54 57 53 127 128 129 130 51 133 134 131 132 50
2147484571,0,0,0.036533,1,0,1,0,0,53 49 52 54 57 127 128 129 130 51 133 134 131 132 50
2147484574,0,0,0.0325541,1,0,1,0,0,49 52 54 57 53 127 128 129 130 51 133 134 131 132 50
2147484575,0,0,inf,1,0,1,0,0,49 52 54 57 53 127 128 129 130 51 133 134 131 132 50
2147484576,0,0,inf,1,0,1,0,0,49 52 54 57 53 127 128 129 130 51 133 134 131 132 50
2147484577,0,0,inf,1,0,1,0,0,49 52 54 57 53 127 128 129 130 51 133 134 131 132 50
2147484578,0,0,inf,1,0,1,0,0,49 52 54 57 53 127 128 129 130 51 133 134 131 132 50
2147484579,0,0,0.036533,1,0,1,0,0,53 49 52 54 57 127 128 129 130 51 133 134 131 132 50
2147484582,0,0,0.0325541,1,0,1,0,0,49 52 54 57 53 127 128 129 130 51 133 134 131 132 50
2147484583,0,0,inf,1,0,1,0,0,49 52 54 57 53 127 128 129 130 51 133 134 131 132 50
2147484584,0,0,inf,1,0,1,0,0,49 52 54 57 53 127 128 129 130 51 133 134 131 132 50
2147484585,0,0,inf,1,0,1,0,0,49 52 54 57 53 127 128 129 130 51 133 134 131 132 50
2147484586,0,0,inf,1,0,1,0,0,49 52 54 57 53 127 128 129 130 51 133 134 131 132 50
2147484587,0,0,0.036533,1,0,1,0,0,53 49 52 54 57 127 128 129 130 51 133 134 131 132 50
2147484589,0,0,inf,1,0,1,0,0,49 52 54 57 53 127 128 129 130 51 133 134 131 132 50
2147484590,0,0,inf,1,0,1,0,0,49 52 54 57 53 127 128 129 130 51 133 134 131 132 50
2147484595,0,0,inf,1,0,1,0,0,49 52 54 57 53 127 128 129 130 51 133 134 131 132 50
2147484596,0,0,0.0124947,1,0,1,0,0,51 133 134 131 132 50
2147484600,0,0,0.0114149,1,0,1,0,0,49 52 54 57 53 127 128 129 130 51 133 134 131 132 50
2147484601,0,0,inf,1,0,1,0,0,49 52 54 57 53 127 128 129 130 51 133 134 131 132 50
2147484602,0,0,inf,1,0,1,0,0,49 52 54 57 53 127 128 129 130 51 133 134 131 132 50
2147484605,0,0,0.00467593,1,0,1,0,0,53 49 52 54 57 127 128 129 130 51 133 134 131 132 50
2147484607,0,0,0.0056349,1,0,1,0,0,22 25 27 32 26 263 264 265 266 24 23 269 270 267 268
2147484608,0,0,0.0029218,1,0,1,0,0,53 49 52 54 57 127 128 129 130 51 133 134 131 132 50
2147484609,0,0,0.00394443,1,0,1,0,0,49 53 52 54 57 127 128 129 130 51 133 134 131 132 50
2147484610,0,0,0.00262962,1,0,1,0,0,54 49 52 127 128 129 130 51 133 134 131 132 50
2147484614,0,0,0.00544059,2,0,1,0,0,53 49 52 54 57 127 128 129 130 51 133 134 131 132 50
2147484615,0,0,0.00381719,1,0,1,0,0,49 53 52 54 57 127 128 129 130 51 133 134 131 132 50
2147484617,0,0,0.00508959,2,0,1,0,0,54 49 52 127 128 129 130 51 133 134 131 132 50
2147484623,0,0,0.1455,11,0,1,0,0,51 133 134 131 132 50
2147484624,0,0,inf,1,0,1,0,0,49 52 54 57 53 127 128 129 130 51 133 134 131 132 50
2147484629,0,0,0.935252,1,0,1,0,0,53 49 52 54 57 127 128 129 130 51 133 134 131 132 50
2147484633,0,0,1.10477,2,0,1,0,0,49 52 54 57 53 127 128 129 130 51 133 134 131 132 50
2147484635,0,0,inf,1,0,1,0,0,22 25 27 32 26 263 264 265 266 24 23 269 270 267 268
2147484637,0,0,inf,1,0,1,0,0,49 52 54 57 53 127 128 129 130 51 133 134 131 132 50
2147484640,0,0,inf,1,0,1,0,0,2 11 19 61 18 247 248 249 250 5 8 253 254 251 252
2147484642,0,0,inf,1,0,1,0,0,22 25 27 32 26 263 264 265 266 24 23 269 270 267 268
2147484646,0,0,inf,1,0,1,0,0,22 25 27 32 26 263 264 265 266 24 23 269 270 267 268
2147484649,0,0,0.0728308,1,0,1,0,0,2 11 19 61 18 247 248 249 250 5 8 253 254 251 252
2147484651,0,0,0.0828764,1,0,1,0,0,2 11 19 61 18 247 248 249 250 5 8 253 254 251 252
2147484655,0,0,inf,3,0,1,0,0,2 11 19 61 18 247 248 249 250 5 8 253 254 251 252
2147484657,0,0,0.00343284,1,0,1,0,0,24 23 269 270 267 268
2147484659,0,0,inf,1,0,1,0,0,49 52 54 57 53 127 128 129 130 51 133 134 131 132 50
2147484660,0,0,inf,1,0,1,0,0,49 52 54 57 53 127 128 129 130 51 133 134 131 132 50
2147484661,0,0,inf,1,0,1,0,0,49 52 54 57 53 127 128 129 130 51 133 134 131 132 50
2147484664,0,0,0.0014609,1,0,1,0,247,49 53 52 54 57 127 128 129 130 51 133 134 131 132 50
2147484670,0,0,inf,1,0,1,0,0,49 52 54 57 53 127 128 129 130 51 133 134 131 132 50
2147484675,0,0,0.00390625,1,0,1,0,0,2 11 19 61 18 247 248 249 250 5 8 253 254 251 252
2147484677,0,0,inf,2,0,1,0,0,22 25 27 32 26 263 264 265 266 24 23 269 270 267 268
2147484680,0,0,inf,2,0,1,0,0,2 11 19 61 18 247 248 249 250 5 8 253 254 251 252
2147484681,0,0,0.00467593,1,0,1,0,0,26 22 25 27 32 263 264 265 266 24 23 269 270 267 268
2147484682,0,0,0.00218019,1,0,1,0,0,5 8 253 254 251 252
2147484688,0,0,inf,1,0,1,0,0,49 52 54 57 53 127 128 129 130 51 133 134 131 132 50
2147484692,0,0,inf,1,0,1,0,0,26 22 25 27 32 263 264 265 266 24 23 269 270 267 268
2147484693,0,0,inf,1,0,1,0,0,22 25 27 32 26 263 264 265 266 24 23 269 270 267 268
2147484694,0,0,0.00872395,1,0,1,0,0,24 23 269 270 267 268
2147484700,0,0,0.004232,1,0,1,0,0,24 23 269 270 267 268
2147484702,0,0,inf,1,0,1,0,0,49 52 54 57 53 127 128 129 130 51 133 134 131 132 50
2147484703,0,0,inf,1,0,1,0,0,49 52 54 57 53 127 128 129 130 51 133 134 131 132 50
2147484704,0,0,0.0207651,1,0,1,0,0,24 23 269 270 267 268
2147484705,0,0,0.0232081,1,0,1,0,0,24 23 269 270 267 268
2147484706,0,0,0.0263025,1,0,1,0,0,22 25 263 264 265 266 24 23 269 270 267 268
2147484709,0,0,inf,1,0,1,0,0,22 25 27 32 26 263 264 265 266 24 23 269 270 267 268
2147484711,0,0,inf,1,0,1,0,0,49 52 54 57 53 127 128 129 130 51 133 134 131 132 50
2147484712,0,0,0.0101163,1,0,1,0,0,51 133 134 131 132 50
2147484713,0,0,inf,1,0,1,0,0,22 25 27 32 26 263 264 265 266 24 23 269 270 267 268
2147484715,0,0,inf,1,0,1,0,0,49 52 54 57 53 127 128 129 130 51 133 134 131 132 50
2147484716,0,0,0.0123293,1,0,1,0,0,127 49 128 129 130 51 133 134 131 132 50
2147484729,0,0,inf,1,0,1,0,0,49 52 54 57 53 127 128 129 130 51 133 134 131 132 50
2147484733,0,0,inf,2,0,1,0,0,22 25 27 32 26 263 264 265 266 24 23 269 270 267 268
2147484735,0,0,inf,1,0,1,0,0,22 25 27 32 26 263 264 265 266 24 23 269 270 267 268
2147484736,0,0,0.000826896,3,0,1,0,0,22 25 27 32 26 263 264 265 266 24 23 269 270 267 268
2147484741,0,0,0.0013069,2,0,1,0,0,22 25 27 32 26 263 264 265 266 24 23 269 270 267 268
2147484743,0,0,inf,2,0,1,0,0,22 25 27 32 26 263 264 265 266 24 23 269 270 267 268
2147484747,0,0,0.00182569,1,0,1,0,0,26 22 25 27 32 263 264 265 266 24 23 269 270 267 268
2147484753,0,0,0.00390538,2,0,1,0,0,22 25 27 32 26 263 264 265 266 24 23 269 270 267 268
2147484757,0,0,inf,1,0,1,0,0,49 52 54 57 53 127 128 129 130 51 133 134 131 132 50
2147484758,0,0,0.0025196,1,0,1,0,0,49 52 54 57 53 127 128 129 130 51 133 134 131 132 50
2147484760,0,0,0.00538672,2,0,1,0,0,22 25 27 32 26 263 264 265 266 24 23 269 270 267 268
2147484762,0,0,inf,1,0,1,0,0,49 52 54 57 53 127 128 129 130 51 133 134 131 132 50
2147484765,0,0,0.00105225,1,0,1,0,0,49 52 54 57 53 127 128 129 130 51 133 134 131 132 50
2147484766,0,0,inf,1,0,1,0,0,49 52 54 57 53 127 128 129 130 51 133 134 131 132 50
2147484772,0,0,0.0639853,4,0,1,0,0,49 52 54 57 53 127 128 129 130 51 133 134 131 132 50
2147484782,0,0,inf,1,0,1,0,0,49 52 54 57 53 127 128 129 130 51 133 134 131 132 50
2147484783,0,0,inf,1,0,1,0,0,49 52 54 57 53 127 128 129 130 51 133 134 131 132 50
2147484784,0,0,inf,1,0,1,0,0,49 52 54 57 53 127 128 129 130 51 133 134 131 132 50
2147484787,0,0,0.00170544,1,0,1,0,0,264 22 265 266 24 23 269 270 267 268
2147484795,0,0,0.00200322,1,0,1,0,0,53 49 52 54 127 128 129 130 51 133 134 131 132 50
2147484796,0,0,0.00203553,1,0,1,0,0,27 22 25 263 264 265 266 24 23 269 270 267 268
2147484797,0,0,0.00203553,1,0,1,0,0,25 22 263 264 265 266 24 23 269 270 267 268
2147484800,0,0,0.00407258,1,0,1,0,0,51 133 134 131 132 50
2147484801,0,0,0.00450893,1,0,1,0,0,22 32 25 27 263 264 265 266 24 23 269 270 267 268
2147484804,0,0,0.00390538,1,0,1,0,0,22 25 27 32 26 263 264 265 266 24 23 269 270 267 268
2147484806,0,0,0.00520717,2,0,1,0,0,22 25 27 32 26 263 264 265 266 24 23 269 270 267 268
2147484809,0,0,0.00862069,1,0,1,0,0,49 52 54 57 53 127 128 129 130 51 133 134 131 132 50
2147484811,0,0,0.00511824,1,0,1,0,0,51 133 134 131 132 50
2147484813,0,0,0.00814516,2,0,1,0,0,54 49 52 127 128 129 130 51 133 134 131 132 50
2147484817,0,0,0.00375677,4,0,1,0,0,24 23 269 270 267 268
2147484820,0,0,0.00136015,1,0,1,0,0,53 49 52 54 57 127 128 129 130 51 133 134 131 132 50
2147484821,0,0,0.00162724,1,0,1,0,0,51 133 134 131 132 50
2147484822,0,0,0.00140872,1,0,1,0,0,57 49 52 54 127 128 129 130 51 133 134 131 132 50
2147484823,0,0,0.00133226,2,0,1,0,0,49 52 54 57 53 127 128 129 130 51 133 134 131 132 50
2147484827,0,0,0.0104159,1,0,1,0,0,49 52 54 57 53 127 128 129 130 51 133 134 131 132 50
2147484828,0,0,inf,1,0,1,0,0,22 25 27 32 26 263 264 265 266 24 23 269 270 267 268
2147484829,0,0,inf,1,0,1,0,0,49 52 54 57 53 127 128 129 130 51 133 134 131 132 50
2147484834,0,0,inf,1,0,1,0,0,49 52 54 57 53 127 128 129 130 51 133 134 131 132 50
2147484839,0,0,inf,2,0,1,0,0,22 25 27 32 26 263 264 265 266 24 23 269 270 267 268
2147484849,0,0,0.105939,1,0,1,0,0,49 52 54 57 53 127 128 129 130 51 133 134 131 132 50
2147484855,0,0,0.0662118,1,0,1,0,0,49 52 54 57 53 127 128 129 130 51 133 134 131 132 50
2147484862,0,0,0.119715,1,0,1,0,0,49 52 54 57 53 127 128 129 130 51 133 134 131 132 50
2147484865,0,0,0.359146,3,0,1,0,0,49 52 54 57 53 127 128 129 130 51 133 134 131 132 50
2147484866,0,0,0.191958,1,0,1,0,0,49 52 54 57 53 127 128 129 130 51 133 134 131 132 50
2147484867,0,0,0.198813,1,0,1,0,0,49 52 54 57 53 127 128 129 130 51 133 134 131 132 50
2147484868,0,0,inf,1,0,1,0,0,49 52 54 57 53 127 128 129 130 51 133 134 131 132 50
2147484869,0,0,inf,1,0,1,0,0,49 52 54 57 53 127 128 129 130 51 133 134 131 132 50
2147484872,0,0,inf,2,0,1,0,0,49 52 54 57 53 127 128 129 130 51 133 134 131 132 50
2147484873,0,0,0.0029218,1,0,1,0,0,53 49 52 54 57 127 128 129 130 51 133 134 131 132 50
2147484874,0,0,0.00358584,1,0,1,0,0,49 53 52 54 57 127 128 129 130 51 133 134 131 132 50
2147484876,0,0,inf,2,0,1,0,0,49 52 54 57 53 127 128 129 130 51 133 134 131 132 50
2147484877,0,0,0.00262962,1,0,1,0,0,54 49 52 127 128 129 130 51 133 134 131 132 50
2147484888,0,0,0.00427966,1,0,1,0,0,53 49 52 54 127 128 129 130 51 133 134 131 132 50
2147484892,0,0,0.0087069,2,0,1,0,0,53 49 52 54 57 127 128 129 130 51 133 134 131 132 50
2147484894,0,0,inf,1,0,1,0,0,49 52 54 57 53 127 128 129 130 51 133 134 131 132 50
2147484900,0,0,inf,1,0,1,0,0,49 52 54 57 53 127 128 129 130 51 133 134 131 132 50
2147484901,0,0,0.00669643,1,0,1,0,0,49 52 54 57 53 127 128 129 130 51 133 134 131 132 50
2147484902,0,0,inf,1,0,1,0,0,49 52 54 57 53 127 128 129 130 51 133 134 131 132 50
2147484910,0,0,0.162912,2,0,1,0,0,54 49 52 127 128 129 130 51 133 134 131 132 50
2147484913,0,0,0.083338,1,0,1,0,0,49 52 54 57 53 127 128 129 130 51 133 134 131 132 50
2147484914,0,0,inf,1,0,1,0,0,49 52 54 57 53 127 128 129 130 51 133 134 131 132 50
2147484915,0,0,inf,1,0,1,0,0,49 52 54 57 53 127 128 129 130 51 133 134 131 132 50
2147484916,0,0,inf,1,0,1,0,0,49 52 54 57 53 127 128 129 130 51 133 134 131 132 50
2147484917,0,0,inf,1,0,1,0,0,49 52 54 57 53 127 128 129 130 51 133 134 131 132 50
2147484918,0,0,inf,1,0,1,0,0,49 52 54 57 53 127 128 129 130 51 133 134 131 132 50
2147484920,0,0,0.00108062,2,0,1,0,0,51 133 134 131 132 50
2147484922,0,0,0.142865,2,0,1,0,0,22 25 27 32 26 263 264 265 266 24 23 269 270 267 268
2147484928,0,0,inf,1,0,1,0,0,49 52 54 57 53 127 128 129 130 51 133 134 131 132 50
2147484938,0,0,0.083338,1,0,1,0,0,49 52 54 57 53 127 128 129 130 51 133 134 131 132 50
2147484939,0,0,inf,1,0,1,0,0,49 52 54 57 53 127 128 129 130 51 133 134 131 132 50
2147484940,0,0,inf,1,0,1,0,0,49 52 54 57 53 127 128 129 130 51 133 134 131 132 50
2147484941,0,0,inf,1,0,1,0,0,49 52 54 57 53 127 128 129 130 51 133 134 131 132 50
2147484942,0,0,inf,1,0,1,0,0,49 52 54 57 53 127 128 129 130 51 133 134 131 132 50
2147484943,0,0,inf,1,0,1,0,0,49 52 54 57 53 127 128 129 130 51 133 134 131 132 50
2147484946,0,0,0.135275,1,0,1,0,0,22 25 27 32 26 263 264 265 266 24 23 269 270 267 268
2147484948,0,0,0.000549089,2,0,1,0,0,24 23 269 270 267 268
2147484956,0,0,inf,1,0,1,0,0,49 52 54 57 53 127 128 129 130 51 133 134 131 132 50
2147484959,0,0,2.8443,1,0,1,0,0,49 52 54 57 53 127 128 129 130 51 133 134 131 132 50
2147484960,0,0,inf,1,0,1,0,0,49 52 54 57 53 127 128 129 130 51 133 134 131 132 50
2147484966,0,0,inf,1,0,1,0,0,49 52 54 57 53 127 128 129 130 51 133 134 131 132 50
2147484968,0,0,0.729844,2,0,1,0,0,3 13 21 59 16 271 272 273 274 9 6 277 278 275 276
2147484973,0,0,inf,1,0,1,0,0,22 25 27 32 26 263 264 265 266 24 23 269 270 267 268
2147484975,0,0,inf,2,0,1,0,0,22 25 27 32 26 263 264 265 266 24 23 269 270 267 268
2147484977,0,0,inf,1,0,1,0,0,49 52 54 57 53 127 128 129 130 51 133 134 131 132 50
2147484978,0,0,inf,1,0,1,0,0,49 52 54 57 53 127 128 129 130 51 133 134 131 132 50
2147484979,0,0,inf,1,0,1,0,0,49 52 54 57 53 127 128 129 130 51 133 134 131 132 50
2147484986,0,0,inf,1,0,1,0,0,49 52 54 57 53 127 128 129 130 51 133 134 131 132 50
2147484991,0,0,inf,1,0,1,0,0,49 52 54 57 53 127 128 129 130 51 133 134 131 132 50
2147484994,0,0,inf,1,0,1,0,0,22 25 27 32 26 263 264 265 266 24 23 269 270 267 268
2147485006,0,0,inf,1,0,1,0,0,49 52 54 57 53 127 128 129 130 51 133 134 131 132 50
2147485008,0,0,0.10131,1,0,1,0,0,24 23 269 270 267 268
2147485009,0,0,inf,1,0,1,0,255,49 52 54 57 53 127 128 129 130 51 133 134 131 132 50
2147485011,0,0,0.354333,1,0,1,0,0,49 52 54 57 53 127 128 129 130 51 133 134 131 132 50
2147485012,0,0,inf,1,0,1,0,0,49 52 54 57 53 127 128 129 130 51 133 134 131 132 50
2147485013,0,0,inf,1,0,1,0,0,49 52 54 57 53 127 128 129 130 51 133 134 131 132 50
2147485015,0,0,inf,1,0,1,0,0,49 52 54 57 53 127 128 129 130 51 133 134 131 132 50
2147485022,0,0,0.620083,2,0,1,0,0,22 25 27 32 26 263 264 265 266 24 23 269 270 267 268
2147485024,0,0,0.5315,1,0,1,0,0,22 25 27 32 26 263 264 265 266 24 23 269 270 267 268
2147485029,0,0,3.20043,1,0,1,0,0,49 54 57 53 127 128 129 130 51 133 134 131 132 50
2147485032,0,0,8.36135,5,0,1,0,0,52 49 54 57 53 127 128 129 130 51 133 134 131 132 50
2147485039,0,0,0.371131,1,0,1,0,0,53 49 52 54 57 127 128 129 130 51 133 134 131 132 50
2147485040,0,0,inf,1,0,1,0,0,2 11 19 61 18 247 248 249 250 5 8 253 254 251 252
2147485046,0,0,0.197935,1,0,1,0,0,53 49 52 54 57 127 128 129 130 51 133 134 131 132 50
2147485048,0,0,inf,2,0,1,0,0,22 25 27 32 26 263 264 265 266 24 23 269 270 267 268
2147485050,0,0,inf,1,0,1,0,0,49 52 54 57 53 127 128 129 130 51 133 134 131 132 50
2147485051,0,0,inf,1,0,1,0,0,49 52 54 57 53 127 128 129 130 51 133 134 131 132 50
2147485052,0,0,inf,1,0,1,0,0,49 52 54 57 53 127 128 129 130 51 133 134 131 132 50
2147485055,0,0,0.0113339,2,0,1,0,0,24 23 269 270 267 268
2147485056,0,0,inf,2,0,1,0,0,22 25 27 32 26 263 264 265 266 24 23 269 270 267 268
2147485059,0,0,inf,1,0,1,0,0,22 25 27 32 26 263 264 265 266 24 23 269 270 267 268
2147485064,0,0,inf,1,0,1,0,0,49 52 54 57 53 127 128 129 130 51 133 134 131 132 50
2147485068,0,0,inf,1,0,1,0,0,49 52 54 57 53 127 128 129 130 51 133 134 131 132 50
2147485080,0,0,inf,1,0,1,0,0,49 52 54 57 53 127 128 129 130 51 133 134 131 132 50
2147485082,0,0,0.0459061,1,0,1,0,0,24 23 269 270 267 268
2147485083,0,0,inf,1,0,1,0,0,49 52 54 57 53 127 128 129 130 51 133 134 131 132 50
2147485085,0,0,0.160556,1,0,1,0,0,49 52 54 57 53 127 128 129 130 51 133 134 131 132 50
2147485086,0,0,inf,1,0,1,0,0,49 52 54 57 53 127 128 129 130 51 133 134 131 132 50
2147485087,0,0,inf,1,0,1,0,0,49 52 54 57 53 127 128 129 130 51 133 134 131 132 50
2147485089,0,0,inf,1,0,1,0,0,49 52 54 57 53 127 128 129 130 51 133 134 131 132 50
2147485094,0,0,0.240834,1,0,1,0,0,22 25 27 32 26 263 264 265 266 24 23 269 270 267 268
2147485099,0,0,1.4502,1,0,1,0,0,49 54 57 53 127 128 129 130 51 133 134 131 132 50
2147485102,0,0,2.28667,3,0,1,0,0,51 133 134 131 132 50
2147485110,0,0,inf,1,0,1,0,0,49 52 54 57 53 127 128 129 130 51 133 134 131 132 50
2147485121,0,0,inf,1,0,1,0,0,22 25 27 32 26 263 264 265 266 24 23 269 270 267 268
2147485122,0,0,0.115043,1,0,1,0,0,53 49 52 54 57 127 128 129 130 51 133 134 131 132 50
2147485123,0,0,inf,1,0,1,0,0,49 52 54 57 53 127 128 129 130 51 133 134 131 132 50
2147485124,0,0,inf,1,0,1,0,0,49 52 54 57 53 127 128 129 130 51 133 134 131 132 50
2147485129,0,0,inf,1,0,1,0,0,49 52 54 57 53 127 128 129 130 51 133 134 131 132 50
2147485131,0,0,inf,1,0,1,0,0,49 52 54 57 53 127 128 129 130 51 133 134 131 132 50
2147485132,0,0,0.0526065,1,0,1,0,0,27 22 25 263 264 265 266 24 23 269 270 267 268
2147485137,0,0,0.0517441,1,0,1,0,0,57 49 127 128 129 130 51 133 134 131 132 50
2147485140,0,0,0.0517441,1,0,1,0,0,57 49 127 128 129 130 51 133 134 131 132 50
2147485143,0,0,0.00450893,1,0,1,0,0,49 53 52 54 57 127 128 129 130 51 133 134 131 132 50
2147485144,0,0,0.00450893,1,0,1,0,0,32 22 25 27 263 264 265 266 24 23 269 270 267 268
2147485145,0,0,0.00467593,1,0,1,0,0,22 25 27 32 26 263 264 265 266 24 23 269 270 267 268
2147485150,0,0,0.0029218,1,0,1,0,0,53 49 52 54 57 127 128 129 130 51 133 134 131 132 50
2147485158,0,0,inf,1,0,1,0,0,49 52 54 57 53 127 128 129 130 51 133 134 131 132 50
2147485161,0,0,0.0029218,1,0,1,0,0,53 49 52 54 57 127 128 129 130 51 133 134 131 132 50
2147485162,0,0,0.0029218,1,0,1,0,0,53 49 52 54 57 127 128 129 130 51 133 134 131 132 50
2147485178,0,0,0.00833333,2,0,1,0,0,22 25 27 32 26 263 264 265 266 24 23 269 270 267 268
2147485180,0,0,0.00164412,1,0,1,0,0,129 130 51 133 134 131 132 50
2147485182,0,0,0.00148754,1,0,1,0,0,129 130 51 133 134 131 132 50
2147485183,0,0,0.00270322,3,0,1,0,0,51 133 134 131 132 50
2147485184,0,0,0.290423,3,0,1,0,0,51 133 134 131 132 50
2147485185,0,0,3.2286,3,0,1,0,0,51 133 134 131 132 50
2147485187,0,0,0.0338252,4,0,1,0,0,49 52 54 57 53 127 128 129 130 51 133 134 131 132 50
2147485188,0,0,0.0450053,4,0,1,0,0,51 133 134 131 132 50
2147485189,0,0,0.425247,3,0,1,0,0,51 133 134 131 132 50
2147485190,0,0,22.663,3,0,1,0,0,51 133 134 131 132 50
2147485191,0,0,37.7013,3,0,1,0,0,51 133 134 131 132 50
2147485192,0,0,0.62641,3,0,1,0,0,22 25 27 32 26 263 264 265 266 24 23 269 270 267 268
2147485193,0,0,0.67293,3,0,1,0,0,57 49 52 54 127 128 129 130 51 133 134 131 132 50
2147485195,0,0,3.44977,3,0,1,0,0,49 52 54 57 53 127 128 129 130 51 133 134 131 132 50
2147485196,0,0,4.70873,3,0,1,0,0,51 133 134 131 132 50
2147485197,0,0,0.0495488,3,0,1,0,0,49 52 54 57 53 127 128 129 130 51 133 134 131 132 50
2147485198,0,0,0.0221236,6,0,1,0,0,51 133 134 131 132 50
2147485199,0,0,0.0685719,3,0,1,0,0,51 133 134 131 132 50
2147485200,0,0,0.0230009,3,0,1,0,0,49 52 54 57 53 127 128 129 130 51 133 134 131 132 50
2147485201,0,0,0.0296181,3,0,1,0,0,51 133 134 131 132 50
2147485202,0,0,0.0396112,3,0,1,0,0,49 57 52 54 127 128 129 130 51 133 134 131 132 50
2147485204,0,0,0.000511978,3,0,1,0,0,51 133 134 131 132 50
2147485205,0,0,0.000125233,4,0,1,0,0,49 52 54 57 53 127 128 129 130 51 133 134 131 132 50
2147485207,0,0,0.020814,5,0,1,0,0,49 52 54 57 53 127 128 129 130 51 133 134 131 132 50
2147485208,0,0,0.0728675,5,0,1,0,0,51 133 134 131 132 50
2147485209,0,0,0.637718,3,0,1,0,0,51 133 134 131 132 50
2147485210,0,0,3.50873,3,0,1,0,0,51 133 134 131 132 50
2147485211,0,0,1.21618,3,0,1,0,0,49 52 54 57 53 127 128 129 130 51 133 134 131 132 50
2147485212,0,0,4.70395,3,0,1,0,0,49 52 54 57 53 127 128 129 130 51 133 134 131 132 50
2147485213,0,0,2.10832,4,0,1,0,0,51 133 134 131 132 50
2147485214,0,0,2.57409,4,0,1,0,0,51 133 134 131 132 50
2147485216,0,0,0.0654978,3,0,1,0,0,49 52 54 57 53 127 128 129 130 51 133 134 131 132 50
2147485218,0,0,0.0616812,3,0,1,0,0,51 133 134 131 132 50
2147485219,0,0,0.045013,3,0,1,0,0,51 133 134 131 132 50
2147485220,0,0,0.0344729,3,0,1,0,0,51 133 134 131 132 50
2147485221,0,0,0.666714,4,0,1,0,0,51 133 134 131 132 50
2147485228,0,0,0.116146,4,0,1,0,0,49 52 54 57 53 127 128 129 130 51 133 134 131 132 50
2147485229,0,0,0.0775198,3,0,1,0,0,24 23 269 270 267 268
2147485230,0,0,0.0376513,3,0,1,0,0,51 133 134 131 132 50
2147485231,0,0,0.00318771,3,0,1,0,0,22 25 27 32 26 263 264 265 266 24 23 269 270 267 268
2147485233,0,0,0.0287499,6,0,1,0,0,24 23 269 270 267 268
2147485234,0,0,0.0789717,3,0,1,0,0,49 52 54 57 53 127 128 129 130 51 133 134 131 132 50
2147485238,0,0,0.060044,6,0,1,0,0,24 23 269 270 267 268
2147485239,0,0,0.206391,3,0,1,0,0,49 52 54 57 53 127 128 129 130 51 133 134 131 132 50
2147485241,0,0,0.00256673,6,0,1,0,0,22 25 27 32 26 263 264 265 266 24 23 269 270 267 268
2147485246,0,0,0.0430422,6,0,1,0,0,22 25 27 32 26 263 264 265 266 24 23 269 270 267 268
2147485247,0,0,0.131746,3,0,1,0,0,49 52 54 57 53 127 128 129 130 51 133 134 131 132 50
2147485250,0,0,0.00138695,4,0,1,0,0,22 25 27 32 26 263 264 265 266 24 23 269 270 267 268
2147485253,0,0,0.00182048,6,0,1,0,0,27 22 25 263 264 265 266 24 23 269 270 267 268
2147485254,0,0,0.00679824,4,0,1,0,0,32 22 25 27 263 264 265 266 24 23 269 270 267 268
2147485255,0,0,0.00766157,3,0,1,0,0,49 53 52 54 57 127 128 129 130 51 133 134 131 132 50
2147485256,0,0,0.00822658,4,0,1,0,0,51 133 134 131 132 50
2147485260,0,0,0.0835353,3,0,1,0,0,51 133 134 131 132 50
2147485263,0,0,0.142132,4,0,1,0,0,51 133 134 131 132 50
2147485265,0,0,0.388694,5,0,1,0,0,49 57 52 54 127 128 129 130 51 133 134 131 132 50
2147485266,0,0,0.36876,6,0,1,0,0,49 52 54 57 53 127 128 129 130 51 133 134 131 132 50
2147485267,0,0,0.205359,5,0,1,0,0,22 25 27 32 26 263 264 265 266 24 23 269 270 267 268
2147485268,0,0,0.0713959,11,0,1,0,0,24 23 269 270 267 268
2147485272,0,0,0.227471,3,0,1,0,0,51 133 134 131 132 50
2147485275,0,0,0.0262682,4,0,1,0,0,51 133 134 131 132 50
2147485281,0,0,12.9275,10,0,1,0,0,24 23 269 270 267 268
2147485283,0,0,25.6002,8,0,1,0,0,49 52 54 57 53 127 128 129 130 51 133 134 131 132 50
2147485290,0,0,2.38057,8,0,1,0,0,51 133 134 131 132 50
2147485294,0,0,38.6282,6,0,1,0,0,51 133 134 131 132 50
2147485295,0,0,22.4155,17,0,1,0,0,24 23 269 270 267 268
2147485298,0,0,23.0065,10,0,1,0,0,24 23 269 270 267 268
2147485299,0,0,4.23654,8,0,1,0,0,51 133 134 131 132 50
2147485300,0,0,49.6228,9,0,1,0,0,49 54 57 53 127 128 129 130 51 133 134 131 132 50
2147485311,0,0,63.925,6,0,1,0,0,51 133 134 131 132 50
2147485312,0,0,39.2107,18,0,1,0,0,24 23 269 270 267 268
2147485316,0,0,0.124729,6,0,1,0,0,51 133 134 131 132 50
2147485317,0,0,0.935982,3,0,1,0,0,51 133 134 131 132 50
2147485318,0,0,0.60038,3,0,1,0,0,51 133 134 131 132 50
2147485319,0,0,0.160128,4,0,1,0,0,53 49 52 54 57 127 128 129 130 51 133 134 131 132 50
2147485321,0,0,7.19597,5,0,1,0,0,49 54 57 53 127 128 129 130 51 133 134 131 132 50
2147485322,0,0,9.36067,6,0,1,0,0,49 54 57 53 127 128 129 130 51 133 134 131 132 50
2147485323,0,0,1.25969,4,0,1,0,0,51 133 134 131 132 50
2147485324,0,0,0.668781,4,0,1,0,0,51 133 134 131 132 50
2147485325,0,0,0.0725577,4,0,1,0,0,53 49 52 54 57 127 128 129 130 51 133 134 131 132 50
2147485327,0,0,3.27637,5,0,1,0,0,49 54 57 53 127 128 129 130 51 133 134 131 132 50
2147485328,0,0,2.94341,5,0,1,0,0,49 54 57 53 127 128 129 130 51 133 134 131 132 50
2147485329,0,0,0.0149568,12,0,1,0,0,51 133 134 131 132 50
2147485330,0,0,0.0293803,13,0,1,0,0,51 133 134 131 132 50
2147485331,0,0,0.00923138,13,0,1,0,0,51 133 134 131 132 50
2147485332,0,0,0.508384,3,0,1,0,0,49 52 54 57 53 127 128 129 130 51 133 134 131 132 50
2147485337,0,0,1.03325,4,0,1,0,0,22 25 27 32 26 263 264 265 266 24 23 269 270 267 268
2147485341,0,0,1.70515,8,0,1,0,0,51 133 134 131 132 50
2147485349,0,0,0.17968,3,0,1,0,119,51 133 134 131 132 50
2147485350,0,0,0.038679,4,0,1,0,22,22 25 27 32 26 263 264 265 266 24 23 269 270 267 268
2147485351,0,0,0.11293,3,0,1,0,12,51 133 134 131 132 50
2147485352,0,0,0.260465,3,0,1,0,1,49 52 54 57 53 127 128 129 130 51 133 134 131 132 50
2147485356,0,0,1.22079,1,0,1,0,0,49 52 54 57 53 127 128 129 130 51 133 134 131 132 50
2147485359,0,0,0.00289562,1,0,1,0,0,49 52 54 57 53 127 128 129 130 51 133 134 131 132 50
2147485361,0,0,0.0156625,9,0,1,0,0,49 52 54 57 53 127 128 129 130 51 133 134 131 132 50
2147485362,0,0,0.796772,4,0,1,0,0,51 133 134 131 132 50
