22 
23 
24 
25 
26 
27 
32 
49 2147483660 2147483675 2147483681 2147483682 
50 
51 
52 2147483660 2147483675 2147483681 2147483682 
53 2147483660 2147483675 2147483681 2147483682 
54 2147483660 2147483675 2147483681 2147483682 
57 2147483660 2147483675 2147483681 2147483682 
127 2147483660 2147483675 2147483681 2147483682 
128 2147483660 2147483675 2147483681 2147483682 
129 2147483660 2147483675 2147483681 2147483682 
130 2147483660 2147483675 2147483681 2147483682 
131 
132 
133 
134 
263 
264 
265 
266 
267 
268 
269 
270 
2147483660 2147483665 2147483667 2147483670 2147483675 2147483676 2147483681 2147483682 2147483683 2147483684 53 49 52 54 57 127 128 129 130 2147483665 2147483667 2147483670 2147483675 2147483676 2147483681 2147483682 2147483683 2147483684 
2147483665 2147483660 2147483660 2147483681 2147483682 2147483681 2147483682 
2147483667 2147483660 2147483660 2147483681 2147483682 2147483683 2147483681 2147483682 2147483683 
2147483670 2147483660 2147483660 2147483681 2147483682 2147483683 2147483681 2147483682 2147483683 
2147483675 2147483660 2147483660 2147483676 2147483681 2147483682 2147483684 54 49 52 57 53 127 128 129 130 2147483676 2147483681 2147483682 2147483684 
2147483676 2147483660 2147483675 2147483660 2147483675 2147483681 2147483682 2147483681 2147483682 
2147483681 2147483660 2147483665 2147483667 2147483670 2147483675 2147483676 2147483660 2147483665 2147483667 2147483670 2147483675 2147483676 2147483682 2147483683 2147483684 54 49 52 57 53 127 128 129 130 2147483682 2147483683 2147483684 
2147483682 2147483660 2147483665 2147483667 2147483670 2147483675 2147483676 2147483681 2147483660 2147483665 2147483667 2147483670 2147483675 2147483676 2147483681 2147483683 2147483684 57 49 52 54 53 127 128 129 130 2147483683 2147483684 
2147483683 2147483660 2147483667 2147483670 2147483681 2147483682 2147483660 2147483667 2147483670 2147483681 2147483682 
2147483684 2147483660 2147483675 2147483681 2147483682 2147483660 2147483675 2147483681 2147483682 
