2 
3 
5 
6 
8 
9 
11 
13 
16 
18 
19 
21 
22 
23 
24 
25 
26 
27 
32 
49 2147483650 2147483657 2147483662 2147483665 2147483669 2147483686 2147483694 2147483700 2147483703 2147483704 2147483710 2147483714 2147483719 2147483725 2147483737 2147483740 2147483771 2147483824 2147483877 2147483923 2147483932 2147483936 2147483942 2147483948 2147483950 2147483957 2147483958 
50 
51 
52 2147483650 2147483657 2147483662 2147483665 2147483669 2147483686 2147483694 2147483700 2147483703 2147483704 2147483710 2147483714 2147483719 2147483725 2147483737 2147483740 2147483771 2147483824 2147483877 2147483923 2147483932 2147483936 2147483942 2147483948 2147483950 2147483957 2147483958 
53 2147483650 2147483657 2147483662 2147483665 2147483669 2147483680 2147483686 2147483694 2147483700 2147483703 2147483704 2147483710 2147483714 2147483719 2147483725 2147483737 2147483740 2147483771 2147483824 2147483877 2147483923 2147483932 2147483936 2147483942 2147483948 2147483950 2147483957 2147483958 
54 2147483650 2147483657 2147483662 2147483665 2147483669 2147483680 2147483686 2147483694 2147483700 2147483703 2147483704 2147483710 2147483714 2147483719 2147483725 2147483737 2147483740 2147483771 2147483824 2147483877 2147483923 2147483932 2147483936 2147483942 2147483948 2147483950 2147483957 2147483958 
57 2147483650 2147483657 2147483662 2147483665 2147483669 2147483680 2147483686 2147483694 2147483700 2147483703 2147483704 2147483710 2147483714 2147483719 2147483725 2147483737 2147483740 2147483771 2147483824 2147483849 2147483855 2147483869 2147483877 2147483890 2147483923 2147483927 2147483932 2147483936 2147483942 2147483948 2147483950 2147483957 2147483958 
59 
61 
127 2147483650 2147483657 2147483662 2147483665 2147483669 2147483686 2147483694 2147483700 2147483703 2147483704 2147483710 2147483714 2147483719 2147483725 2147483737 2147483740 2147483771 2147483824 2147483877 2147483923 2147483932 2147483936 2147483942 2147483948 2147483950 2147483957 2147483958 
128 2147483650 2147483657 2147483662 2147483665 2147483669 2147483686 2147483694 2147483700 2147483703 2147483704 2147483710 2147483714 2147483719 2147483725 2147483737 2147483740 2147483771 2147483824 2147483877 2147483923 2147483932 2147483936 2147483942 2147483948 2147483950 2147483957 2147483958 
129 2147483650 2147483657 2147483662 2147483665 2147483669 2147483686 2147483694 2147483700 2147483703 2147483704 2147483710 2147483714 2147483719 2147483725 2147483737 2147483740 2147483771 2147483824 2147483877 2147483923 2147483932 2147483936 2147483942 2147483948 2147483950 2147483957 2147483958 
130 2147483650 2147483657 2147483662 2147483665 2147483669 2147483686 2147483694 2147483700 2147483703 2147483704 2147483710 2147483714 2147483719 2147483725 2147483737 2147483740 2147483771 2147483824 2147483877 2147483923 2147483932 2147483936 2147483942 2147483948 2147483950 2147483957 2147483958 
131 
132 
133 
134 
247 
248 
249 
250 
251 
252 
253 
254 
263 
264 
265 
266 
267 
268 
269 
270 
271 
272 
273 
274 
275 
276 
277 
278 
2147483650 2147483657 2147483658 2147483659 2147483662 2147483663 2147483665 2147483669 2147483744 2147483756 2147483758 2147483762 2147483763 2147483765 2147483771 2147483775 2147483779 2147483783 2147483932 2147483933 2147483936 2147483939 2147483940 2147483941 2147483960 49 52 54 57 53 127 128 129 130 2147483657 2147483658 2147483659 2147483662 2147483663 2147483665 2147483669 2147483744 2147483756 2147483758 2147483762 2147483763 2147483765 2147483771 2147483775 2147483779 2147483783 2147483932 2147483933 2147483936 2147483939 2147483940 2147483941 2147483960 
2147483657 2147483650 2147483650 2147483658 2147483659 2147483662 2147483663 2147483665 2147483669 2147483756 2147483758 2147483762 2147483763 2147483765 2147483771 2147483775 2147483779 2147483783 2147483932 2147483933 2147483936 2147483939 2147483940 2147483941 2147483960 49 52 54 57 53 127 128 129 130 2147483658 2147483659 2147483662 2147483663 2147483665 2147483669 2147483756 2147483758 2147483762 2147483763 2147483765 2147483771 2147483775 2147483779 2147483783 2147483932 2147483933 2147483936 2147483939 2147483940 2147483941 2147483960 
2147483658 2147483650 2147483657 2147483650 2147483657 2147483771 2147483932 2147483933 2147483771 2147483932 2147483933 
2147483659 2147483650 2147483657 2147483650 2147483657 2147483771 2147483932 2147483933 2147483771 2147483932 2147483933 
2147483662 2147483650 2147483657 2147483650 2147483657 2147483663 2147483665 2147483669 2147483756 2147483758 2147483762 2147483763 2147483765 2147483771 2147483775 2147483779 2147483932 2147483936 2147483960 49 52 54 57 53 127 128 129 130 2147483663 2147483665 2147483669 2147483756 2147483758 2147483762 2147483763 2147483765 2147483771 2147483775 2147483779 2147483932 2147483936 2147483960 
2147483663 2147483650 2147483657 2147483662 2147483650 2147483657 2147483662 2147483765 2147483771 2147483932 2147483936 2147483765 2147483771 2147483932 2147483936 
2147483665 2147483650 2147483657 2147483662 2147483650 2147483657 2147483662 2147483771 2147483932 2147483936 49 52 54 57 53 127 128 129 130 2147483771 2147483932 2147483936 
2147483669 2147483650 2147483657 2147483662 2147483650 2147483657 2147483662 2147483771 2147483932 2147483936 49 52 54 57 53 127 128 129 130 2147483771 2147483932 2147483936 
2147483680 54 57 53 
2147483686 2147483687 2147483688 2147483694 2147483700 2147483821 2147483824 2147483825 2147483831 2147483942 2147483943 2147483945 2147483946 49 52 54 57 53 127 128 129 130 2147483687 2147483688 2147483694 2147483700 2147483821 2147483824 2147483825 2147483831 2147483942 2147483943 2147483945 2147483946 
2147483687 2147483686 2147483686 2147483688 2147483824 2147483942 2147483688 2147483824 2147483942 
2147483688 2147483686 2147483687 2147483686 2147483687 2147483694 2147483821 2147483824 2147483942 2147483943 2147483945 2147483946 2147483694 2147483821 2147483824 2147483942 2147483943 2147483945 2147483946 
2147483694 2147483686 2147483688 2147483686 2147483688 2147483700 2147483821 2147483824 2147483825 2147483942 2147483945 2147483946 53 49 52 54 57 127 128 129 130 2147483700 2147483821 2147483824 2147483825 2147483942 2147483945 2147483946 
2147483700 2147483686 2147483694 2147483686 2147483694 2147483824 2147483831 2147483832 2147483834 2147483942 49 57 52 54 53 127 128 129 130 2147483824 2147483831 2147483832 2147483834 2147483942 
2147483703 2147483704 2147483705 2147483706 2147483835 2147483836 2147483837 2147483844 2147483848 2147483849 2147483853 2147483854 2147483855 49 52 54 57 53 127 128 129 130 2147483704 2147483705 2147483706 2147483835 2147483836 2147483837 2147483844 2147483848 2147483849 2147483853 2147483854 2147483855 
2147483704 2147483703 2147483703 2147483705 2147483706 2147483835 2147483836 2147483837 2147483844 2147483848 2147483849 2147483853 2147483854 2147483855 49 52 54 57 53 127 128 129 130 2147483705 2147483706 2147483835 2147483836 2147483837 2147483844 2147483848 2147483849 2147483853 2147483854 2147483855 
2147483705 2147483703 2147483704 2147483703 2147483704 
2147483706 2147483703 2147483704 2147483703 2147483704 
2147483710 2147483711 2147483714 2147483716 2147483719 2147483720 2147483725 2147483737 2147483740 2147483874 2147483875 2147483876 2147483877 2147483878 2147483879 2147483884 2147483885 2147483887 2147483889 2147483890 2147483898 2147483904 2147483912 2147483914 2147483922 2147483923 2147483948 2147483950 2147483951 2147483952 2147483954 2147483957 2147483958 2147483959 2147483961 49 52 54 57 53 127 128 129 130 2147483711 2147483714 2147483716 2147483719 2147483720 2147483725 2147483737 2147483740 2147483874 2147483875 2147483876 2147483877 2147483878 2147483879 2147483884 2147483885 2147483887 2147483889 2147483890 2147483898 2147483904 2147483912 2147483914 2147483922 2147483923 2147483948 2147483950 2147483951 2147483952 2147483954 2147483957 2147483958 2147483959 2147483961 
2147483711 2147483710 2147483710 2147483877 2147483923 2147483948 2147483877 2147483923 2147483948 
2147483714 2147483710 2147483710 2147483716 2147483719 2147483720 2147483725 2147483737 2147483740 2147483884 2147483885 2147483887 2147483889 2147483898 2147483904 2147483912 2147483914 2147483922 2147483923 2147483948 2147483950 2147483951 2147483952 2147483954 2147483957 2147483958 2147483959 2147483961 53 127 49 52 54 57 128 129 130 2147483716 2147483719 2147483720 2147483725 2147483737 2147483740 2147483884 2147483885 2147483887 2147483889 2147483898 2147483904 2147483912 2147483914 2147483922 2147483923 2147483948 2147483950 2147483951 2147483952 2147483954 2147483957 2147483958 2147483959 2147483961 
2147483716 2147483710 2147483714 2147483710 2147483714 2147483887 2147483923 2147483948 2147483950 2147483951 2147483887 2147483923 2147483948 2147483950 2147483951 
2147483719 2147483710 2147483714 2147483710 2147483714 2147483720 2147483725 2147483737 2147483740 2147483898 2147483904 2147483912 2147483914 2147483922 2147483923 2147483948 2147483950 2147483952 2147483954 2147483957 2147483958 2147483959 2147483961 57 49 52 54 53 127 128 129 130 2147483720 2147483725 2147483737 2147483740 2147483898 2147483904 2147483912 2147483914 2147483922 2147483923 2147483948 2147483950 2147483952 2147483954 2147483957 2147483958 2147483959 2147483961 
2147483720 2147483710 2147483714 2147483719 2147483710 2147483714 2147483719 2147483923 2147483948 2147483950 2147483923 2147483948 2147483950 
2147483725 2147483710 2147483714 2147483719 2147483710 2147483714 2147483719 2147483923 2147483948 2147483950 2147483952 2147483954 2147483957 2147483961 49 52 54 57 53 127 128 129 130 2147483923 2147483948 2147483950 2147483952 2147483954 2147483957 2147483961 
2147483737 2147483710 2147483714 2147483719 2147483710 2147483714 2147483719 2147483923 2147483948 2147483950 2147483957 2147483958 49 52 54 57 53 127 128 129 130 2147483923 2147483948 2147483950 2147483957 2147483958 
2147483740 2147483710 2147483714 2147483719 2147483710 2147483714 2147483719 2147483923 2147483948 2147483950 49 53 52 54 57 127 128 129 130 2147483923 2147483948 2147483950 
2147483743 2147483771 2147483932 2147483771 2147483932 
2147483744 2147483650 2147483650 2147483771 2147483932 2147483933 2147483771 2147483932 2147483933 
2147483756 2147483650 2147483657 2147483662 2147483650 2147483657 2147483662 2147483771 2147483932 2147483936 2147483771 2147483932 2147483936 
2147483758 2147483650 2147483657 2147483662 2147483650 2147483657 2147483662 2147483771 2147483932 2147483936 2147483771 2147483932 2147483936 
2147483762 2147483650 2147483657 2147483662 2147483650 2147483657 2147483662 2147483771 2147483932 2147483936 2147483771 2147483932 2147483936 
2147483763 2147483650 2147483657 2147483662 2147483650 2147483657 2147483662 2147483771 2147483932 2147483936 2147483771 2147483932 2147483936 
2147483765 2147483650 2147483657 2147483662 2147483663 2147483650 2147483657 2147483662 2147483663 2147483771 2147483932 2147483936 2147483771 2147483932 2147483936 
2147483771 2147483650 2147483657 2147483658 2147483659 2147483662 2147483663 2147483665 2147483669 2147483743 2147483744 2147483756 2147483758 2147483762 2147483763 2147483765 2147483650 2147483657 2147483658 2147483659 2147483662 2147483663 2147483665 2147483669 2147483743 2147483744 2147483756 2147483758 2147483762 2147483763 2147483765 2147483775 2147483779 2147483783 2147483932 2147483933 2147483936 2147483939 2147483940 2147483941 2147483960 49 52 54 57 53 127 128 129 130 2147483775 2147483779 2147483783 2147483932 2147483933 2147483936 2147483939 2147483940 2147483941 2147483960 
2147483775 2147483650 2147483657 2147483662 2147483771 2147483650 2147483657 2147483662 2147483771 2147483932 2147483936 2147483960 2147483932 2147483936 2147483960 
2147483779 2147483650 2147483657 2147483662 2147483771 2147483650 2147483657 2147483662 2147483771 2147483932 2147483936 2147483932 2147483936 
2147483783 2147483650 2147483657 2147483771 2147483650 2147483657 2147483771 2147483932 2147483936 2147483939 2147483932 2147483936 2147483939 
2147483802 
2147483821 2147483686 2147483688 2147483694 2147483686 2147483688 2147483694 2147483824 2147483942 2147483824 2147483942 
2147483824 2147483686 2147483687 2147483688 2147483694 2147483700 2147483821 2147483686 2147483687 2147483688 2147483694 2147483700 2147483821 2147483825 2147483831 2147483832 2147483834 2147483942 2147483943 2147483945 2147483946 57 49 52 54 53 127 128 129 130 2147483825 2147483831 2147483832 2147483834 2147483942 2147483943 2147483945 2147483946 
2147483825 2147483686 2147483694 2147483824 2147483686 2147483694 2147483824 2147483942 2147483942 
2147483831 2147483686 2147483700 2147483824 2147483686 2147483700 2147483824 2147483942 2147483942 
2147483832 2147483700 2147483824 2147483700 2147483824 2147483942 2147483942 
2147483834 2147483700 2147483824 2147483700 2147483824 2147483942 2147483942 
2147483835 2147483703 2147483704 2147483703 2147483704 
2147483836 2147483703 2147483704 2147483703 2147483704 
2147483837 2147483703 2147483704 2147483703 2147483704 
2147483844 2147483703 2147483704 2147483703 2147483704 
2147483848 2147483703 2147483704 2147483703 2147483704 
2147483849 2147483703 2147483704 2147483703 2147483704 57 
2147483853 2147483703 2147483704 2147483703 2147483704 
2147483854 2147483703 2147483704 2147483703 2147483704 
2147483855 2147483703 2147483704 2147483703 2147483704 57 
2147483869 57 
2147483874 2147483710 2147483710 2147483923 2147483948 2147483923 2147483948 
2147483875 2147483710 2147483710 2147483923 2147483948 2147483923 2147483948 
2147483876 2147483710 2147483710 2147483923 2147483948 2147483923 2147483948 
2147483877 2147483710 2147483711 2147483710 2147483711 2147483878 2147483879 2147483923 2147483948 53 49 52 54 57 127 128 129 130 2147483878 2147483879 2147483923 2147483948 
2147483878 2147483710 2147483877 2147483710 2147483877 2147483923 2147483948 2147483923 2147483948 
2147483879 2147483710 2147483877 2147483710 2147483877 2147483923 2147483948 2147483923 2147483948 
2147483884 2147483710 2147483714 2147483710 2147483714 2147483923 2147483948 2147483950 2147483923 2147483948 2147483950 
2147483885 2147483710 2147483714 2147483710 2147483714 2147483923 2147483948 2147483950 2147483923 2147483948 2147483950 
2147483887 2147483710 2147483714 2147483716 2147483710 2147483714 2147483716 2147483923 2147483948 2147483950 2147483923 2147483948 2147483950 
2147483889 2147483710 2147483714 2147483710 2147483714 2147483923 2147483948 2147483923 2147483948 
2147483890 2147483710 2147483710 2147483923 2147483948 57 2147483923 2147483948 
2147483898 2147483710 2147483714 2147483719 2147483710 2147483714 2147483719 2147483923 2147483948 2147483950 2147483923 2147483948 2147483950 
2147483904 2147483710 2147483714 2147483719 2147483710 2147483714 2147483719 2147483923 2147483948 2147483950 2147483952 2147483957 2147483961 2147483923 2147483948 2147483950 2147483952 2147483957 2147483961 
2147483912 2147483710 2147483714 2147483719 2147483710 2147483714 2147483719 2147483923 2147483948 2147483950 2147483957 2147483958 2147483923 2147483948 2147483950 2147483957 2147483958 
2147483914 2147483710 2147483714 2147483719 2147483710 2147483714 2147483719 2147483923 2147483948 2147483950 2147483957 2147483958 2147483923 2147483948 2147483950 2147483957 2147483958 
2147483922 2147483710 2147483714 2147483719 2147483710 2147483714 2147483719 2147483923 2147483948 2147483950 2147483923 2147483948 2147483950 
2147483923 2147483710 2147483711 2147483714 2147483716 2147483719 2147483720 2147483725 2147483737 2147483740 2147483874 2147483875 2147483876 2147483877 2147483878 2147483879 2147483884 2147483885 2147483887 2147483889 2147483890 2147483898 2147483904 2147483912 2147483914 2147483922 2147483710 2147483711 2147483714 2147483716 2147483719 2147483720 2147483725 2147483737 2147483740 2147483874 2147483875 2147483876 2147483877 2147483878 2147483879 2147483884 2147483885 2147483887 2147483889 2147483890 2147483898 2147483904 2147483912 2147483914 2147483922 2147483948 2147483950 2147483951 2147483952 2147483954 2147483957 2147483958 2147483959 2147483961 57 49 52 54 53 127 128 129 130 2147483948 2147483950 2147483951 2147483952 2147483954 2147483957 2147483958 2147483959 2147483961 
2147483927 57 
2147483932 2147483650 2147483657 2147483658 2147483659 2147483662 2147483663 2147483665 2147483669 2147483743 2147483744 2147483756 2147483758 2147483762 2147483763 2147483765 2147483771 2147483775 2147483779 2147483783 2147483650 2147483657 2147483658 2147483659 2147483662 2147483663 2147483665 2147483669 2147483743 2147483744 2147483756 2147483758 2147483762 2147483763 2147483765 2147483771 2147483775 2147483779 2147483783 2147483933 2147483936 2147483939 2147483940 2147483941 2147483960 49 52 54 57 53 127 128 129 130 2147483933 2147483936 2147483939 2147483940 2147483941 2147483960 
2147483933 2147483650 2147483657 2147483658 2147483659 2147483744 2147483771 2147483932 2147483650 2147483657 2147483658 2147483659 2147483744 2147483771 2147483932 2147483936 2147483936 
2147483936 2147483650 2147483657 2147483662 2147483663 2147483665 2147483669 2147483756 2147483758 2147483762 2147483763 2147483765 2147483771 2147483775 2147483779 2147483783 2147483932 2147483933 2147483650 2147483657 2147483662 2147483663 2147483665 2147483669 2147483756 2147483758 2147483762 2147483763 2147483765 2147483771 2147483775 2147483779 2147483783 2147483932 2147483933 2147483939 2147483940 2147483941 2147483960 49 52 54 57 53 127 128 129 130 2147483939 2147483940 2147483941 2147483960 
2147483939 2147483650 2147483657 2147483771 2147483783 2147483932 2147483936 2147483650 2147483657 2147483771 2147483783 2147483932 2147483936 2147483940 2147483941 2147483940 2147483941 
2147483940 2147483650 2147483657 2147483771 2147483932 2147483936 2147483939 2147483650 2147483657 2147483771 2147483932 2147483936 2147483939 2147483941 2147483941 
2147483941 2147483650 2147483657 2147483771 2147483932 2147483936 2147483939 2147483940 2147483650 2147483657 2147483771 2147483932 2147483936 2147483939 2147483940 
2147483942 2147483686 2147483687 2147483688 2147483694 2147483700 2147483821 2147483824 2147483825 2147483831 2147483832 2147483834 2147483686 2147483687 2147483688 2147483694 2147483700 2147483821 2147483824 2147483825 2147483831 2147483832 2147483834 2147483943 2147483945 2147483946 49 52 54 57 53 127 128 129 130 2147483943 2147483945 2147483946 
2147483943 2147483686 2147483688 2147483824 2147483942 2147483686 2147483688 2147483824 2147483942 
2147483945 2147483686 2147483688 2147483694 2147483824 2147483942 2147483686 2147483688 2147483694 2147483824 2147483942 2147483946 2147483946 
2147483946 2147483686 2147483688 2147483694 2147483824 2147483942 2147483945 2147483686 2147483688 2147483694 2147483824 2147483942 2147483945 
2147483948 2147483710 2147483711 2147483714 2147483716 2147483719 2147483720 2147483725 2147483737 2147483740 2147483874 2147483875 2147483876 2147483877 2147483878 2147483879 2147483884 2147483885 2147483887 2147483889 2147483890 2147483898 2147483904 2147483912 2147483914 2147483922 2147483923 2147483710 2147483711 2147483714 2147483716 2147483719 2147483720 2147483725 2147483737 2147483740 2147483874 2147483875 2147483876 2147483877 2147483878 2147483879 2147483884 2147483885 2147483887 2147483889 2147483890 2147483898 2147483904 2147483912 2147483914 2147483922 2147483923 2147483950 2147483951 2147483952 2147483954 2147483957 2147483958 2147483959 2147483961 49 52 54 57 53 127 128 129 130 2147483950 2147483951 2147483952 2147483954 2147483957 2147483958 2147483959 2147483961 
2147483950 2147483710 2147483714 2147483716 2147483719 2147483720 2147483725 2147483737 2147483740 2147483884 2147483885 2147483887 2147483898 2147483904 2147483912 2147483914 2147483922 2147483923 2147483948 2147483710 2147483714 2147483716 2147483719 2147483720 2147483725 2147483737 2147483740 2147483884 2147483885 2147483887 2147483898 2147483904 2147483912 2147483914 2147483922 2147483923 2147483948 2147483951 2147483952 2147483954 2147483957 2147483958 2147483959 2147483961 49 52 54 57 53 127 128 129 130 2147483951 2147483952 2147483954 2147483957 2147483958 2147483959 2147483961 
2147483951 2147483710 2147483714 2147483716 2147483923 2147483948 2147483950 2147483710 2147483714 2147483716 2147483923 2147483948 2147483950 
2147483952 2147483710 2147483714 2147483719 2147483725 2147483904 2147483923 2147483948 2147483950 2147483710 2147483714 2147483719 2147483725 2147483904 2147483923 2147483948 2147483950 2147483954 2147483957 2147483958 2147483961 2147483954 2147483957 2147483958 2147483961 
2147483954 2147483710 2147483714 2147483719 2147483725 2147483923 2147483948 2147483950 2147483952 2147483710 2147483714 2147483719 2147483725 2147483923 2147483948 2147483950 2147483952 2147483957 2147483958 2147483961 2147483957 2147483958 2147483961 
2147483957 2147483710 2147483714 2147483719 2147483725 2147483737 2147483904 2147483912 2147483914 2147483923 2147483948 2147483950 2147483952 2147483954 2147483710 2147483714 2147483719 2147483725 2147483737 2147483904 2147483912 2147483914 2147483923 2147483948 2147483950 2147483952 2147483954 2147483958 2147483961 49 52 54 57 53 127 128 129 130 2147483958 2147483961 
2147483958 2147483710 2147483714 2147483719 2147483737 2147483912 2147483914 2147483923 2147483948 2147483950 2147483952 2147483954 2147483957 2147483710 2147483714 2147483719 2147483737 2147483912 2147483914 2147483923 2147483948 2147483950 2147483952 2147483954 2147483957 2147483959 2147483961 49 52 54 57 53 127 128 129 130 2147483959 2147483961 
2147483959 2147483710 2147483714 2147483719 2147483923 2147483948 2147483950 2147483958 2147483710 2147483714 2147483719 2147483923 2147483948 2147483950 2147483958 
2147483960 2147483650 2147483657 2147483662 2147483771 2147483775 2147483932 2147483936 2147483650 2147483657 2147483662 2147483771 2147483775 2147483932 2147483936 
2147483961 2147483710 2147483714 2147483719 2147483725 2147483904 2147483923 2147483948 2147483950 2147483952 2147483954 2147483957 2147483958 2147483710 2147483714 2147483719 2147483725 2147483904 2147483923 2147483948 2147483950 2147483952 2147483954 2147483957 2147483958 
