22 
23 
24 
25 
26 
27 
32 2147483680 
49 2147483648 2147483678 2147483698 2147483722 2147483743 2147483749 
50 
51 
52 2147483648 2147483657 2147483678 2147483698 2147483722 2147483743 2147483749 
53 2147483648 2147483678 2147483688 2147483698 2147483722 2147483724 2147483743 2147483749 
54 2147483648 2147483678 2147483698 2147483722 2147483743 2147483749 
57 2147483648 2147483678 2147483688 2147483698 2147483722 2147483724 2147483743 2147483749 
127 2147483648 2147483678 2147483698 2147483722 2147483743 2147483749 
128 2147483648 2147483678 2147483698 2147483722 2147483743 2147483749 
129 2147483648 2147483678 2147483698 2147483722 2147483743 2147483749 
130 2147483648 2147483678 2147483698 2147483722 2147483743 2147483749 
131 
132 
133 
134 
263 
264 
265 
266 
267 
268 
269 
270 
2147483648 2147483655 2147483656 2147483657 2147483658 2147483659 2147483670 2147483678 2147483679 2147483680 2147483686 2147483688 2147483693 2147483696 2147483698 2147483707 2147483722 2147483723 2147483724 2147483729 2147483732 2147483739 2147483743 2147483744 2147483748 2147483749 49 52 54 57 53 127 128 129 130 2147483655 2147483656 2147483657 2147483658 2147483659 2147483670 2147483678 2147483679 2147483680 2147483686 2147483688 2147483693 2147483696 2147483698 2147483707 2147483722 2147483723 2147483724 2147483729 2147483732 2147483739 2147483743 2147483744 2147483748 2147483749 
2147483655 2147483648 2147483648 2147483657 2147483658 2147483659 2147483670 2147483678 2147483698 2147483707 2147483743 2147483744 2147483657 2147483658 2147483659 2147483670 2147483678 2147483698 2147483707 2147483743 2147483744 
2147483656 2147483648 2147483648 2147483670 2147483678 2147483743 2147483744 2147483670 2147483678 2147483743 2147483744 
2147483657 2147483648 2147483655 2147483648 2147483655 2147483658 2147483659 2147483670 2147483678 2147483679 2147483698 2147483707 2147483743 2147483744 52 2147483658 2147483659 2147483670 2147483678 2147483679 2147483698 2147483707 2147483743 2147483744 
2147483658 2147483648 2147483655 2147483657 2147483648 2147483655 2147483657 2147483659 2147483670 2147483678 2147483698 2147483743 2147483744 2147483659 2147483670 2147483678 2147483698 2147483743 2147483744 
2147483659 2147483648 2147483655 2147483657 2147483658 2147483648 2147483655 2147483657 2147483658 2147483670 2147483678 2147483698 2147483743 2147483744 2147483670 2147483678 2147483698 2147483743 2147483744 
2147483670 2147483648 2147483655 2147483656 2147483657 2147483658 2147483659 2147483648 2147483655 2147483656 2147483657 2147483658 2147483659 2147483678 2147483698 2147483743 2147483744 2147483678 2147483698 2147483743 2147483744 
2147483678 2147483648 2147483655 2147483656 2147483657 2147483658 2147483659 2147483670 2147483648 2147483655 2147483656 2147483657 2147483658 2147483659 2147483670 2147483679 2147483680 2147483686 2147483688 2147483693 2147483696 2147483698 2147483699 2147483707 2147483722 2147483723 2147483724 2147483729 2147483732 2147483736 2147483739 2147483743 2147483744 2147483748 2147483749 53 49 52 54 57 127 128 129 130 2147483679 2147483680 2147483686 2147483688 2147483693 2147483696 2147483698 2147483699 2147483707 2147483722 2147483723 2147483724 2147483729 2147483732 2147483736 2147483739 2147483743 2147483744 2147483748 2147483749 
2147483679 2147483648 2147483657 2147483678 2147483648 2147483657 2147483678 2147483698 2147483743 2147483698 2147483743 
2147483680 2147483648 2147483678 2147483648 2147483678 32 
2147483686 2147483648 2147483678 2147483648 2147483678 2147483698 2147483739 2147483743 2147483749 2147483698 2147483739 2147483743 2147483749 
2147483688 2147483648 2147483678 2147483648 2147483678 2147483698 2147483739 2147483743 2147483749 57 53 2147483698 2147483739 2147483743 2147483749 
2147483693 2147483648 2147483678 2147483648 2147483678 2147483696 2147483698 2147483739 2147483743 2147483749 2147483696 2147483698 2147483739 2147483743 2147483749 
2147483696 2147483648 2147483678 2147483693 2147483648 2147483678 2147483693 2147483698 2147483739 2147483743 2147483749 2147483698 2147483739 2147483743 2147483749 
2147483698 2147483648 2147483655 2147483657 2147483658 2147483659 2147483670 2147483678 2147483679 2147483686 2147483688 2147483693 2147483696 2147483648 2147483655 2147483657 2147483658 2147483659 2147483670 2147483678 2147483679 2147483686 2147483688 2147483693 2147483696 2147483699 2147483707 2147483739 2147483743 2147483744 2147483749 54 49 52 57 53 127 128 129 130 2147483699 2147483707 2147483739 2147483743 2147483744 2147483749 
2147483699 2147483678 2147483698 2147483678 2147483698 2147483749 2147483749 
2147483707 2147483648 2147483655 2147483657 2147483678 2147483698 2147483648 2147483655 2147483657 2147483678 2147483698 2147483743 2147483743 
2147483722 2147483648 2147483678 2147483648 2147483678 2147483723 2147483724 2147483729 2147483732 2147483743 2147483748 2147483749 49 52 54 57 53 127 128 129 130 2147483723 2147483724 2147483729 2147483732 2147483743 2147483748 2147483749 
2147483723 2147483648 2147483678 2147483722 2147483648 2147483678 2147483722 2147483724 2147483743 2147483749 2147483724 2147483743 2147483749 
2147483724 2147483648 2147483678 2147483722 2147483723 2147483648 2147483678 2147483722 2147483723 2147483743 2147483749 57 53 2147483743 2147483749 
2147483729 2147483648 2147483678 2147483722 2147483648 2147483678 2147483722 2147483732 2147483743 2147483748 2147483749 2147483732 2147483743 2147483748 2147483749 
2147483732 2147483648 2147483678 2147483722 2147483729 2147483648 2147483678 2147483722 2147483729 2147483743 2147483748 2147483749 2147483743 2147483748 2147483749 
2147483736 2147483678 2147483678 2147483749 2147483749 
2147483739 2147483648 2147483678 2147483686 2147483688 2147483693 2147483696 2147483698 2147483648 2147483678 2147483686 2147483688 2147483693 2147483696 2147483698 2147483743 2147483749 2147483743 2147483749 
2147483743 2147483648 2147483655 2147483656 2147483657 2147483658 2147483659 2147483670 2147483678 2147483679 2147483686 2147483688 2147483693 2147483696 2147483698 2147483707 2147483722 2147483723 2147483724 2147483729 2147483732 2147483739 2147483648 2147483655 2147483656 2147483657 2147483658 2147483659 2147483670 2147483678 2147483679 2147483686 2147483688 2147483693 2147483696 2147483698 2147483707 2147483722 2147483723 2147483724 2147483729 2147483732 2147483739 2147483744 2147483748 2147483749 49 52 54 57 53 127 128 129 130 2147483744 2147483748 2147483749 
2147483744 2147483648 2147483655 2147483656 2147483657 2147483658 2147483659 2147483670 2147483678 2147483698 2147483743 2147483648 2147483655 2147483656 2147483657 2147483658 2147483659 2147483670 2147483678 2147483698 2147483743 
2147483748 2147483648 2147483678 2147483722 2147483729 2147483732 2147483743 2147483648 2147483678 2147483722 2147483729 2147483732 2147483743 2147483749 2147483749 
2147483749 2147483648 2147483678 2147483686 2147483688 2147483693 2147483696 2147483698 2147483699 2147483722 2147483723 2147483724 2147483729 2147483732 2147483736 2147483739 2147483743 2147483748 2147483648 2147483678 2147483686 2147483688 2147483693 2147483696 2147483698 2147483699 2147483722 2147483723 2147483724 2147483729 2147483732 2147483736 2147483739 2147483743 2147483748 49 52 54 57 53 127 128 129 130 
