49 2147483648 2147483649 2147483651 2147483657 2147483666 2147483673 2147483709 2147483713 2147483715 
50 
51 
52 2147483648 2147483649 2147483651 2147483657 2147483666 2147483673 2147483709 2147483713 2147483715 
53 2147483648 2147483649 2147483651 2147483657 2147483666 2147483673 2147483709 2147483713 2147483715 
54 2147483648 2147483649 2147483651 2147483657 2147483666 2147483673 2147483709 2147483713 2147483715 
57 2147483648 2147483649 2147483651 2147483657 2147483666 2147483673 2147483709 2147483713 2147483715 
127 2147483648 2147483649 2147483651 2147483657 2147483666 2147483673 2147483709 2147483713 2147483715 
128 2147483648 2147483649 2147483651 2147483657 2147483666 2147483673 2147483709 2147483713 2147483715 
129 2147483648 2147483649 2147483651 2147483657 2147483666 2147483673 2147483709 2147483713 2147483715 
130 2147483648 2147483649 2147483651 2147483657 2147483666 2147483673 2147483709 2147483713 2147483715 
131 
132 
133 
134 
2147483648 2147483649 2147483651 2147483656 2147483657 2147483659 2147483666 2147483673 2147483677 2147483704 2147483709 2147483713 2147483715 53 49 52 54 57 127 128 129 130 2147483649 2147483651 2147483656 2147483657 2147483659 2147483666 2147483673 2147483677 2147483704 2147483709 2147483713 2147483715 
2147483649 2147483648 2147483648 2147483651 2147483656 2147483657 2147483659 2147483673 2147483677 2147483704 2147483709 2147483713 2147483715 49 52 54 57 53 127 128 129 130 2147483651 2147483656 2147483657 2147483659 2147483673 2147483677 2147483704 2147483709 2147483713 2147483715 
2147483651 2147483648 2147483649 2147483648 2147483649 2147483666 2147483673 2147483677 2147483704 2147483709 2147483713 2147483715 49 52 54 57 53 127 128 129 130 2147483666 2147483673 2147483677 2147483704 2147483709 2147483713 2147483715 
2147483656 2147483648 2147483649 2147483648 2147483649 2147483657 2147483659 2147483673 2147483709 2147483713 2147483715 2147483657 2147483659 2147483673 2147483709 2147483713 2147483715 
2147483657 2147483648 2147483649 2147483656 2147483648 2147483649 2147483656 2147483659 2147483673 2147483709 2147483713 2147483715 49 52 54 57 53 127 128 129 130 2147483659 2147483673 2147483709 2147483713 2147483715 
2147483659 2147483648 2147483649 2147483656 2147483657 2147483648 2147483649 2147483656 2147483657 2147483673 2147483709 2147483713 2147483715 2147483673 2147483709 2147483713 2147483715 
2147483666 2147483648 2147483651 2147483648 2147483651 2147483673 2147483713 49 52 54 57 53 127 128 129 130 2147483673 2147483713 
2147483673 2147483648 2147483649 2147483651 2147483656 2147483657 2147483659 2147483666 2147483648 2147483649 2147483651 2147483656 2147483657 2147483659 2147483666 2147483677 2147483704 2147483709 2147483713 2147483715 53 49 52 54 57 127 128 129 130 2147483677 2147483704 2147483709 2147483713 2147483715 
2147483677 2147483648 2147483649 2147483651 2147483673 2147483648 2147483649 2147483651 2147483673 2147483704 2147483709 2147483715 2147483704 2147483709 2147483715 
2147483704 2147483648 2147483649 2147483651 2147483673 2147483677 2147483648 2147483649 2147483651 2147483673 2147483677 2147483709 2147483713 2147483715 2147483709 2147483713 2147483715 
2147483709 2147483648 2147483649 2147483651 2147483656 2147483657 2147483659 2147483673 2147483677 2147483704 2147483648 2147483649 2147483651 2147483656 2147483657 2147483659 2147483673 2147483677 2147483704 2147483713 2147483715 49 52 54 57 53 127 128 129 130 2147483713 2147483715 
2147483713 2147483648 2147483649 2147483651 2147483656 2147483657 2147483659 2147483666 2147483673 2147483704 2147483709 2147483648 2147483649 2147483651 2147483656 2147483657 2147483659 2147483666 2147483673 2147483704 2147483709 2147483715 49 52 54 57 53 127 128 129 130 2147483715 
2147483715 2147483648 2147483649 2147483651 2147483656 2147483657 2147483659 2147483673 2147483677 2147483704 2147483709 2147483713 2147483648 2147483649 2147483651 2147483656 2147483657 2147483659 2147483673 2147483677 2147483704 2147483709 2147483713 57 49 52 54 53 127 128 129 130 
