49 2147483657 2147483658 2147483692 
50 
51 
52 2147483657 2147483658 2147483692 
53 2147483657 2147483658 2147483692 
54 2147483657 2147483658 2147483692 
57 2147483657 2147483658 2147483692 
127 2147483657 2147483658 2147483692 
128 2147483657 2147483658 2147483692 
129 2147483657 2147483658 2147483692 
130 2147483657 2147483658 2147483692 
131 
132 
133 
134 
2147483656 2147483657 2147483658 2147483692 2147483694 2147483657 2147483658 2147483692 2147483694 
2147483657 2147483656 2147483656 2147483658 2147483668 2147483676 2147483677 2147483678 2147483681 2147483692 2147483693 2147483694 57 52 53 49 54 127 128 129 130 2147483658 2147483668 2147483676 2147483677 2147483678 2147483681 2147483692 2147483693 2147483694 
2147483658 2147483656 2147483657 2147483656 2147483657 2147483668 2147483676 2147483677 2147483678 2147483681 2147483692 2147483693 2147483694 57 49 52 54 53 127 128 129 130 2147483668 2147483676 2147483677 2147483678 2147483681 2147483692 2147483693 2147483694 
2147483668 2147483657 2147483658 2147483657 2147483658 2147483692 2147483692 
2147483676 2147483657 2147483658 2147483657 2147483658 2147483692 2147483693 2147483692 2147483693 
2147483677 2147483657 2147483658 2147483657 2147483658 2147483692 2147483692 
2147483678 2147483657 2147483658 2147483657 2147483658 2147483692 2147483692 
2147483681 2147483657 2147483658 2147483657 2147483658 2147483692 2147483692 
2147483692 2147483656 2147483657 2147483658 2147483668 2147483676 2147483677 2147483678 2147483681 2147483656 2147483657 2147483658 2147483668 2147483676 2147483677 2147483678 2147483681 2147483693 2147483694 49 52 54 57 53 127 128 129 130 2147483693 2147483694 
2147483693 2147483657 2147483658 2147483676 2147483692 2147483657 2147483658 2147483676 2147483692 
2147483694 2147483656 2147483657 2147483658 2147483692 2147483656 2147483657 2147483658 2147483692 
