2 
5 
8 
11 
18 
19 
22 2147483689 2147483760 2147483761 2147483765 
23 
24 
25 2147483689 2147483760 2147483761 2147483765 
26 2147483689 2147483712 2147483716 2147483720 2147483734 2147483760 2147483761 2147483765 
27 2147483689 2147483760 2147483761 2147483765 
32 2147483689 2147483734 2147483760 2147483761 2147483765 
49 2147483650 2147483665 2147483667 2147483668 2147483670 2147483684 2147483687 2147483711 2147483727 2147483746 2147483755 2147483762 2147483763 
50 
51 
52 2147483650 2147483665 2147483667 2147483668 2147483670 2147483684 2147483687 2147483711 2147483727 2147483736 2147483737 2147483746 2147483755 2147483762 2147483763 
53 2147483650 2147483665 2147483667 2147483668 2147483670 2147483678 2147483684 2147483687 2147483711 2147483727 2147483733 2147483736 2147483737 2147483746 2147483755 2147483762 2147483763 
54 2147483650 2147483665 2147483667 2147483668 2147483670 2147483684 2147483687 2147483711 2147483727 2147483736 2147483737 2147483746 2147483755 2147483762 2147483763 
57 2147483650 2147483665 2147483667 2147483668 2147483670 2147483684 2147483687 2147483711 2147483727 2147483736 2147483737 2147483746 2147483755 2147483762 2147483763 
61 
127 2147483650 2147483665 2147483667 2147483668 2147483670 2147483684 2147483687 2147483711 2147483727 2147483736 2147483737 2147483746 2147483755 2147483762 2147483763 
128 2147483650 2147483665 2147483667 2147483668 2147483670 2147483684 2147483687 2147483711 2147483727 2147483736 2147483737 2147483746 2147483755 2147483762 2147483763 
129 2147483650 2147483665 2147483667 2147483668 2147483670 2147483684 2147483687 2147483711 2147483727 2147483746 2147483755 2147483762 2147483763 
130 2147483650 2147483665 2147483667 2147483668 2147483670 2147483684 2147483687 2147483711 2147483727 2147483746 2147483755 2147483762 2147483763 
131 
132 
133 
134 
247 
248 
249 
250 
251 
252 
253 
254 
263 2147483689 2147483760 2147483761 2147483765 
264 2147483689 2147483760 2147483761 2147483765 
265 2147483689 2147483760 2147483761 2147483765 
266 2147483689 2147483760 2147483761 2147483765 
267 
268 
269 
270 
2147483650 2147483665 2147483667 2147483668 2147483670 2147483684 2147483687 2147483689 2147483690 2147483697 2147483700 2147483703 2147483706 2147483711 2147483712 2147483713 2147483714 2147483716 2147483717 2147483718 2147483720 2147483721 2147483722 2147483755 2147483760 2147483761 2147483762 2147483763 2147483765 54 53 127 49 52 57 128 129 130 2147483665 2147483667 2147483668 2147483670 2147483684 2147483687 2147483689 2147483690 2147483697 2147483700 2147483703 2147483706 2147483711 2147483712 2147483713 2147483714 2147483716 2147483717 2147483718 2147483720 2147483721 2147483722 2147483755 2147483760 2147483761 2147483762 2147483763 2147483765 
2147483665 2147483650 2147483650 2147483667 2147483755 2147483760 2147483761 2147483762 2147483763 2147483765 49 52 54 57 53 127 128 129 130 2147483667 2147483755 2147483760 2147483761 2147483762 2147483763 2147483765 
2147483667 2147483650 2147483665 2147483650 2147483665 2147483668 2147483670 2147483678 2147483684 2147483687 2147483689 2147483690 2147483697 2147483700 2147483703 2147483706 2147483711 2147483712 2147483713 2147483714 2147483716 2147483717 2147483718 2147483720 2147483721 2147483722 2147483727 2147483729 2147483732 2147483733 2147483734 2147483736 2147483737 2147483744 2147483746 2147483755 2147483760 2147483761 2147483762 2147483763 2147483765 53 49 52 54 57 127 128 129 130 2147483668 2147483670 2147483678 2147483684 2147483687 2147483689 2147483690 2147483697 2147483700 2147483703 2147483706 2147483711 2147483712 2147483713 2147483714 2147483716 2147483717 2147483718 2147483720 2147483721 2147483722 2147483727 2147483729 2147483732 2147483733 2147483734 2147483736 2147483737 2147483744 2147483746 2147483755 2147483760 2147483761 2147483762 2147483763 2147483765 
2147483668 2147483650 2147483667 2147483650 2147483667 2147483670 2147483689 2147483711 2147483712 2147483713 2147483714 2147483716 2147483717 2147483718 2147483720 2147483721 2147483755 2147483760 2147483761 2147483762 2147483763 49 52 54 57 53 127 128 129 130 2147483670 2147483689 2147483711 2147483712 2147483713 2147483714 2147483716 2147483717 2147483718 2147483720 2147483721 2147483755 2147483760 2147483761 2147483762 2147483763 
2147483670 2147483650 2147483667 2147483668 2147483650 2147483667 2147483668 2147483678 2147483689 2147483711 2147483713 2147483716 2147483717 2147483718 2147483720 2147483721 2147483722 2147483727 2147483729 2147483732 2147483733 2147483734 2147483736 2147483737 2147483744 2147483746 2147483755 2147483760 2147483761 2147483762 2147483763 49 53 57 52 54 127 128 129 130 2147483678 2147483689 2147483711 2147483713 2147483716 2147483717 2147483718 2147483720 2147483721 2147483722 2147483727 2147483729 2147483732 2147483733 2147483734 2147483736 2147483737 2147483744 2147483746 2147483755 2147483760 2147483761 2147483762 2147483763 
2147483678 2147483667 2147483670 2147483667 2147483670 2147483711 2147483762 2147483763 53 2147483711 2147483762 2147483763 
2147483684 2147483650 2147483667 2147483650 2147483667 2147483690 2147483755 2147483760 2147483761 2147483763 52 57 49 54 53 127 128 129 130 2147483690 2147483755 2147483760 2147483761 2147483763 
2147483687 2147483650 2147483667 2147483650 2147483667 2147483700 2147483703 2147483755 2147483760 2147483761 2147483762 2147483763 2147483765 57 49 52 54 53 127 128 129 130 2147483700 2147483703 2147483755 2147483760 2147483761 2147483762 2147483763 2147483765 
2147483689 2147483650 2147483667 2147483668 2147483670 2147483650 2147483667 2147483668 2147483670 2147483711 2147483720 2147483721 2147483722 2147483727 2147483729 2147483732 2147483733 2147483734 2147483736 2147483737 2147483755 2147483760 2147483761 2147483762 2147483763 263 22 25 27 32 26 264 265 266 2147483711 2147483720 2147483721 2147483722 2147483727 2147483729 2147483732 2147483733 2147483734 2147483736 2147483737 2147483755 2147483760 2147483761 2147483762 2147483763 
2147483690 2147483650 2147483667 2147483684 2147483650 2147483667 2147483684 2147483760 2147483761 2147483763 2147483760 2147483761 2147483763 
2147483697 2147483650 2147483667 2147483650 2147483667 2147483755 2147483760 2147483761 2147483763 2147483755 2147483760 2147483761 2147483763 
2147483700 2147483650 2147483667 2147483687 2147483650 2147483667 2147483687 2147483755 2147483760 2147483761 2147483763 2147483765 2147483755 2147483760 2147483761 2147483763 2147483765 
2147483703 2147483650 2147483667 2147483687 2147483650 2147483667 2147483687 2147483755 2147483760 2147483761 2147483762 2147483763 2147483765 2147483755 2147483760 2147483761 2147483762 2147483763 2147483765 
2147483706 2147483650 2147483667 2147483650 2147483667 2147483755 2147483760 2147483761 2147483762 2147483763 2147483765 2147483755 2147483760 2147483761 2147483762 2147483763 2147483765 
2147483711 2147483650 2147483667 2147483668 2147483670 2147483678 2147483689 2147483650 2147483667 2147483668 2147483670 2147483678 2147483689 2147483712 2147483713 2147483714 2147483716 2147483717 2147483718 2147483720 2147483721 2147483722 2147483727 2147483729 2147483732 2147483733 2147483734 2147483736 2147483737 2147483755 2147483760 2147483761 2147483762 2147483763 49 52 54 57 53 127 128 129 130 2147483712 2147483713 2147483714 2147483716 2147483717 2147483718 2147483720 2147483721 2147483722 2147483727 2147483729 2147483732 2147483733 2147483734 2147483736 2147483737 2147483755 2147483760 2147483761 2147483762 2147483763 
2147483712 2147483650 2147483667 2147483668 2147483711 2147483650 2147483667 2147483668 2147483711 2147483755 2147483760 2147483761 2147483762 2147483763 26 2147483755 2147483760 2147483761 2147483762 2147483763 
2147483713 2147483650 2147483667 2147483668 2147483670 2147483711 2147483650 2147483667 2147483668 2147483670 2147483711 2147483755 2147483760 2147483761 2147483762 2147483763 2147483755 2147483760 2147483761 2147483762 2147483763 
2147483714 2147483650 2147483667 2147483668 2147483711 2147483650 2147483667 2147483668 2147483711 2147483755 2147483760 2147483761 2147483762 2147483763 2147483755 2147483760 2147483761 2147483762 2147483763 
2147483716 2147483650 2147483667 2147483668 2147483670 2147483711 2147483650 2147483667 2147483668 2147483670 2147483711 2147483755 2147483760 2147483761 2147483762 2147483763 26 2147483755 2147483760 2147483761 2147483762 2147483763 
2147483717 2147483650 2147483667 2147483668 2147483670 2147483711 2147483650 2147483667 2147483668 2147483670 2147483711 2147483755 2147483760 2147483761 2147483762 2147483763 2147483755 2147483760 2147483761 2147483762 2147483763 
2147483718 2147483650 2147483667 2147483668 2147483670 2147483711 2147483650 2147483667 2147483668 2147483670 2147483711 2147483755 2147483760 2147483761 2147483762 2147483763 2147483755 2147483760 2147483761 2147483762 2147483763 
2147483720 2147483650 2147483667 2147483668 2147483670 2147483689 2147483711 2147483650 2147483667 2147483668 2147483670 2147483689 2147483711 2147483755 2147483760 2147483761 2147483762 2147483763 26 2147483755 2147483760 2147483761 2147483762 2147483763 
2147483721 2147483650 2147483667 2147483668 2147483670 2147483689 2147483711 2147483650 2147483667 2147483668 2147483670 2147483689 2147483711 2147483755 2147483760 2147483761 2147483762 2147483763 2147483755 2147483760 2147483761 2147483762 2147483763 
2147483722 2147483650 2147483667 2147483670 2147483689 2147483711 2147483650 2147483667 2147483670 2147483689 2147483711 2147483755 2147483760 2147483761 2147483762 2147483763 2147483755 2147483760 2147483761 2147483762 2147483763 
2147483727 2147483667 2147483670 2147483689 2147483711 2147483667 2147483670 2147483689 2147483711 2147483729 2147483732 2147483733 2147483762 2147483763 49 52 54 57 53 127 128 129 130 2147483729 2147483732 2147483733 2147483762 2147483763 
2147483729 2147483667 2147483670 2147483689 2147483711 2147483727 2147483667 2147483670 2147483689 2147483711 2147483727 2147483762 2147483763 2147483762 2147483763 
2147483732 2147483667 2147483670 2147483689 2147483711 2147483727 2147483667 2147483670 2147483689 2147483711 2147483727 2147483733 2147483734 2147483736 2147483737 2147483762 2147483763 2147483733 2147483734 2147483736 2147483737 2147483762 2147483763 
2147483733 2147483667 2147483670 2147483689 2147483711 2147483727 2147483732 2147483667 2147483670 2147483689 2147483711 2147483727 2147483732 2147483734 2147483736 2147483737 2147483762 2147483763 53 2147483734 2147483736 2147483737 2147483762 2147483763 
2147483734 2147483667 2147483670 2147483689 2147483711 2147483732 2147483733 2147483667 2147483670 2147483689 2147483711 2147483732 2147483733 2147483736 2147483737 2147483762 2147483763 32 26 2147483736 2147483737 2147483762 2147483763 
2147483736 2147483667 2147483670 2147483689 2147483711 2147483732 2147483733 2147483734 2147483667 2147483670 2147483689 2147483711 2147483732 2147483733 2147483734 2147483737 2147483762 2147483763 52 54 57 53 127 128 2147483737 2147483762 2147483763 
2147483737 2147483667 2147483670 2147483689 2147483711 2147483732 2147483733 2147483734 2147483736 2147483667 2147483670 2147483689 2147483711 2147483732 2147483733 2147483734 2147483736 2147483762 2147483763 52 54 57 53 127 128 2147483762 2147483763 
2147483744 2147483667 2147483670 2147483667 2147483670 
2147483746 2147483667 2147483670 2147483667 2147483670 49 53 52 54 57 127 128 129 130 
2147483755 2147483650 2147483665 2147483667 2147483668 2147483670 2147483684 2147483687 2147483689 2147483697 2147483700 2147483703 2147483706 2147483711 2147483712 2147483713 2147483714 2147483716 2147483717 2147483718 2147483720 2147483721 2147483722 2147483650 2147483665 2147483667 2147483668 2147483670 2147483684 2147483687 2147483689 2147483697 2147483700 2147483703 2147483706 2147483711 2147483712 2147483713 2147483714 2147483716 2147483717 2147483718 2147483720 2147483721 2147483722 2147483760 2147483761 2147483762 2147483763 2147483765 57 52 49 54 53 127 128 129 130 2147483760 2147483761 2147483762 2147483763 2147483765 
2147483760 2147483650 2147483665 2147483667 2147483668 2147483670 2147483684 2147483687 2147483689 2147483690 2147483697 2147483700 2147483703 2147483706 2147483711 2147483712 2147483713 2147483714 2147483716 2147483717 2147483718 2147483720 2147483721 2147483722 2147483755 2147483650 2147483665 2147483667 2147483668 2147483670 2147483684 2147483687 2147483689 2147483690 2147483697 2147483700 2147483703 2147483706 2147483711 2147483712 2147483713 2147483714 2147483716 2147483717 2147483718 2147483720 2147483721 2147483722 2147483755 2147483761 2147483762 2147483763 2147483765 26 32 22 25 27 263 264 265 266 2147483761 2147483762 2147483763 2147483765 
2147483761 2147483650 2147483665 2147483667 2147483668 2147483670 2147483684 2147483687 2147483689 2147483690 2147483697 2147483700 2147483703 2147483706 2147483711 2147483712 2147483713 2147483714 2147483716 2147483717 2147483718 2147483720 2147483721 2147483722 2147483755 2147483760 2147483650 2147483665 2147483667 2147483668 2147483670 2147483684 2147483687 2147483689 2147483690 2147483697 2147483700 2147483703 2147483706 2147483711 2147483712 2147483713 2147483714 2147483716 2147483717 2147483718 2147483720 2147483721 2147483722 2147483755 2147483760 2147483762 2147483763 2147483765 263 27 22 25 32 26 264 265 266 2147483762 2147483763 2147483765 
2147483762 2147483650 2147483665 2147483667 2147483668 2147483670 2147483678 2147483687 2147483689 2147483703 2147483706 2147483711 2147483712 2147483713 2147483714 2147483716 2147483717 2147483718 2147483720 2147483721 2147483722 2147483727 2147483729 2147483732 2147483733 2147483734 2147483736 2147483737 2147483755 2147483760 2147483761 2147483650 2147483665 2147483667 2147483668 2147483670 2147483678 2147483687 2147483689 2147483703 2147483706 2147483711 2147483712 2147483713 2147483714 2147483716 2147483717 2147483718 2147483720 2147483721 2147483722 2147483727 2147483729 2147483732 2147483733 2147483734 2147483736 2147483737 2147483755 2147483760 2147483761 2147483763 2147483765 53 49 57 54 52 127 128 129 130 2147483763 2147483765 
2147483763 2147483650 2147483665 2147483667 2147483668 2147483670 2147483678 2147483684 2147483687 2147483689 2147483690 2147483697 2147483700 2147483703 2147483706 2147483711 2147483712 2147483713 2147483714 2147483716 2147483717 2147483718 2147483720 2147483721 2147483722 2147483727 2147483729 2147483732 2147483733 2147483734 2147483736 2147483737 2147483755 2147483760 2147483761 2147483762 2147483650 2147483665 2147483667 2147483668 2147483670 2147483678 2147483684 2147483687 2147483689 2147483690 2147483697 2147483700 2147483703 2147483706 2147483711 2147483712 2147483713 2147483714 2147483716 2147483717 2147483718 2147483720 2147483721 2147483722 2147483727 2147483729 2147483732 2147483733 2147483734 2147483736 2147483737 2147483755 2147483760 2147483761 2147483762 2147483765 53 128 49 57 52 54 127 129 130 2147483765 
2147483765 2147483650 2147483665 2147483667 2147483687 2147483700 2147483703 2147483706 2147483755 2147483760 2147483761 2147483762 2147483763 2147483650 2147483665 2147483667 2147483687 2147483700 2147483703 2147483706 2147483755 2147483760 2147483761 2147483762 2147483763 26 22 25 27 32 263 264 265 266 
