22,1,22,-1,0,1,0,0,0,
23,1,23,-1,0,1,0,0,0,
24,1,24,-1,0,1,0,0,0,
25,1,25,-1,0,1,0,0,0,
26,1,26,-1,0,1,0,0,0,
27,1,27,-1,0,1,0,0,0,
32,1,32,-1,0,1,0,0,0,
49,1,49,-1,0,1,0,0,0,
50,1,50,-1,0,1,0,0,0,
51,1,51,-1,0,1,0,0,0,
52,1,52,-1,0,1,0,0,0,
53,1,53,-1,0,1,0,0,0,
54,1,54,-1,0,1,0,0,0,
57,1,57,-1,0,1,0,0,0,
127,1,127,-1,0,1,0,0,0,
128,1,128,-1,0,1,0,0,0,
129,1,129,-1,0,1,0,0,0,
130,1,130,-1,0,1,0,0,0,
131,1,131,-1,0,1,0,0,0,
132,1,132,-1,0,1,0,0,0,
133,1,133,-1,0,1,0,0,0,
134,1,134,-1,0,1,0,0,0,
263,1,263,-1,0,1,0,0,0,
264,1,264,-1,0,1,0,0,0,
265,1,265,-1,0,1,0,0,0,
266,1,266,-1,0,1,0,0,0,
267,1,267,-1,0,1,0,0,0,
268,1,268,-1,0,1,0,0,0,
269,1,269,-1,0,1,0,0,0,
270,1,270,-1,0,1,0,0,0,
2147483648,0,0,0.0275967,15,0,1,0,0,51 133 134 131 132 50
2147483649,0,0,3.1822e-05,1,0,1,0,0,57 49 52 54 127 128 129 130 51 133 134 131 132 50
2147483651,0,0,1.86679e-05,2,0,1,0,0,49 52 54 57 53 127 128 129 130 51 133 134 131 132 50
2147483661,0,0,0.000220696,1,0,1,0,0,49 52 54 57 53 127 128 129 130 51 133 134 131 132 50
2147483664,0,0,0.00585304,13,0,1,0,0,51 133 134 131 132 50
2147483669,0,0,0.00217258,1,0,1,0,0,49 52 54 57 53 127 128 129 130 51 133 134 131 132 50
2147483673,0,0,0.104734,3,0,1,0,0,49 52 54 57 53 127 128 129 130 51 133 134 131 132 50
2147483680,0,0,0.0710017,1,0,1,0,0,57 49 52 54 127 128 129 130 51 133 134 131 132 50
2147483681,0,0,inf,1,0,1,0,0,22 25 27 32 26 263 264 265 266 24 23 269 270 267 268
2147483685,0,0,9.51705e-05,1,0,1,0,0,57 49 52 54 127 128 129 130 51 133 134 131 132 50
2147483686,0,0,9.86954e-05,1,0,1,0,0,22 25 27 32 26 263 264 265 266 24 23 269 270 267 268
2147483688,0,0,inf,1,0,1,0,0,49 52 54 57 53 127 128 129 130 51 133 134 131 132 50
2147483691,0,0,inf,1,0,1,0,0,49 52 54 57 53 127 128 129 130 51 133 134 131 132 50
2147483692,0,0,0.00281477,1,0,1,0,0,57 49 52 54 127 128 129 130 51 133 134 131 132 50
2147483693,0,0,0.00312753,1,0,1,0,0,22 25 27 32 26 263 264 265 266 24 23 269 270 267 268
2147483694,0,0,inf,1,0,1,0,0,49 52 54 57 53 127 128 129 130 51 133 134 131 132 50
2147483697,0,0,inf,1,0,1,0,0,49 52 54 57 53 127 128 129 130 51 133 134 131 132 50
2147483698,0,0,0.00562955,1,0,1,0,0,57 49 52 54 127 128 129 130 51 133 134 131 132 50
2147483699,0,0,inf,1,0,1,0,0,22 25 27 32 26 263 264 265 266 24 23 269 270 267 268
2147483700,0,0,0.000198322,1,0,1,0,0,57 49 52 54 127 128 129 130 51 133 134 131 132 50
2147483701,0,0,0.000198322,1,0,1,0,0,57 49 52 54 127 128 129 130 51 133 134 131 132 50
2147483702,0,0,inf,1,0,1,0,0,49 52 54 57 53 127 128 129 130 51 133 134 131 132 50
2147483705,0,0,inf,1,0,1,0,0,49 52 54 57 53 127 128 129 130 51 133 134 131 132 50
2147483706,0,0,0.00281477,1,0,1,0,0,57 49 52 54 127 128 129 130 51 133 134 131 132 50
2147483707,0,0,0.00312753,1,0,1,0,0,22 25 27 32 26 263 264 265 266 24 23 269 270 267 268
2147483709,0,0,0.000191239,1,0,1,0,0,57 49 52 54 127 128 129 130 51 133 134 131 132 50
2147483710,0,0,0.000198322,1,0,1,0,0,22 25 27 32 26 263 264 265 266 24 23 269 270 267 268
2147483714,0,0,inf,1,0,1,0,0,22 25 27 32 26 263 264 265 266 24 23 269 270 267 268
2147483719,0,0,inf,1,0,1,0,0,49 52 54 57 53 127 128 129 130 51 133 134 131 132 50
2147483727,0,0,inf,1,0,1,0,0,49 52 54 57 53 127 128 129 130 51 133 134 131 132 50
2147483729,0,0,1.04802e-05,2,0,1,0,0,22 25 27 32 26 263 264 265 266 24 23 269 270 267 268
2147483734,0,0,inf,1,0,1,0,0,49 52 54 57 53 127 128 129 130 51 133 134 131 132 50
2147483737,0,0,inf,3,0,1,0,0,22 25 27 32 26 263 264 265 266 24 23 269 270 267 268
2147483740,0,0,inf,1,0,1,0,0,22 25 27 32 26 263 264 265 266 24 23 269 270 267 268
2147483743,0,0,0.0070689,4,0,1,0,0,51 133 134 131 132 50
2147483744,0,0,0.0150832,4,0,1,0,0,51 133 134 131 132 50
2147483745,0,0,0.0070689,4,0,1,0,0,51 133 134 131 132 50
2147483746,0,0,0.0028961,14,0,1,0,0,24 23 269 270 267 268
2147483747,0,0,4.9781e-05,2,0,1,0,0,49 52 54 57 53 127 128 129 130 51 133 134 131 132 50
