22 
23 
24 
25 
26 
27 
32 
49 2147483651 2147483652 2147483653 2147483662 2147483675 
50 
51 
52 2147483651 2147483652 2147483653 2147483662 2147483675 
53 2147483651 2147483652 2147483653 2147483661 2147483662 2147483670 2147483675 
54 2147483651 2147483652 2147483653 2147483662 2147483675 
57 2147483651 2147483652 2147483653 2147483662 2147483670 2147483675 
127 2147483651 2147483652 2147483653 2147483662 2147483675 
128 2147483651 2147483652 2147483653 2147483662 2147483675 
129 2147483651 2147483652 2147483653 2147483662 2147483675 
130 2147483651 2147483652 2147483653 2147483662 2147483675 
131 
132 
133 
134 
263 
264 
265 
266 
267 
268 
269 
270 
2147483651 2147483652 2147483653 2147483659 2147483661 2147483662 2147483669 2147483670 2147483675 53 57 49 52 54 127 128 129 130 2147483652 2147483653 2147483659 2147483661 2147483662 2147483669 2147483670 2147483675 
2147483652 2147483651 2147483651 2147483653 2147483659 57 49 52 54 53 127 128 129 130 2147483653 2147483659 
2147483653 2147483651 2147483652 2147483651 2147483652 53 49 52 54 57 127 128 129 130 
2147483659 2147483651 2147483652 2147483651 2147483652 
2147483661 2147483651 2147483651 2147483662 2147483675 53 2147483662 2147483675 
2147483662 2147483651 2147483661 2147483651 2147483661 2147483669 2147483670 2147483675 52 53 49 54 57 127 128 129 130 2147483669 2147483670 2147483675 
2147483669 2147483651 2147483662 2147483651 2147483662 2147483675 2147483675 
2147483670 2147483651 2147483662 2147483651 2147483662 2147483675 57 53 2147483675 
2147483675 2147483651 2147483661 2147483662 2147483669 2147483670 2147483651 2147483661 2147483662 2147483669 2147483670 49 52 54 57 53 127 128 129 130 
