2 2147483648 
5 
8 
11 2147483648 
18 2147483648 
19 2147483648 
22 2147483654 2147483655 2147483752 2147483776 
23 
24 
25 2147483654 2147483655 2147483752 2147483776 
26 2147483654 2147483655 2147483752 2147483776 2147483778 
27 2147483654 2147483655 2147483752 2147483776 2147483778 
32 2147483654 2147483655 2147483752 2147483776 2147483778 
49 2147483651 2147483663 2147483683 2147483684 2147483692 2147483693 2147483707 2147483717 2147483718 2147483719 2147483836 2147483837 2147483838 2147483839 2147483840 2147483841 2147483842 2147483844 2147483846 2147483847 
50 
51 
52 2147483651 2147483663 2147483669 2147483678 2147483683 2147483684 2147483692 2147483693 2147483707 2147483717 2147483718 2147483719 2147483770 2147483836 2147483837 2147483838 2147483839 2147483840 2147483841 2147483842 2147483844 2147483846 2147483847 
53 2147483649 2147483651 2147483657 2147483663 2147483669 2147483678 2147483683 2147483684 2147483685 2147483691 2147483692 2147483693 2147483696 2147483707 2147483717 2147483718 2147483719 2147483733 2147483734 2147483736 2147483742 2147483764 2147483767 2147483768 2147483774 2147483779 2147483780 2147483806 2147483826 2147483829 2147483836 2147483837 2147483838 2147483839 2147483840 2147483841 2147483842 2147483844 2147483846 2147483847 
54 2147483651 2147483663 2147483669 2147483678 2147483683 2147483684 2147483692 2147483693 2147483707 2147483717 2147483718 2147483719 2147483836 2147483837 2147483838 2147483839 2147483840 2147483841 2147483842 2147483844 2147483846 2147483847 
57 2147483651 2147483663 2147483669 2147483678 2147483683 2147483684 2147483685 2147483691 2147483692 2147483693 2147483696 2147483707 2147483717 2147483718 2147483719 2147483767 2147483779 2147483836 2147483837 2147483838 2147483839 2147483840 2147483841 2147483842 2147483844 2147483846 2147483847 
61 2147483648 
127 2147483651 2147483663 2147483683 2147483684 2147483692 2147483693 2147483707 2147483717 2147483718 2147483719 2147483836 2147483837 2147483838 2147483839 2147483840 2147483841 2147483842 2147483844 2147483846 2147483847 
128 2147483651 2147483663 2147483683 2147483684 2147483692 2147483693 2147483707 2147483717 2147483718 2147483719 2147483836 2147483837 2147483838 2147483839 2147483840 2147483841 2147483842 2147483844 2147483846 2147483847 
129 2147483651 2147483663 2147483683 2147483684 2147483692 2147483693 2147483707 2147483717 2147483718 2147483719 2147483836 2147483837 2147483838 2147483839 2147483840 2147483841 2147483842 2147483844 2147483846 2147483847 
130 2147483651 2147483663 2147483683 2147483684 2147483692 2147483693 2147483707 2147483717 2147483718 2147483719 2147483836 2147483837 2147483838 2147483839 2147483840 2147483841 2147483842 2147483844 2147483846 2147483847 
131 
132 
133 
134 
247 2147483648 
248 2147483648 
249 2147483648 
250 2147483648 
251 
252 
253 
254 
263 2147483654 2147483655 2147483752 2147483776 
264 2147483654 2147483655 2147483752 2147483776 
265 2147483654 2147483655 2147483752 2147483776 
266 2147483654 2147483655 2147483752 2147483776 
267 
268 
269 
270 
2147483648 2147483649 2147483651 2147483654 2147483655 2147483657 2147483658 2147483663 2147483669 2147483677 2147483678 2147483683 2147483684 2147483685 2147483687 2147483691 2147483692 2147483693 2147483696 2147483707 2147483710 2147483717 2147483718 2147483719 2147483720 2147483721 2147483727 2147483733 2147483734 2147483736 2147483742 2147483743 2147483748 2147483750 2147483751 2147483752 2147483754 2147483757 2147483758 2147483762 2147483763 2147483764 2147483765 2147483766 2147483767 2147483768 2147483770 2147483773 2147483774 2147483775 2147483776 2147483778 2147483779 2147483780 2147483787 2147483792 2147483793 2147483794 2147483797 2147483798 2147483806 2147483811 2147483821 2147483826 2147483827 2147483829 2147483836 2147483837 2147483838 2147483839 2147483840 2147483841 2147483842 2147483843 2147483844 2147483845 2147483846 2147483847 2147483848 2147483849 2 11 19 61 18 247 248 249 250 2147483649 2147483651 2147483654 2147483655 2147483657 2147483658 2147483663 2147483669 2147483677 2147483678 2147483683 2147483684 2147483685 2147483687 2147483691 2147483692 2147483693 2147483696 2147483707 2147483710 2147483717 2147483718 2147483719 2147483720 2147483721 2147483727 2147483733 2147483734 2147483736 2147483742 2147483743 2147483748 2147483750 2147483751 2147483752 2147483754 2147483757 2147483758 2147483762 2147483763 2147483764 2147483765 2147483766 2147483767 2147483768 2147483770 2147483773 2147483774 2147483775 2147483776 2147483778 2147483779 2147483780 2147483787 2147483792 2147483793 2147483794 2147483797 2147483798 2147483806 2147483811 2147483821 2147483826 2147483827 2147483829 2147483836 2147483837 2147483838 2147483839 2147483840 2147483841 2147483842 2147483843 2147483844 2147483845 2147483846 2147483847 2147483848 2147483849 
2147483649 2147483648 2147483648 2147483717 2147483718 2147483719 53 2147483717 2147483718 2147483719 
2147483651 2147483648 2147483648 2147483717 2147483718 2147483719 2147483721 2147483727 2147483846 2147483849 49 52 54 57 53 127 128 129 130 2147483717 2147483718 2147483719 2147483721 2147483727 2147483846 2147483849 
2147483653 
2147483654 2147483648 2147483648 2147483655 2147483717 2147483719 2147483811 2147483849 32 22 25 27 26 263 264 265 266 2147483655 2147483717 2147483719 2147483811 2147483849 
2147483655 2147483648 2147483654 2147483648 2147483654 2147483717 2147483719 2147483811 27 22 25 32 26 263 264 265 266 2147483717 2147483719 2147483811 
2147483656 
2147483657 2147483648 2147483648 2147483658 2147483717 2147483718 2147483719 2147483750 2147483751 53 2147483658 2147483717 2147483718 2147483719 2147483750 2147483751 
2147483658 2147483648 2147483657 2147483648 2147483657 2147483717 2147483718 2147483719 2147483717 2147483718 2147483719 
2147483663 2147483648 2147483648 2147483669 2147483677 2147483678 2147483717 2147483718 2147483719 2147483762 2147483763 2147483764 2147483765 2147483766 2147483767 2147483768 2147483770 2147483773 2147483774 2147483775 2147483776 2147483778 2147483779 2147483780 2147483837 2147483838 2147483839 2147483840 54 57 53 49 52 127 128 129 130 2147483669 2147483677 2147483678 2147483717 2147483718 2147483719 2147483762 2147483763 2147483764 2147483765 2147483766 2147483767 2147483768 2147483770 2147483773 2147483774 2147483775 2147483776 2147483778 2147483779 2147483780 2147483837 2147483838 2147483839 2147483840 
2147483669 2147483648 2147483663 2147483648 2147483663 2147483717 2147483718 2147483719 2147483767 2147483768 2147483837 2147483838 52 54 57 53 2147483717 2147483718 2147483719 2147483767 2147483768 2147483837 2147483838 
2147483677 2147483648 2147483663 2147483648 2147483663 2147483678 2147483717 2147483718 2147483719 2147483776 2147483839 2147483840 2147483678 2147483717 2147483718 2147483719 2147483776 2147483839 2147483840 
2147483678 2147483648 2147483663 2147483677 2147483648 2147483663 2147483677 2147483717 2147483718 2147483719 2147483776 2147483778 2147483779 2147483780 2147483839 2147483840 52 54 57 53 2147483717 2147483718 2147483719 2147483776 2147483778 2147483779 2147483780 2147483839 2147483840 
2147483683 2147483648 2147483648 2147483684 2147483685 2147483717 2147483718 2147483719 2147483787 2147483841 53 49 52 54 57 127 128 129 130 2147483684 2147483685 2147483717 2147483718 2147483719 2147483787 2147483841 
2147483684 2147483648 2147483683 2147483648 2147483683 2147483685 2147483717 2147483718 2147483719 2147483787 2147483841 49 52 54 57 53 127 128 129 130 2147483685 2147483717 2147483718 2147483719 2147483787 2147483841 
2147483685 2147483648 2147483683 2147483684 2147483648 2147483683 2147483684 2147483717 2147483718 2147483719 2147483841 57 53 2147483717 2147483718 2147483719 2147483841 
2147483687 2147483648 2147483648 2147483717 2147483718 2147483719 2147483841 2147483842 2147483717 2147483718 2147483719 2147483841 2147483842 
2147483691 2147483648 2147483648 2147483717 2147483718 2147483719 2147483798 2147483841 57 53 2147483717 2147483718 2147483719 2147483798 2147483841 
2147483692 2147483648 2147483648 2147483693 2147483696 2147483717 2147483718 2147483719 2147483841 2147483843 53 49 52 54 57 127 128 129 130 2147483693 2147483696 2147483717 2147483718 2147483719 2147483841 2147483843 
2147483693 2147483648 2147483692 2147483648 2147483692 2147483696 2147483717 2147483718 2147483719 2147483841 2147483843 49 52 54 57 53 127 128 129 130 2147483696 2147483717 2147483718 2147483719 2147483841 2147483843 
2147483696 2147483648 2147483692 2147483693 2147483648 2147483692 2147483693 2147483717 2147483718 2147483719 2147483841 57 53 2147483717 2147483718 2147483719 2147483841 
2147483698 
2147483704 
2147483705 
2147483706 
2147483707 2147483648 2147483648 2147483710 2147483717 2147483718 2147483719 2147483821 2147483826 2147483827 2147483829 2147483846 2147483847 2147483848 49 52 54 57 53 127 128 129 130 2147483710 2147483717 2147483718 2147483719 2147483821 2147483826 2147483827 2147483829 2147483846 2147483847 2147483848 
2147483710 2147483648 2147483707 2147483648 2147483707 2147483717 2147483718 2147483719 2147483846 2147483717 2147483718 2147483719 2147483846 
2147483716 
2147483717 2147483648 2147483649 2147483651 2147483654 2147483655 2147483657 2147483658 2147483663 2147483669 2147483677 2147483678 2147483683 2147483684 2147483685 2147483687 2147483691 2147483692 2147483693 2147483696 2147483707 2147483710 2147483648 2147483649 2147483651 2147483654 2147483655 2147483657 2147483658 2147483663 2147483669 2147483677 2147483678 2147483683 2147483684 2147483685 2147483687 2147483691 2147483692 2147483693 2147483696 2147483707 2147483710 2147483718 2147483719 2147483720 2147483721 2147483727 2147483733 2147483734 2147483736 2147483742 2147483743 2147483748 2147483750 2147483751 2147483752 2147483754 2147483757 2147483758 2147483762 2147483763 2147483764 2147483765 2147483766 2147483767 2147483768 2147483770 2147483773 2147483774 2147483775 2147483776 2147483778 2147483779 2147483780 2147483787 2147483792 2147483793 2147483794 2147483797 2147483798 2147483806 2147483811 2147483821 2147483826 2147483827 2147483829 2147483836 2147483837 2147483838 2147483839 2147483840 2147483841 2147483842 2147483843 2147483844 2147483845 2147483846 2147483847 2147483848 2147483849 53 49 52 54 57 127 128 129 130 2147483718 2147483719 2147483720 2147483721 2147483727 2147483733 2147483734 2147483736 2147483742 2147483743 2147483748 2147483750 2147483751 2147483752 2147483754 2147483757 2147483758 2147483762 2147483763 2147483764 2147483765 2147483766 2147483767 2147483768 2147483770 2147483773 2147483774 2147483775 2147483776 2147483778 2147483779 2147483780 2147483787 2147483792 2147483793 2147483794 2147483797 2147483798 2147483806 2147483811 2147483821 2147483826 2147483827 2147483829 2147483836 2147483837 2147483838 2147483839 2147483840 2147483841 2147483842 2147483843 2147483844 2147483845 2147483846 2147483847 2147483848 2147483849 
2147483718 2147483648 2147483649 2147483651 2147483657 2147483658 2147483663 2147483669 2147483677 2147483678 2147483683 2147483684 2147483685 2147483687 2147483691 2147483692 2147483693 2147483696 2147483707 2147483710 2147483717 2147483648 2147483649 2147483651 2147483657 2147483658 2147483663 2147483669 2147483677 2147483678 2147483683 2147483684 2147483685 2147483687 2147483691 2147483692 2147483693 2147483696 2147483707 2147483710 2147483717 2147483719 2147483720 2147483721 2147483727 2147483733 2147483734 2147483736 2147483742 2147483743 2147483748 2147483750 2147483751 2147483752 2147483754 2147483757 2147483758 2147483762 2147483763 2147483764 2147483765 2147483766 2147483767 2147483768 2147483770 2147483773 2147483774 2147483775 2147483776 2147483778 2147483779 2147483780 2147483787 2147483792 2147483793 2147483794 2147483797 2147483798 2147483821 2147483826 2147483827 2147483829 2147483836 2147483837 2147483838 2147483839 2147483840 2147483841 2147483842 2147483843 2147483844 2147483845 2147483846 2147483847 2147483848 2147483849 57 53 52 49 54 127 128 129 130 2147483719 2147483720 2147483721 2147483727 2147483733 2147483734 2147483736 2147483742 2147483743 2147483748 2147483750 2147483751 2147483752 2147483754 2147483757 2147483758 2147483762 2147483763 2147483764 2147483765 2147483766 2147483767 2147483768 2147483770 2147483773 2147483774 2147483775 2147483776 2147483778 2147483779 2147483780 2147483787 2147483792 2147483793 2147483794 2147483797 2147483798 2147483821 2147483826 2147483827 2147483829 2147483836 2147483837 2147483838 2147483839 2147483840 2147483841 2147483842 2147483843 2147483844 2147483845 2147483846 2147483847 2147483848 2147483849 
2147483719 2147483648 2147483649 2147483651 2147483654 2147483655 2147483657 2147483658 2147483663 2147483669 2147483677 2147483678 2147483683 2147483684 2147483685 2147483687 2147483691 2147483692 2147483693 2147483696 2147483707 2147483710 2147483717 2147483718 2147483648 2147483649 2147483651 2147483654 2147483655 2147483657 2147483658 2147483663 2147483669 2147483677 2147483678 2147483683 2147483684 2147483685 2147483687 2147483691 2147483692 2147483693 2147483696 2147483707 2147483710 2147483717 2147483718 2147483720 2147483721 2147483727 2147483733 2147483734 2147483736 2147483742 2147483743 2147483748 2147483750 2147483751 2147483752 2147483754 2147483757 2147483758 2147483762 2147483763 2147483764 2147483765 2147483766 2147483767 2147483768 2147483770 2147483773 2147483774 2147483775 2147483776 2147483778 2147483779 2147483780 2147483787 2147483792 2147483793 2147483794 2147483797 2147483798 2147483806 2147483811 2147483821 2147483826 2147483827 2147483829 2147483836 2147483837 2147483838 2147483839 2147483840 2147483841 2147483842 2147483843 2147483844 2147483845 2147483846 2147483847 2147483848 2147483849 54 53 57 127 52 49 128 129 130 2147483720 2147483721 2147483727 2147483733 2147483734 2147483736 2147483742 2147483743 2147483748 2147483750 2147483751 2147483752 2147483754 2147483757 2147483758 2147483762 2147483763 2147483764 2147483765 2147483766 2147483767 2147483768 2147483770 2147483773 2147483774 2147483775 2147483776 2147483778 2147483779 2147483780 2147483787 2147483792 2147483793 2147483794 2147483797 2147483798 2147483806 2147483811 2147483821 2147483826 2147483827 2147483829 2147483836 2147483837 2147483838 2147483839 2147483840 2147483841 2147483842 2147483843 2147483844 2147483845 2147483846 2147483847 2147483848 2147483849 
2147483720 2147483648 2147483717 2147483718 2147483719 2147483648 2147483717 2147483718 2147483719 
2147483721 2147483648 2147483651 2147483717 2147483718 2147483719 2147483648 2147483651 2147483717 2147483718 2147483719 2147483849 2147483849 
2147483727 2147483648 2147483651 2147483717 2147483718 2147483719 2147483648 2147483651 2147483717 2147483718 2147483719 2147483849 2147483849 
2147483733 2147483648 2147483717 2147483718 2147483719 2147483648 2147483717 2147483718 2147483719 53 
2147483734 2147483648 2147483717 2147483718 2147483719 2147483648 2147483717 2147483718 2147483719 53 
2147483735 
2147483736 2147483648 2147483717 2147483718 2147483719 2147483648 2147483717 2147483718 2147483719 53 
2147483737 
2147483742 2147483648 2147483717 2147483718 2147483719 2147483648 2147483717 2147483718 2147483719 2147483844 53 2147483844 
2147483743 2147483648 2147483717 2147483718 2147483719 2147483648 2147483717 2147483718 2147483719 2147483844 2147483845 2147483844 2147483845 
2147483745 
2147483748 2147483648 2147483717 2147483718 2147483719 2147483648 2147483717 2147483718 2147483719 
2147483750 2147483648 2147483657 2147483717 2147483718 2147483719 2147483648 2147483657 2147483717 2147483718 2147483719 
2147483751 2147483648 2147483657 2147483717 2147483718 2147483719 2147483648 2147483657 2147483717 2147483718 2147483719 
2147483752 2147483648 2147483717 2147483718 2147483719 2147483648 2147483717 2147483718 2147483719 2147483754 2147483836 22 32 25 27 26 263 264 265 266 2147483754 2147483836 
2147483754 2147483648 2147483717 2147483718 2147483719 2147483752 2147483648 2147483717 2147483718 2147483719 2147483752 2147483836 2147483836 
2147483757 2147483648 2147483717 2147483718 2147483719 2147483648 2147483717 2147483718 2147483719 2147483836 2147483836 
2147483758 2147483648 2147483717 2147483718 2147483719 2147483648 2147483717 2147483718 2147483719 2147483836 2147483836 
2147483762 2147483648 2147483663 2147483717 2147483718 2147483719 2147483648 2147483663 2147483717 2147483718 2147483719 2147483837 2147483838 2147483837 2147483838 
2147483763 2147483648 2147483663 2147483717 2147483718 2147483719 2147483648 2147483663 2147483717 2147483718 2147483719 2147483837 2147483838 2147483837 2147483838 
2147483764 2147483648 2147483663 2147483717 2147483718 2147483719 2147483648 2147483663 2147483717 2147483718 2147483719 2147483837 2147483838 53 2147483837 2147483838 
2147483765 2147483648 2147483663 2147483717 2147483718 2147483719 2147483648 2147483663 2147483717 2147483718 2147483719 2147483837 2147483838 2147483837 2147483838 
2147483766 2147483648 2147483663 2147483717 2147483718 2147483719 2147483648 2147483663 2147483717 2147483718 2147483719 2147483837 2147483838 2147483837 2147483838 
2147483767 2147483648 2147483663 2147483669 2147483717 2147483718 2147483719 2147483648 2147483663 2147483669 2147483717 2147483718 2147483719 2147483768 2147483837 2147483838 57 53 2147483768 2147483837 2147483838 
2147483768 2147483648 2147483663 2147483669 2147483717 2147483718 2147483719 2147483767 2147483648 2147483663 2147483669 2147483717 2147483718 2147483719 2147483767 2147483837 2147483838 53 2147483837 2147483838 
2147483770 2147483648 2147483663 2147483717 2147483718 2147483719 2147483648 2147483663 2147483717 2147483718 2147483719 2147483776 2147483839 2147483840 52 2147483776 2147483839 2147483840 
2147483773 2147483648 2147483663 2147483717 2147483718 2147483719 2147483648 2147483663 2147483717 2147483718 2147483719 2147483776 2147483839 2147483840 2147483776 2147483839 2147483840 
2147483774 2147483648 2147483663 2147483717 2147483718 2147483719 2147483648 2147483663 2147483717 2147483718 2147483719 2147483776 2147483839 2147483840 53 2147483776 2147483839 2147483840 
2147483775 2147483648 2147483663 2147483717 2147483718 2147483719 2147483648 2147483663 2147483717 2147483718 2147483719 2147483776 2147483839 2147483840 2147483776 2147483839 2147483840 
2147483776 2147483648 2147483663 2147483677 2147483678 2147483717 2147483718 2147483719 2147483770 2147483773 2147483774 2147483775 2147483648 2147483663 2147483677 2147483678 2147483717 2147483718 2147483719 2147483770 2147483773 2147483774 2147483775 2147483778 2147483779 2147483780 2147483839 2147483840 22 25 27 32 26 263 264 265 266 2147483778 2147483779 2147483780 2147483839 2147483840 
2147483778 2147483648 2147483663 2147483678 2147483717 2147483718 2147483719 2147483776 2147483648 2147483663 2147483678 2147483717 2147483718 2147483719 2147483776 2147483779 2147483780 2147483839 2147483840 27 32 26 2147483779 2147483780 2147483839 2147483840 
2147483779 2147483648 2147483663 2147483678 2147483717 2147483718 2147483719 2147483776 2147483778 2147483648 2147483663 2147483678 2147483717 2147483718 2147483719 2147483776 2147483778 2147483780 2147483839 2147483840 57 53 2147483780 2147483839 2147483840 
2147483780 2147483648 2147483663 2147483678 2147483717 2147483718 2147483719 2147483776 2147483778 2147483779 2147483648 2147483663 2147483678 2147483717 2147483718 2147483719 2147483776 2147483778 2147483779 2147483839 2147483840 53 2147483839 2147483840 
2147483787 2147483648 2147483683 2147483684 2147483717 2147483718 2147483719 2147483648 2147483683 2147483684 2147483717 2147483718 2147483719 2147483841 2147483841 
2147483792 2147483648 2147483717 2147483718 2147483719 2147483648 2147483717 2147483718 2147483719 2147483841 2147483842 2147483841 2147483842 
2147483793 2147483648 2147483717 2147483718 2147483719 2147483648 2147483717 2147483718 2147483719 2147483841 2147483841 
2147483794 2147483648 2147483717 2147483718 2147483719 2147483648 2147483717 2147483718 2147483719 2147483841 2147483843 2147483841 2147483843 
2147483797 2147483648 2147483717 2147483718 2147483719 2147483648 2147483717 2147483718 2147483719 2147483841 2147483843 2147483841 2147483843 
2147483798 2147483648 2147483691 2147483717 2147483718 2147483719 2147483648 2147483691 2147483717 2147483718 2147483719 2147483841 2147483841 
2147483806 2147483648 2147483717 2147483719 2147483648 2147483717 2147483719 53 
2147483807 
2147483811 2147483648 2147483654 2147483655 2147483717 2147483719 2147483648 2147483654 2147483655 2147483717 2147483719 
2147483818 
2147483819 
2147483821 2147483648 2147483707 2147483717 2147483718 2147483719 2147483648 2147483707 2147483717 2147483718 2147483719 2147483846 2147483846 
2147483826 2147483648 2147483707 2147483717 2147483718 2147483719 2147483648 2147483707 2147483717 2147483718 2147483719 2147483846 2147483847 53 2147483846 2147483847 
2147483827 2147483648 2147483707 2147483717 2147483718 2147483719 2147483648 2147483707 2147483717 2147483718 2147483719 2147483846 2147483847 2147483848 2147483846 2147483847 2147483848 
2147483829 2147483648 2147483707 2147483717 2147483718 2147483719 2147483648 2147483707 2147483717 2147483718 2147483719 2147483846 53 2147483846 
2147483831 
2147483836 2147483648 2147483717 2147483718 2147483719 2147483752 2147483754 2147483757 2147483758 2147483648 2147483717 2147483718 2147483719 2147483752 2147483754 2147483757 2147483758 49 53 52 54 57 127 128 129 130 
2147483837 2147483648 2147483663 2147483669 2147483717 2147483718 2147483719 2147483762 2147483763 2147483764 2147483765 2147483766 2147483767 2147483768 2147483648 2147483663 2147483669 2147483717 2147483718 2147483719 2147483762 2147483763 2147483764 2147483765 2147483766 2147483767 2147483768 2147483838 49 52 54 57 53 127 128 129 130 2147483838 
2147483838 2147483648 2147483663 2147483669 2147483717 2147483718 2147483719 2147483762 2147483763 2147483764 2147483765 2147483766 2147483767 2147483768 2147483837 2147483648 2147483663 2147483669 2147483717 2147483718 2147483719 2147483762 2147483763 2147483764 2147483765 2147483766 2147483767 2147483768 2147483837 49 52 54 57 53 127 128 129 130 
2147483839 2147483648 2147483663 2147483677 2147483678 2147483717 2147483718 2147483719 2147483770 2147483773 2147483774 2147483775 2147483776 2147483778 2147483779 2147483780 2147483648 2147483663 2147483677 2147483678 2147483717 2147483718 2147483719 2147483770 2147483773 2147483774 2147483775 2147483776 2147483778 2147483779 2147483780 2147483840 49 52 54 57 53 127 128 129 130 2147483840 
2147483840 2147483648 2147483663 2147483677 2147483678 2147483717 2147483718 2147483719 2147483770 2147483773 2147483774 2147483775 2147483776 2147483778 2147483779 2147483780 2147483839 2147483648 2147483663 2147483677 2147483678 2147483717 2147483718 2147483719 2147483770 2147483773 2147483774 2147483775 2147483776 2147483778 2147483779 2147483780 2147483839 49 52 54 57 53 127 128 129 130 
2147483841 2147483648 2147483683 2147483684 2147483685 2147483687 2147483691 2147483692 2147483693 2147483696 2147483717 2147483718 2147483719 2147483787 2147483792 2147483793 2147483794 2147483797 2147483798 2147483648 2147483683 2147483684 2147483685 2147483687 2147483691 2147483692 2147483693 2147483696 2147483717 2147483718 2147483719 2147483787 2147483792 2147483793 2147483794 2147483797 2147483798 2147483842 2147483843 49 52 54 57 53 127 128 129 130 2147483842 2147483843 
2147483842 2147483648 2147483687 2147483717 2147483718 2147483719 2147483792 2147483841 2147483648 2147483687 2147483717 2147483718 2147483719 2147483792 2147483841 53 49 52 54 57 127 128 129 130 
2147483843 2147483648 2147483692 2147483693 2147483717 2147483718 2147483719 2147483794 2147483797 2147483841 2147483648 2147483692 2147483693 2147483717 2147483718 2147483719 2147483794 2147483797 2147483841 
2147483844 2147483648 2147483717 2147483718 2147483719 2147483742 2147483743 2147483648 2147483717 2147483718 2147483719 2147483742 2147483743 2147483845 49 52 54 57 53 127 128 129 130 2147483845 
2147483845 2147483648 2147483717 2147483718 2147483719 2147483743 2147483844 2147483648 2147483717 2147483718 2147483719 2147483743 2147483844 
2147483846 2147483648 2147483651 2147483707 2147483710 2147483717 2147483718 2147483719 2147483821 2147483826 2147483827 2147483829 2147483648 2147483651 2147483707 2147483710 2147483717 2147483718 2147483719 2147483821 2147483826 2147483827 2147483829 2147483847 2147483848 49 52 54 57 53 127 128 129 130 2147483847 2147483848 
2147483847 2147483648 2147483707 2147483717 2147483718 2147483719 2147483826 2147483827 2147483846 2147483648 2147483707 2147483717 2147483718 2147483719 2147483826 2147483827 2147483846 2147483848 49 52 54 57 53 127 128 129 130 2147483848 
2147483848 2147483648 2147483707 2147483717 2147483718 2147483719 2147483827 2147483846 2147483847 2147483648 2147483707 2147483717 2147483718 2147483719 2147483827 2147483846 2147483847 
2147483849 2147483648 2147483651 2147483654 2147483717 2147483718 2147483719 2147483721 2147483727 2147483648 2147483651 2147483654 2147483717 2147483718 2147483719 2147483721 2147483727 
