22 
23 
24 
25 
26 
27 
32 
49 2147483760 2147483764 2147483769 
50 
51 
52 2147483760 2147483764 2147483769 
53 2147483688 2147483725 2147483760 2147483764 2147483769 
54 2147483760 2147483764 2147483769 
57 2147483760 2147483764 2147483769 
127 2147483760 2147483764 2147483769 
128 2147483760 2147483764 2147483769 
129 2147483760 2147483764 2147483769 
130 2147483760 2147483764 2147483769 
131 
132 
133 
134 
151 
152 
153 
154 
155 
156 
157 
158 
159 
160 
161 
162 
163 
164 
165 
166 
263 
264 
265 
266 
267 
268 
269 
270 
2147483649 2147483769 2147483769 
2147483652 2147483715 2147483716 2147483758 2147483759 2147483769 2147483715 2147483716 2147483758 2147483759 2147483769 
2147483656 2147483721 2147483722 2147483760 2147483769 2147483721 2147483722 2147483760 2147483769 
2147483673 2147483769 2147483769 
2147483688 2147483689 2147483690 2147483691 2147483769 53 2147483689 2147483690 2147483691 2147483769 
2147483689 2147483688 2147483688 2147483769 2147483769 
2147483690 2147483688 2147483688 2147483769 2147483769 
2147483691 2147483688 2147483688 2147483769 2147483769 
2147483702 2147483769 2147483769 
2147483703 2147483769 2147483769 
2147483706 2147483769 2147483769 
2147483714 2147483758 2147483759 2147483769 2147483758 2147483759 2147483769 
2147483715 2147483652 2147483652 2147483716 2147483758 2147483759 2147483769 2147483716 2147483758 2147483759 2147483769 
2147483716 2147483652 2147483715 2147483652 2147483715 2147483758 2147483759 2147483769 2147483758 2147483759 2147483769 
2147483721 2147483656 2147483656 2147483722 2147483723 2147483725 2147483760 2147483769 2147483722 2147483723 2147483725 2147483760 2147483769 
2147483722 2147483656 2147483721 2147483656 2147483721 2147483723 2147483760 2147483769 2147483723 2147483760 2147483769 
2147483723 2147483721 2147483722 2147483721 2147483722 2147483760 2147483769 2147483760 2147483769 
2147483725 2147483721 2147483721 2147483760 2147483769 53 2147483760 2147483769 
2147483727 2147483757 2147483760 2147483769 2147483770 2147483757 2147483760 2147483769 2147483770 
2147483728 2147483757 2147483760 2147483769 2147483757 2147483760 2147483769 
2147483732 2147483761 2147483762 2147483769 2147483761 2147483762 2147483769 
2147483738 2147483762 2147483769 2147483762 2147483769 
2147483746 2147483764 2147483765 2147483769 2147483764 2147483765 2147483769 
2147483753 2147483754 2147483769 2147483754 2147483769 
2147483754 2147483753 2147483753 
2147483755 
2147483757 2147483727 2147483728 2147483727 2147483728 2147483760 2147483769 2147483770 2147483760 2147483769 2147483770 
2147483758 2147483652 2147483714 2147483715 2147483716 2147483652 2147483714 2147483715 2147483716 2147483759 2147483760 2147483769 2147483759 2147483760 2147483769 
2147483759 2147483652 2147483714 2147483715 2147483716 2147483758 2147483652 2147483714 2147483715 2147483716 2147483758 2147483760 2147483769 2147483760 2147483769 
2147483760 2147483656 2147483721 2147483722 2147483723 2147483725 2147483727 2147483728 2147483757 2147483758 2147483759 2147483656 2147483721 2147483722 2147483723 2147483725 2147483727 2147483728 2147483757 2147483758 2147483759 2147483769 2147483770 49 52 54 57 53 127 128 129 130 2147483769 2147483770 
2147483761 2147483732 2147483732 2147483762 2147483769 2147483762 2147483769 
2147483762 2147483732 2147483738 2147483761 2147483732 2147483738 2147483761 2147483769 2147483769 
2147483764 2147483746 2147483746 2147483765 2147483769 49 52 54 57 53 127 128 129 130 2147483765 2147483769 
2147483765 2147483746 2147483764 2147483746 2147483764 2147483769 2147483769 
2147483769 2147483649 2147483652 2147483656 2147483673 2147483688 2147483689 2147483690 2147483691 2147483702 2147483703 2147483706 2147483714 2147483715 2147483716 2147483721 2147483722 2147483723 2147483725 2147483727 2147483728 2147483732 2147483738 2147483746 2147483753 2147483757 2147483758 2147483759 2147483760 2147483761 2147483762 2147483764 2147483765 2147483649 2147483652 2147483656 2147483673 2147483688 2147483689 2147483690 2147483691 2147483702 2147483703 2147483706 2147483714 2147483715 2147483716 2147483721 2147483722 2147483723 2147483725 2147483727 2147483728 2147483732 2147483738 2147483746 2147483753 2147483757 2147483758 2147483759 2147483760 2147483761 2147483762 2147483764 2147483765 2147483770 53 49 52 54 57 127 128 129 130 2147483770 
2147483770 2147483727 2147483757 2147483760 2147483769 2147483727 2147483757 2147483760 2147483769 
