22 
23 
24 
25 
26 
27 
32 
49 2147483667 2147483718 
50 
51 
52 2147483667 2147483718 
53 2147483667 2147483718 
54 2147483667 2147483718 
57 2147483667 2147483718 
127 2147483667 2147483718 
128 2147483667 2147483718 
129 2147483667 2147483718 
130 2147483667 2147483718 
131 
132 
133 
134 
263 
264 
265 
266 
267 
268 
269 
270 
2147483649 2147483650 2147483651 2147483667 2147483672 2147483673 2147483677 2147483678 2147483679 2147483680 2147483681 2147483682 2147483717 2147483650 2147483651 2147483667 2147483672 2147483673 2147483677 2147483678 2147483679 2147483680 2147483681 2147483682 2147483717 
2147483650 2147483649 2147483649 2147483651 2147483667 2147483673 2147483677 2147483678 2147483679 2147483680 2147483681 2147483682 2147483717 2147483651 2147483667 2147483673 2147483677 2147483678 2147483679 2147483680 2147483681 2147483682 2147483717 
2147483651 2147483649 2147483650 2147483649 2147483650 2147483667 2147483677 2147483678 2147483679 2147483680 2147483681 2147483682 2147483717 2147483667 2147483677 2147483678 2147483679 2147483680 2147483681 2147483682 2147483717 
2147483654 2147483667 2147483694 2147483667 2147483694 
2147483658 2147483667 2147483718 2147483667 2147483718 
2147483659 2147483667 2147483698 2147483699 2147483700 2147483718 2147483719 2147483667 2147483698 2147483699 2147483700 2147483718 2147483719 
2147483663 2147483667 2147483715 2147483667 2147483715 
2147483667 2147483649 2147483650 2147483651 2147483654 2147483658 2147483659 2147483663 2147483649 2147483650 2147483651 2147483654 2147483658 2147483659 2147483663 2147483672 2147483673 2147483677 2147483678 2147483679 2147483680 2147483681 2147483682 2147483694 2147483698 2147483699 2147483700 2147483715 2147483716 2147483717 2147483718 2147483719 53 49 52 54 57 127 128 129 130 2147483672 2147483673 2147483677 2147483678 2147483679 2147483680 2147483681 2147483682 2147483694 2147483698 2147483699 2147483700 2147483715 2147483716 2147483717 2147483718 2147483719 
2147483672 2147483649 2147483667 2147483649 2147483667 2147483717 2147483717 
2147483673 2147483649 2147483650 2147483667 2147483649 2147483650 2147483667 2147483717 2147483717 
2147483677 2147483649 2147483650 2147483651 2147483667 2147483649 2147483650 2147483651 2147483667 2147483678 2147483679 2147483680 2147483681 2147483682 2147483717 2147483678 2147483679 2147483680 2147483681 2147483682 2147483717 
2147483678 2147483649 2147483650 2147483651 2147483667 2147483677 2147483649 2147483650 2147483651 2147483667 2147483677 2147483679 2147483680 2147483681 2147483682 2147483717 2147483679 2147483680 2147483681 2147483682 2147483717 
2147483679 2147483649 2147483650 2147483651 2147483667 2147483677 2147483678 2147483649 2147483650 2147483651 2147483667 2147483677 2147483678 2147483680 2147483681 2147483717 2147483680 2147483681 2147483717 
2147483680 2147483649 2147483650 2147483651 2147483667 2147483677 2147483678 2147483679 2147483649 2147483650 2147483651 2147483667 2147483677 2147483678 2147483679 2147483717 2147483717 
2147483681 2147483649 2147483650 2147483651 2147483667 2147483677 2147483678 2147483679 2147483649 2147483650 2147483651 2147483667 2147483677 2147483678 2147483679 2147483717 2147483717 
2147483682 2147483649 2147483650 2147483651 2147483667 2147483677 2147483678 2147483649 2147483650 2147483651 2147483667 2147483677 2147483678 2147483717 2147483717 
2147483694 2147483654 2147483667 2147483654 2147483667 
2147483698 2147483659 2147483667 2147483659 2147483667 2147483699 2147483718 2147483719 2147483699 2147483718 2147483719 
2147483699 2147483659 2147483667 2147483698 2147483659 2147483667 2147483698 2147483718 2147483719 2147483718 2147483719 
2147483700 2147483659 2147483667 2147483659 2147483667 2147483718 2147483719 2147483718 2147483719 
2147483715 2147483663 2147483667 2147483663 2147483667 
2147483716 2147483667 2147483667 2147483717 2147483718 2147483717 2147483718 
2147483717 2147483649 2147483650 2147483651 2147483667 2147483672 2147483673 2147483677 2147483678 2147483679 2147483680 2147483681 2147483682 2147483716 2147483649 2147483650 2147483651 2147483667 2147483672 2147483673 2147483677 2147483678 2147483679 2147483680 2147483681 2147483682 2147483716 
2147483718 2147483658 2147483659 2147483667 2147483698 2147483699 2147483700 2147483716 2147483658 2147483659 2147483667 2147483698 2147483699 2147483700 2147483716 2147483719 49 52 54 57 53 127 128 129 130 2147483719 
2147483719 2147483659 2147483667 2147483698 2147483699 2147483700 2147483718 2147483659 2147483667 2147483698 2147483699 2147483700 2147483718 
