2 
5 
8 
11 
18 
19 
22 
23 
24 
25 
26 
27 
32 
49 2147483648 2147483687 2147483751 2147483754 2147483757 
50 
51 
52 2147483648 2147483687 2147483751 2147483754 2147483757 
53 2147483648 2147483687 2147483714 2147483728 2147483742 2147483751 2147483754 2147483757 
54 2147483648 2147483687 2147483751 2147483754 2147483757 
57 2147483648 2147483687 2147483751 2147483754 2147483757 
61 
127 2147483648 2147483687 2147483751 2147483754 2147483757 
128 2147483648 2147483687 2147483751 2147483754 2147483757 
129 2147483648 2147483687 2147483751 2147483754 2147483757 
130 2147483648 2147483687 2147483751 2147483754 2147483757 
131 
132 
133 
134 
247 
248 
249 
250 
251 
252 
253 
254 
263 
264 
265 
266 
267 
268 
269 
270 
2147483648 2147483649 2147483650 2147483654 2147483658 2147483665 2147483669 2147483676 2147483680 2147483687 2147483701 2147483702 2147483704 2147483705 2147483710 2147483711 2147483712 2147483714 2147483716 2147483717 2147483718 2147483719 2147483724 2147483725 2147483726 2147483728 2147483730 2147483731 2147483732 2147483733 2147483738 2147483739 2147483740 2147483742 2147483744 2147483745 2147483748 2147483750 2147483751 2147483753 2147483754 2147483756 2147483757 2147483758 2147483759 2147483760 49 52 54 57 53 127 128 129 130 2147483649 2147483650 2147483654 2147483658 2147483665 2147483669 2147483676 2147483680 2147483687 2147483701 2147483702 2147483704 2147483705 2147483710 2147483711 2147483712 2147483714 2147483716 2147483717 2147483718 2147483719 2147483724 2147483725 2147483726 2147483728 2147483730 2147483731 2147483732 2147483733 2147483738 2147483739 2147483740 2147483742 2147483744 2147483745 2147483748 2147483750 2147483751 2147483753 2147483754 2147483756 2147483757 2147483758 2147483759 2147483760 
2147483649 2147483648 2147483648 2147483650 2147483687 2147483748 2147483650 2147483687 2147483748 
2147483650 2147483648 2147483649 2147483648 2147483649 2147483687 2147483748 2147483687 2147483748 
2147483654 2147483648 2147483648 2147483704 2147483705 2147483704 2147483705 
2147483658 2147483648 2147483648 2147483710 2147483711 2147483751 2147483710 2147483711 2147483751 
2147483665 2147483648 2147483648 2147483718 2147483719 2147483718 2147483719 
2147483669 2147483648 2147483648 2147483724 2147483725 2147483754 2147483724 2147483725 2147483754 
2147483676 2147483648 2147483648 2147483732 2147483733 2147483732 2147483733 
2147483680 2147483648 2147483648 2147483738 2147483739 2147483757 2147483738 2147483739 2147483757 
2147483687 2147483648 2147483649 2147483650 2147483648 2147483649 2147483650 2147483748 53 49 52 54 57 127 128 129 130 2147483748 
2147483701 2147483648 2147483648 
2147483702 2147483648 2147483648 2147483748 2147483748 
2147483704 2147483648 2147483654 2147483648 2147483654 2147483705 2147483705 
2147483705 2147483648 2147483654 2147483704 2147483648 2147483654 2147483704 
2147483710 2147483648 2147483658 2147483648 2147483658 2147483711 2147483712 2147483714 2147483751 2147483711 2147483712 2147483714 2147483751 
2147483711 2147483648 2147483658 2147483710 2147483648 2147483658 2147483710 2147483712 2147483751 2147483712 2147483751 
2147483712 2147483648 2147483710 2147483711 2147483648 2147483710 2147483711 2147483751 2147483751 
2147483714 2147483648 2147483710 2147483648 2147483710 2147483751 53 2147483751 
2147483716 2147483648 2147483648 2147483750 2147483751 2147483758 2147483750 2147483751 2147483758 
2147483717 2147483648 2147483648 2147483750 2147483751 2147483750 2147483751 
2147483718 2147483648 2147483665 2147483648 2147483665 2147483719 2147483719 
2147483719 2147483648 2147483665 2147483718 2147483648 2147483665 2147483718 
2147483724 2147483648 2147483669 2147483648 2147483669 2147483725 2147483726 2147483728 2147483754 2147483725 2147483726 2147483728 2147483754 
2147483725 2147483648 2147483669 2147483724 2147483648 2147483669 2147483724 2147483726 2147483754 2147483726 2147483754 
2147483726 2147483648 2147483724 2147483725 2147483648 2147483724 2147483725 2147483754 2147483754 
2147483728 2147483648 2147483724 2147483648 2147483724 2147483754 53 2147483754 
2147483730 2147483648 2147483648 2147483753 2147483754 2147483759 2147483753 2147483754 2147483759 
2147483731 2147483648 2147483648 2147483753 2147483754 2147483753 2147483754 
2147483732 2147483648 2147483676 2147483648 2147483676 2147483733 2147483733 
2147483733 2147483648 2147483676 2147483732 2147483648 2147483676 2147483732 
2147483738 2147483648 2147483680 2147483648 2147483680 2147483739 2147483740 2147483742 2147483757 2147483739 2147483740 2147483742 2147483757 
2147483739 2147483648 2147483680 2147483738 2147483648 2147483680 2147483738 2147483740 2147483757 2147483740 2147483757 
2147483740 2147483648 2147483738 2147483739 2147483648 2147483738 2147483739 2147483757 2147483757 
2147483742 2147483648 2147483738 2147483648 2147483738 2147483757 53 2147483757 
2147483744 2147483648 2147483648 2147483756 2147483757 2147483760 2147483756 2147483757 2147483760 
2147483745 2147483648 2147483648 2147483756 2147483757 2147483756 2147483757 
2147483748 2147483648 2147483649 2147483650 2147483687 2147483702 2147483648 2147483649 2147483650 2147483687 2147483702 
2147483750 2147483648 2147483716 2147483717 2147483648 2147483716 2147483717 2147483751 2147483758 2147483751 2147483758 
2147483751 2147483648 2147483658 2147483710 2147483711 2147483712 2147483714 2147483716 2147483717 2147483750 2147483648 2147483658 2147483710 2147483711 2147483712 2147483714 2147483716 2147483717 2147483750 2147483758 53 49 52 54 57 127 128 129 130 2147483758 
2147483753 2147483648 2147483730 2147483731 2147483648 2147483730 2147483731 2147483754 2147483759 2147483754 2147483759 
2147483754 2147483648 2147483669 2147483724 2147483725 2147483726 2147483728 2147483730 2147483731 2147483753 2147483648 2147483669 2147483724 2147483725 2147483726 2147483728 2147483730 2147483731 2147483753 2147483759 53 49 52 54 57 127 128 129 130 2147483759 
2147483756 2147483648 2147483744 2147483745 2147483648 2147483744 2147483745 2147483757 2147483760 2147483757 2147483760 
2147483757 2147483648 2147483680 2147483738 2147483739 2147483740 2147483742 2147483744 2147483745 2147483756 2147483648 2147483680 2147483738 2147483739 2147483740 2147483742 2147483744 2147483745 2147483756 2147483760 53 49 52 54 57 127 128 129 130 2147483760 
2147483758 2147483648 2147483716 2147483750 2147483751 2147483648 2147483716 2147483750 2147483751 
2147483759 2147483648 2147483730 2147483753 2147483754 2147483648 2147483730 2147483753 2147483754 
2147483760 2147483648 2147483744 2147483756 2147483757 2147483648 2147483744 2147483756 2147483757 
