22 2147483785 2147483788 2147483801 
24 
25 2147483785 2147483788 2147483801 
26 2147483785 2147483788 2147483801 
27 2147483785 2147483788 2147483801 
32 2147483785 2147483788 2147483801 
49 2147483684 2147483686 2147483717 2147483728 2147483742 2147483758 2147483765 2147483774 2147483787 2147483800 
51 
52 2147483684 2147483686 2147483717 2147483728 2147483742 2147483758 2147483765 2147483774 2147483787 2147483800 
53 2147483684 2147483686 2147483687 2147483689 2147483713 2147483717 2147483719 2147483728 2147483729 2147483738 2147483742 2147483743 2147483745 2147483750 2147483758 2147483759 2147483765 2147483766 2147483768 2147483774 2147483775 2147483777 2147483787 2147483800 
54 2147483684 2147483686 2147483713 2147483717 2147483728 2147483729 2147483738 2147483742 2147483743 2147483758 2147483765 2147483768 2147483774 2147483777 2147483787 2147483800 
57 2147483684 2147483686 2147483717 2147483721 2147483728 2147483729 2147483742 2147483743 2147483747 2147483750 2147483758 2147483765 2147483768 2147483774 2147483777 2147483787 2147483800 
127 2147483684 2147483686 2147483717 2147483728 2147483742 2147483758 2147483765 2147483774 2147483787 2147483800 
128 2147483684 2147483686 2147483717 2147483728 2147483742 2147483758 2147483765 2147483774 2147483787 2147483800 
129 2147483684 2147483686 2147483717 2147483728 2147483742 2147483758 2147483765 2147483774 2147483787 2147483800 
130 2147483684 2147483686 2147483717 2147483728 2147483742 2147483758 2147483765 2147483774 2147483787 2147483800 
131 
132 
133 
134 
263 2147483785 2147483788 2147483801 
264 2147483785 2147483788 2147483801 
265 2147483785 2147483788 2147483801 
266 2147483785 2147483788 2147483801 
267 
268 
269 
270 
2147483684 2147483685 2147483686 2147483687 2147483689 53 49 52 54 57 127 128 129 130 2147483685 2147483686 2147483687 2147483689 
2147483685 2147483684 2147483684 2147483686 2147483686 
2147483686 2147483684 2147483685 2147483684 2147483685 2147483687 53 49 52 54 57 127 128 129 130 2147483687 
2147483687 2147483684 2147483686 2147483684 2147483686 53 
2147483689 2147483684 2147483684 53 
2147483693 2147483787 2147483787 
2147483696 2147483787 2147483789 2147483801 2147483787 2147483789 2147483801 
2147483702 2147483785 2147483787 2147483788 2147483801 2147483785 2147483787 2147483788 2147483801 
2147483710 2147483785 2147483787 2147483788 2147483800 2147483801 2147483785 2147483787 2147483788 2147483800 2147483801 
2147483712 2147483785 2147483787 2147483788 2147483800 2147483801 2147483785 2147483787 2147483788 2147483800 2147483801 
2147483713 2147483715 2147483717 2147483785 2147483787 2147483788 2147483800 2147483801 54 53 2147483715 2147483717 2147483785 2147483787 2147483788 2147483800 2147483801 
2147483715 2147483713 2147483713 2147483717 2147483785 2147483787 2147483788 2147483800 2147483801 2147483717 2147483785 2147483787 2147483788 2147483800 2147483801 
2147483717 2147483713 2147483715 2147483713 2147483715 2147483719 2147483785 2147483787 2147483788 2147483800 2147483801 53 49 52 54 57 127 128 129 130 2147483719 2147483785 2147483787 2147483788 2147483800 2147483801 
2147483719 2147483717 2147483717 2147483785 2147483787 2147483788 2147483800 2147483801 53 2147483785 2147483787 2147483788 2147483800 2147483801 
2147483721 2147483785 2147483787 2147483788 2147483800 2147483801 57 2147483785 2147483787 2147483788 2147483800 2147483801 
2147483728 2147483729 2147483735 2147483737 2147483738 2147483740 2147483742 2147483785 2147483787 2147483788 2147483800 2147483801 49 52 54 57 53 127 128 129 130 2147483729 2147483735 2147483737 2147483738 2147483740 2147483742 2147483785 2147483787 2147483788 2147483800 2147483801 
2147483729 2147483728 2147483728 2147483785 2147483787 2147483788 2147483800 2147483801 54 57 53 2147483785 2147483787 2147483788 2147483800 2147483801 
2147483735 2147483728 2147483728 2147483785 2147483787 2147483788 2147483800 2147483801 2147483785 2147483787 2147483788 2147483800 2147483801 
2147483737 2147483728 2147483728 2147483785 2147483787 2147483788 2147483800 2147483801 2147483785 2147483787 2147483788 2147483800 2147483801 
2147483738 2147483728 2147483728 2147483740 2147483742 2147483743 2147483785 2147483787 2147483788 2147483800 2147483801 54 53 2147483740 2147483742 2147483743 2147483785 2147483787 2147483788 2147483800 2147483801 
2147483740 2147483728 2147483738 2147483728 2147483738 2147483742 2147483785 2147483787 2147483788 2147483800 2147483801 2147483742 2147483785 2147483787 2147483788 2147483800 2147483801 
2147483742 2147483728 2147483738 2147483740 2147483728 2147483738 2147483740 2147483743 2147483745 2147483785 2147483787 2147483788 2147483800 2147483801 53 49 52 54 57 127 128 129 130 2147483743 2147483745 2147483785 2147483787 2147483788 2147483800 2147483801 
2147483743 2147483738 2147483742 2147483738 2147483742 2147483785 2147483787 2147483788 2147483800 2147483801 54 57 53 2147483785 2147483787 2147483788 2147483800 2147483801 
2147483745 2147483742 2147483742 2147483785 2147483787 2147483788 2147483800 2147483801 53 2147483785 2147483787 2147483788 2147483800 2147483801 
2147483747 2147483749 2147483750 2147483785 2147483787 2147483788 2147483800 2147483801 57 2147483749 2147483750 2147483785 2147483787 2147483788 2147483800 2147483801 
2147483749 2147483747 2147483747 2147483785 2147483787 2147483788 2147483800 2147483801 2147483785 2147483787 2147483788 2147483800 2147483801 
2147483750 2147483747 2147483747 2147483785 2147483787 2147483788 2147483800 2147483801 57 53 2147483785 2147483787 2147483788 2147483800 2147483801 
2147483757 2147483758 2147483785 2147483787 2147483800 2147483801 2147483758 2147483785 2147483787 2147483800 2147483801 
2147483758 2147483757 2147483757 2147483759 2147483785 2147483787 2147483800 2147483801 53 49 52 54 57 127 128 129 130 2147483759 2147483785 2147483787 2147483800 2147483801 
2147483759 2147483758 2147483758 2147483785 2147483787 2147483800 2147483801 53 2147483785 2147483787 2147483800 2147483801 
2147483764 2147483765 2147483765 
2147483765 2147483764 2147483764 2147483766 53 49 52 54 57 127 128 129 130 2147483766 
2147483766 2147483765 2147483765 53 
2147483768 54 57 53 
2147483773 2147483774 2147483774 
2147483774 2147483773 2147483773 2147483775 53 49 52 54 57 127 128 129 130 2147483775 
2147483775 2147483774 2147483774 53 
2147483777 54 57 53 
2147483785 2147483702 2147483710 2147483712 2147483713 2147483715 2147483717 2147483719 2147483721 2147483728 2147483729 2147483735 2147483737 2147483738 2147483740 2147483742 2147483743 2147483745 2147483747 2147483749 2147483750 2147483757 2147483758 2147483759 2147483702 2147483710 2147483712 2147483713 2147483715 2147483717 2147483719 2147483721 2147483728 2147483729 2147483735 2147483737 2147483738 2147483740 2147483742 2147483743 2147483745 2147483747 2147483749 2147483750 2147483757 2147483758 2147483759 2147483787 2147483788 2147483789 2147483800 2147483801 22 25 27 32 26 263 264 265 266 2147483787 2147483788 2147483789 2147483800 2147483801 
2147483787 2147483693 2147483696 2147483702 2147483710 2147483712 2147483713 2147483715 2147483717 2147483719 2147483721 2147483728 2147483729 2147483735 2147483737 2147483738 2147483740 2147483742 2147483743 2147483745 2147483747 2147483749 2147483750 2147483757 2147483758 2147483759 2147483785 2147483693 2147483696 2147483702 2147483710 2147483712 2147483713 2147483715 2147483717 2147483719 2147483721 2147483728 2147483729 2147483735 2147483737 2147483738 2147483740 2147483742 2147483743 2147483745 2147483747 2147483749 2147483750 2147483757 2147483758 2147483759 2147483785 2147483788 2147483789 2147483800 2147483801 49 52 54 57 53 127 128 129 130 2147483788 2147483789 2147483800 2147483801 
2147483788 2147483702 2147483710 2147483712 2147483713 2147483715 2147483717 2147483719 2147483721 2147483728 2147483729 2147483735 2147483737 2147483738 2147483740 2147483742 2147483743 2147483745 2147483747 2147483749 2147483750 2147483785 2147483787 2147483702 2147483710 2147483712 2147483713 2147483715 2147483717 2147483719 2147483721 2147483728 2147483729 2147483735 2147483737 2147483738 2147483740 2147483742 2147483743 2147483745 2147483747 2147483749 2147483750 2147483785 2147483787 2147483789 2147483800 2147483801 22 25 27 32 26 263 264 265 266 2147483789 2147483800 2147483801 
2147483789 2147483696 2147483785 2147483787 2147483788 2147483696 2147483785 2147483787 2147483788 2147483800 2147483801 2147483800 2147483801 
2147483800 2147483710 2147483712 2147483713 2147483715 2147483717 2147483719 2147483721 2147483728 2147483729 2147483735 2147483737 2147483738 2147483740 2147483742 2147483743 2147483745 2147483747 2147483749 2147483750 2147483757 2147483758 2147483759 2147483785 2147483787 2147483788 2147483789 2147483710 2147483712 2147483713 2147483715 2147483717 2147483719 2147483721 2147483728 2147483729 2147483735 2147483737 2147483738 2147483740 2147483742 2147483743 2147483745 2147483747 2147483749 2147483750 2147483757 2147483758 2147483759 2147483785 2147483787 2147483788 2147483789 2147483801 49 52 54 57 53 127 128 129 130 2147483801 
2147483801 2147483696 2147483702 2147483710 2147483712 2147483713 2147483715 2147483717 2147483719 2147483721 2147483728 2147483729 2147483735 2147483737 2147483738 2147483740 2147483742 2147483743 2147483745 2147483747 2147483749 2147483750 2147483757 2147483758 2147483759 2147483785 2147483787 2147483788 2147483789 2147483800 2147483696 2147483702 2147483710 2147483712 2147483713 2147483715 2147483717 2147483719 2147483721 2147483728 2147483729 2147483735 2147483737 2147483738 2147483740 2147483742 2147483743 2147483745 2147483747 2147483749 2147483750 2147483757 2147483758 2147483759 2147483785 2147483787 2147483788 2147483789 2147483800 25 27 22 32 26 263 264 265 266 
