49 2147483648 2147483667 2147483715 
50 
51 
52 2147483648 2147483667 2147483715 
53 2147483648 2147483660 2147483667 2147483715 
54 2147483648 2147483667 2147483715 
57 2147483648 2147483667 2147483715 
127 2147483648 2147483667 2147483715 
128 2147483648 2147483667 2147483715 
129 2147483648 2147483667 2147483715 
130 2147483648 2147483667 2147483715 
131 
132 
133 
134 
2147483648 2147483649 2147483650 2147483655 2147483660 2147483661 2147483667 2147483687 2147483699 2147483701 2147483711 2147483712 2147483713 2147483714 2147483715 2147483716 53 49 52 54 57 127 128 129 130 2147483649 2147483650 2147483655 2147483660 2147483661 2147483667 2147483687 2147483699 2147483701 2147483711 2147483712 2147483713 2147483714 2147483715 2147483716 
2147483649 2147483648 2147483648 2147483650 2147483667 2147483711 2147483712 2147483650 2147483667 2147483711 2147483712 
2147483650 2147483648 2147483649 2147483648 2147483649 2147483667 2147483667 
2147483655 2147483648 2147483648 2147483667 2147483667 
2147483660 2147483648 2147483648 2147483661 2147483709 2147483715 2147483716 53 2147483661 2147483709 2147483715 2147483716 
2147483661 2147483648 2147483660 2147483648 2147483660 
2147483666 2147483667 2147483667 
2147483667 2147483648 2147483649 2147483650 2147483655 2147483666 2147483648 2147483649 2147483650 2147483655 2147483666 2147483670 2147483671 2147483687 2147483699 2147483711 2147483712 2147483713 2147483714 2147483715 57 49 52 54 53 127 128 129 130 2147483670 2147483671 2147483687 2147483699 2147483711 2147483712 2147483713 2147483714 2147483715 
2147483670 2147483667 2147483667 
2147483671 2147483667 2147483667 
2147483687 2147483648 2147483667 2147483648 2147483667 
2147483699 2147483648 2147483667 2147483648 2147483667 2147483715 2147483715 
2147483701 2147483648 2147483648 2147483715 2147483715 
2147483709 2147483660 2147483660 
2147483711 2147483648 2147483649 2147483667 2147483648 2147483649 2147483667 2147483712 2147483712 
2147483712 2147483648 2147483649 2147483667 2147483711 2147483648 2147483649 2147483667 2147483711 
2147483713 2147483648 2147483667 2147483648 2147483667 2147483714 2147483714 
2147483714 2147483648 2147483667 2147483713 2147483648 2147483667 2147483713 
2147483715 2147483648 2147483660 2147483667 2147483699 2147483701 2147483648 2147483660 2147483667 2147483699 2147483701 2147483716 49 52 54 57 53 127 128 129 130 2147483716 
2147483716 2147483648 2147483660 2147483715 2147483648 2147483660 2147483715 
