2,1,2,-1,0,1,0,0,0,
3,1,3,-1,0,1,0,0,0,
5,1,5,-1,0,1,0,0,0,
6,1,6,-1,0,1,0,0,255,
8,1,8,-1,0,1,0,0,0,
9,1,9,-1,0,1,0,0,0,
11,1,11,-1,0,1,0,0,0,
13,1,13,-1,0,1,0,0,0,
16,1,16,-1,0,1,0,0,0,
18,1,18,-1,0,1,0,0,0,
19,1,19,-1,0,1,0,0,0,
21,1,21,-1,0,1,0,0,0,
22,1,22,-1,0,1,0,0,0,
23,1,23,-1,0,1,0,0,0,
24,1,24,-1,0,1,0,0,0,
25,1,25,-1,0,1,0,0,0,
26,1,26,-1,0,1,0,0,0,
27,1,27,-1,0,1,0,0,0,
32,1,32,-1,0,1,0,0,0,
49,1,49,-1,0,1,0,0,0,
50,1,50,-1,0,1,0,0,0,
51,1,51,-1,0,1,0,0,0,
52,1,52,-1,0,1,0,0,0,
53,1,53,-1,0,1,0,0,0,
54,1,54,-1,0,1,0,0,0,
57,1,57,-1,0,1,0,0,0,
59,1,59,-1,0,1,0,0,0,
61,1,61,-1,0,1,0,0,0,
127,1,127,-1,0,1,0,0,64,
128,1,128,-1,0,1,0,0,0,
129,1,129,-1,0,1,0,0,0,
130,1,130,-1,0,1,0,0,0,
131,1,131,-1,0,1,0,0,0,
132,1,132,-1,0,1,0,0,0,
133,1,133,-1,0,1,0,0,0,
134,1,134,-1,0,1,0,0,0,
247,1,247,-1,0,1,0,0,0,
248,1,248,-1,0,1,0,0,0,
249,1,249,-1,0,1,0,0,0,
250,1,250,-1,0,1,0,0,0,
251,1,251,-1,0,1,0,0,0,
252,1,252,-1,0,1,0,0,0,
253,1,253,-1,0,1,0,0,0,
254,1,254,-1,0,1,0,0,0,
263,1,263,-1,0,1,0,0,0,
264,1,264,-1,0,1,0,0,0,
265,1,265,-1,0,1,0,0,0,
266,1,266,-1,0,1,0,0,0,
267,1,267,-1,0,1,0,0,0,
268,1,268,-1,0,1,0,0,0,
269,1,269,-1,0,1,0,0,0,
270,1,270,-1,0,1,0,0,0,
271,1,271,-1,0,1,0,0,0,
272,1,272,-1,0,1,0,0,0,
273,1,273,-1,0,1,0,0,255,
274,1,274,-1,0,1,0,0,0,
275,1,275,-1,0,1,0,0,0,
276,1,276,-1,0,1,0,0,0,
277,1,277,-1,0,1,0,0,0,
278,1,278,-1,0,1,0,0,0,
2147483648,0,0,9.75185e-05,5,0,1,0,0,51 133 134 131 132 50
2147483652,0,0,0.000127127,9,0,1,0,0,51 133 134 131 132 50
2147483653,0,0,2.01846e-05,3,0,1,0,0,51 133 134 131 132 50
2147483664,0,0,2.35418e-05,1,0,1,0,0,49 52 54 57 53 127 128 129 130 51 133 134 131 132 50
2147483665,0,0,0.000211923,1,0,1,0,0,22 25 27 32 26 263 264 265 266 24 23 269 270 267 268
2147483669,0,0,0.000140839,1,0,1,0,0,49 52 54 57 53 127 128 129 130 51 133 134 131 132 50
2147483670,0,0,2.83609e-07,1,0,1,0,0,51 133 134 131 132 50
2147483678,0,0,5.57695e-07,2,0,1,0,0,51 133 134 131 132 50
2147483679,0,0,3.45087e-07,1,0,1,0,0,53 52 57 127 128 129 130 51 133 134 131 132 50
2147483680,0,0,1.16355e-06,2,0,1,0,0,49 52 54 57 53 127 128 129 130 51 133 134 131 132 50
2147483684,0,0,1.16355e-06,2,0,1,0,0,49 52 54 57 53 127 128 129 130 51 133 134 131 132 50
2147483688,0,0,1.13303e-06,2,0,1,0,0,49 52 54 57 53 127 128 129 130 51 133 134 131 132 50
2147483693,0,0,1.61766e-05,2,0,1,0,0,51 133 134 131 132 50
2147483703,0,0,5.67096e-05,3,0,1,0,0,51 133 134 131 132 50
2147483709,0,0,0.000534042,1,0,1,0,0,49 52 54 57 53 127 128 129 130 51 133 134 131 132 50
2147483710,0,0,0.000111256,1,0,1,0,0,49 52 54 57 53 127 128 129 130 51 133 134 131 132 50
2147483711,0,0,0.000239786,7,0,1,0,0,51 133 134 131 132 50
2147483712,0,0,0.000340159,6,0,1,0,0,51 133 134 131 132 50
2147483720,0,0,inf,1,0,1,0,0,49 52 54 57 53 127 128 129 130 51 133 134 131 132 50
2147483725,0,0,inf,1,0,1,0,0,49 52 54 57 53 127 128 129 130 51 133 134 131 132 50
2147483726,0,0,inf,1,0,1,0,0,49 52 54 57 53 127 128 129 130 51 133 134 131 132 50
2147483730,0,0,0.00292241,5,0,1,0,0,53 49 52 54 57 127 128 129 130 51 133 134 131 132 50
2147483733,0,0,inf,1,0,1,0,0,22 25 27 32 26 263 264 265 266 24 23 269 270 267 268
2147483738,0,0,0.00130207,2,0,1,0,0,49 52 54 57 53 127 128 129 130 51 133 134 131 132 50
2147483741,0,0,inf,1,0,1,0,0,49 52 54 57 53 127 128 129 130 51 133 134 131 132 50
2147483742,0,0,0.000578686,1,0,1,0,0,3 13 21 59 16 271 272 273 274 9 6 277 278 275 276
2147483743,0,0,inf,1,0,1,0,0,49 52 54 57 53 127 128 129 130 51 133 134 131 132 50
2147483746,0,0,0.000136979,1,0,1,0,0,26 22 25 27 32 263 264 265 266 24 23 269 270 267 268
2147483747,0,0,0.000132828,1,0,1,0,0,54 49 52 127 128 129 130 51 133 134 131 132 50
2147483748,0,0,0.000128922,1,0,1,0,0,127 49 128 129 130 51 133 134 131 132 50
2147483749,0,0,0.000136979,1,0,1,0,0,52 49 127 128 129 130 51 133 134 131 132 50
2147483750,0,0,0.000132828,1,0,1,0,255,128 49 129 130 51 133 134 131 132 50
2147483752,0,0,inf,1,0,1,0,0,49 52 54 57 53 127 128 129 130 51 133 134 131 132 50
2147483753,0,0,0.000136979,1,0,1,0,0,54 49 52 127 128 129 130 51 133 134 131 132 50
2147483754,0,0,0.000136979,1,0,1,0,0,52 49 127 128 129 130 51 133 134 131 132 50
2147483757,0,0,inf,1,0,1,0,0,49 52 54 57 53 127 128 129 130 51 133 134 131 132 50
2147483758,0,0,0.000487058,1,0,1,0,0,53 49 52 54 57 127 128 129 130 51 133 134 131 132 50
2147483759,0,0,inf,1,0,1,0,0,22 25 27 32 26 263 264 265 266 24 23 269 270 267 268
2147483760,0,0,0.000304419,1,0,1,0,0,53 49 52 54 57 127 128 129 130 51 133 134 131 132 50
2147483761,0,0,inf,1,0,1,0,0,22 25 27 32 26 263 264 265 266 24 23 269 270 267 268
2147483764,0,0,0.000110062,1,0,1,0,0,53 49 52 54 57 127 128 129 130 51 133 134 131 132 50
2147483766,0,0,inf,1,0,1,0,0,22 25 27 32 26 263 264 265 266 24 23 269 270 267 268
2147483767,0,0,6.87941e-05,1,0,1,0,0,53 49 52 54 57 127 128 129 130 51 133 134 131 132 50
2147483770,0,0,7.13421e-05,1,0,1,0,0,53 49 52 54 57 127 128 129 130 51 133 134 131 132 50
2147483771,0,0,inf,2,0,1,0,0,49 52 54 57 53 127 128 129 130 51 133 134 131 132 50
2147483776,0,0,0.000176116,1,0,1,0,0,53 49 52 54 57 127 128 129 130 51 133 134 131 132 50
2147483778,0,0,7.25269e-05,12,0,1,0,0,51 133 134 131 132 50
2147483779,0,0,0.000182639,1,0,1,0,0,53 49 52 54 57 127 128 129 130 51 133 134 131 132 50
2147483780,0,0,inf,2,0,1,0,0,49 52 54 57 53 127 128 129 130 51 133 134 131 132 50
2147483787,0,0,inf,3,0,1,0,0,2 11 19 61 18 247 248 249 250 5 8 253 254 251 252
2147483791,0,0,0.000431861,1,0,1,0,0,22 25 27 32 26 263 264 265 266 24 23 269 270 267 268
2147483795,0,0,inf,1,0,1,0,0,49 52 54 57 53 127 128 129 130 51 133 134 131 132 50
2147483802,0,0,0.000243519,1,0,1,0,0,53 49 52 54 57 127 128 129 130 51 133 134 131 132 50
2147483803,0,0,inf,1,0,1,0,0,2 11 19 61 18 247 248 249 250 5 8 253 254 251 252
2147483812,0,0,3.00686e-05,1,0,1,0,0,51 133 134 131 132 50
2147483813,0,0,2.51595e-05,1,0,1,0,0,51 133 134 131 132 50
2147483814,0,0,3.85254e-05,1,0,1,0,0,54 49 52 127 128 129 130 51 133 134 131 132 50
2147483815,0,0,3.85254e-05,1,0,1,0,0,52 49 127 128 129 130 51 133 134 131 132 50
2147483818,0,0,4.25108e-05,1,0,1,0,0,49 54 52 127 128 129 130 51 133 134 131 132 50
2147483819,0,0,3.97682e-05,1,0,1,0,0,49 52 127 128 129 130 51 133 134 131 132 50
2147483821,0,0,5.6037e-05,1,0,1,0,0,49 57 52 54 127 128 129 130 51 133 134 131 132 50
2147483822,0,0,inf,1,0,1,0,0,49 52 54 57 53 127 128 129 130 51 133 134 131 132 50
2147483823,0,0,8.21876e-05,2,0,1,0,0,27 22 25 263 264 265 266 24 23 269 270 267 268
2147483825,0,0,4.25108e-05,1,0,1,0,0,57 49 52 54 127 128 129 130 51 133 134 131 132 50
2147483827,0,0,inf,1,0,1,0,0,49 52 54 57 53 127 128 129 130 51 133 134 131 132 50
2147483828,0,0,0.000487058,1,0,1,0,0,53 49 52 54 57 127 128 129 130 51 133 134 131 132 50
2147483829,0,0,inf,1,0,1,0,0,2 11 19 61 18 247 248 249 250 5 8 253 254 251 252
2147483836,0,0,1.17675e-05,1,0,1,0,0,53 49 52 54 57 127 128 129 130 51 133 134 131 132 50
2147483837,0,0,inf,1,0,1,0,0,22 25 27 32 26 263 264 265 266 24 23 269 270 267 268
2147483838,0,0,4.24254e-06,1,0,1,0,0,53 49 52 54 57 127 128 129 130 51 133 134 131 132 50
2147483840,0,0,inf,1,0,1,0,0,22 25 27 32 26 263 264 265 266 24 23 269 270 267 268
2147483841,0,0,2.6592e-06,1,0,1,0,0,53 49 52 54 57 127 128 129 130 51 133 134 131 132 50
2147483843,0,0,inf,1,0,1,0,0,22 25 27 32 26 263 264 265 266 24 23 269 270 267 268
2147483844,0,0,1.64424e-06,1,0,1,0,0,53 49 52 54 57 127 128 129 130 51 133 134 131 132 50
2147483846,0,0,inf,1,0,1,0,0,22 25 27 32 26 263 264 265 266 24 23 269 270 267 268
2147483847,0,0,1.03526e-06,1,0,1,0,0,53 49 52 54 57 127 128 129 130 51 133 134 131 132 50
2147483850,0,0,1.03526e-06,1,0,1,0,0,53 49 52 54 57 127 128 129 130 51 133 134 131 132 50
2147483852,0,0,5.57448e-07,1,0,1,0,0,51 133 134 131 132 50
2147483853,0,0,1.0736e-06,1,0,1,0,0,53 49 52 54 57 127 128 129 130 51 133 134 131 132 50
2147483854,0,0,6.44163e-07,1,0,1,0,0,51 133 134 131 132 50
2147483857,0,0,inf,2,0,1,0,0,49 52 54 57 53 127 128 129 130 51 133 134 131 132 50
2147483865,0,0,6.514e-07,2,0,1,0,0,51 133 134 131 132 50
2147483866,0,0,inf,2,0,1,0,0,49 52 54 57 53 127 128 129 130 51 133 134 131 132 50
2147483876,0,0,inf,2,0,1,0,0,49 52 54 57 53 127 128 129 130 51 133 134 131 132 50
2147483887,0,0,1.4435e-07,1,0,1,0,0,26 22 25 27 263 264 265 266 24 23 269 270 267 268
2147483892,0,0,1.82693e-07,1,0,1,0,0,26 22 25 27 32 263 264 265 266 24 23 269 270 267 268
2147483893,0,0,1.82693e-07,1,0,1,0,0,57 49 52 54 127 128 129 130 51 133 134 131 132 50
2147483894,0,0,inf,1,0,1,0,0,49 52 54 57 53 127 128 129 130 51 133 134 131 132 50
2147483895,0,0,inf,1,0,1,0,0,49 52 54 57 53 127 128 129 130 51 133 134 131 132 50
2147483896,0,0,7.37398e-07,2,0,1,0,0,49 52 54 57 53 127 128 129 130 51 133 134 131 132 50
2147483897,0,0,0.000487058,1,0,1,0,0,53 49 52 54 57 127 128 129 130 51 133 134 131 132 50
2147483898,0,0,inf,1,0,1,0,0,2 11 19 61 18 247 248 249 250 5 8 253 254 251 252
2147483899,0,0,0.000118896,1,0,1,0,0,53 49 52 54 57 127 128 129 130 51 133 134 131 132 50
2147483900,0,0,inf,1,0,1,0,0,22 25 27 32 26 263 264 265 266 24 23 269 270 267 268
2147483901,0,0,inf,1,0,1,0,0,49 52 54 57 53 127 128 129 130 51 133 134 131 132 50
2147483902,0,0,4.45862e-05,1,0,1,0,0,53 49 52 54 57 127 128 129 130 51 133 134 131 132 50
2147483903,0,0,inf,1,0,1,0,0,22 25 27 32 26 263 264 265 266 24 23 269 270 267 268
2147483904,0,0,inf,1,0,1,0,0,49 52 54 57 53 127 128 129 130 51 133 134 131 132 50
2147483905,0,0,1.61176e-05,1,0,1,0,0,53 49 52 54 57 127 128 129 130 51 133 134 131 132 50
2147483907,0,0,inf,1,0,1,0,0,22 25 27 32 26 263 264 265 266 24 23 269 270 267 268
2147483908,0,0,1.00684e-05,1,0,1,0,0,53 49 52 54 57 127 128 129 130 51 133 134 131 132 50
2147483910,0,0,inf,1,0,1,0,0,22 25 27 32 26 263 264 265 266 24 23 269 270 267 268
2147483911,0,0,6.29277e-06,1,0,1,0,0,53 49 52 54 57 127 128 129 130 51 133 134 131 132 50
2147483912,0,0,6.29277e-06,1,0,1,0,0,57 49 52 54 127 128 129 130 51 133 134 131 132 50
2147483913,0,0,inf,1,0,1,0,0,22 25 27 32 26 263 264 265 266 24 23 269 270 267 268
2147483914,0,0,3.91775e-06,1,0,1,0,0,53 49 52 54 57 127 128 129 130 51 133 134 131 132 50
2147483916,0,0,2.48411e-06,2,0,1,0,0,51 133 134 131 132 50
2147483917,0,0,5.41849e-06,3,0,1,0,0,49 52 54 57 53 127 128 129 130 51 133 134 131 132 50
2147483920,0,0,1.94873e-06,1,0,1,0,0,53 49 52 54 57 127 128 129 130 51 133 134 131 132 50
2147483923,0,0,1.39909e-06,1,0,1,0,0,51 133 134 131 132 50
2147483924,0,0,1.94873e-06,1,0,1,0,0,53 49 52 54 57 127 128 129 130 51 133 134 131 132 50
2147483926,0,0,1.70514e-06,1,0,1,0,0,49 52 127 128 129 130 51 133 134 131 132 50
2147483927,0,0,6.58831e-07,1,0,1,0,0,24 23 269 270 267 268
2147483929,0,0,inf,1,0,1,0,0,49 52 54 57 53 127 128 129 130 51 133 134 131 132 50
2147483930,0,0,3.60331e-06,3,0,1,0,0,51 133 134 131 132 50
2147483933,0,0,inf,1,0,1,0,0,49 52 54 57 53 127 128 129 130 51 133 134 131 132 50
2147483934,0,0,0.000186176,1,0,1,0,0,53 49 52 54 57 127 128 129 130 51 133 134 131 132 50
2147483935,0,0,inf,1,0,1,0,0,22 25 27 32 26 263 264 265 266 24 23 269 270 267 268
2147483937,0,0,4.83268e-05,1,0,1,0,0,51 133 134 131 132 50
2147483938,0,0,6.73123e-05,1,0,1,0,0,53 49 52 54 57 127 128 129 130 51 133 134 131 132 50
2147483940,0,0,5.88983e-05,1,0,1,0,0,49 52 127 128 129 130 51 133 134 131 132 50
2147483943,0,0,inf,1,0,1,0,0,49 52 54 57 53 127 128 129 130 51 133 134 131 132 50
2147483944,0,0,0.000116349,1,0,1,0,0,53 49 52 54 57 127 128 129 130 51 133 134 131 132 50
2147483945,0,0,inf,1,0,1,0,0,22 25 27 32 26 263 264 265 266 24 23 269 270 267 268
2147483946,0,0,0.000183465,1,0,1,0,0,53 49 52 54 57 127 128 129 130 51 133 134 131 132 50
2147483947,0,0,0.000177138,1,0,1,0,0,27 22 25 263 264 265 266 24 23 269 270 267 268
2147483948,0,0,7.16563e-05,1,0,1,0,0,53 49 52 54 57 127 128 129 130 51 133 134 131 132 50
2147483949,0,0,7.16563e-05,1,0,1,0,0,57 49 52 54 127 128 129 130 51 133 134 131 132 50
2147483950,0,0,inf,1,0,1,0,0,22 25 27 32 26 263 264 265 266 24 23 269 270 267 268
2147483951,0,0,0.000115928,1,0,1,0,0,53 49 52 54 57 127 128 129 130 51 133 134 131 132 50
2147483952,0,0,inf,1,0,1,0,0,22 25 27 32 26 263 264 265 266 24 23 269 270 267 268
2147483953,0,0,inf,1,0,1,0,0,49 52 54 57 53 127 128 129 130 51 133 134 131 132 50
2147483954,0,0,0.000111788,1,0,1,0,0,53 49 52 54 57 127 128 129 130 51 133 134 131 132 50
2147483956,0,0,inf,1,0,1,0,0,22 25 27 32 26 263 264 265 266 24 23 269 270 267 268
2147483957,0,0,6.987e-05,1,0,1,0,0,53 49 52 54 57 127 128 129 130 51 133 134 131 132 50
2147483959,0,0,inf,1,0,1,0,0,22 25 27 32 26 263 264 265 266 24 23 269 270 267 268
2147483960,0,0,4.36637e-05,1,0,1,0,0,53 49 52 54 57 127 128 129 130 51 133 134 131 132 50
2147483962,0,0,3.55369e-05,2,0,1,0,0,51 133 134 131 132 50
2147483963,0,0,inf,1,0,1,0,0,49 52 54 57 53 127 128 129 130 51 133 134 131 132 50
2147483964,0,0,4.52808e-05,1,0,1,0,0,53 49 52 54 57 127 128 129 130 51 133 134 131 132 50
2147483965,0,0,5.94193e-05,3,0,1,0,0,49 52 54 57 53 127 128 129 130 51 133 134 131 132 50
2147483970,0,0,inf,1,0,1,0,0,49 52 54 57 53 127 128 129 130 51 133 134 131 132 50
2147483971,0,0,0.00023995,1,0,1,0,0,22 25 27 32 26 263 264 265 266 24 23 269 270 267 268
2147483973,0,0,inf,1,0,1,0,0,22 25 27 32 26 263 264 265 266 24 23 269 270 267 268
2147483976,0,0,0.000178877,1,0,1,0,0,26 22 25 27 32 263 264 265 266 24 23 269 270 267 268
2147483977,0,0,0.000178877,1,0,1,0,255,57 49 52 54 127 128 129 130 51 133 134 131 132 50
2147483978,0,0,inf,1,0,1,0,255,49 52 54 57 53 127 128 129 130 51 133 134 131 132 50
2147483979,0,0,0.000453468,1,0,1,0,0,27 22 25 263 264 265 266 24 23 269 270 267 268
2147483980,0,0,inf,1,0,1,0,0,49 52 54 57 53 127 128 129 130 51 133 134 131 132 50
2147483981,0,0,inf,1,0,1,0,0,49 52 54 57 53 127 128 129 130 51 133 134 131 132 50
2147483982,0,0,0.000673468,1,0,1,0,0,22 25 27 32 26 263 264 265 266 24 23 269 270 267 268
2147483985,0,0,0.00127264,3,0,1,0,255,53 49 52 54 57 127 128 129 130 51 133 134 131 132 50
2147483986,0,0,inf,1,0,1,0,0,22 25 27 32 26 263 264 265 266 24 23 269 270 267 268
2147483991,0,0,0.000813773,2,0,1,0,255,49 52 54 57 53 127 128 129 130 51 133 134 131 132 50
2147483994,0,0,0.000487058,1,0,1,0,0,53 49 52 54 57 127 128 129 130 51 133 134 131 132 50
2147483995,0,0,inf,1,0,1,0,0,22 25 27 32 26 263 264 265 266 24 23 269 270 267 268
2147483996,0,0,0.000304419,1,0,1,0,0,53 49 52 54 57 127 128 129 130 51 133 134 131 132 50
2147483997,0,0,inf,1,0,1,0,0,22 25 27 32 26 263 264 265 266 24 23 269 270 267 268
2147484000,0,0,inf,3,0,1,0,0,2 11 19 61 18 247 248 249 250 5 8 253 254 251 252
2147484004,0,0,0.000272472,1,0,1,0,0,22 25 27 32 26 263 264 265 266 24 23 269 270 267 268
2147484006,0,0,0.000110062,1,0,1,0,2,53 49 52 54 57 127 128 129 130 51 133 134 131 132 50
2147484008,0,0,inf,1,0,1,0,0,22 25 27 32 26 263 264 265 266 24 23 269 270 267 268
2147484009,0,0,6.87941e-05,1,0,1,0,255,53 49 52 54 57 127 128 129 130 51 133 134 131 132 50
2147484012,0,0,7.13421e-05,1,0,1,0,0,53 49 52 54 57 127 128 129 130 51 133 134 131 132 50
2147484013,0,0,inf,2,0,1,0,0,49 52 54 57 53 127 128 129 130 51 133 134 131 132 50
2147484018,0,0,4.27968e-05,1,0,1,0,0,11 2 19 61 18 247 248 249 250 5 8 253 254 251 252
2147484021,0,0,0.000176116,1,0,1,0,0,53 49 52 54 57 127 128 129 130 51 133 134 131 132 50
2147484023,0,0,0.000530422,12,0,1,0,0,51 133 134 131 132 50
2147484024,0,0,0.000182639,1,0,1,0,0,53 49 52 54 57 127 128 129 130 51 133 134 131 132 50
2147484025,0,0,inf,2,0,1,0,0,49 52 54 57 53 127 128 129 130 51 133 134 131 132 50
2147484031,0,0,inf,2,0,1,0,0,22 25 27 32 26 263 264 265 266 24 23 269 270 267 268
2147484033,0,0,0.000100229,1,0,1,0,0,51 133 134 131 132 50
2147484034,0,0,8.38649e-05,1,0,1,0,0,51 133 134 131 132 50
2147484035,0,0,0.000128418,1,0,1,0,0,54 49 52 127 128 129 130 51 133 134 131 132 50
2147484036,0,0,0.000128418,1,0,1,0,0,52 49 127 128 129 130 51 133 134 131 132 50
2147484039,0,0,0.000141703,1,0,1,0,0,49 54 52 127 128 129 130 51 133 134 131 132 50
2147484040,0,0,0.000132561,1,0,1,0,0,49 52 127 128 129 130 51 133 134 131 132 50
2147484042,0,0,0.000198841,1,0,1,0,0,49 54 52 127 128 129 130 51 133 134 131 132 50
2147484043,0,0,0.000136979,1,0,1,0,0,52 49 127 128 129 130 51 133 134 131 132 50
2147484044,0,0,inf,1,0,1,0,0,49 52 54 57 53 127 128 129 130 51 133 134 131 132 50
2147484045,0,0,inf,1,0,1,0,0,49 52 54 57 53 127 128 129 130 51 133 134 131 132 50
2147484046,0,0,0.000217966,1,0,1,0,0,22 25 27 32 26 263 264 265 266 24 23 269 270 267 268
2147484049,0,0,0.000152199,1,0,1,0,0,53 49 52 54 57 127 128 129 130 51 133 134 131 132 50
2147484050,0,0,0.000104035,1,0,1,0,0,5 8 253 254 251 252
2147484051,0,0,0.000128418,1,0,1,0,0,54 49 52 127 128 129 130 51 133 134 131 132 50
2147484052,0,0,0.000128418,1,0,1,0,0,52 49 127 128 129 130 51 133 134 131 132 50
2147484055,0,0,inf,1,0,1,0,0,49 52 54 57 53 127 128 129 130 51 133 134 131 132 50
2147484058,0,0,4.08601e-05,1,0,1,0,0,53 49 52 54 57 127 128 129 130 51 133 134 131 132 50
2147484059,0,0,inf,1,0,1,0,0,22 25 27 32 26 263 264 265 266 24 23 269 270 267 268
2147484060,0,0,1.06097e-05,1,0,1,0,0,51 133 134 131 132 50
2147484061,0,0,1.47778e-05,1,0,1,0,0,53 49 52 54 57 127 128 129 130 51 133 134 131 132 50
2147484063,0,0,1.29306e-05,1,0,1,0,0,49 52 127 128 129 130 51 133 134 131 132 50
2147484066,0,0,inf,1,0,1,0,0,49 52 54 57 53 127 128 129 130 51 133 134 131 132 50
2147484067,0,0,9.17323e-05,1,0,1,0,0,27 22 25 263 264 265 266 24 23 269 270 267 268
2147484068,0,0,5.50312e-05,1,0,1,0,0,27 22 25 263 264 265 266 24 23 269 270 267 268
2147484069,0,0,inf,1,0,1,0,0,49 52 54 57 53 127 128 129 130 51 133 134 131 132 50
2147484070,0,0,inf,1,0,1,0,255,49 52 54 57 53 127 128 129 130 51 133 134 131 132 50
2147484071,0,0,0.000404075,1,0,1,0,0,22 25 27 32 26 263 264 265 266 24 23 269 270 267 268
2147484074,0,0,0.000763571,3,0,1,0,0,53 49 52 54 57 127 128 129 130 51 133 134 131 132 50
2147484075,0,0,inf,1,0,1,0,0,22 25 27 32 26 263 264 265 266 24 23 269 270 267 268
2147484080,0,0,0.000488257,2,0,1,0,0,49 52 54 57 53 127 128 129 130 51 133 134 131 132 50
2147484083,0,0,0.00135753,1,0,1,0,0,54 49 52 127 128 129 130 51 133 134 131 132 50
2147484086,0,0,inf,1,0,1,0,0,49 52 54 57 53 127 128 129 130 51 133 134 131 132 50
2147484089,0,0,0.0063349,3,0,1,0,0,49 52 54 57 53 127 128 129 130 51 133 134 131 132 50
2147484092,0,0,2.57646e-05,5,0,1,0,0,24 23 269 270 267 268
2147484094,0,0,9.09826e-05,3,0,1,0,0,49 52 54 57 53 127 128 129 130 51 133 134 131 132 50
2147484095,0,0,6.41718e-07,3,0,1,0,0,24 23 269 270 267 268
2147484096,0,0,7.7839e-07,3,0,1,0,0,54 49 52 57 53 127 128 129 130 51 133 134 131 132 50
2147484097,0,0,4.10778e-07,3,0,1,0,0,51 133 134 131 132 50
2147484098,0,0,8.00087e-07,3,0,1,0,0,49 52 54 57 53 127 128 129 130 51 133 134 131 132 50
2147484100,0,0,6.2032e-05,6,0,1,0,0,51 133 134 131 132 50
2147484102,0,0,0.000347816,2,0,1,0,0,54 49 52 127 128 129 130 51 133 134 131 132 50
