22 2147483666 2147483684 
23 
24 
25 2147483666 2147483684 
26 2147483666 2147483684 
27 2147483666 2147483684 
32 2147483666 2147483684 
49 2147483677 
50 
51 
52 2147483677 
53 2147483677 
54 2147483677 
57 2147483677 
127 2147483677 
128 2147483677 
129 2147483677 
130 2147483677 
131 
132 
133 
134 
151 
152 
153 
154 
155 
156 
157 
158 
159 
160 
161 
162 
163 
164 
165 
166 
263 2147483666 2147483684 
264 2147483666 2147483684 
265 2147483666 2147483684 
266 2147483666 2147483684 
267 
268 
269 
270 
2147483661 
2147483665 2147483666 2147483677 2147483666 2147483677 
2147483666 2147483665 2147483665 2147483677 2147483684 2147483685 22 25 27 32 26 263 264 265 266 2147483677 2147483684 2147483685 
2147483671 2147483677 2147483684 2147483677 2147483684 
2147483672 2147483677 2147483684 2147483677 2147483684 
2147483674 2147483677 2147483684 2147483686 2147483687 2147483688 2147483677 2147483684 2147483686 2147483687 2147483688 
2147483677 2147483665 2147483666 2147483671 2147483672 2147483674 2147483665 2147483666 2147483671 2147483672 2147483674 2147483684 2147483685 2147483686 2147483687 2147483688 49 52 54 57 53 127 128 129 130 2147483684 2147483685 2147483686 2147483687 2147483688 
2147483684 2147483666 2147483671 2147483672 2147483674 2147483677 2147483666 2147483671 2147483672 2147483674 2147483677 2147483685 2147483686 2147483687 2147483688 22 25 27 32 26 263 264 265 266 2147483685 2147483686 2147483687 2147483688 
2147483685 2147483666 2147483677 2147483684 2147483666 2147483677 2147483684 
2147483686 2147483674 2147483677 2147483684 2147483674 2147483677 2147483684 2147483687 2147483688 2147483687 2147483688 
2147483687 2147483674 2147483677 2147483684 2147483686 2147483674 2147483677 2147483684 2147483686 2147483688 2147483688 
2147483688 2147483674 2147483677 2147483684 2147483686 2147483687 2147483674 2147483677 2147483684 2147483686 2147483687 
