22 
23 
24 
25 
26 
27 
32 
49 2147483648 2147483654 2147483657 2147483663 2147483668 2147483674 2147483678 2147483679 2147483680 2147483682 2147483683 2147483728 2147483731 2147483742 2147483772 2147483775 2147483786 
50 
51 
52 2147483648 2147483654 2147483657 2147483663 2147483668 2147483674 2147483678 2147483679 2147483680 2147483682 2147483683 2147483725 2147483728 2147483731 2147483742 2147483764 2147483772 2147483775 2147483786 
53 2147483648 2147483654 2147483657 2147483663 2147483668 2147483674 2147483678 2147483679 2147483680 2147483682 2147483683 2147483728 2147483731 2147483772 2147483774 2147483775 2147483777 2147483781 2147483784 2147483786 
54 2147483648 2147483654 2147483657 2147483663 2147483668 2147483674 2147483678 2147483679 2147483680 2147483682 2147483683 2147483728 2147483731 2147483742 2147483772 2147483774 2147483775 2147483777 2147483786 
57 2147483648 2147483654 2147483657 2147483663 2147483668 2147483674 2147483678 2147483679 2147483680 2147483682 2147483683 2147483728 2147483731 2147483772 2147483774 2147483775 2147483777 2147483781 2147483784 2147483786 
127 2147483648 2147483654 2147483657 2147483663 2147483668 2147483674 2147483678 2147483679 2147483680 2147483682 2147483683 2147483728 2147483731 2147483772 2147483775 2147483786 
128 2147483648 2147483654 2147483657 2147483663 2147483668 2147483674 2147483678 2147483679 2147483680 2147483682 2147483683 2147483728 2147483731 2147483772 2147483775 2147483786 
129 2147483648 2147483654 2147483657 2147483663 2147483668 2147483674 2147483678 2147483679 2147483680 2147483682 2147483683 2147483728 2147483731 2147483772 2147483775 2147483786 
130 2147483648 2147483654 2147483657 2147483663 2147483668 2147483674 2147483678 2147483679 2147483680 2147483682 2147483683 2147483728 2147483731 2147483772 2147483775 2147483786 
131 
132 
133 
134 
263 
264 
265 
266 
267 
268 
269 
270 
2147483648 2147483654 2147483657 2147483658 2147483663 2147483668 2147483678 2147483679 2147483680 2147483682 2147483683 2147483689 2147483690 2147483695 2147483706 2147483725 2147483728 2147483779 2147483781 53 49 52 54 57 127 128 129 130 2147483654 2147483657 2147483658 2147483663 2147483668 2147483678 2147483679 2147483680 2147483682 2147483683 2147483689 2147483690 2147483695 2147483706 2147483725 2147483728 2147483779 2147483781 
2147483654 2147483648 2147483648 2147483657 2147483668 2147483678 2147483679 2147483680 2147483682 2147483683 2147483695 2147483728 49 52 54 57 53 127 128 129 130 2147483657 2147483668 2147483678 2147483679 2147483680 2147483682 2147483683 2147483695 2147483728 
2147483657 2147483648 2147483654 2147483648 2147483654 2147483658 2147483668 2147483678 2147483679 2147483680 2147483682 2147483683 2147483706 2147483725 2147483728 2147483781 57 49 52 54 53 127 128 129 130 2147483658 2147483668 2147483678 2147483679 2147483680 2147483682 2147483683 2147483706 2147483725 2147483728 2147483781 
2147483658 2147483648 2147483657 2147483648 2147483657 2147483668 2147483678 2147483679 2147483680 2147483682 2147483683 2147483725 2147483728 2147483668 2147483678 2147483679 2147483680 2147483682 2147483683 2147483725 2147483728 
2147483663 2147483648 2147483648 2147483668 2147483669 2147483674 2147483678 2147483679 2147483680 2147483682 2147483683 2147483728 2147483729 2147483731 2147483734 2147483742 2147483745 2147483764 2147483784 2147483786 49 127 52 54 57 53 128 129 130 2147483668 2147483669 2147483674 2147483678 2147483679 2147483680 2147483682 2147483683 2147483728 2147483729 2147483731 2147483734 2147483742 2147483745 2147483764 2147483784 2147483786 
2147483668 2147483648 2147483654 2147483657 2147483658 2147483663 2147483648 2147483654 2147483657 2147483658 2147483663 2147483669 2147483678 2147483679 2147483680 2147483682 2147483683 2147483690 2147483695 2147483706 2147483725 2147483728 2147483729 2147483731 2147483734 2147483742 2147483745 2147483764 2147483781 2147483784 57 49 52 54 53 127 128 129 130 2147483669 2147483678 2147483679 2147483680 2147483682 2147483683 2147483690 2147483695 2147483706 2147483725 2147483728 2147483729 2147483731 2147483734 2147483742 2147483745 2147483764 2147483781 2147483784 
2147483669 2147483663 2147483668 2147483663 2147483668 2147483678 2147483679 2147483680 2147483682 2147483683 2147483764 2147483678 2147483679 2147483680 2147483682 2147483683 2147483764 
2147483674 2147483663 2147483663 2147483678 2147483679 2147483680 2147483682 2147483683 2147483772 2147483774 2147483775 2147483786 49 52 127 54 57 53 128 129 130 2147483678 2147483679 2147483680 2147483682 2147483683 2147483772 2147483774 2147483775 2147483786 
2147483678 2147483648 2147483654 2147483657 2147483658 2147483663 2147483668 2147483669 2147483674 2147483648 2147483654 2147483657 2147483658 2147483663 2147483668 2147483669 2147483674 2147483679 2147483680 2147483682 2147483683 2147483684 2147483689 2147483690 2147483695 2147483706 2147483725 2147483728 2147483729 2147483731 2147483734 2147483742 2147483745 2147483764 2147483772 2147483774 2147483775 2147483777 2147483779 2147483781 2147483784 2147483786 53 49 52 54 57 127 128 129 130 2147483679 2147483680 2147483682 2147483683 2147483684 2147483689 2147483690 2147483695 2147483706 2147483725 2147483728 2147483729 2147483731 2147483734 2147483742 2147483745 2147483764 2147483772 2147483774 2147483775 2147483777 2147483779 2147483781 2147483784 2147483786 
2147483679 2147483648 2147483654 2147483657 2147483658 2147483663 2147483668 2147483669 2147483674 2147483678 2147483648 2147483654 2147483657 2147483658 2147483663 2147483668 2147483669 2147483674 2147483678 2147483680 2147483682 2147483683 2147483684 2147483689 2147483690 2147483695 2147483706 2147483725 2147483728 2147483729 2147483731 2147483734 2147483742 2147483745 2147483764 2147483772 2147483774 2147483775 2147483777 2147483779 2147483781 2147483784 2147483786 54 53 57 49 52 127 128 129 130 2147483680 2147483682 2147483683 2147483684 2147483689 2147483690 2147483695 2147483706 2147483725 2147483728 2147483729 2147483731 2147483734 2147483742 2147483745 2147483764 2147483772 2147483774 2147483775 2147483777 2147483779 2147483781 2147483784 2147483786 
2147483680 2147483648 2147483654 2147483657 2147483658 2147483663 2147483668 2147483669 2147483674 2147483678 2147483679 2147483648 2147483654 2147483657 2147483658 2147483663 2147483668 2147483669 2147483674 2147483678 2147483679 2147483682 2147483683 2147483684 2147483689 2147483690 2147483695 2147483706 2147483725 2147483728 2147483729 2147483731 2147483734 2147483742 2147483745 2147483764 2147483779 2147483781 2147483784 52 54 49 57 53 127 128 129 130 2147483682 2147483683 2147483684 2147483689 2147483690 2147483695 2147483706 2147483725 2147483728 2147483729 2147483731 2147483734 2147483742 2147483745 2147483764 2147483779 2147483781 2147483784 
2147483682 2147483648 2147483654 2147483657 2147483658 2147483663 2147483668 2147483669 2147483674 2147483678 2147483679 2147483680 2147483648 2147483654 2147483657 2147483658 2147483663 2147483668 2147483669 2147483674 2147483678 2147483679 2147483680 2147483683 2147483684 2147483689 2147483690 2147483695 2147483706 2147483725 2147483728 2147483729 2147483731 2147483734 2147483742 2147483745 2147483764 2147483779 2147483781 2147483784 127 128 49 52 54 57 53 129 130 2147483683 2147483684 2147483689 2147483690 2147483695 2147483706 2147483725 2147483728 2147483729 2147483731 2147483734 2147483742 2147483745 2147483764 2147483779 2147483781 2147483784 
2147483683 2147483648 2147483654 2147483657 2147483658 2147483663 2147483668 2147483669 2147483674 2147483678 2147483679 2147483680 2147483682 2147483648 2147483654 2147483657 2147483658 2147483663 2147483668 2147483669 2147483674 2147483678 2147483679 2147483680 2147483682 2147483684 2147483689 2147483690 2147483695 2147483706 2147483725 2147483728 2147483729 2147483731 2147483734 2147483742 2147483745 2147483764 2147483779 2147483781 2147483784 128 127 49 52 54 57 53 129 130 2147483684 2147483689 2147483690 2147483695 2147483706 2147483725 2147483728 2147483729 2147483731 2147483734 2147483742 2147483745 2147483764 2147483779 2147483781 2147483784 
2147483684 2147483678 2147483679 2147483680 2147483682 2147483683 2147483678 2147483679 2147483680 2147483682 2147483683 
2147483689 2147483648 2147483678 2147483679 2147483680 2147483682 2147483683 2147483648 2147483678 2147483679 2147483680 2147483682 2147483683 
2147483690 2147483648 2147483668 2147483678 2147483679 2147483680 2147483682 2147483683 2147483648 2147483668 2147483678 2147483679 2147483680 2147483682 2147483683 
2147483695 2147483648 2147483654 2147483668 2147483678 2147483679 2147483680 2147483682 2147483683 2147483648 2147483654 2147483668 2147483678 2147483679 2147483680 2147483682 2147483683 
2147483706 2147483648 2147483657 2147483668 2147483678 2147483679 2147483680 2147483682 2147483683 2147483648 2147483657 2147483668 2147483678 2147483679 2147483680 2147483682 2147483683 2147483728 2147483728 
2147483725 2147483648 2147483657 2147483658 2147483668 2147483678 2147483679 2147483680 2147483682 2147483683 2147483648 2147483657 2147483658 2147483668 2147483678 2147483679 2147483680 2147483682 2147483683 2147483728 52 2147483728 
2147483728 2147483648 2147483654 2147483657 2147483658 2147483663 2147483668 2147483678 2147483679 2147483680 2147483682 2147483683 2147483706 2147483725 2147483648 2147483654 2147483657 2147483658 2147483663 2147483668 2147483678 2147483679 2147483680 2147483682 2147483683 2147483706 2147483725 2147483729 2147483731 2147483734 2147483781 49 52 54 57 53 127 128 129 130 2147483729 2147483731 2147483734 2147483781 
2147483729 2147483663 2147483668 2147483678 2147483679 2147483680 2147483682 2147483683 2147483728 2147483663 2147483668 2147483678 2147483679 2147483680 2147483682 2147483683 2147483728 
2147483731 2147483663 2147483668 2147483678 2147483679 2147483680 2147483682 2147483683 2147483728 2147483663 2147483668 2147483678 2147483679 2147483680 2147483682 2147483683 2147483728 2147483734 2147483742 49 52 54 57 53 127 128 129 130 2147483734 2147483742 
2147483734 2147483663 2147483668 2147483678 2147483679 2147483680 2147483682 2147483683 2147483728 2147483731 2147483663 2147483668 2147483678 2147483679 2147483680 2147483682 2147483683 2147483728 2147483731 
2147483742 2147483663 2147483668 2147483678 2147483679 2147483680 2147483682 2147483683 2147483731 2147483663 2147483668 2147483678 2147483679 2147483680 2147483682 2147483683 2147483731 2147483745 49 52 54 2147483745 
2147483745 2147483663 2147483668 2147483678 2147483679 2147483680 2147483682 2147483683 2147483742 2147483663 2147483668 2147483678 2147483679 2147483680 2147483682 2147483683 2147483742 
2147483764 2147483663 2147483668 2147483669 2147483678 2147483679 2147483680 2147483682 2147483683 2147483663 2147483668 2147483669 2147483678 2147483679 2147483680 2147483682 2147483683 52 
2147483772 2147483674 2147483678 2147483679 2147483674 2147483678 2147483679 2147483774 2147483775 2147483786 49 127 52 54 57 53 128 129 130 2147483774 2147483775 2147483786 
2147483774 2147483674 2147483678 2147483679 2147483772 2147483674 2147483678 2147483679 2147483772 54 57 53 
2147483775 2147483674 2147483678 2147483679 2147483772 2147483674 2147483678 2147483679 2147483772 2147483777 49 127 52 54 57 53 128 129 130 2147483777 
2147483777 2147483678 2147483679 2147483775 2147483678 2147483679 2147483775 54 57 53 
2147483779 2147483648 2147483678 2147483679 2147483680 2147483682 2147483683 2147483648 2147483678 2147483679 2147483680 2147483682 2147483683 
2147483781 2147483648 2147483657 2147483668 2147483678 2147483679 2147483680 2147483682 2147483683 2147483728 2147483648 2147483657 2147483668 2147483678 2147483679 2147483680 2147483682 2147483683 2147483728 57 53 
2147483784 2147483663 2147483668 2147483678 2147483679 2147483680 2147483682 2147483683 2147483663 2147483668 2147483678 2147483679 2147483680 2147483682 2147483683 57 53 
2147483786 2147483663 2147483674 2147483678 2147483679 2147483772 2147483663 2147483674 2147483678 2147483679 2147483772 52 49 54 57 53 127 128 129 130 
