2 
5 
8 
11 
18 
19 
22 2147483737 
23 
24 
25 2147483737 
26 2147483737 
27 2147483737 
32 2147483737 
49 2147483649 2147483650 2147483661 2147483672 2147483673 2147483674 2147483700 2147483734 2147483736 
50 
51 
52 2147483649 2147483650 2147483661 2147483672 2147483673 2147483674 2147483700 2147483734 2147483736 
53 2147483649 2147483650 2147483661 2147483666 2147483672 2147483673 2147483674 2147483687 2147483699 2147483700 2147483705 2147483728 2147483733 2147483734 2147483736 
54 2147483649 2147483650 2147483661 2147483672 2147483673 2147483674 2147483700 2147483734 2147483736 
57 2147483649 2147483650 2147483661 2147483672 2147483673 2147483674 2147483687 2147483700 2147483705 2147483733 2147483734 2147483736 
61 
127 2147483649 2147483650 2147483661 2147483672 2147483673 2147483674 2147483700 2147483734 2147483736 
128 2147483649 2147483650 2147483661 2147483672 2147483673 2147483674 2147483700 2147483734 2147483736 
129 2147483649 2147483650 2147483661 2147483672 2147483673 2147483674 2147483700 2147483734 2147483736 
130 2147483649 2147483650 2147483661 2147483672 2147483673 2147483674 2147483700 2147483734 2147483736 
131 
132 
133 
134 
151 
152 
153 
154 
155 
156 
157 
158 
159 
160 
161 
162 
163 
164 
165 
166 
247 
248 
249 
250 
251 
252 
253 
254 
263 2147483737 
264 2147483737 
265 2147483737 
266 2147483737 
267 
268 
269 
270 
2147483648 2147483649 2147483672 2147483673 2147483674 2147483678 2147483688 2147483690 2147483737 2147483649 2147483672 2147483673 2147483674 2147483678 2147483688 2147483690 2147483737 
2147483649 2147483648 2147483648 2147483650 2147483672 2147483673 2147483674 2147483688 2147483690 2147483692 2147483734 2147483737 57 53 49 52 54 127 128 129 130 2147483650 2147483672 2147483673 2147483674 2147483688 2147483690 2147483692 2147483734 2147483737 
2147483650 2147483649 2147483649 2147483672 2147483673 2147483674 2147483692 2147483734 2147483737 53 57 49 52 54 127 128 129 130 2147483672 2147483673 2147483674 2147483692 2147483734 2147483737 
2147483656 2147483673 2147483674 2147483724 2147483734 2147483736 2147483737 2147483673 2147483674 2147483724 2147483734 2147483736 2147483737 
2147483661 2147483672 2147483674 2147483728 2147483734 2147483736 2147483737 2147483738 49 54 52 57 53 127 128 129 130 2147483672 2147483674 2147483728 2147483734 2147483736 2147483737 2147483738 
2147483666 2147483672 2147483674 2147483700 2147483739 53 2147483672 2147483674 2147483700 2147483739 
2147483672 2147483648 2147483649 2147483650 2147483661 2147483666 2147483648 2147483649 2147483650 2147483661 2147483666 2147483673 2147483674 2147483675 2147483676 2147483678 2147483679 2147483687 2147483688 2147483690 2147483692 2147483693 2147483699 2147483700 2147483705 2147483720 2147483722 2147483724 2147483728 2147483733 2147483734 2147483736 2147483737 2147483738 2147483739 2147483740 57 49 52 54 53 127 128 129 130 2147483673 2147483674 2147483675 2147483676 2147483678 2147483679 2147483687 2147483688 2147483690 2147483692 2147483693 2147483699 2147483700 2147483705 2147483720 2147483722 2147483724 2147483728 2147483733 2147483734 2147483736 2147483737 2147483738 2147483739 2147483740 
2147483673 2147483648 2147483649 2147483650 2147483656 2147483672 2147483648 2147483649 2147483650 2147483656 2147483672 2147483674 2147483675 2147483676 2147483678 2147483679 2147483688 2147483690 2147483692 2147483693 2147483699 2147483720 2147483722 2147483724 2147483734 2147483736 2147483737 2147483740 54 57 49 52 53 127 128 129 130 2147483674 2147483675 2147483676 2147483678 2147483679 2147483688 2147483690 2147483692 2147483693 2147483699 2147483720 2147483722 2147483724 2147483734 2147483736 2147483737 2147483740 
2147483674 2147483648 2147483649 2147483650 2147483656 2147483661 2147483666 2147483672 2147483673 2147483648 2147483649 2147483650 2147483656 2147483661 2147483666 2147483672 2147483673 2147483675 2147483676 2147483678 2147483679 2147483688 2147483690 2147483692 2147483693 2147483699 2147483700 2147483720 2147483722 2147483724 2147483734 2147483736 2147483737 2147483739 2147483740 54 52 49 57 53 127 128 129 130 2147483675 2147483676 2147483678 2147483679 2147483688 2147483690 2147483692 2147483693 2147483699 2147483700 2147483720 2147483722 2147483724 2147483734 2147483736 2147483737 2147483739 2147483740 
2147483675 2147483672 2147483673 2147483674 2147483672 2147483673 2147483674 2147483737 2147483737 
2147483676 2147483672 2147483673 2147483674 2147483672 2147483673 2147483674 2147483737 2147483737 
2147483678 2147483648 2147483672 2147483673 2147483674 2147483648 2147483672 2147483673 2147483674 2147483737 2147483737 
2147483679 2147483672 2147483673 2147483674 2147483672 2147483673 2147483674 2147483737 2147483737 
2147483687 2147483672 2147483672 2147483737 57 53 2147483737 
2147483688 2147483648 2147483649 2147483672 2147483673 2147483674 2147483648 2147483649 2147483672 2147483673 2147483674 2147483737 2147483737 
2147483690 2147483648 2147483649 2147483672 2147483673 2147483674 2147483648 2147483649 2147483672 2147483673 2147483674 2147483737 2147483737 
2147483692 2147483649 2147483650 2147483672 2147483673 2147483674 2147483649 2147483650 2147483672 2147483673 2147483674 2147483737 2147483737 
2147483693 2147483672 2147483673 2147483674 2147483672 2147483673 2147483674 2147483737 2147483737 
2147483699 2147483672 2147483673 2147483674 2147483672 2147483673 2147483674 2147483737 53 2147483737 
2147483700 2147483666 2147483672 2147483674 2147483666 2147483672 2147483674 2147483705 2147483706 2147483707 2147483739 49 57 52 54 53 127 128 129 130 2147483705 2147483706 2147483707 2147483739 
2147483705 2147483672 2147483700 2147483672 2147483700 2147483706 2147483707 57 53 2147483706 2147483707 
2147483706 2147483700 2147483705 2147483700 2147483705 
2147483707 2147483700 2147483705 2147483700 2147483705 
2147483720 2147483672 2147483673 2147483674 2147483672 2147483673 2147483674 2147483734 2147483737 2147483734 2147483737 
2147483722 2147483672 2147483673 2147483674 2147483672 2147483673 2147483674 2147483734 2147483737 2147483734 2147483737 
2147483724 2147483656 2147483672 2147483673 2147483674 2147483656 2147483672 2147483673 2147483674 2147483734 2147483736 2147483734 2147483736 
2147483728 2147483661 2147483672 2147483661 2147483672 2147483737 2147483738 53 2147483737 2147483738 
2147483733 2147483672 2147483672 2147483737 57 53 2147483737 
2147483734 2147483649 2147483650 2147483656 2147483661 2147483672 2147483673 2147483674 2147483720 2147483722 2147483724 2147483649 2147483650 2147483656 2147483661 2147483672 2147483673 2147483674 2147483720 2147483722 2147483724 2147483736 2147483737 53 49 52 54 57 127 128 129 130 2147483736 2147483737 
2147483736 2147483656 2147483661 2147483672 2147483673 2147483674 2147483724 2147483734 2147483656 2147483661 2147483672 2147483673 2147483674 2147483724 2147483734 2147483737 57 49 52 54 53 127 128 129 130 2147483737 
2147483737 2147483648 2147483649 2147483650 2147483656 2147483661 2147483672 2147483673 2147483674 2147483675 2147483676 2147483678 2147483679 2147483687 2147483688 2147483690 2147483692 2147483693 2147483699 2147483720 2147483722 2147483728 2147483733 2147483734 2147483736 2147483648 2147483649 2147483650 2147483656 2147483661 2147483672 2147483673 2147483674 2147483675 2147483676 2147483678 2147483679 2147483687 2147483688 2147483690 2147483692 2147483693 2147483699 2147483720 2147483722 2147483728 2147483733 2147483734 2147483736 2147483738 2147483740 26 22 25 27 32 263 264 265 266 2147483738 2147483740 
2147483738 2147483661 2147483672 2147483728 2147483737 2147483661 2147483672 2147483728 2147483737 
2147483739 2147483666 2147483672 2147483674 2147483700 2147483666 2147483672 2147483674 2147483700 
2147483740 2147483672 2147483673 2147483674 2147483737 2147483672 2147483673 2147483674 2147483737 
