22 
23 
24 
25 
26 
27 
32 
49 2147483654 2147483655 2147483689 
50 
51 
52 2147483654 2147483655 2147483689 
53 2147483654 2147483655 2147483689 
54 2147483654 2147483655 2147483689 
57 2147483654 2147483655 2147483689 
127 2147483654 2147483655 2147483689 
128 2147483654 2147483655 2147483689 
129 2147483654 2147483655 2147483689 
130 2147483654 2147483655 2147483689 
131 
132 
133 
134 
151 
152 
153 
154 
155 
156 
157 
158 
159 
160 
161 
162 
163 
164 
165 
166 
263 
264 
265 
266 
267 
268 
269 
270 
2147483648 
2147483649 
2147483651 2147483670 2147483689 2147483690 2147483670 2147483689 2147483690 
2147483654 2147483655 2147483683 2147483685 2147483689 53 49 52 54 57 127 128 129 130 2147483655 2147483683 2147483685 2147483689 
2147483655 2147483654 2147483654 2147483689 49 52 54 57 53 127 128 129 130 2147483689 
2147483657 2147483658 2147483673 2147483658 2147483673 
2147483658 2147483657 2147483657 2147483673 2147483673 
2147483659 
2147483660 
2147483661 
2147483662 
2147483664 
2147483667 2147483689 2147483689 
2147483668 2147483689 2147483689 
2147483670 2147483651 2147483651 2147483689 2147483689 
2147483673 2147483657 2147483658 2147483657 2147483658 
2147483678 
2147483679 
2147483680 
2147483681 
2147483682 
2147483683 2147483654 2147483654 2147483685 2147483689 2147483685 2147483689 
2147483685 2147483654 2147483683 2147483654 2147483683 2147483689 2147483689 
2147483689 2147483651 2147483654 2147483655 2147483667 2147483668 2147483670 2147483683 2147483685 2147483651 2147483654 2147483655 2147483667 2147483668 2147483670 2147483683 2147483685 2147483690 49 52 54 57 53 127 128 129 130 2147483690 
2147483690 2147483651 2147483689 2147483651 2147483689 
