22 
23 
24 
25 
26 
27 
32 
49 2147483649 2147483650 2147483652 2147483653 2147483655 2147483656 2147483657 
50 
51 
52 2147483649 2147483650 2147483652 2147483653 2147483655 2147483656 2147483657 
53 2147483649 2147483650 2147483652 2147483653 2147483655 2147483656 2147483657 
54 2147483649 2147483650 2147483652 2147483653 2147483655 2147483656 2147483657 
57 2147483649 2147483650 2147483652 2147483653 2147483655 2147483656 2147483657 
127 2147483649 2147483650 2147483652 2147483653 2147483655 2147483656 2147483657 
128 2147483649 2147483650 2147483652 2147483653 2147483655 2147483656 2147483657 
129 2147483649 2147483650 2147483652 2147483653 2147483655 2147483656 2147483657 
130 2147483649 2147483650 2147483652 2147483653 2147483655 2147483656 2147483657 
131 
132 
133 
134 
263 
264 
265 
266 
267 
268 
269 
270 
2147483648 2147483657 2147483699 2147483701 2147483657 2147483699 2147483701 
2147483649 2147483657 49 52 54 57 53 127 128 129 130 2147483657 
2147483650 2147483657 49 52 54 57 53 127 128 129 130 2147483657 
2147483651 2147483657 2147483663 2147483665 2147483657 2147483663 2147483665 
2147483652 2147483657 49 52 54 57 53 127 128 129 130 2147483657 
2147483653 2147483657 49 52 54 57 53 127 128 129 130 2147483657 
2147483654 2147483657 2147483681 2147483683 2147483657 2147483681 2147483683 
2147483655 2147483657 49 52 54 57 53 127 128 129 130 2147483657 
2147483656 2147483657 49 52 54 57 53 127 128 129 130 2147483657 
2147483657 2147483648 2147483649 2147483650 2147483651 2147483652 2147483653 2147483654 2147483655 2147483656 2147483648 2147483649 2147483650 2147483651 2147483652 2147483653 2147483654 2147483655 2147483656 2147483658 2147483660 2147483663 2147483665 2147483667 2147483671 2147483673 2147483674 2147483676 2147483680 2147483681 2147483683 2147483685 2147483689 2147483691 2147483692 2147483694 2147483698 2147483699 2147483701 2147483703 2147483707 2147483709 2147483710 2147483712 2147483716 49 53 52 54 57 127 128 129 130 2147483658 2147483660 2147483663 2147483665 2147483667 2147483671 2147483673 2147483674 2147483676 2147483680 2147483681 2147483683 2147483685 2147483689 2147483691 2147483692 2147483694 2147483698 2147483699 2147483701 2147483703 2147483707 2147483709 2147483710 2147483712 2147483716 
2147483658 2147483657 2147483657 
2147483660 2147483657 2147483657 
2147483663 2147483651 2147483657 2147483651 2147483657 
2147483665 2147483651 2147483657 2147483651 2147483657 2147483667 2147483667 
2147483667 2147483657 2147483665 2147483657 2147483665 
2147483671 2147483657 2147483657 
2147483673 2147483657 2147483657 2147483674 2147483674 
2147483674 2147483657 2147483673 2147483657 2147483673 2147483676 2147483676 
2147483676 2147483657 2147483674 2147483657 2147483674 
2147483680 2147483657 2147483657 
2147483681 2147483654 2147483657 2147483654 2147483657 
2147483683 2147483654 2147483657 2147483654 2147483657 2147483685 2147483685 
2147483685 2147483657 2147483683 2147483657 2147483683 
2147483689 2147483657 2147483657 
2147483691 2147483657 2147483657 2147483692 2147483692 
2147483692 2147483657 2147483691 2147483657 2147483691 2147483694 2147483694 
2147483694 2147483657 2147483692 2147483657 2147483692 
2147483698 2147483657 2147483657 
2147483699 2147483648 2147483657 2147483648 2147483657 
2147483701 2147483648 2147483657 2147483648 2147483657 2147483703 2147483703 
2147483703 2147483657 2147483701 2147483657 2147483701 
2147483707 2147483657 2147483657 
2147483709 2147483657 2147483657 2147483710 2147483710 
2147483710 2147483657 2147483709 2147483657 2147483709 2147483712 2147483712 
2147483712 2147483657 2147483710 2147483657 2147483710 
2147483716 2147483657 2147483657 
