22 2147483657 
23 
24 
25 2147483657 
26 2147483657 
27 2147483657 
32 2147483657 
49 2147483651 2147483652 
50 
51 
52 2147483651 2147483652 2147483655 2147483656 
53 2147483651 2147483652 2147483653 2147483655 2147483656 2147483662 
54 2147483651 2147483652 2147483653 2147483655 2147483656 2147483662 
57 2147483651 2147483652 2147483653 2147483655 2147483656 2147483662 
127 2147483651 2147483652 2147483655 2147483656 
128 2147483651 2147483652 
129 2147483651 2147483652 
130 2147483651 2147483652 
131 
132 
133 
134 
263 2147483657 
264 2147483657 
265 2147483657 
266 2147483657 
267 
268 
269 
270 
2147483651 2147483652 2147483653 2147483655 2147483656 2147483657 2147483662 53 49 52 54 57 127 128 129 130 2147483652 2147483653 2147483655 2147483656 2147483657 2147483662 
2147483652 2147483651 2147483651 2147483653 2147483655 2147483656 2147483657 2147483662 54 57 49 52 53 127 128 129 130 2147483653 2147483655 2147483656 2147483657 2147483662 
2147483653 2147483651 2147483652 2147483651 2147483652 2147483655 2147483656 2147483657 54 57 53 2147483655 2147483656 2147483657 
2147483655 2147483651 2147483652 2147483653 2147483651 2147483652 2147483653 2147483656 2147483657 127 52 54 57 53 2147483656 2147483657 
2147483656 2147483651 2147483652 2147483653 2147483655 2147483651 2147483652 2147483653 2147483655 2147483657 127 52 54 57 53 2147483657 
2147483657 2147483651 2147483652 2147483653 2147483655 2147483656 2147483651 2147483652 2147483653 2147483655 2147483656 2147483662 32 22 25 27 26 263 264 265 266 2147483662 
2147483662 2147483651 2147483652 2147483657 2147483651 2147483652 2147483657 54 57 53 
