2,1,2,-1,0,1,0,0,0,
3,1,3,-1,0,1,0,0,255,
5,1,5,-1,0,1,0,0,0,
6,1,6,-1,0,1,0,0,0,
8,1,8,-1,0,1,0,0,0,
9,1,9,-1,0,1,0,0,0,
11,1,11,-1,0,1,0,0,0,
13,1,13,-1,0,1,0,0,0,
16,1,16,-1,0,1,0,0,0,
18,1,18,-1,0,1,0,0,0,
19,1,19,-1,0,1,0,0,0,
21,1,21,-1,0,1,0,0,0,
22,1,22,-1,0,1,0,0,0,
23,1,23,-1,0,1,0,0,0,
24,1,24,-1,0,1,0,0,0,
25,1,25,-1,0,1,0,0,0,
26,1,26,-1,0,1,0,0,0,
27,1,27,-1,0,1,0,0,0,
32,1,32,-1,0,1,0,0,0,
49,1,49,-1,0,1,0,0,0,
50,1,50,-1,0,1,0,0,0,
51,1,51,-1,0,1,0,0,0,
52,1,52,-1,0,1,0,0,0,
53,1,53,-1,0,1,0,0,0,
54,1,54,-1,0,1,0,0,0,
57,1,57,-1,0,1,0,0,0,
59,1,59,-1,0,1,0,0,0,
61,1,61,-1,0,1,0,0,0,
127,1,127,-1,0,1,0,0,0,
128,1,128,-1,0,1,0,0,255,
129,1,129,-1,0,1,0,0,0,
130,1,130,-1,0,1,0,0,0,
131,1,131,-1,0,1,0,0,0,
132,1,132,-1,0,1,0,0,0,
133,1,133,-1,0,1,0,0,0,
134,1,134,-1,0,1,0,0,0,
247,1,247,-1,0,1,0,0,0,
248,1,248,-1,0,1,0,0,0,
249,1,249,-1,0,1,0,0,0,
250,1,250,-1,0,1,0,0,0,
251,1,251,-1,0,1,0,0,0,
252,1,252,-1,0,1,0,0,0,
253,1,253,-1,0,1,0,0,0,
254,1,254,-1,0,1,0,0,0,
263,1,263,-1,0,1,0,0,0,
264,1,264,-1,0,1,0,0,0,
265,1,265,-1,0,1,0,0,0,
266,1,266,-1,0,1,0,0,0,
267,1,267,-1,0,1,0,0,0,
268,1,268,-1,0,1,0,0,0,
269,1,269,-1,0,1,0,0,0,
270,1,270,-1,0,1,0,0,0,
271,1,271,-1,0,1,0,0,0,
272,1,272,-1,0,1,0,0,0,
273,1,273,-1,0,1,0,0,0,
274,1,274,-1,0,1,0,0,0,
275,1,275,-1,0,1,0,0,0,
276,1,276,-1,0,1,0,0,0,
277,1,277,-1,0,1,0,0,0,
278,1,278,-1,0,1,0,0,0,
2147483648,0,0,0.00176761,2,0,1,0,0,49 52 54 57 53 127 128 129 130 51 133 134 131 132 50
2147483655,0,0,0.000732296,1,0,1,0,0,51 133 134 131 132 50
2147483658,0,0,0.000549222,1,0,1,0,0,51 133 134 131 132 50
2147483663,0,0,0.000171003,1,0,1,0,0,51 133 134 131 132 50
2147483669,0,0,8.55016e-05,1,0,1,0,0,51 133 134 131 132 50
2147483672,0,0,0.00017074,3,0,1,0,0,49 52 54 57 53 127 128 129 130 51 133 134 131 132 50
2147483674,0,0,4.22479e-05,1,0,1,0,0,51 133 134 131 132 50
2147483677,0,0,2.11239e-05,1,0,1,0,0,51 133 134 131 132 50
2147483680,0,0,2.11239e-05,1,0,1,0,0,51 133 134 131 132 50
2147483684,0,0,7.42853e-05,1,0,1,0,0,51 133 134 131 132 50
2147483686,0,0,8.55016e-05,1,0,1,0,255,51 133 134 131 132 50
2147483689,0,0,9.46374e-05,1,0,1,0,255,51 133 134 131 132 50
2147483693,0,0,0.000171003,1,0,1,0,255,51 133 134 131 132 50
2147483694,0,0,0.00271221,1,0,1,0,0,49 52 54 57 53 127 128 129 130 51 133 134 131 132 50
2147483695,0,0,0.00146459,1,0,1,0,0,51 133 134 131 132 50
2147483696,0,0,0.00216474,1,0,1,0,255,52 49 127 128 129 130 51 133 134 131 132 50
2147483699,0,0,0.000145093,1,0,1,0,0,51 133 134 131 132 50
2147483700,0,0,0.00031559,1,0,1,0,0,51 133 134 131 132 50
2147483701,0,0,0.000723069,1,0,1,0,0,51 133 134 131 132 50
2147483714,0,0,inf,1,0,1,0,0,22 25 27 32 26 263 264 265 266 24 23 269 270 267 268
2147483718,0,0,inf,1,0,1,0,0,49 52 54 57 53 127 128 129 130 51 133 134 131 132 50
2147483722,0,0,inf,1,0,1,0,0,2 11 19 61 18 247 248 249 250 5 8 253 254 251 252
2147483724,0,0,inf,1,0,1,0,0,49 52 54 57 53 127 128 129 130 51 133 134 131 132 50
2147483726,0,0,inf,1,0,1,0,0,49 52 54 57 53 127 128 129 130 51 133 134 131 132 50
2147483730,0,0,inf,1,0,1,0,0,49 52 54 57 53 127 128 129 130 51 133 134 131 132 50
2147483731,0,0,0.000547866,1,0,1,0,0,53 49 52 54 57 127 128 129 130 51 133 134 131 132 50
2147483732,0,0,inf,1,0,1,0,0,2 11 19 61 18 247 248 249 250 5 8 253 254 251 252
2147483746,0,0,inf,1,0,1,0,0,49 52 54 57 53 127 128 129 130 51 133 134 131 132 50
2147483748,0,0,inf,1,0,1,0,0,49 52 54 57 53 127 128 129 130 51 133 134 131 132 50
2147483752,0,0,inf,1,0,1,0,0,49 52 54 57 53 127 128 129 130 51 133 134 131 132 50
2147483754,0,0,inf,1,0,1,0,0,49 52 54 57 53 127 128 129 130 51 133 134 131 132 50
2147483766,0,0,inf,1,0,1,0,0,49 52 54 57 53 127 128 129 130 51 133 134 131 132 50
2147483770,0,0,inf,1,0,1,0,0,49 52 54 57 53 127 128 129 130 51 133 134 131 132 50
2147483772,0,0,inf,1,0,1,0,0,49 52 54 57 53 127 128 129 130 51 133 134 131 132 50
2147483776,0,0,inf,1,0,1,0,0,49 52 54 57 53 127 128 129 130 51 133 134 131 132 50
2147483783,0,0,8.72239e-05,4,0,1,0,0,49 52 54 57 53 127 128 129 130 51 133 134 131 132 50
2147483789,0,0,inf,1,0,1,0,0,49 52 54 57 53 127 128 129 130 51 133 134 131 132 50
2147483791,0,0,inf,1,0,1,0,0,49 52 54 57 53 127 128 129 130 51 133 134 131 132 50
2147483795,0,0,inf,1,0,1,0,0,49 52 54 57 53 127 128 129 130 51 133 134 131 132 50
2147483799,0,0,inf,1,0,1,0,0,49 52 54 57 53 127 128 129 130 51 133 134 131 132 50
2147483801,0,0,inf,1,0,1,0,0,49 52 54 57 53 127 128 129 130 51 133 134 131 132 50
2147483808,0,0,inf,1,0,1,0,0,49 52 54 57 53 127 128 129 130 51 133 134 131 132 50
2147483810,0,0,inf,1,0,1,0,0,49 52 54 57 53 127 128 129 130 51 133 134 131 132 50
2147483814,0,0,inf,1,0,1,0,255,49 52 54 57 53 127 128 129 130 51 133 134 131 132 50
2147483815,0,0,inf,1,0,1,0,255,49 52 54 57 53 127 128 129 130 51 133 134 131 132 50
2147483821,0,0,inf,1,0,1,0,255,22 25 27 32 26 263 264 265 266 24 23 269 270 267 268
2147483825,0,0,inf,1,0,1,0,0,49 52 54 57 53 127 128 129 130 51 133 134 131 132 50
2147483829,0,0,0.000143928,1,0,1,0,255,49 57 52 54 127 128 129 130 51 133 134 131 132 50
2147483832,0,0,inf,1,0,1,0,255,53 49 52 54 57 127 128 129 130 51 133 134 131 132 50
2147483835,0,0,0.000168892,1,0,1,0,255,3 13 21 59 16 271 272 273 274 9 6 277 278 275 276
2147483836,0,0,inf,1,0,1,0,0,22 25 27 32 26 263 264 265 266 24 23 269 270 267 268
2147483844,0,0,inf,1,0,1,0,0,49 52 54 57 53 127 128 129 130 51 133 134 131 132 50
2147483846,0,0,inf,1,0,1,0,0,49 52 54 57 53 127 128 129 130 51 133 134 131 132 50
2147483851,0,0,0.00174028,1,0,1,0,0,51 133 134 131 132 50
2147483857,0,0,inf,1,0,1,0,0,49 52 54 57 53 127 128 129 130 51 133 134 131 132 50
2147483861,0,0,0.00142021,1,0,1,0,0,22 25 27 32 26 263 264 265 266 24 23 269 270 267 268
2147483863,0,0,0.00146098,1,0,1,0,0,53 49 52 54 57 127 128 129 130 51 133 134 131 132 50
2147483865,0,0,0.0021939,6,0,1,0,0,49 52 54 57 53 127 128 129 130 51 133 134 131 132 50
2147483866,0,0,0.00259471,5,0,1,0,0,49 52 54 57 53 127 128 129 130 51 133 134 131 132 50
2147483867,0,0,0.00116447,3,0,1,0,0,53 49 52 54 57 127 128 129 130 51 133 134 131 132 50
2147483868,0,0,0.000517453,6,0,1,0,0,49 52 54 57 53 127 128 129 130 51 133 134 131 132 50
2147483869,0,0,0.000472341,3,0,1,0,0,2 11 19 61 18 247 248 249 250 5 8 253 254 251 252
2147483870,0,0,7.62735e-05,8,0,1,0,0,24 23 269 270 267 268
2147483873,0,0,0.000147405,9,0,1,0,0,49 52 54 57 53 127 128 129 130 51 133 134 131 132 50
2147483874,0,0,0.000128382,3,0,1,0,0,54 49 52 127 128 129 130 51 133 134 131 132 50
2147483876,0,0,0.00137444,3,0,1,0,0,54 49 52 127 128 129 130 51 133 134 131 132 50
2147483877,0,0,0.0029028,2,0,1,0,0,49 52 54 57 53 127 128 129 130 51 133 134 131 132 50
2147483878,0,0,0.000172731,2,0,1,0,0,49 52 54 57 53 127 128 129 130 51 133 134 131 132 50
2147483879,0,0,0.000204023,3,0,1,0,0,49 52 54 57 53 127 128 129 130 51 133 134 131 132 50
