22 
23 
24 
25 
26 
27 
32 
49 2147483649 2147483665 2147483666 2147483667 2147483668 2147483669 
50 
51 
52 2147483649 2147483665 2147483666 2147483667 2147483668 2147483669 
53 2147483649 2147483665 2147483666 2147483667 2147483668 2147483669 
54 2147483649 2147483665 2147483666 2147483667 2147483668 2147483669 
57 2147483649 2147483665 2147483666 2147483667 2147483668 2147483669 
127 2147483649 2147483665 2147483666 2147483667 2147483668 2147483669 
128 2147483649 2147483665 2147483666 2147483667 2147483668 2147483669 
129 2147483649 2147483665 2147483666 2147483667 2147483668 2147483669 
130 2147483649 2147483665 2147483666 2147483667 2147483668 2147483669 
131 
132 
133 
134 
263 
264 
265 
266 
267 
268 
269 
270 
2147483649 2147483665 2147483666 2147483667 2147483668 2147483669 2147483697 2147483708 2147483709 2147483710 2147483711 2147483713 49 52 54 57 53 127 128 129 130 2147483665 2147483666 2147483667 2147483668 2147483669 2147483697 2147483708 2147483709 2147483710 2147483711 2147483713 
2147483664 2147483665 2147483666 2147483667 2147483668 2147483669 2147483665 2147483666 2147483667 2147483668 2147483669 
2147483665 2147483649 2147483664 2147483649 2147483664 2147483666 2147483667 2147483668 2147483669 2147483672 2147483675 2147483676 2147483679 2147483680 2147483683 2147483697 2147483704 2147483705 2147483706 2147483708 2147483709 2147483710 2147483711 2147483713 57 49 52 54 53 127 128 129 130 2147483666 2147483667 2147483668 2147483669 2147483672 2147483675 2147483676 2147483679 2147483680 2147483683 2147483697 2147483704 2147483705 2147483706 2147483708 2147483709 2147483710 2147483711 2147483713 
2147483666 2147483649 2147483664 2147483665 2147483649 2147483664 2147483665 2147483667 2147483668 2147483669 2147483672 2147483675 2147483676 2147483679 2147483680 2147483683 2147483684 2147483697 2147483704 2147483708 2147483709 2147483710 2147483711 2147483713 54 49 52 57 53 127 128 129 130 2147483667 2147483668 2147483669 2147483672 2147483675 2147483676 2147483679 2147483680 2147483683 2147483684 2147483697 2147483704 2147483708 2147483709 2147483710 2147483711 2147483713 
2147483667 2147483649 2147483664 2147483665 2147483666 2147483649 2147483664 2147483665 2147483666 2147483668 2147483669 2147483672 2147483675 2147483676 2147483679 2147483697 2147483704 2147483705 2147483708 2147483709 2147483710 2147483711 2147483713 52 49 54 57 53 127 128 129 130 2147483668 2147483669 2147483672 2147483675 2147483676 2147483679 2147483697 2147483704 2147483705 2147483708 2147483709 2147483710 2147483711 2147483713 
2147483668 2147483649 2147483664 2147483665 2147483666 2147483667 2147483649 2147483664 2147483665 2147483666 2147483667 2147483669 2147483672 2147483675 2147483676 2147483679 2147483680 2147483683 2147483697 2147483704 2147483705 2147483706 2147483708 2147483709 2147483710 2147483711 2147483713 127 53 49 52 54 57 128 129 130 2147483669 2147483672 2147483675 2147483676 2147483679 2147483680 2147483683 2147483697 2147483704 2147483705 2147483706 2147483708 2147483709 2147483710 2147483711 2147483713 
2147483669 2147483649 2147483664 2147483665 2147483666 2147483667 2147483668 2147483649 2147483664 2147483665 2147483666 2147483667 2147483668 2147483672 2147483675 2147483676 2147483679 2147483680 2147483683 2147483684 2147483687 2147483697 2147483704 2147483705 2147483706 2147483707 2147483708 2147483709 2147483710 2147483711 2147483713 128 49 52 54 57 53 127 129 130 2147483672 2147483675 2147483676 2147483679 2147483680 2147483683 2147483684 2147483687 2147483697 2147483704 2147483705 2147483706 2147483707 2147483708 2147483709 2147483710 2147483711 2147483713 
2147483672 2147483665 2147483666 2147483667 2147483668 2147483669 2147483665 2147483666 2147483667 2147483668 2147483669 2147483675 2147483675 
2147483675 2147483665 2147483666 2147483667 2147483668 2147483669 2147483672 2147483665 2147483666 2147483667 2147483668 2147483669 2147483672 
2147483676 2147483665 2147483666 2147483667 2147483668 2147483669 2147483665 2147483666 2147483667 2147483668 2147483669 2147483679 2147483679 
2147483679 2147483665 2147483666 2147483667 2147483668 2147483669 2147483676 2147483665 2147483666 2147483667 2147483668 2147483669 2147483676 
2147483680 2147483665 2147483666 2147483668 2147483669 2147483665 2147483666 2147483668 2147483669 2147483683 2147483683 
2147483683 2147483665 2147483666 2147483668 2147483669 2147483680 2147483665 2147483666 2147483668 2147483669 2147483680 
2147483684 2147483666 2147483669 2147483666 2147483669 2147483687 2147483687 
2147483687 2147483669 2147483684 2147483669 2147483684 
2147483697 2147483649 2147483665 2147483666 2147483667 2147483668 2147483669 2147483649 2147483665 2147483666 2147483667 2147483668 2147483669 2147483710 2147483711 2147483710 2147483711 
2147483704 2147483665 2147483666 2147483667 2147483668 2147483669 2147483665 2147483666 2147483667 2147483668 2147483669 2147483705 2147483706 2147483707 2147483711 2147483705 2147483706 2147483707 2147483711 
2147483705 2147483665 2147483667 2147483668 2147483669 2147483704 2147483665 2147483667 2147483668 2147483669 2147483704 
2147483706 2147483665 2147483668 2147483669 2147483704 2147483665 2147483668 2147483669 2147483704 
2147483707 2147483669 2147483704 2147483669 2147483704 
2147483708 2147483649 2147483665 2147483666 2147483667 2147483668 2147483669 2147483649 2147483665 2147483666 2147483667 2147483668 2147483669 2147483709 2147483711 2147483713 2147483709 2147483711 2147483713 
2147483709 2147483649 2147483665 2147483666 2147483667 2147483668 2147483669 2147483708 2147483649 2147483665 2147483666 2147483667 2147483668 2147483669 2147483708 2147483711 2147483713 2147483711 2147483713 
2147483710 2147483649 2147483665 2147483666 2147483667 2147483668 2147483669 2147483697 2147483649 2147483665 2147483666 2147483667 2147483668 2147483669 2147483697 2147483711 2147483711 
2147483711 2147483649 2147483665 2147483666 2147483667 2147483668 2147483669 2147483697 2147483704 2147483708 2147483709 2147483710 2147483649 2147483665 2147483666 2147483667 2147483668 2147483669 2147483697 2147483704 2147483708 2147483709 2147483710 2147483713 2147483713 
2147483713 2147483649 2147483665 2147483666 2147483667 2147483668 2147483669 2147483708 2147483709 2147483711 2147483649 2147483665 2147483666 2147483667 2147483668 2147483669 2147483708 2147483709 2147483711 
