2 
5 
8 
11 
18 
19 
22 
23 
24 
25 
26 
27 
32 
49 2147483654 
50 
51 
52 2147483654 
53 2147483654 
54 2147483654 
57 2147483654 
61 
127 2147483654 
128 2147483654 
129 2147483654 
130 2147483654 
131 
132 
133 
134 
247 
248 
249 
250 
251 
252 
253 
254 
263 
264 
265 
266 
267 
268 
269 
270 
2147483654 2147483656 2147483659 2147483670 2147483676 2147483677 2147483688 2147483691 2147483698 2147483701 2147483702 2147483703 2147483712 2147483713 2147483725 2147483726 53 49 52 54 57 127 128 129 130 2147483656 2147483659 2147483670 2147483676 2147483677 2147483688 2147483691 2147483698 2147483701 2147483702 2147483703 2147483712 2147483713 2147483725 2147483726 
2147483656 2147483654 2147483654 2147483659 2147483703 2147483725 2147483659 2147483703 2147483725 
2147483659 2147483654 2147483656 2147483654 2147483656 2147483703 2147483725 2147483703 2147483725 
2147483670 2147483654 2147483654 2147483725 2147483725 
2147483676 2147483654 2147483654 
2147483677 2147483654 2147483654 
2147483680 
2147483681 
2147483684 
2147483685 
2147483688 2147483654 2147483654 2147483703 2147483703 
2147483691 2147483654 2147483654 2147483726 2147483726 
2147483698 2147483654 2147483654 
2147483701 2147483654 2147483654 
2147483702 2147483654 2147483654 2147483703 2147483703 
2147483703 2147483654 2147483656 2147483659 2147483688 2147483702 2147483654 2147483656 2147483659 2147483688 2147483702 2147483725 2147483725 
2147483705 
2147483708 
2147483709 
2147483712 2147483654 2147483654 
2147483713 2147483654 2147483654 
2147483716 
2147483717 
2147483720 
2147483725 2147483654 2147483656 2147483659 2147483670 2147483703 2147483654 2147483656 2147483659 2147483670 2147483703 
2147483726 2147483654 2147483691 2147483654 2147483691 
