2 2147483826 
5 
8 
11 2147483826 
18 2147483826 
19 2147483826 
22 2147483753 2147483798 2147483824 
23 
24 
25 2147483753 2147483798 2147483824 
26 2147483753 2147483798 2147483824 
27 2147483753 2147483798 2147483824 
32 2147483753 2147483798 2147483824 
49 2147483650 2147483653 2147483654 2147483665 2147483672 2147483679 2147483686 2147483694 2147483701 2147483708 2147483715 2147483726 2147483727 2147484086 2147484087 
50 
51 
52 2147483650 2147483653 2147483654 2147483665 2147483672 2147483679 2147483686 2147483694 2147483701 2147483708 2147483715 2147483726 2147483727 2147484086 2147484087 
53 2147483650 2147483653 2147483654 2147483665 2147483668 2147483671 2147483672 2147483675 2147483678 2147483679 2147483682 2147483685 2147483686 2147483689 2147483692 2147483694 2147483697 2147483700 2147483701 2147483704 2147483707 2147483708 2147483711 2147483714 2147483715 2147483718 2147483721 2147483726 2147483727 2147483752 2147483755 2147483763 2147483768 2147483773 2147483777 2147483783 2147483786 2147483789 2147483793 2147483797 2147483800 2147483815 2147483828 2147484059 2147484064 2147484086 2147484087 
54 2147483650 2147483653 2147483654 2147483665 2147483672 2147483679 2147483686 2147483694 2147483701 2147483708 2147483715 2147483726 2147483727 2147484086 2147484087 
57 2147483650 2147483653 2147483654 2147483665 2147483672 2147483679 2147483686 2147483694 2147483701 2147483708 2147483715 2147483726 2147483727 2147484086 2147484087 
61 2147483826 
127 2147483650 2147483653 2147483654 2147483665 2147483672 2147483679 2147483686 2147483694 2147483701 2147483708 2147483715 2147483726 2147483727 2147484086 2147484087 
128 2147483650 2147483653 2147483654 2147483665 2147483672 2147483679 2147483686 2147483694 2147483701 2147483708 2147483715 2147483726 2147483727 2147484086 2147484087 
129 2147483650 2147483653 2147483654 2147483665 2147483672 2147483679 2147483686 2147483694 2147483701 2147483708 2147483715 2147483726 2147483727 2147484086 2147484087 
130 2147483650 2147483653 2147483654 2147483665 2147483672 2147483679 2147483686 2147483694 2147483701 2147483708 2147483715 2147483726 2147483727 2147484086 2147484087 
131 
132 
133 
134 
247 2147483826 
248 2147483826 
249 2147483826 
250 2147483826 
251 
252 
253 
254 
263 2147483753 2147483798 2147483824 
264 2147483753 2147483798 2147483824 
265 2147483753 2147483798 2147483824 
266 2147483753 2147483798 2147483824 
267 
268 
269 
270 
2147483648 2147483654 2147483726 2147483727 2147484044 2147484045 2147484047 2147484048 2147484083 2147484086 2147483654 2147483726 2147483727 2147484044 2147484045 2147484047 2147484048 2147484083 2147484086 
2147483650 2147483654 2147483726 2147483727 2147484052 2147484058 2147484059 2147484060 2147484063 2147484086 49 52 54 57 53 127 128 129 130 2147483654 2147483726 2147483727 2147484052 2147484058 2147484059 2147484060 2147484063 2147484086 
2147483653 2147483654 2147483665 2147483667 2147483668 2147483671 2147483672 2147483674 2147483675 2147483678 2147483679 2147483681 2147483682 2147483685 2147483694 2147483696 2147483697 2147483700 2147483701 2147483703 2147483704 2147483707 2147483708 2147483710 2147483711 2147483714 2147483726 2147483727 2147483751 2147483752 2147483753 2147483754 2147483755 2147483756 2147483757 2147483762 2147483763 2147483764 2147483767 2147483768 2147483769 2147483772 2147483773 2147483774 2147483776 2147483782 2147483783 2147483784 2147483785 2147483786 2147483787 2147483788 2147483789 2147483790 2147483796 2147483797 2147483798 2147483799 2147483807 2147483814 2147483815 2147483819 2147483823 2147483824 2147483826 2147483827 2147483828 2147483831 2147483833 2147483840 2147483844 2147483848 2147483855 2147483857 2147483861 2147483865 2147483869 2147483873 2147483880 2147483882 2147483886 2147483892 2147483896 2147483900 2147483907 2147483909 2147483913 2147483944 2147483948 2147483952 2147483959 2147483961 2147483965 2147483969 2147483973 2147483977 2147483984 2147483986 2147483990 2147483996 2147484000 2147484004 2147484011 2147484013 2147484017 2147484075 2147484076 2147484077 2147484079 2147484080 2147484081 2147484086 2147484087 49 52 54 57 53 127 128 129 130 2147483654 2147483665 2147483667 2147483668 2147483671 2147483672 2147483674 2147483675 2147483678 2147483679 2147483681 2147483682 2147483685 2147483694 2147483696 2147483697 2147483700 2147483701 2147483703 2147483704 2147483707 2147483708 2147483710 2147483711 2147483714 2147483726 2147483727 2147483751 2147483752 2147483753 2147483754 2147483755 2147483756 2147483757 2147483762 2147483763 2147483764 2147483767 2147483768 2147483769 2147483772 2147483773 2147483774 2147483776 2147483782 2147483783 2147483784 2147483785 2147483786 2147483787 2147483788 2147483789 2147483790 2147483796 2147483797 2147483798 2147483799 2147483807 2147483814 2147483815 2147483819 2147483823 2147483824 2147483826 2147483827 2147483828 2147483831 2147483833 2147483840 2147483844 2147483848 2147483855 2147483857 2147483861 2147483865 2147483869 2147483873 2147483880 2147483882 2147483886 2147483892 2147483896 2147483900 2147483907 2147483909 2147483913 2147483944 2147483948 2147483952 2147483959 2147483961 2147483965 2147483969 2147483973 2147483977 2147483984 2147483986 2147483990 2147483996 2147484000 2147484004 2147484011 2147484013 2147484017 2147484075 2147484076 2147484077 2147484079 2147484080 2147484081 2147484086 2147484087 
2147483654 2147483648 2147483650 2147483653 2147483648 2147483650 2147483653 2147483665 2147483667 2147483668 2147483671 2147483694 2147483696 2147483697 2147483700 2147483726 2147483727 2147483737 2147483740 2147483742 2147483751 2147483752 2147483753 2147483754 2147483755 2147483756 2147483757 2147483762 2147483763 2147483764 2147483767 2147483768 2147483769 2147483772 2147483773 2147483774 2147483782 2147483783 2147483784 2147483785 2147483786 2147483787 2147483788 2147483789 2147483790 2147483792 2147483796 2147483797 2147483798 2147483807 2147483814 2147483815 2147483819 2147483823 2147483824 2147483826 2147483827 2147483828 2147483831 2147483833 2147483840 2147483844 2147483848 2147483855 2147483857 2147483861 2147483944 2147483948 2147483952 2147483959 2147483961 2147483965 2147484044 2147484045 2147484047 2147484048 2147484052 2147484058 2147484059 2147484060 2147484073 2147484075 2147484079 2147484083 2147484086 2147484087 57 53 49 52 54 127 128 129 130 2147483665 2147483667 2147483668 2147483671 2147483694 2147483696 2147483697 2147483700 2147483726 2147483727 2147483737 2147483740 2147483742 2147483751 2147483752 2147483753 2147483754 2147483755 2147483756 2147483757 2147483762 2147483763 2147483764 2147483767 2147483768 2147483769 2147483772 2147483773 2147483774 2147483782 2147483783 2147483784 2147483785 2147483786 2147483787 2147483788 2147483789 2147483790 2147483792 2147483796 2147483797 2147483798 2147483807 2147483814 2147483815 2147483819 2147483823 2147483824 2147483826 2147483827 2147483828 2147483831 2147483833 2147483840 2147483844 2147483848 2147483855 2147483857 2147483861 2147483944 2147483948 2147483952 2147483959 2147483961 2147483965 2147484044 2147484045 2147484047 2147484048 2147484052 2147484058 2147484059 2147484060 2147484073 2147484075 2147484079 2147484083 2147484086 2147484087 
2147483665 2147483653 2147483654 2147483653 2147483654 2147483667 2147483668 2147483671 2147483727 2147483944 2147483948 2147483952 2147483959 2147483961 2147484075 53 49 52 54 57 127 128 129 130 2147483667 2147483668 2147483671 2147483727 2147483944 2147483948 2147483952 2147483959 2147483961 2147484075 
2147483667 2147483653 2147483654 2147483665 2147483653 2147483654 2147483665 2147483727 2147483944 2147484075 2147483727 2147483944 2147484075 
2147483668 2147483653 2147483654 2147483665 2147483653 2147483654 2147483665 2147483727 2147484075 53 2147483727 2147484075 
2147483671 2147483653 2147483654 2147483665 2147483653 2147483654 2147483665 2147483727 53 2147483727 
2147483672 2147483653 2147483653 2147483674 2147483675 2147483678 2147483727 2147483969 2147483973 2147483977 2147483984 2147483986 2147484076 53 49 52 54 57 127 128 129 130 2147483674 2147483675 2147483678 2147483727 2147483969 2147483973 2147483977 2147483984 2147483986 2147484076 
2147483674 2147483653 2147483672 2147483653 2147483672 2147483727 2147483969 2147484076 2147483727 2147483969 2147484076 
2147483675 2147483653 2147483672 2147483653 2147483672 2147483727 2147484076 53 2147483727 2147484076 
2147483678 2147483653 2147483672 2147483653 2147483672 2147483727 53 2147483727 
2147483679 2147483653 2147483653 2147483681 2147483682 2147483685 2147483727 2147483996 2147484000 2147484004 2147484011 2147484013 2147484077 53 49 52 54 57 127 128 129 130 2147483681 2147483682 2147483685 2147483727 2147483996 2147484000 2147484004 2147484011 2147484013 2147484077 
2147483681 2147483653 2147483679 2147483653 2147483679 2147483727 2147483996 2147484077 2147483727 2147483996 2147484077 
2147483682 2147483653 2147483679 2147483653 2147483679 2147483727 2147484077 53 2147483727 2147484077 
2147483685 2147483653 2147483679 2147483653 2147483679 2147483727 53 2147483727 
2147483686 2147483688 2147483689 2147483692 2147483727 2147484021 2147484025 2147484029 2147484036 2147484038 2147484078 53 49 52 54 57 127 128 129 130 2147483688 2147483689 2147483692 2147483727 2147484021 2147484025 2147484029 2147484036 2147484038 2147484078 
2147483688 2147483686 2147483686 2147483727 2147484021 2147484078 2147483727 2147484021 2147484078 
2147483689 2147483686 2147483686 2147483727 2147484078 53 2147483727 2147484078 
2147483692 2147483686 2147483686 2147483727 53 2147483727 
2147483694 2147483653 2147483654 2147483653 2147483654 2147483696 2147483697 2147483700 2147483727 2147483840 2147483844 2147483848 2147483855 2147483857 2147484079 53 49 52 54 57 127 128 129 130 2147483696 2147483697 2147483700 2147483727 2147483840 2147483844 2147483848 2147483855 2147483857 2147484079 
2147483696 2147483653 2147483654 2147483694 2147483653 2147483654 2147483694 2147483727 2147483840 2147484079 2147483727 2147483840 2147484079 
2147483697 2147483653 2147483654 2147483694 2147483653 2147483654 2147483694 2147483727 2147484079 53 2147483727 2147484079 
2147483700 2147483653 2147483654 2147483694 2147483653 2147483654 2147483694 2147483727 53 2147483727 
2147483701 2147483653 2147483653 2147483703 2147483704 2147483707 2147483727 2147483865 2147483869 2147483873 2147483880 2147483882 2147484080 53 49 52 54 57 127 128 129 130 2147483703 2147483704 2147483707 2147483727 2147483865 2147483869 2147483873 2147483880 2147483882 2147484080 
2147483703 2147483653 2147483701 2147483653 2147483701 2147483727 2147483865 2147484080 2147483727 2147483865 2147484080 
2147483704 2147483653 2147483701 2147483653 2147483701 2147483727 2147484080 53 2147483727 2147484080 
2147483707 2147483653 2147483701 2147483653 2147483701 2147483727 53 2147483727 
2147483708 2147483653 2147483653 2147483710 2147483711 2147483714 2147483727 2147483892 2147483896 2147483900 2147483907 2147483909 2147484081 53 49 52 54 57 127 128 129 130 2147483710 2147483711 2147483714 2147483727 2147483892 2147483896 2147483900 2147483907 2147483909 2147484081 
2147483710 2147483653 2147483708 2147483653 2147483708 2147483727 2147483892 2147484081 2147483727 2147483892 2147484081 
2147483711 2147483653 2147483708 2147483653 2147483708 2147483727 2147484081 53 2147483727 2147484081 
2147483714 2147483653 2147483708 2147483653 2147483708 2147483727 53 2147483727 
2147483715 2147483717 2147483718 2147483721 2147483727 2147483917 2147483921 2147483925 2147483932 2147483934 2147484082 53 49 52 54 57 127 128 129 130 2147483717 2147483718 2147483721 2147483727 2147483917 2147483921 2147483925 2147483932 2147483934 2147484082 
2147483717 2147483715 2147483715 2147483727 2147483917 2147484082 2147483727 2147483917 2147484082 
2147483718 2147483715 2147483715 2147483727 2147484082 53 2147483727 2147484082 
2147483721 2147483715 2147483715 2147483727 53 2147483727 
2147483726 2147483648 2147483650 2147483653 2147483654 2147483648 2147483650 2147483653 2147483654 2147483727 2147483737 2147483740 2147483742 2147484044 2147484045 2147484047 2147484048 2147484073 2147484083 2147484086 2147484087 54 53 49 52 57 127 128 129 130 2147483727 2147483737 2147483740 2147483742 2147484044 2147484045 2147484047 2147484048 2147484073 2147484083 2147484086 2147484087 
2147483727 2147483648 2147483650 2147483653 2147483654 2147483665 2147483667 2147483668 2147483671 2147483672 2147483674 2147483675 2147483678 2147483679 2147483681 2147483682 2147483685 2147483686 2147483688 2147483689 2147483692 2147483694 2147483696 2147483697 2147483700 2147483701 2147483703 2147483704 2147483707 2147483708 2147483710 2147483711 2147483714 2147483715 2147483717 2147483718 2147483721 2147483726 2147483648 2147483650 2147483653 2147483654 2147483665 2147483667 2147483668 2147483671 2147483672 2147483674 2147483675 2147483678 2147483679 2147483681 2147483682 2147483685 2147483686 2147483688 2147483689 2147483692 2147483694 2147483696 2147483697 2147483700 2147483701 2147483703 2147483704 2147483707 2147483708 2147483710 2147483711 2147483714 2147483715 2147483717 2147483718 2147483721 2147483726 2147483737 2147483740 2147483742 2147483751 2147483752 2147483753 2147483754 2147483755 2147483756 2147483757 2147483762 2147483763 2147483764 2147483767 2147483768 2147483769 2147483772 2147483773 2147483774 2147483776 2147483777 2147483782 2147483783 2147483784 2147483785 2147483786 2147483787 2147483788 2147483789 2147483790 2147483792 2147483793 2147483796 2147483797 2147483798 2147483799 2147483800 2147483807 2147483814 2147483815 2147483819 2147483823 2147483824 2147483826 2147483827 2147483828 2147483831 2147483833 2147483840 2147483844 2147483848 2147483855 2147483857 2147483861 2147483865 2147483869 2147483873 2147483880 2147483882 2147483886 2147483892 2147483896 2147483900 2147483907 2147483909 2147483913 2147483917 2147483921 2147483925 2147483932 2147483934 2147483938 2147483944 2147483948 2147483952 2147483959 2147483961 2147483965 2147483969 2147483973 2147483977 2147483984 2147483986 2147483990 2147483996 2147484000 2147484004 2147484011 2147484013 2147484017 2147484021 2147484025 2147484029 2147484036 2147484038 2147484042 2147484044 2147484045 2147484047 2147484048 2147484052 2147484058 2147484059 2147484060 2147484063 2147484064 2147484073 2147484075 2147484076 2147484077 2147484078 2147484079 2147484080 2147484081 2147484082 2147484083 2147484086 2147484087 52 57 54 49 53 127 128 129 130 2147483737 2147483740 2147483742 2147483751 2147483752 2147483753 2147483754 2147483755 2147483756 2147483757 2147483762 2147483763 2147483764 2147483767 2147483768 2147483769 2147483772 2147483773 2147483774 2147483776 2147483777 2147483782 2147483783 2147483784 2147483785 2147483786 2147483787 2147483788 2147483789 2147483790 2147483792 2147483793 2147483796 2147483797 2147483798 2147483799 2147483800 2147483807 2147483814 2147483815 2147483819 2147483823 2147483824 2147483826 2147483827 2147483828 2147483831 2147483833 2147483840 2147483844 2147483848 2147483855 2147483857 2147483861 2147483865 2147483869 2147483873 2147483880 2147483882 2147483886 2147483892 2147483896 2147483900 2147483907 2147483909 2147483913 2147483917 2147483921 2147483925 2147483932 2147483934 2147483938 2147483944 2147483948 2147483952 2147483959 2147483961 2147483965 2147483969 2147483973 2147483977 2147483984 2147483986 2147483990 2147483996 2147484000 2147484004 2147484011 2147484013 2147484017 2147484021 2147484025 2147484029 2147484036 2147484038 2147484042 2147484044 2147484045 2147484047 2147484048 2147484052 2147484058 2147484059 2147484060 2147484063 2147484064 2147484073 2147484075 2147484076 2147484077 2147484078 2147484079 2147484080 2147484081 2147484082 2147484083 2147484086 2147484087 
2147483737 2147483654 2147483726 2147483727 2147483654 2147483726 2147483727 2147484086 2147484086 
2147483740 2147483654 2147483726 2147483727 2147483654 2147483726 2147483727 2147484086 2147484086 
2147483742 2147483654 2147483726 2147483727 2147483654 2147483726 2147483727 2147484073 2147484086 2147484087 2147484073 2147484086 2147484087 
2147483751 2147483653 2147483654 2147483727 2147483653 2147483654 2147483727 2147483752 2147483752 
2147483752 2147483653 2147483654 2147483727 2147483751 2147483653 2147483654 2147483727 2147483751 53 
2147483753 2147483653 2147483654 2147483727 2147483653 2147483654 2147483727 2147483754 2147483755 2147483756 2147483757 22 25 27 32 26 263 264 265 266 2147483754 2147483755 2147483756 2147483757 
2147483754 2147483653 2147483654 2147483727 2147483753 2147483653 2147483654 2147483727 2147483753 2147483755 2147483755 
2147483755 2147483653 2147483654 2147483727 2147483753 2147483754 2147483653 2147483654 2147483727 2147483753 2147483754 53 
2147483756 2147483653 2147483654 2147483727 2147483753 2147483653 2147483654 2147483727 2147483753 2147483757 2147483757 
2147483757 2147483653 2147483654 2147483727 2147483753 2147483756 2147483653 2147483654 2147483727 2147483753 2147483756 
2147483762 2147483653 2147483654 2147483727 2147483653 2147483654 2147483727 2147483763 2147483763 
2147483763 2147483653 2147483654 2147483727 2147483762 2147483653 2147483654 2147483727 2147483762 53 
2147483764 2147483653 2147483654 2147483727 2147483653 2147483654 2147483727 
2147483767 2147483653 2147483654 2147483727 2147483653 2147483654 2147483727 2147483768 2147483768 
2147483768 2147483653 2147483654 2147483727 2147483767 2147483653 2147483654 2147483727 2147483767 53 
2147483769 2147483653 2147483654 2147483727 2147483653 2147483654 2147483727 
2147483772 2147483653 2147483654 2147483727 2147483653 2147483654 2147483727 2147483773 2147483773 
2147483773 2147483653 2147483654 2147483727 2147483772 2147483653 2147483654 2147483727 2147483772 53 
2147483774 2147483653 2147483654 2147483727 2147483653 2147483654 2147483727 
2147483776 2147483653 2147483727 2147483653 2147483727 2147483777 2147483777 
2147483777 2147483727 2147483776 2147483727 2147483776 53 
2147483778 
2147483782 2147483653 2147483654 2147483727 2147483653 2147483654 2147483727 2147483783 2147483783 
2147483783 2147483653 2147483654 2147483727 2147483782 2147483653 2147483654 2147483727 2147483782 53 
2147483784 2147483653 2147483654 2147483727 2147483653 2147483654 2147483727 
2147483785 2147483653 2147483654 2147483727 2147483653 2147483654 2147483727 2147483786 2147483786 
2147483786 2147483653 2147483654 2147483727 2147483785 2147483653 2147483654 2147483727 2147483785 53 
2147483787 2147483653 2147483654 2147483727 2147483653 2147483654 2147483727 
2147483788 2147483653 2147483654 2147483727 2147483653 2147483654 2147483727 2147483789 2147483789 
2147483789 2147483653 2147483654 2147483727 2147483788 2147483653 2147483654 2147483727 2147483788 53 
2147483790 2147483653 2147483654 2147483727 2147483653 2147483654 2147483727 
2147483792 2147483654 2147483727 2147483654 2147483727 2147483793 2147483793 
2147483793 2147483727 2147483792 2147483727 2147483792 53 
2147483794 
2147483796 2147483653 2147483654 2147483727 2147483653 2147483654 2147483727 2147483797 2147483797 
2147483797 2147483653 2147483654 2147483727 2147483796 2147483653 2147483654 2147483727 2147483796 53 
2147483798 2147483653 2147483654 2147483727 2147483653 2147483654 2147483727 2147483799 2147483800 2147483801 2147483802 22 25 27 32 26 263 264 265 266 2147483799 2147483800 2147483801 2147483802 
2147483799 2147483653 2147483727 2147483798 2147483653 2147483727 2147483798 2147483800 2147483800 
2147483800 2147483727 2147483798 2147483799 2147483727 2147483798 2147483799 53 
2147483801 2147483798 2147483798 2147483802 2147483802 
2147483802 2147483798 2147483801 2147483798 2147483801 
2147483807 2147483653 2147483654 2147483727 2147483653 2147483654 2147483727 2147484087 2147484087 
2147483814 2147483653 2147483654 2147483727 2147483653 2147483654 2147483727 2147483815 2147484087 2147483815 2147484087 
2147483815 2147483653 2147483654 2147483727 2147483814 2147483653 2147483654 2147483727 2147483814 2147484087 53 2147484087 
2147483819 2147483653 2147483654 2147483727 2147483653 2147483654 2147483727 2147484087 2147484087 
2147483823 2147483653 2147483654 2147483727 2147483653 2147483654 2147483727 2147483826 2147483831 2147483826 2147483831 
2147483824 2147483653 2147483654 2147483727 2147483653 2147483654 2147483727 2147483826 2147483827 2147483828 2147483831 2147483833 2147484087 22 25 27 32 26 263 264 265 266 2147483826 2147483827 2147483828 2147483831 2147483833 2147484087 
2147483826 2147483653 2147483654 2147483727 2147483823 2147483824 2147483653 2147483654 2147483727 2147483823 2147483824 2147483827 2147483828 2147483831 2147483833 2 11 19 61 18 247 248 249 250 2147483827 2147483828 2147483831 2147483833 
2147483827 2147483653 2147483654 2147483727 2147483824 2147483826 2147483653 2147483654 2147483727 2147483824 2147483826 2147483828 2147483828 
2147483828 2147483653 2147483654 2147483727 2147483824 2147483826 2147483827 2147483653 2147483654 2147483727 2147483824 2147483826 2147483827 53 
2147483831 2147483653 2147483654 2147483727 2147483823 2147483824 2147483826 2147483653 2147483654 2147483727 2147483823 2147483824 2147483826 2147483833 2147483833 
2147483833 2147483653 2147483654 2147483727 2147483824 2147483826 2147483831 2147483653 2147483654 2147483727 2147483824 2147483826 2147483831 
2147483840 2147483653 2147483654 2147483694 2147483696 2147483727 2147483653 2147483654 2147483694 2147483696 2147483727 2147484079 2147484079 
2147483844 2147483653 2147483654 2147483694 2147483727 2147483653 2147483654 2147483694 2147483727 2147483848 2147484079 2147483848 2147484079 
2147483848 2147483653 2147483654 2147483694 2147483727 2147483844 2147483653 2147483654 2147483694 2147483727 2147483844 2147484079 2147484079 
2147483855 2147483653 2147483654 2147483694 2147483727 2147483653 2147483654 2147483694 2147483727 
2147483857 2147483653 2147483654 2147483694 2147483727 2147483653 2147483654 2147483694 2147483727 2147484079 2147484079 
2147483861 2147483653 2147483654 2147483727 2147483653 2147483654 2147483727 
2147483865 2147483653 2147483701 2147483703 2147483727 2147483653 2147483701 2147483703 2147483727 2147484080 2147484080 
2147483869 2147483653 2147483701 2147483727 2147483653 2147483701 2147483727 2147483873 2147484080 2147483873 2147484080 
2147483873 2147483653 2147483701 2147483727 2147483869 2147483653 2147483701 2147483727 2147483869 2147484080 2147484080 
2147483880 2147483653 2147483701 2147483727 2147483653 2147483701 2147483727 
2147483882 2147483653 2147483701 2147483727 2147483653 2147483701 2147483727 2147484080 2147484080 
2147483886 2147483653 2147483727 2147483653 2147483727 
2147483892 2147483653 2147483708 2147483710 2147483727 2147483653 2147483708 2147483710 2147483727 2147484081 2147484081 
2147483896 2147483653 2147483708 2147483727 2147483653 2147483708 2147483727 2147483900 2147484081 2147483900 2147484081 
2147483900 2147483653 2147483708 2147483727 2147483896 2147483653 2147483708 2147483727 2147483896 2147484081 2147484081 
2147483907 2147483653 2147483708 2147483727 2147483653 2147483708 2147483727 
2147483909 2147483653 2147483708 2147483727 2147483653 2147483708 2147483727 2147484081 2147484081 
2147483913 2147483653 2147483727 2147483653 2147483727 
2147483917 2147483715 2147483717 2147483727 2147483715 2147483717 2147483727 2147484082 2147484082 
2147483921 2147483715 2147483727 2147483715 2147483727 2147483925 2147484082 2147483925 2147484082 
2147483925 2147483715 2147483727 2147483921 2147483715 2147483727 2147483921 2147484082 2147484082 
2147483932 2147483715 2147483727 2147483715 2147483727 
2147483934 2147483715 2147483727 2147483715 2147483727 2147484082 2147484082 
2147483938 2147483727 2147483727 
2147483944 2147483653 2147483654 2147483665 2147483667 2147483727 2147483653 2147483654 2147483665 2147483667 2147483727 2147484075 2147484075 
2147483948 2147483653 2147483654 2147483665 2147483727 2147483653 2147483654 2147483665 2147483727 2147483952 2147484075 2147483952 2147484075 
2147483952 2147483653 2147483654 2147483665 2147483727 2147483948 2147483653 2147483654 2147483665 2147483727 2147483948 2147484075 2147484075 
2147483959 2147483653 2147483654 2147483665 2147483727 2147483653 2147483654 2147483665 2147483727 
2147483961 2147483653 2147483654 2147483665 2147483727 2147483653 2147483654 2147483665 2147483727 2147484075 2147484075 
2147483965 2147483653 2147483654 2147483727 2147483653 2147483654 2147483727 
2147483969 2147483653 2147483672 2147483674 2147483727 2147483653 2147483672 2147483674 2147483727 2147484076 2147484076 
2147483973 2147483653 2147483672 2147483727 2147483653 2147483672 2147483727 2147483977 2147484076 2147483977 2147484076 
2147483977 2147483653 2147483672 2147483727 2147483973 2147483653 2147483672 2147483727 2147483973 2147484076 2147484076 
2147483984 2147483653 2147483672 2147483727 2147483653 2147483672 2147483727 
2147483986 2147483653 2147483672 2147483727 2147483653 2147483672 2147483727 2147484076 2147484076 
2147483990 2147483653 2147483727 2147483653 2147483727 
2147483996 2147483653 2147483679 2147483681 2147483727 2147483653 2147483679 2147483681 2147483727 2147484077 2147484077 
2147484000 2147483653 2147483679 2147483727 2147483653 2147483679 2147483727 2147484004 2147484077 2147484004 2147484077 
2147484004 2147483653 2147483679 2147483727 2147484000 2147483653 2147483679 2147483727 2147484000 2147484077 2147484077 
2147484011 2147483653 2147483679 2147483727 2147483653 2147483679 2147483727 
2147484013 2147483653 2147483679 2147483727 2147483653 2147483679 2147483727 2147484077 2147484077 
2147484017 2147483653 2147483727 2147483653 2147483727 
2147484021 2147483686 2147483688 2147483727 2147483686 2147483688 2147483727 2147484078 2147484078 
2147484025 2147483686 2147483727 2147483686 2147483727 2147484029 2147484078 2147484029 2147484078 
2147484029 2147483686 2147483727 2147484025 2147483686 2147483727 2147484025 2147484078 2147484078 
2147484036 2147483686 2147483727 2147483686 2147483727 
2147484038 2147483686 2147483727 2147483686 2147483727 2147484078 2147484078 
2147484042 2147483727 2147483727 
2147484044 2147483648 2147483654 2147483726 2147483727 2147483648 2147483654 2147483726 2147483727 2147484048 2147484083 2147484086 2147484048 2147484083 2147484086 
2147484045 2147483648 2147483654 2147483726 2147483727 2147483648 2147483654 2147483726 2147483727 2147484047 2147484083 2147484086 2147484047 2147484083 2147484086 
2147484047 2147483648 2147483654 2147483726 2147483727 2147484045 2147483648 2147483654 2147483726 2147483727 2147484045 2147484086 2147484086 
2147484048 2147483648 2147483654 2147483726 2147483727 2147484044 2147483648 2147483654 2147483726 2147483727 2147484044 2147484083 2147484086 2147484083 2147484086 
2147484052 2147483650 2147483654 2147483727 2147483650 2147483654 2147483727 2147484086 2147484086 
2147484058 2147483650 2147483654 2147483727 2147483650 2147483654 2147483727 2147484059 2147484086 2147484059 2147484086 
2147484059 2147483650 2147483654 2147483727 2147484058 2147483650 2147483654 2147483727 2147484058 2147484086 53 2147484086 
2147484060 2147483650 2147483654 2147483727 2147483650 2147483654 2147483727 2147484086 2147484086 
2147484063 2147483650 2147483727 2147483650 2147483727 2147484064 2147484086 2147484064 2147484086 
2147484064 2147483727 2147484063 2147483727 2147484063 2147484086 53 2147484086 
2147484065 2147484086 2147484086 
2147484068 2147484070 2147484070 
2147484070 2147484068 2147484068 
2147484073 2147483654 2147483726 2147483727 2147483742 2147483654 2147483726 2147483727 2147483742 2147484086 2147484087 2147484086 2147484087 
2147484074 
2147484075 2147483653 2147483654 2147483665 2147483667 2147483668 2147483727 2147483944 2147483948 2147483952 2147483961 2147483653 2147483654 2147483665 2147483667 2147483668 2147483727 2147483944 2147483948 2147483952 2147483961 
2147484076 2147483653 2147483672 2147483674 2147483675 2147483727 2147483969 2147483973 2147483977 2147483986 2147483653 2147483672 2147483674 2147483675 2147483727 2147483969 2147483973 2147483977 2147483986 
2147484077 2147483653 2147483679 2147483681 2147483682 2147483727 2147483996 2147484000 2147484004 2147484013 2147483653 2147483679 2147483681 2147483682 2147483727 2147483996 2147484000 2147484004 2147484013 
2147484078 2147483686 2147483688 2147483689 2147483727 2147484021 2147484025 2147484029 2147484038 2147483686 2147483688 2147483689 2147483727 2147484021 2147484025 2147484029 2147484038 
2147484079 2147483653 2147483654 2147483694 2147483696 2147483697 2147483727 2147483840 2147483844 2147483848 2147483857 2147483653 2147483654 2147483694 2147483696 2147483697 2147483727 2147483840 2147483844 2147483848 2147483857 
2147484080 2147483653 2147483701 2147483703 2147483704 2147483727 2147483865 2147483869 2147483873 2147483882 2147483653 2147483701 2147483703 2147483704 2147483727 2147483865 2147483869 2147483873 2147483882 
2147484081 2147483653 2147483708 2147483710 2147483711 2147483727 2147483892 2147483896 2147483900 2147483909 2147483653 2147483708 2147483710 2147483711 2147483727 2147483892 2147483896 2147483900 2147483909 
2147484082 2147483715 2147483717 2147483718 2147483727 2147483917 2147483921 2147483925 2147483934 2147483715 2147483717 2147483718 2147483727 2147483917 2147483921 2147483925 2147483934 
2147484083 2147483648 2147483654 2147483726 2147483727 2147484044 2147484045 2147484048 2147483648 2147483654 2147483726 2147483727 2147484044 2147484045 2147484048 2147484086 2147484086 
2147484086 2147483648 2147483650 2147483653 2147483654 2147483726 2147483727 2147483737 2147483740 2147483742 2147484044 2147484045 2147484047 2147484048 2147484052 2147484058 2147484059 2147484060 2147484063 2147484064 2147484065 2147484073 2147484083 2147483648 2147483650 2147483653 2147483654 2147483726 2147483727 2147483737 2147483740 2147483742 2147484044 2147484045 2147484047 2147484048 2147484052 2147484058 2147484059 2147484060 2147484063 2147484064 2147484065 2147484073 2147484083 2147484087 53 49 52 54 57 127 128 129 130 2147484087 
2147484087 2147483653 2147483654 2147483726 2147483727 2147483742 2147483807 2147483814 2147483815 2147483819 2147483824 2147484073 2147484086 2147483653 2147483654 2147483726 2147483727 2147483742 2147483807 2147483814 2147483815 2147483819 2147483824 2147484073 2147484086 49 52 54 57 53 127 128 129 130 
