22,1,22,-1,0,1,0,0,0,
23,1,23,-1,0,1,0,0,0,
24,1,24,-1,0,1,0,0,0,
25,1,25,-1,0,1,0,0,255,
26,1,26,-1,0,1,0,0,0,
27,1,27,-1,0,1,0,0,0,
32,1,32,-1,0,1,0,0,0,
49,1,49,-1,0,1,0,0,0,
50,1,50,-1,0,1,0,0,0,
51,1,51,-1,0,1,0,0,0,
52,1,52,-1,0,1,0,0,0,
53,1,53,-1,0,1,0,0,0,
54,1,54,-1,0,1,0,0,0,
57,1,57,-1,0,1,0,0,0,
127,1,127,-1,0,1,0,0,0,
128,1,128,-1,0,1,0,0,0,
129,1,129,-1,0,1,0,0,0,
130,1,130,-1,0,1,0,0,0,
131,1,131,-1,0,1,0,0,0,
132,1,132,-1,0,1,0,0,0,
133,1,133,-1,0,1,0,0,0,
134,1,134,-1,0,1,0,0,0,
263,1,263,-1,0,1,0,0,0,
264,1,264,-1,0,1,0,0,0,
265,1,265,-1,0,1,0,0,0,
266,1,266,-1,0,1,0,0,0,
267,1,267,-1,0,1,0,0,0,
268,1,268,-1,0,1,0,0,0,
269,1,269,-1,0,1,0,0,0,
270,1,270,-1,0,1,0,0,0,
2147483648,0,0,0.00187872,1,0,1,0,0,51 133 134 131 132 50
2147483654,0,0,0.0038761,1,0,1,0,0,51 133 134 131 132 50
2147483657,0,0,0.00491557,10,0,1,0,0,51 133 134 131 132 50
2147483658,0,0,0.00799209,4,0,1,0,0,52 49 54 57 53 127 128 129 130 51 133 134 131 132 50
2147483663,0,0,0.000667989,1,0,1,0,0,51 133 134 131 132 50
2147483668,0,0,0.00194536,8,0,1,0,0,51 133 134 131 132 50
2147483669,0,0,0.00799209,4,0,1,0,0,52 49 54 57 53 127 128 129 130 51 133 134 131 132 50
2147483674,0,0,0.00205842,1,0,1,0,0,51 133 134 131 132 50
2147483678,0,0,0.00121394,1,0,1,0,0,51 133 134 131 132 50
2147483679,0,0,0.00189203,1,0,1,0,0,51 133 134 131 132 50
2147483680,0,0,0.000610641,2,0,1,0,0,51 133 134 131 132 50
2147483682,0,0,0.00053975,1,0,1,0,0,51 133 134 131 132 50
2147483683,0,0,0.000334131,1,0,1,0,0,51 133 134 131 132 50
2147483684,0,0,inf,1,0,1,0,0,49 52 54 57 53 127 128 129 130 51 133 134 131 132 50
2147483689,0,0,inf,1,0,1,0,0,49 52 54 57 53 127 128 129 130 51 133 134 131 132 50
2147483690,0,0,0.00450893,1,0,1,0,0,53 49 52 54 57 127 128 129 130 51 133 134 131 132 50
2147483695,0,0,inf,1,0,1,0,0,22 25 27 32 26 263 264 265 266 24 23 269 270 267 268
2147483706,0,0,0.00213983,1,0,1,0,0,49 52 54 57 53 127 128 129 130 51 133 134 131 132 50
2147483725,0,0,0.00585938,3,0,1,0,0,49 54 57 53 127 128 129 130 51 133 134 131 132 50
2147483728,0,0,0.0031989,3,0,1,0,0,51 133 134 131 132 50
2147483729,0,0,0.00450893,1,0,1,0,0,53 49 52 54 57 127 128 129 130 51 133 134 131 132 50
2147483731,0,0,0.00401705,2,0,1,0,0,51 133 134 131 132 50
2147483734,0,0,inf,1,0,1,0,0,22 25 27 32 26 263 264 265 266 24 23 269 270 267 268
2147483742,0,0,0.00575658,3,0,1,0,0,57 53 127 128 129 130 51 133 134 131 132 50
2147483745,0,0,0.00213983,1,0,1,0,0,49 52 54 57 53 127 128 129 130 51 133 134 131 132 50
2147483764,0,0,0.00585938,3,0,1,0,0,49 54 57 53 127 128 129 130 51 133 134 131 132 50
2147483772,0,0,0.002525,1,0,1,0,0,51 133 134 131 132 50
2147483774,0,0,0.00420833,1,0,1,0,0,49 52 127 128 129 130 51 133 134 131 132 50
2147483775,0,0,0.00307927,1,0,1,0,0,51 133 134 131 132 50
2147483777,0,0,0.00420833,1,0,1,0,0,49 52 127 128 129 130 51 133 134 131 132 50
2147483779,0,0,0.0038403,3,0,1,0,0,22 25 27 32 26 263 264 265 266 24 23 269 270 267 268
2147483781,0,0,0.00253653,5,0,1,0,0,54 49 52 127 128 129 130 51 133 134 131 132 50
2147483784,0,0,0.00248213,5,0,1,0,0,54 49 52 127 128 129 130 51 133 134 131 132 50
2147483786,0,0,0.00387468,3,0,1,0,0,51 133 134 131 132 50
