2 
5 
8 
11 
18 
19 
22 
23 
24 
25 
26 
27 
32 
49 2147483676 2147483677 2147483684 2147483700 2147483702 
50 
51 
52 2147483676 2147483677 2147483684 2147483700 2147483702 
53 2147483676 2147483677 2147483682 2147483684 2147483700 2147483702 
54 2147483676 2147483677 2147483684 2147483700 2147483702 
57 2147483676 2147483677 2147483684 2147483700 2147483702 
61 
127 2147483676 2147483677 2147483684 2147483700 2147483702 
128 2147483676 2147483677 2147483684 2147483700 2147483702 
129 2147483676 2147483677 2147483684 2147483700 2147483702 
130 2147483676 2147483677 2147483684 2147483700 2147483702 
131 
132 
133 
134 
151 
152 
153 
154 
155 
156 
157 
158 
159 
160 
161 
162 
163 
164 
165 
166 
247 
248 
249 
250 
251 
252 
253 
254 
263 
264 
265 
266 
267 
268 
269 
270 
2147483652 2147483653 2147483701 2147483702 2147483653 2147483701 2147483702 
2147483653 2147483652 2147483652 2147483702 2147483702 
2147483658 
2147483664 2147483702 2147483702 
2147483667 2147483702 2147483702 
2147483668 2147483702 2147483702 
2147483669 2147483700 2147483702 2147483700 2147483702 
2147483676 2147483677 53 49 52 54 57 127 128 129 130 2147483677 
2147483677 2147483676 2147483676 57 49 52 54 53 127 128 129 130 
2147483678 
2147483682 2147483683 53 2147483683 
2147483683 2147483682 2147483682 
2147483684 2147483685 2147483686 49 52 54 57 53 127 128 129 130 2147483685 2147483686 
2147483685 2147483684 2147483684 
2147483686 2147483684 2147483684 
2147483691 
2147483692 
2147483693 
2147483694 
2147483696 
2147483697 2147483698 2147483698 
2147483698 2147483697 2147483697 
2147483700 2147483669 2147483669 2147483702 49 52 54 57 53 127 128 129 130 2147483702 
2147483701 2147483652 2147483652 2147483702 2147483702 
2147483702 2147483652 2147483653 2147483664 2147483667 2147483668 2147483669 2147483700 2147483701 2147483652 2147483653 2147483664 2147483667 2147483668 2147483669 2147483700 2147483701 49 53 52 54 57 127 128 129 130 
