22 
23 
24 
25 
26 
27 
32 
49 
50 
51 
52 
53 
54 
57 
127 
128 
129 
130 
131 
132 
133 
134 
263 
264 
265 
266 
267 
268 
269 
270 
2147483648 2147483689 2147483692 2147483693 2147483694 2147483695 2147483696 2147483697 2147483698 2147483699 2147483700 2147483701 2147483703 2147483705 2147483706 2147483710 2147483689 2147483692 2147483693 2147483694 2147483695 2147483696 2147483697 2147483698 2147483699 2147483700 2147483701 2147483703 2147483705 2147483706 2147483710 
2147483689 2147483648 2147483648 2147483692 2147483693 2147483694 2147483695 2147483696 2147483697 2147483698 2147483699 2147483700 2147483701 2147483703 2147483705 2147483706 2147483710 2147483692 2147483693 2147483694 2147483695 2147483696 2147483697 2147483698 2147483699 2147483700 2147483701 2147483703 2147483705 2147483706 2147483710 
2147483692 2147483648 2147483689 2147483648 2147483689 
2147483693 2147483648 2147483689 2147483648 2147483689 2147483710 2147483710 
2147483694 2147483648 2147483689 2147483648 2147483689 2147483710 2147483710 
2147483695 2147483648 2147483689 2147483648 2147483689 2147483710 2147483710 
2147483696 2147483648 2147483689 2147483648 2147483689 2147483710 2147483710 
2147483697 2147483648 2147483689 2147483648 2147483689 2147483710 2147483710 
2147483698 2147483648 2147483689 2147483648 2147483689 2147483710 2147483710 
2147483699 2147483648 2147483689 2147483648 2147483689 2147483710 2147483710 
2147483700 2147483648 2147483689 2147483648 2147483689 2147483710 2147483710 
2147483701 2147483648 2147483689 2147483648 2147483689 2147483710 2147483710 
2147483703 2147483648 2147483689 2147483648 2147483689 2147483705 2147483706 2147483710 2147483705 2147483706 2147483710 
2147483705 2147483648 2147483689 2147483703 2147483648 2147483689 2147483703 2147483706 2147483710 2147483706 2147483710 
2147483706 2147483648 2147483689 2147483703 2147483705 2147483648 2147483689 2147483703 2147483705 2147483710 2147483710 
2147483710 2147483648 2147483689 2147483693 2147483694 2147483695 2147483696 2147483697 2147483698 2147483699 2147483700 2147483701 2147483703 2147483705 2147483706 2147483648 2147483689 2147483693 2147483694 2147483695 2147483696 2147483697 2147483698 2147483699 2147483700 2147483701 2147483703 2147483705 2147483706 
