22 
23 
24 
25 
26 2147483707 
27 
32 
49 2147483648 2147483649 2147483650 2147483651 2147483664 2147483669 2147483678 2147483680 2147483685 2147483714 2147483719 2147483721 
50 
51 
52 2147483648 2147483649 2147483650 2147483651 2147483664 2147483669 2147483678 2147483680 2147483685 2147483709 2147483714 2147483719 2147483721 
53 2147483648 2147483649 2147483650 2147483651 2147483664 2147483669 2147483670 2147483672 2147483675 2147483676 2147483678 2147483679 2147483680 2147483685 2147483709 2147483710 2147483712 2147483714 2147483718 2147483719 2147483721 
54 2147483648 2147483649 2147483650 2147483651 2147483664 2147483669 2147483670 2147483676 2147483678 2147483680 2147483685 2147483709 2147483714 2147483719 2147483721 
57 2147483648 2147483649 2147483650 2147483651 2147483664 2147483669 2147483670 2147483672 2147483675 2147483676 2147483678 2147483680 2147483685 2147483709 2147483710 2147483714 2147483719 2147483721 
127 2147483648 2147483649 2147483650 2147483651 2147483664 2147483669 2147483678 2147483680 2147483685 2147483714 2147483719 2147483721 
128 2147483648 2147483649 2147483650 2147483651 2147483664 2147483669 2147483678 2147483680 2147483685 2147483714 2147483719 2147483721 
129 2147483648 2147483649 2147483650 2147483651 2147483664 2147483669 2147483678 2147483680 2147483685 2147483714 2147483719 2147483721 
130 2147483648 2147483649 2147483650 2147483651 2147483664 2147483669 2147483678 2147483680 2147483685 2147483714 2147483719 2147483721 
131 
132 
133 
134 
263 
264 
265 
266 
267 
268 
269 
270 
2147483648 2147483649 2147483650 2147483651 2147483652 2147483657 2147483658 2147483664 2147483667 2147483668 2147483669 2147483670 2147483671 2147483672 2147483675 2147483676 2147483678 2147483679 2147483680 2147483681 2147483682 2147483683 2147483684 2147483685 2147483687 2147483698 2147483700 2147483707 2147483719 2147483720 2147483721 2147483722 49 52 54 57 53 127 128 129 130 2147483649 2147483650 2147483651 2147483652 2147483657 2147483658 2147483664 2147483667 2147483668 2147483669 2147483670 2147483671 2147483672 2147483675 2147483676 2147483678 2147483679 2147483680 2147483681 2147483682 2147483683 2147483684 2147483685 2147483687 2147483698 2147483700 2147483707 2147483719 2147483720 2147483721 2147483722 
2147483649 2147483648 2147483648 2147483650 2147483651 2147483652 2147483680 2147483683 2147483684 2147483685 2147483687 2147483698 2147483719 2147483720 2147483721 53 49 52 54 57 127 128 129 130 2147483650 2147483651 2147483652 2147483680 2147483683 2147483684 2147483685 2147483687 2147483698 2147483719 2147483720 2147483721 
2147483650 2147483648 2147483649 2147483648 2147483649 2147483651 2147483652 2147483657 2147483658 2147483680 2147483698 2147483700 2147483707 2147483708 2147483709 2147483710 2147483719 2147483720 2147483721 2147483722 49 52 53 54 57 127 128 129 130 2147483651 2147483652 2147483657 2147483658 2147483680 2147483698 2147483700 2147483707 2147483708 2147483709 2147483710 2147483719 2147483720 2147483721 2147483722 
2147483651 2147483648 2147483649 2147483650 2147483648 2147483649 2147483650 2147483652 2147483698 2147483719 2147483720 2147483721 57 49 52 54 53 127 128 129 130 2147483652 2147483698 2147483719 2147483720 2147483721 
2147483652 2147483648 2147483649 2147483650 2147483651 2147483648 2147483649 2147483650 2147483651 
2147483657 2147483648 2147483650 2147483648 2147483650 2147483658 2147483721 2147483722 2147483658 2147483721 2147483722 
2147483658 2147483648 2147483650 2147483657 2147483648 2147483650 2147483657 
2147483663 2147483664 2147483664 
2147483664 2147483648 2147483663 2147483648 2147483663 2147483667 2147483668 2147483669 2147483670 2147483671 2147483672 2147483675 2147483676 2147483678 2147483679 2147483680 2147483719 57 49 52 54 53 127 128 129 130 2147483667 2147483668 2147483669 2147483670 2147483671 2147483672 2147483675 2147483676 2147483678 2147483679 2147483680 2147483719 
2147483667 2147483648 2147483664 2147483648 2147483664 
2147483668 2147483648 2147483664 2147483648 2147483664 
2147483669 2147483648 2147483664 2147483648 2147483664 2147483670 2147483671 2147483672 2147483675 2147483676 2147483719 57 49 52 54 53 127 128 129 130 2147483670 2147483671 2147483672 2147483675 2147483676 2147483719 
2147483670 2147483648 2147483664 2147483669 2147483648 2147483664 2147483669 2147483671 2147483672 2147483719 54 57 53 2147483671 2147483672 2147483719 
2147483671 2147483648 2147483664 2147483669 2147483670 2147483648 2147483664 2147483669 2147483670 
2147483672 2147483648 2147483664 2147483669 2147483670 2147483648 2147483664 2147483669 2147483670 2147483719 57 53 2147483719 
2147483675 2147483648 2147483664 2147483669 2147483648 2147483664 2147483669 2147483676 2147483719 57 53 2147483676 2147483719 
2147483676 2147483648 2147483664 2147483669 2147483675 2147483648 2147483664 2147483669 2147483675 2147483719 54 57 53 2147483719 
2147483678 2147483648 2147483664 2147483648 2147483664 2147483679 2147483680 2147483681 2147483719 49 53 57 52 54 127 128 129 130 2147483679 2147483680 2147483681 2147483719 
2147483679 2147483648 2147483664 2147483678 2147483648 2147483664 2147483678 2147483719 53 2147483719 
2147483680 2147483648 2147483649 2147483650 2147483664 2147483678 2147483648 2147483649 2147483650 2147483664 2147483678 2147483681 2147483682 2147483683 2147483684 2147483685 2147483687 2147483719 49 57 52 54 53 127 128 129 130 2147483681 2147483682 2147483683 2147483684 2147483685 2147483687 2147483719 
2147483681 2147483648 2147483678 2147483680 2147483648 2147483678 2147483680 2147483719 2147483719 
2147483682 2147483648 2147483680 2147483648 2147483680 2147483719 2147483719 
2147483683 2147483648 2147483649 2147483680 2147483648 2147483649 2147483680 2147483719 2147483719 
2147483684 2147483648 2147483649 2147483680 2147483648 2147483649 2147483680 2147483719 2147483719 
2147483685 2147483648 2147483649 2147483680 2147483648 2147483649 2147483680 2147483687 2147483719 49 53 57 52 54 127 128 129 130 2147483687 2147483719 
2147483687 2147483648 2147483649 2147483680 2147483685 2147483648 2147483649 2147483680 2147483685 2147483719 2147483719 
2147483698 2147483648 2147483649 2147483650 2147483651 2147483648 2147483649 2147483650 2147483651 2147483721 2147483721 
2147483700 2147483648 2147483650 2147483648 2147483650 2147483721 2147483721 
2147483707 2147483648 2147483650 2147483648 2147483650 2147483708 2147483709 2147483710 26 2147483708 2147483709 2147483710 
2147483708 2147483650 2147483707 2147483650 2147483707 
2147483709 2147483650 2147483707 2147483650 2147483707 2147483710 52 54 57 53 2147483710 
2147483710 2147483650 2147483707 2147483709 2147483650 2147483707 2147483709 57 53 
2147483712 2147483714 53 2147483714 
2147483714 2147483712 2147483712 2147483717 2147483718 53 49 52 54 57 127 128 129 130 2147483717 2147483718 
2147483717 2147483714 2147483714 
2147483718 2147483714 2147483714 53 
2147483719 2147483648 2147483649 2147483650 2147483651 2147483664 2147483669 2147483670 2147483672 2147483675 2147483676 2147483678 2147483679 2147483680 2147483681 2147483682 2147483683 2147483684 2147483685 2147483687 2147483648 2147483649 2147483650 2147483651 2147483664 2147483669 2147483670 2147483672 2147483675 2147483676 2147483678 2147483679 2147483680 2147483681 2147483682 2147483683 2147483684 2147483685 2147483687 2147483720 49 52 54 57 53 127 128 129 130 2147483720 
2147483720 2147483648 2147483649 2147483650 2147483651 2147483719 2147483648 2147483649 2147483650 2147483651 2147483719 
2147483721 2147483648 2147483649 2147483650 2147483651 2147483657 2147483698 2147483700 2147483648 2147483649 2147483650 2147483651 2147483657 2147483698 2147483700 2147483722 49 52 54 57 53 127 128 129 130 2147483722 
2147483722 2147483648 2147483650 2147483657 2147483721 2147483648 2147483650 2147483657 2147483721 
