22,1,22,-1,0,1,0,0,0,
23,1,23,-1,0,1,0,0,0,
24,1,24,-1,0,1,0,0,0,
25,1,25,-1,0,1,0,0,0,
26,1,26,-1,0,1,0,0,0,
27,1,27,-1,0,1,0,0,0,
32,1,32,-1,0,1,0,0,0,
49,1,49,-1,0,1,0,0,0,
50,1,50,-1,0,1,0,0,0,
51,1,51,-1,0,1,0,0,0,
52,1,52,-1,0,1,0,0,0,
53,1,53,-1,0,1,0,0,0,
54,1,54,-1,0,1,0,0,0,
57,1,57,-1,0,1,0,0,0,
127,1,127,-1,0,1,0,0,0,
128,1,128,-1,0,1,0,0,0,
129,1,129,-1,0,1,0,0,0,
130,1,130,-1,0,1,0,0,0,
131,1,131,-1,0,1,0,0,0,
132,1,132,-1,0,1,0,0,0,
133,1,133,-1,0,1,0,0,0,
134,1,134,-1,0,1,0,0,0,
263,1,263,-1,0,1,0,0,0,
264,1,264,-1,0,1,0,0,0,
265,1,265,-1,0,1,0,0,0,
266,1,266,-1,0,1,0,0,0,
267,1,267,-1,0,1,0,0,0,
268,1,268,-1,0,1,0,0,0,
269,1,269,-1,0,1,0,0,0,
270,1,270,-1,0,1,0,0,0,
2147483654,0,0,0.000816272,1,0,1,0,0,49 52 54 57 53 127 128 129 130 51 133 134 131 132 50
2147483661,0,0,0.00291845,3,0,1,0,0,24 23 269 270 267 268
2147483662,0,0,0.00565733,2,0,1,0,0,49 52 54 57 53 127 128 129 130 51 133 134 131 132 50
2147483666,0,0,0.0021215,2,0,1,0,0,49 52 54 57 53 127 128 129 130 51 133 134 131 132 50
2147483671,0,0,0.00203322,7,0,1,0,0,51 133 134 131 132 50
2147483672,0,0,0.0031684,2,0,1,0,0,49 52 54 57 53 127 128 129 130 51 133 134 131 132 50
2147483684,0,0,inf,1,0,1,0,0,49 52 54 57 53 127 128 129 130 51 133 134 131 132 50
2147483691,0,0,0.00183824,1,0,1,0,0,49 52 54 57 53 127 128 129 130 51 133 134 131 132 50
2147483696,0,0,0.000520833,1,0,1,0,0,49 52 54 57 53 127 128 129 130 51 133 134 131 132 50
2147483706,0,0,inf,1,0,1,0,0,49 52 54 57 53 127 128 129 130 51 133 134 131 132 50
2147483708,0,0,0.00233796,1,0,1,0,0,57 49 52 54 127 128 129 130 51 133 134 131 132 50
2147483709,0,0,0.00552344,1,0,1,0,255,49 52 54 57 53 127 128 129 130 51 133 134 131 132 50
2147483715,0,0,0.00214437,3,0,1,0,0,24 23 269 270 267 268
2147483717,0,0,inf,1,0,1,0,255,49 52 54 57 53 127 128 129 130 51 133 134 131 132 50
2147483720,0,0,0.000845424,1,0,1,0,0,57 49 52 54 127 128 129 130 51 133 134 131 132 50
2147483722,0,0,inf,1,0,1,0,0,49 52 54 57 53 127 128 129 130 51 133 134 131 132 50
2147483724,0,0,inf,1,0,1,0,0,49 52 54 57 53 127 128 129 130 51 133 134 131 132 50
2147483733,0,0,0.0034965,4,0,1,0,0,49 52 54 57 53 127 128 129 130 51 133 134 131 132 50
2147483734,0,0,0.0016129,5,0,1,0,0,49 52 54 57 53 127 128 129 130 51 133 134 131 132 50
2147483735,0,0,0.00295342,4,0,1,0,0,49 52 54 57 53 127 128 129 130 51 133 134 131 132 50
2147483736,0,0,0.00362007,3,0,1,0,0,53 49 52 54 57 127 128 129 130 51 133 134 131 132 50
2147483737,0,0,0.0012839,3,0,1,0,0,53 49 52 54 57 127 128 129 130 51 133 134 131 132 50
