22 2147483680 
23 
24 
25 2147483680 
26 2147483680 
27 2147483680 
32 2147483680 
49 2147483648 2147483649 
50 
51 
52 2147483648 2147483649 
53 2147483648 2147483649 2147483651 
54 2147483648 2147483649 
57 2147483648 2147483649 
127 2147483648 2147483649 
128 2147483648 2147483649 
129 2147483648 2147483649 
130 2147483648 2147483649 
131 
132 
133 
134 
263 2147483680 
264 2147483680 
265 2147483680 
266 2147483680 
267 
268 
269 
270 
2147483648 2147483649 2147483650 2147483651 2147483661 2147483665 2147483668 2147483669 2147483670 2147483680 57 49 52 54 53 127 128 129 130 2147483649 2147483650 2147483651 2147483661 2147483665 2147483668 2147483669 2147483670 2147483680 
2147483649 2147483648 2147483648 2147483650 2147483651 2147483661 2147483665 2147483668 2147483669 2147483670 2147483680 53 49 52 54 57 127 128 129 130 2147483650 2147483651 2147483661 2147483665 2147483668 2147483669 2147483670 2147483680 
2147483650 2147483648 2147483649 2147483648 2147483649 2147483651 2147483680 2147483651 2147483680 
2147483651 2147483648 2147483649 2147483650 2147483648 2147483649 2147483650 2147483680 53 2147483680 
2147483661 2147483648 2147483649 2147483648 2147483649 2147483680 2147483680 
2147483665 2147483648 2147483649 2147483648 2147483649 2147483680 2147483680 
2147483668 2147483648 2147483649 2147483648 2147483649 2147483680 2147483680 
2147483669 2147483648 2147483649 2147483648 2147483649 2147483670 2147483680 2147483670 2147483680 
2147483670 2147483648 2147483649 2147483669 2147483648 2147483649 2147483669 2147483680 2147483680 
2147483680 2147483648 2147483649 2147483650 2147483651 2147483661 2147483665 2147483668 2147483669 2147483670 2147483648 2147483649 2147483650 2147483651 2147483661 2147483665 2147483668 2147483669 2147483670 22 25 27 32 26 263 264 265 266 
