2 
5 
8 
11 
18 
19 
22 
23 
24 
25 
26 
27 
32 
49 2147483648 2147483649 2147483653 2147483661 2147483662 2147483664 2147483671 2147483675 2147483677 2147483678 2147483679 2147483747 2147483752 2147483769 2147483782 2147483808 
50 
51 
52 2147483648 2147483649 2147483653 2147483661 2147483662 2147483664 2147483671 2147483675 2147483677 2147483678 2147483679 2147483747 2147483752 2147483769 2147483782 2147483808 
53 2147483648 2147483649 2147483653 2147483661 2147483662 2147483664 2147483671 2147483675 2147483677 2147483678 2147483679 2147483740 2147483747 2147483752 2147483761 2147483769 2147483778 2147483782 2147483808 
54 2147483648 2147483649 2147483653 2147483661 2147483662 2147483664 2147483671 2147483675 2147483677 2147483678 2147483679 2147483740 2147483747 2147483752 2147483761 2147483769 2147483782 2147483808 
57 2147483648 2147483649 2147483653 2147483661 2147483662 2147483664 2147483671 2147483675 2147483677 2147483678 2147483679 2147483745 2147483747 2147483752 2147483769 2147483780 2147483782 2147483808 
61 
127 2147483648 2147483649 2147483653 2147483661 2147483662 2147483664 2147483671 2147483675 2147483677 2147483678 2147483679 2147483747 2147483752 2147483769 2147483782 2147483808 
128 2147483648 2147483649 2147483653 2147483661 2147483662 2147483664 2147483671 2147483675 2147483677 2147483678 2147483679 2147483747 2147483752 2147483769 2147483782 2147483808 
129 2147483648 2147483649 2147483653 2147483661 2147483662 2147483664 2147483671 2147483675 2147483677 2147483678 2147483679 2147483747 2147483752 2147483769 2147483782 2147483808 
130 2147483648 2147483649 2147483653 2147483661 2147483662 2147483664 2147483671 2147483675 2147483677 2147483678 2147483679 2147483747 2147483752 2147483769 2147483782 2147483808 
131 
132 
133 
134 
247 
248 
249 
250 
251 
252 
253 
254 
263 
264 
265 
266 
267 
268 
269 
270 
2147483648 2147483677 2147483678 2147483679 49 52 54 57 53 127 128 129 130 2147483677 2147483678 2147483679 
2147483649 2147483677 2147483678 2147483679 49 52 54 57 53 127 128 129 130 2147483677 2147483678 2147483679 
2147483653 2147483677 2147483678 2147483679 2147483800 2147483809 49 52 54 57 53 127 128 129 130 2147483677 2147483678 2147483679 2147483800 2147483809 
2147483661 2147483662 2147483664 2147483677 2147483678 2147483679 2147483722 2147483724 2147483730 2147483734 2147483736 2147483740 2147483743 2147483744 2147483745 2147483747 2147483749 2147483752 2147483761 2147483764 2147483767 2147483769 2147483770 2147483771 2147483778 2147483779 2147483800 2147483806 2147483808 2147483809 54 52 49 57 53 127 128 129 130 2147483662 2147483664 2147483677 2147483678 2147483679 2147483722 2147483724 2147483730 2147483734 2147483736 2147483740 2147483743 2147483744 2147483745 2147483747 2147483749 2147483752 2147483761 2147483764 2147483767 2147483769 2147483770 2147483771 2147483778 2147483779 2147483800 2147483806 2147483808 2147483809 
2147483662 2147483661 2147483661 2147483677 2147483678 2147483679 49 52 54 57 53 127 128 129 130 2147483677 2147483678 2147483679 
2147483664 2147483661 2147483661 2147483678 2147483679 2147483730 2147483734 2147483736 2147483740 2147483743 2147483806 53 49 52 54 57 127 128 129 130 2147483678 2147483679 2147483730 2147483734 2147483736 2147483740 2147483743 2147483806 
2147483671 2147483675 2147483786 2147483792 2147483794 2147483798 2147483808 2147483811 49 52 54 57 53 127 128 129 130 2147483675 2147483786 2147483792 2147483794 2147483798 2147483808 2147483811 
2147483675 2147483671 2147483671 2147483808 49 52 54 57 53 127 128 129 130 2147483808 
2147483677 2147483648 2147483649 2147483653 2147483661 2147483662 2147483648 2147483649 2147483653 2147483661 2147483662 2147483678 2147483679 2147483681 2147483687 2147483694 2147483696 2147483701 2147483702 2147483703 2147483708 2147483714 2147483722 2147483724 2147483800 2147483808 2147483809 53 49 52 54 57 127 128 129 130 2147483678 2147483679 2147483681 2147483687 2147483694 2147483696 2147483701 2147483702 2147483703 2147483708 2147483714 2147483722 2147483724 2147483800 2147483808 2147483809 
2147483678 2147483648 2147483649 2147483653 2147483661 2147483662 2147483664 2147483677 2147483648 2147483649 2147483653 2147483661 2147483662 2147483664 2147483677 2147483679 2147483681 2147483687 2147483694 2147483696 2147483701 2147483702 2147483703 2147483708 2147483714 2147483722 2147483724 2147483730 2147483734 2147483736 2147483740 2147483743 2147483744 2147483761 2147483764 2147483767 2147483769 2147483770 2147483771 2147483800 2147483806 2147483808 2147483809 57 49 52 54 53 127 128 129 130 2147483679 2147483681 2147483687 2147483694 2147483696 2147483701 2147483702 2147483703 2147483708 2147483714 2147483722 2147483724 2147483730 2147483734 2147483736 2147483740 2147483743 2147483744 2147483761 2147483764 2147483767 2147483769 2147483770 2147483771 2147483800 2147483806 2147483808 2147483809 
2147483679 2147483648 2147483649 2147483653 2147483661 2147483662 2147483664 2147483677 2147483678 2147483648 2147483649 2147483653 2147483661 2147483662 2147483664 2147483677 2147483678 2147483681 2147483687 2147483694 2147483696 2147483701 2147483702 2147483703 2147483708 2147483714 2147483722 2147483724 2147483730 2147483800 2147483808 2147483809 54 49 52 57 53 127 128 129 130 2147483681 2147483687 2147483694 2147483696 2147483701 2147483702 2147483703 2147483708 2147483714 2147483722 2147483724 2147483730 2147483800 2147483808 2147483809 
2147483681 2147483677 2147483678 2147483679 2147483677 2147483678 2147483679 2147483808 2147483808 
2147483687 2147483677 2147483678 2147483679 2147483677 2147483678 2147483679 
2147483694 2147483677 2147483678 2147483679 2147483677 2147483678 2147483679 
2147483696 2147483677 2147483678 2147483679 2147483677 2147483678 2147483679 
2147483701 2147483677 2147483678 2147483679 2147483677 2147483678 2147483679 2147483703 2147483708 2147483808 2147483703 2147483708 2147483808 
2147483702 2147483677 2147483678 2147483679 2147483677 2147483678 2147483679 
2147483703 2147483677 2147483678 2147483679 2147483701 2147483677 2147483678 2147483679 2147483701 
2147483708 2147483677 2147483678 2147483679 2147483701 2147483677 2147483678 2147483679 2147483701 2147483808 2147483808 
2147483714 2147483677 2147483678 2147483679 2147483677 2147483678 2147483679 2147483800 2147483809 2147483800 2147483809 
2147483722 2147483661 2147483677 2147483678 2147483679 2147483661 2147483677 2147483678 2147483679 
2147483724 2147483661 2147483677 2147483678 2147483679 2147483661 2147483677 2147483678 2147483679 
2147483730 2147483661 2147483664 2147483678 2147483679 2147483661 2147483664 2147483678 2147483679 
2147483734 2147483661 2147483664 2147483678 2147483661 2147483664 2147483678 
2147483736 2147483661 2147483664 2147483678 2147483661 2147483664 2147483678 
2147483740 2147483661 2147483664 2147483678 2147483661 2147483664 2147483678 54 53 
2147483743 2147483661 2147483664 2147483678 2147483661 2147483664 2147483678 
2147483744 2147483661 2147483678 2147483661 2147483678 
2147483745 2147483661 2147483661 57 
2147483747 2147483661 2147483661 2147483749 49 53 57 52 54 127 128 129 130 2147483749 
2147483749 2147483661 2147483747 2147483661 2147483747 
2147483752 2147483661 2147483661 2147483808 49 57 52 54 53 127 128 129 130 2147483808 
2147483761 2147483661 2147483678 2147483661 2147483678 54 53 
2147483764 2147483661 2147483678 2147483661 2147483678 
2147483767 2147483661 2147483678 2147483661 2147483678 
2147483769 2147483661 2147483678 2147483661 2147483678 2147483770 2147483771 49 53 52 54 57 127 128 129 130 2147483770 2147483771 
2147483770 2147483661 2147483678 2147483769 2147483661 2147483678 2147483769 
2147483771 2147483661 2147483678 2147483769 2147483661 2147483678 2147483769 
2147483778 2147483661 2147483661 2147483808 53 2147483808 
2147483779 2147483661 2147483661 2147483808 2147483808 
2147483780 2147483808 57 2147483808 
2147483782 2147483784 2147483808 49 53 57 52 54 127 128 129 130 2147483784 2147483808 
2147483784 2147483782 2147483782 2147483808 2147483808 
2147483786 2147483671 2147483671 2147483808 2147483811 2147483808 2147483811 
2147483792 2147483671 2147483671 2147483808 2147483808 
2147483794 2147483671 2147483671 2147483808 2147483808 
2147483798 2147483671 2147483671 2147483808 2147483808 
2147483800 2147483653 2147483661 2147483677 2147483678 2147483679 2147483714 2147483653 2147483661 2147483677 2147483678 2147483679 2147483714 2147483809 2147483809 
2147483806 2147483661 2147483664 2147483678 2147483661 2147483664 2147483678 
2147483808 2147483661 2147483671 2147483675 2147483677 2147483678 2147483679 2147483681 2147483701 2147483708 2147483752 2147483778 2147483779 2147483780 2147483782 2147483784 2147483786 2147483792 2147483794 2147483798 2147483661 2147483671 2147483675 2147483677 2147483678 2147483679 2147483681 2147483701 2147483708 2147483752 2147483778 2147483779 2147483780 2147483782 2147483784 2147483786 2147483792 2147483794 2147483798 2147483811 49 53 54 52 57 127 128 129 130 2147483811 
2147483809 2147483653 2147483661 2147483677 2147483678 2147483679 2147483714 2147483800 2147483653 2147483661 2147483677 2147483678 2147483679 2147483714 2147483800 
2147483811 2147483671 2147483786 2147483808 2147483671 2147483786 2147483808 
