2 
5 
8 
11 
18 
19 
22 2147483685 2147483691 2147483864 
23 
24 
25 2147483685 2147483691 2147483864 
26 2147483685 2147483691 2147483864 
27 2147483685 2147483691 2147483864 
32 2147483685 2147483691 2147483864 
49 2147483649 2147483650 2147483671 2147483672 2147483679 2147483688 2147483711 2147483853 2147483863 
50 
51 
52 2147483649 2147483650 2147483671 2147483672 2147483679 2147483688 2147483711 2147483853 2147483863 
53 2147483649 2147483650 2147483669 2147483671 2147483672 2147483679 2147483688 2147483705 2147483711 2147483748 2147483758 2147483793 2147483803 2147483806 2147483826 2147483853 2147483862 2147483863 
54 2147483649 2147483650 2147483671 2147483672 2147483679 2147483688 2147483711 2147483853 2147483863 
57 2147483649 2147483650 2147483669 2147483671 2147483672 2147483679 2147483688 2147483711 2147483853 2147483863 
61 
127 2147483649 2147483650 2147483671 2147483672 2147483679 2147483688 2147483711 2147483853 2147483863 
128 2147483649 2147483650 2147483671 2147483672 2147483679 2147483688 2147483711 2147483853 2147483863 
129 2147483649 2147483650 2147483671 2147483672 2147483679 2147483688 2147483711 2147483853 2147483863 
130 2147483649 2147483650 2147483671 2147483672 2147483679 2147483688 2147483711 2147483853 2147483863 
131 
132 
133 
134 
247 
248 
249 
250 
251 
252 
253 
254 
263 2147483685 2147483691 2147483864 
264 2147483685 2147483691 2147483864 
265 2147483685 2147483691 2147483864 
266 2147483685 2147483691 2147483864 
267 
268 
269 
270 
2147483649 2147483650 2147483652 2147483654 2147483656 2147483669 2147483683 2147483685 2147483688 2147483691 2147483692 2147483704 2147483705 2147483711 2147483726 2147483735 2147483738 2147483745 2147483757 2147483758 2147483761 2147483762 2147483773 2147483809 2147483818 2147483824 2147483825 2147483826 2147483861 2147483862 2147483863 2147483864 2147483865 53 49 52 54 57 127 128 129 130 2147483650 2147483652 2147483654 2147483656 2147483669 2147483683 2147483685 2147483688 2147483691 2147483692 2147483704 2147483705 2147483711 2147483726 2147483735 2147483738 2147483745 2147483757 2147483758 2147483761 2147483762 2147483773 2147483809 2147483818 2147483824 2147483825 2147483826 2147483861 2147483862 2147483863 2147483864 2147483865 
2147483650 2147483649 2147483649 2147483652 2147483654 2147483656 2147483669 2147483671 2147483683 2147483685 2147483688 2147483691 2147483692 2147483704 2147483705 2147483711 2147483726 2147483735 2147483738 2147483745 2147483747 2147483757 2147483758 2147483761 2147483762 2147483773 2147483802 2147483805 2147483809 2147483811 2147483818 2147483824 2147483825 2147483826 2147483861 2147483862 2147483863 2147483864 2147483865 57 49 52 54 53 127 128 129 130 2147483652 2147483654 2147483656 2147483669 2147483671 2147483683 2147483685 2147483688 2147483691 2147483692 2147483704 2147483705 2147483711 2147483726 2147483735 2147483738 2147483745 2147483747 2147483757 2147483758 2147483761 2147483762 2147483773 2147483802 2147483805 2147483809 2147483811 2147483818 2147483824 2147483825 2147483826 2147483861 2147483862 2147483863 2147483864 2147483865 
2147483652 2147483649 2147483650 2147483649 2147483650 2147483654 2147483656 2147483735 2147483738 2147483818 2147483864 2147483865 2147483654 2147483656 2147483735 2147483738 2147483818 2147483864 2147483865 
2147483654 2147483649 2147483650 2147483652 2147483649 2147483650 2147483652 2147483656 2147483726 2147483738 2147483864 2147483656 2147483726 2147483738 2147483864 
2147483656 2147483649 2147483650 2147483652 2147483654 2147483649 2147483650 2147483652 2147483654 2147483726 2147483738 2147483864 2147483726 2147483738 2147483864 
2147483669 2147483649 2147483650 2147483649 2147483650 2147483864 57 53 2147483864 
2147483671 2147483650 2147483650 2147483672 2147483679 2147483789 2147483792 2147483793 2147483794 2147483851 2147483852 2147483853 2147483854 2147483864 49 52 54 57 53 127 128 129 130 2147483672 2147483679 2147483789 2147483792 2147483793 2147483794 2147483851 2147483852 2147483853 2147483854 2147483864 
2147483672 2147483671 2147483671 2147483679 2147483789 2147483792 2147483793 2147483794 2147483851 2147483852 2147483853 2147483854 2147483864 49 52 54 57 53 127 128 129 130 2147483679 2147483789 2147483792 2147483793 2147483794 2147483851 2147483852 2147483853 2147483854 2147483864 
2147483679 2147483671 2147483672 2147483671 2147483672 2147483792 2147483793 2147483794 2147483853 2147483854 2147483864 49 52 54 57 53 127 128 129 130 2147483792 2147483793 2147483794 2147483853 2147483854 2147483864 
2147483683 2147483649 2147483650 2147483649 2147483650 2147483864 2147483864 
2147483685 2147483649 2147483650 2147483649 2147483650 2147483688 2147483691 2147483692 2147483762 2147483773 2147483861 2147483862 2147483864 22 25 27 32 26 263 264 265 266 2147483688 2147483691 2147483692 2147483762 2147483773 2147483861 2147483862 2147483864 
2147483688 2147483649 2147483650 2147483685 2147483649 2147483650 2147483685 2147483691 2147483692 2147483773 2147483861 2147483862 2147483864 49 52 54 57 53 127 128 129 130 2147483691 2147483692 2147483773 2147483861 2147483862 2147483864 
2147483691 2147483649 2147483650 2147483685 2147483688 2147483649 2147483650 2147483685 2147483688 2147483692 2147483773 2147483861 2147483862 2147483864 22 25 27 32 26 263 264 265 266 2147483692 2147483773 2147483861 2147483862 2147483864 
2147483692 2147483649 2147483650 2147483685 2147483688 2147483691 2147483649 2147483650 2147483685 2147483688 2147483691 2147483773 2147483861 2147483773 2147483861 
2147483704 2147483649 2147483650 2147483649 2147483650 2147483705 2147483705 
2147483705 2147483649 2147483650 2147483704 2147483649 2147483650 2147483704 53 
2147483711 2147483649 2147483650 2147483649 2147483650 2147483824 2147483825 2147483826 2147483863 2147483864 49 52 54 57 53 127 128 129 130 2147483824 2147483825 2147483826 2147483863 2147483864 
2147483726 2147483649 2147483650 2147483654 2147483656 2147483649 2147483650 2147483654 2147483656 2147483738 2147483864 2147483738 2147483864 
2147483735 2147483649 2147483650 2147483652 2147483649 2147483650 2147483652 2147483864 2147483864 
2147483738 2147483649 2147483650 2147483652 2147483654 2147483656 2147483726 2147483649 2147483650 2147483652 2147483654 2147483656 2147483726 2147483864 2147483864 
2147483745 2147483649 2147483650 2147483649 2147483650 2147483864 2147483864 
2147483747 2147483650 2147483650 2147483748 2147483748 
2147483748 2147483747 2147483747 53 
2147483750 2147483751 2147483751 
2147483751 2147483750 2147483750 
2147483757 2147483649 2147483650 2147483649 2147483650 2147483758 2147483864 2147483758 2147483864 
2147483758 2147483649 2147483650 2147483757 2147483649 2147483650 2147483757 2147483864 53 2147483864 
2147483761 2147483649 2147483650 2147483649 2147483650 2147483864 2147483864 
2147483762 2147483649 2147483650 2147483685 2147483649 2147483650 2147483685 2147483864 2147483864 
2147483773 2147483649 2147483650 2147483685 2147483688 2147483691 2147483692 2147483649 2147483650 2147483685 2147483688 2147483691 2147483692 
2147483789 2147483671 2147483672 2147483671 2147483672 2147483853 2147483854 2147483864 2147483853 2147483854 2147483864 
2147483792 2147483671 2147483672 2147483679 2147483671 2147483672 2147483679 2147483793 2147483853 2147483854 2147483864 2147483793 2147483853 2147483854 2147483864 
2147483793 2147483671 2147483672 2147483679 2147483792 2147483671 2147483672 2147483679 2147483792 2147483853 2147483864 53 2147483853 2147483864 
2147483794 2147483671 2147483672 2147483679 2147483671 2147483672 2147483679 2147483853 2147483854 2147483864 2147483853 2147483854 2147483864 
2147483800 2147483864 2147483864 
2147483802 2147483650 2147483650 2147483803 2147483803 
2147483803 2147483802 2147483802 53 
2147483804 
2147483805 2147483650 2147483650 2147483806 2147483806 
2147483806 2147483805 2147483805 53 
2147483807 
2147483809 2147483649 2147483650 2147483649 2147483650 2147483864 2147483864 
2147483811 2147483650 2147483650 2147483864 2147483864 
2147483818 2147483649 2147483650 2147483652 2147483649 2147483650 2147483652 2147483864 2147483865 2147483864 2147483865 
2147483824 2147483649 2147483650 2147483711 2147483649 2147483650 2147483711 2147483863 2147483864 2147483863 2147483864 
2147483825 2147483649 2147483650 2147483711 2147483649 2147483650 2147483711 2147483826 2147483863 2147483826 2147483863 
2147483826 2147483649 2147483650 2147483711 2147483825 2147483649 2147483650 2147483711 2147483825 2147483863 53 2147483863 
2147483851 2147483671 2147483672 2147483671 2147483672 2147483852 2147483864 2147483852 2147483864 
2147483852 2147483671 2147483672 2147483851 2147483671 2147483672 2147483851 2147483864 2147483864 
2147483853 2147483671 2147483672 2147483679 2147483789 2147483792 2147483793 2147483794 2147483671 2147483672 2147483679 2147483789 2147483792 2147483793 2147483794 2147483854 2147483864 49 52 54 57 53 127 128 129 130 2147483854 2147483864 
2147483854 2147483671 2147483672 2147483679 2147483789 2147483792 2147483794 2147483853 2147483671 2147483672 2147483679 2147483789 2147483792 2147483794 2147483853 2147483864 2147483864 
2147483861 2147483649 2147483650 2147483685 2147483688 2147483691 2147483692 2147483649 2147483650 2147483685 2147483688 2147483691 2147483692 2147483862 2147483864 2147483862 2147483864 
2147483862 2147483649 2147483650 2147483685 2147483688 2147483691 2147483861 2147483649 2147483650 2147483685 2147483688 2147483691 2147483861 2147483864 53 2147483864 
2147483863 2147483649 2147483650 2147483711 2147483824 2147483825 2147483826 2147483649 2147483650 2147483711 2147483824 2147483825 2147483826 2147483864 49 52 54 57 53 127 128 129 130 2147483864 
2147483864 2147483649 2147483650 2147483652 2147483654 2147483656 2147483669 2147483671 2147483672 2147483679 2147483683 2147483685 2147483688 2147483691 2147483711 2147483726 2147483735 2147483738 2147483745 2147483757 2147483758 2147483761 2147483762 2147483789 2147483792 2147483793 2147483794 2147483800 2147483809 2147483811 2147483818 2147483824 2147483851 2147483852 2147483853 2147483854 2147483861 2147483862 2147483863 2147483649 2147483650 2147483652 2147483654 2147483656 2147483669 2147483671 2147483672 2147483679 2147483683 2147483685 2147483688 2147483691 2147483711 2147483726 2147483735 2147483738 2147483745 2147483757 2147483758 2147483761 2147483762 2147483789 2147483792 2147483793 2147483794 2147483800 2147483809 2147483811 2147483818 2147483824 2147483851 2147483852 2147483853 2147483854 2147483861 2147483862 2147483863 2147483865 22 25 27 32 26 263 264 265 266 2147483865 
2147483865 2147483649 2147483650 2147483652 2147483818 2147483864 2147483649 2147483650 2147483652 2147483818 2147483864 
