22 2147483657 
23 
24 
25 2147483657 
26 2147483657 
27 2147483657 
32 2147483657 
49 2147483655 2147483658 2147483674 2147483676 
50 
51 
52 2147483655 2147483658 2147483674 2147483676 
53 2147483655 2147483658 2147483671 2147483674 2147483676 
54 2147483655 2147483658 2147483674 2147483676 
57 2147483655 2147483658 2147483671 2147483674 2147483676 
127 2147483655 2147483658 2147483674 2147483676 
128 2147483655 2147483658 2147483674 2147483676 
129 2147483655 2147483658 2147483674 2147483676 
130 2147483655 2147483658 2147483674 2147483676 
131 
132 
133 
134 
263 2147483657 
264 2147483657 
265 2147483657 
266 2147483657 
267 
268 
269 
270 
2147483649 2147483650 2147483655 2147483657 2147483658 2147483675 2147483676 2147483650 2147483655 2147483657 2147483658 2147483675 2147483676 
2147483650 2147483649 2147483649 2147483655 2147483657 2147483658 2147483675 2147483676 2147483655 2147483657 2147483658 2147483675 2147483676 
2147483655 2147483649 2147483650 2147483649 2147483650 2147483657 2147483658 2147483666 2147483671 2147483675 2147483676 53 49 52 54 57 127 128 129 130 2147483657 2147483658 2147483666 2147483671 2147483675 2147483676 
2147483657 2147483649 2147483650 2147483655 2147483649 2147483650 2147483655 2147483658 2147483675 2147483676 27 22 25 32 26 263 264 265 266 2147483658 2147483675 2147483676 
2147483658 2147483649 2147483650 2147483655 2147483657 2147483649 2147483650 2147483655 2147483657 2147483666 2147483675 2147483676 52 53 49 54 57 127 128 129 130 2147483666 2147483675 2147483676 
2147483666 2147483655 2147483658 2147483655 2147483658 2147483676 2147483676 
2147483671 2147483655 2147483655 2147483676 57 53 2147483676 
2147483674 49 52 54 57 53 127 128 129 130 
2147483675 2147483649 2147483650 2147483655 2147483657 2147483658 2147483649 2147483650 2147483655 2147483657 2147483658 2147483676 2147483676 
2147483676 2147483649 2147483650 2147483655 2147483657 2147483658 2147483666 2147483671 2147483675 2147483649 2147483650 2147483655 2147483657 2147483658 2147483666 2147483671 2147483675 57 49 52 54 53 127 128 129 130 
