2,1,2,-1,0,1,0,0,0,
3,1,3,-1,0,1,0,0,0,
5,1,5,-1,0,1,0,0,0,
6,1,6,-1,0,1,0,0,0,
8,1,8,-1,0,1,0,0,0,
9,1,9,-1,0,1,0,0,0,
11,1,11,-1,0,1,0,0,0,
13,1,13,-1,0,1,0,0,0,
16,1,16,-1,0,1,0,0,0,
18,1,18,-1,0,1,0,0,0,
19,1,19,-1,0,1,0,0,0,
21,1,21,-1,0,1,0,0,0,
22,1,22,-1,0,1,0,0,0,
23,1,23,-1,0,1,0,0,0,
24,1,24,-1,0,1,0,0,0,
25,1,25,-1,0,1,0,0,0,
26,1,26,-1,0,1,0,0,0,
27,1,27,-1,0,1,0,0,0,
32,1,32,-1,0,1,0,0,0,
49,1,49,-1,0,1,0,0,0,
50,1,50,-1,0,1,0,0,0,
51,1,51,-1,0,1,0,0,0,
52,1,52,-1,0,1,0,0,0,
53,1,53,-1,0,1,0,0,0,
54,1,54,-1,0,1,0,0,0,
57,1,57,-1,0,1,0,0,0,
59,1,59,-1,0,1,0,0,0,
61,1,61,-1,0,1,0,0,0,
127,1,127,-1,0,1,0,0,0,
128,1,128,-1,0,1,0,0,0,
129,1,129,-1,0,1,0,0,0,
130,1,130,-1,0,1,0,0,0,
131,1,131,-1,0,1,0,0,0,
132,1,132,-1,0,1,0,0,0,
133,1,133,-1,0,1,0,0,0,
134,1,134,-1,0,1,0,0,0,
151,1,151,-1,0,1,0,0,0,
152,1,152,-1,0,1,0,0,0,
153,1,153,-1,0,1,0,0,0,
154,1,154,-1,0,1,0,0,0,
155,1,155,-1,0,1,0,0,0,
156,1,156,-1,0,1,0,0,0,
157,1,157,-1,0,1,0,0,0,
158,1,158,-1,0,1,0,0,0,
159,1,159,-1,0,1,0,0,0,
160,1,160,-1,0,1,0,0,0,
161,1,161,-1,0,1,0,0,0,
162,1,162,-1,0,1,0,0,0,
163,1,163,-1,0,1,0,0,0,
164,1,164,-1,0,1,0,0,0,
165,1,165,-1,0,1,0,0,0,
166,1,166,-1,0,1,0,0,0,
247,1,247,-1,0,1,0,0,0,
248,1,248,-1,0,1,0,0,0,
249,1,249,-1,0,1,0,0,0,
250,1,250,-1,0,1,0,0,0,
251,1,251,-1,0,1,0,0,0,
252,1,252,-1,0,1,0,0,0,
253,1,253,-1,0,1,0,0,0,
254,1,254,-1,0,1,0,0,0,
263,1,263,-1,0,1,0,0,0,
264,1,264,-1,0,1,0,0,0,
265,1,265,-1,0,1,0,0,0,
266,1,266,-1,0,1,0,0,0,
267,1,267,-1,0,1,0,0,0,
268,1,268,-1,0,1,0,0,0,
269,1,269,-1,0,1,0,0,0,
270,1,270,-1,0,1,0,0,0,
271,1,271,-1,0,1,0,0,0,
272,1,272,-1,0,1,0,0,0,
273,1,273,-1,0,1,0,0,0,
274,1,274,-1,0,1,0,0,0,
275,1,275,-1,0,1,0,0,0,
276,1,276,-1,0,1,0,0,0,
277,1,277,-1,0,1,0,0,0,
278,1,278,-1,0,1,0,0,0,
2147483648,0,0,0.000255232,4,0,1,0,0,51 133 134 131 132 50
2147483649,0,0,0.00390625,1,0,1,0,0,49 52 54 57 53 127 128 129 130 51 133 134 131 132 50
2147483650,0,0,0.00550469,1,0,1,0,0,57 49 52 54 127 128 129 130 51 133 134 131 132 50
2147483656,0,0,0.000981218,1,0,1,0,0,51 133 134 131 132 50
2147483660,0,0,0.000506435,1,0,1,0,0,24 23 269 270 267 268
2147483663,0,0,0.000817681,1,0,1,0,0,51 133 134 131 132 50
2147483665,0,0,inf,1,0,1,0,0,49 52 54 57 53 127 128 129 130 51 133 134 131 132 50
2147483667,0,0,0.00108343,1,0,1,0,0,53 49 52 54 57 127 128 129 130 51 133 134 131 132 50
2147483668,0,0,0.00122637,2,0,1,0,0,22 25 27 32 26 263 264 265 266 24 23 269 270 267 268
2147483670,0,0,0.00130511,3,0,1,0,0,49 52 54 57 53 127 128 129 130 51 133 134 131 132 50
2147483671,0,0,0.00132105,3,0,1,0,0,49 52 54 57 53 127 128 129 130 51 133 134 131 132 50
2147483681,0,0,0.0139996,6,0,1,0,0,51 133 134 131 132 50
2147483686,0,0,0.0318572,2,0,1,0,0,49 52 54 57 53 127 128 129 130 51 133 134 131 132 50
2147483689,0,0,0.0443478,1,0,1,0,0,49 52 54 57 53 127 128 129 130 51 133 134 131 132 50
2147483696,0,0,0.00405338,9,0,1,0,0,22 25 27 32 26 263 264 265 266 24 23 269 270 267 268
2147483697,0,0,0.00404642,8,0,1,0,0,22 25 27 32 26 263 264 265 266 24 23 269 270 267 268
2147483700,0,0,inf,1,0,1,0,0,49 52 54 57 53 127 128 129 130 51 133 134 131 132 50
2147483712,0,0,0.000449725,1,0,1,0,0,53 49 52 54 57 127 128 129 130 51 133 134 131 132 50
2147483723,0,0,0.00029848,1,0,1,0,0,51 133 134 131 132 50
2147483725,0,0,0.000655683,1,0,1,0,0,51 133 134 131 132 50
2147483726,0,0,0.00152266,14,0,1,0,0,51 133 134 131 132 50
2147483727,0,0,0.000249086,14,0,1,0,0,51 133 134 131 132 50
2147483728,0,0,0.000762606,8,0,1,0,0,24 23 269 270 267 268
2147483729,0,0,0.000727086,9,0,1,0,0,24 23 269 270 267 268
2147483731,0,0,0.000864136,3,0,1,0,0,51 133 134 131 132 50
2147483732,0,0,0.00853213,3,0,1,0,0,49 52 54 57 53 127 128 129 130 51 133 134 131 132 50
2147483734,0,0,0.00752915,5,0,1,0,0,49 52 54 57 53 127 128 129 130 51 133 134 131 132 50
2147483741,0,0,0.0260247,1,0,1,0,0,53 49 52 54 57 127 128 129 130 51 133 134 131 132 50
2147483747,0,0,0.000955311,1,0,1,0,0,22 25 27 32 26 263 264 265 266 24 23 269 270 267 268
2147483764,0,0,0.00115234,1,0,1,0,0,51 133 134 131 132 50
2147483772,0,0,0.00281007,6,0,1,0,0,51 133 134 131 132 50
2147483773,0,0,0.0255411,2,0,1,0,0,53 49 52 54 57 127 128 129 130 51 133 134 131 132 50
2147483780,0,0,0.0134796,2,0,1,0,0,49 52 54 57 53 127 128 129 130 51 133 134 131 132 50
2147483783,0,0,0.0164204,1,0,1,0,0,49 52 54 57 53 127 128 129 130 51 133 134 131 132 50
2147483799,0,0,0.0502787,1,0,1,0,255,51 133 134 131 132 50
2147483805,0,0,0.00379115,1,0,1,0,0,51 133 134 131 132 50
2147483810,0,0,0.519016,1,0,1,0,0,53 49 52 54 57 127 128 129 130 51 133 134 131 132 50
2147483833,0,0,0.0358736,1,0,1,0,0,49 52 54 57 53 127 128 129 130 51 133 134 131 132 50
2147483834,0,0,0.0339115,2,0,1,0,0,49 52 54 57 53 127 128 129 130 51 133 134 131 132 50
2147483860,0,0,0.000758214,2,0,1,0,0,49 52 54 57 53 127 128 129 130 51 133 134 131 132 50
2147483862,0,0,0.00400053,3,0,1,0,0,49 52 54 57 53 127 128 129 130 51 133 134 131 132 50
2147483881,0,0,0.0698773,2,0,1,0,0,49 52 54 57 53 127 128 129 130 51 133 134 131 132 50
2147483884,0,0,0.0917747,1,0,1,0,0,49 52 54 57 53 127 128 129 130 51 133 134 131 132 50
2147483893,0,0,0.000676039,1,0,1,0,0,51 133 134 131 132 50
2147483897,0,0,0.0196576,1,0,1,0,0,51 133 134 131 132 50
2147483901,0,0,1.32788,1,0,1,0,0,22 25 27 32 26 263 264 265 266 24 23 269 270 267 268
2147483907,0,0,inf,1,0,1,0,0,53 49 52 54 57 127 128 129 130 51 133 134 131 132 50
2147483908,0,0,0.000383065,5,0,1,0,0,51 133 134 131 132 50
2147483912,0,0,0.00360714,1,0,1,0,0,27 22 25 263 264 265 266 24 23 269 270 267 268
2147483914,0,0,0.00394531,1,0,1,0,0,53 49 52 54 57 127 128 129 130 51 133 134 131 132 50
2147483922,0,0,0.000836572,1,0,1,0,0,3 13 21 59 16 271 272 273 274 9 6 277 278 275 276
2147483925,0,0,inf,1,0,1,0,0,49 52 54 57 53 127 128 129 130 51 133 134 131 132 50
2147483942,0,0,0.0196828,1,0,1,0,0,53 49 52 54 57 127 128 129 130 51 133 134 131 132 50
2147483943,0,0,0.0196828,1,0,1,0,0,57 49 52 54 127 128 129 130 51 133 134 131 132 50
2147483944,0,0,inf,1,0,1,0,0,22 25 27 32 26 263 264 265 266 24 23 269 270 267 268
2147483946,0,0,inf,2,0,1,0,0,22 25 27 32 26 263 264 265 266 24 23 269 270 267 268
2147483948,0,0,inf,1,0,1,0,0,49 52 54 57 53 127 128 129 130 51 133 134 131 132 50
2147483952,0,0,0.0234644,1,0,1,0,0,53 49 52 54 57 127 128 129 130 51 133 134 131 132 50
2147483954,0,0,inf,1,0,1,0,0,49 52 54 57 53 127 128 129 130 51 133 134 131 132 50
2147483955,0,0,inf,1,0,1,0,0,22 25 27 32 26 263 264 265 266 24 23 269 270 267 268
2147483966,0,0,inf,1,0,1,0,0,49 52 54 57 53 127 128 129 130 51 133 134 131 132 50
2147483967,0,0,0.00702385,1,0,1,0,0,49 52 54 57 53 127 128 129 130 51 133 134 131 132 50
2147483968,0,0,inf,1,0,1,0,0,49 52 54 57 53 127 128 129 130 51 133 134 131 132 50
2147483969,0,0,inf,1,0,1,0,0,49 52 54 57 53 127 128 129 130 51 133 134 131 132 50
2147483973,0,0,0.00135231,3,0,1,0,0,22 25 27 32 26 263 264 265 266 24 23 269 270 267 268
2147483976,0,0,0.000345423,1,0,1,0,0,3 13 21 59 16 271 272 273 274 9 6 277 278 275 276
2147483979,0,0,inf,1,0,1,0,0,49 52 54 57 53 127 128 129 130 51 133 134 131 132 50
2147483985,0,0,inf,1,0,1,0,0,22 25 27 32 26 263 264 265 266 24 23 269 270 267 268
2147483988,0,0,inf,2,0,1,0,0,22 25 27 32 26 263 264 265 266 24 23 269 270 267 268
2147483990,0,0,inf,1,0,1,0,0,49 52 54 57 53 127 128 129 130 51 133 134 131 132 50
2147483997,0,0,inf,2,0,1,0,0,22 25 27 32 26 263 264 265 266 24 23 269 270 267 268
2147483999,0,0,inf,1,0,1,0,0,49 52 54 57 53 127 128 129 130 51 133 134 131 132 50
2147484000,0,0,0.00951025,1,0,1,0,0,49 52 54 57 53 127 128 129 130 51 133 134 131 132 50
2147484001,0,0,0.000651003,2,0,1,0,0,51 133 134 131 132 50
2147484006,0,0,inf,1,0,1,0,0,49 52 54 57 53 127 128 129 130 51 133 134 131 132 50
2147484008,0,0,0.00137306,1,0,1,0,0,51 133 134 131 132 50
2147484009,0,0,inf,1,0,1,0,0,49 52 54 57 53 127 128 129 130 51 133 134 131 132 50
2147484011,0,0,0.0514715,1,0,1,0,0,53 49 52 54 57 127 128 129 130 51 133 134 131 132 50
2147484013,0,0,inf,1,0,1,0,206,22 25 27 32 26 263 264 265 266 24 23 269 270 267 268
2147484019,0,0,inf,1,0,1,0,0,49 52 54 57 53 127 128 129 130 51 133 134 131 132 50
2147484021,0,0,0.0025427,1,0,1,0,0,49 52 54 57 53 127 128 129 130 51 133 134 131 132 50
2147484022,0,0,inf,1,0,1,0,182,49 52 54 57 53 127 128 129 130 51 133 134 131 132 50
2147484023,0,0,0.00615285,1,0,1,0,0,49 52 54 57 53 127 128 129 130 51 133 134 131 132 50
2147484024,0,0,0.00659234,1,0,1,0,0,49 52 54 57 53 127 128 129 130 51 133 134 131 132 50
2147484025,0,0,inf,1,0,1,0,182,49 52 54 57 53 127 128 129 130 51 133 134 131 132 50
2147484026,0,0,inf,1,0,0,0,1,151 152 153 154 155 156 157 158 159 160 161 162 163 164 165 166
2147484028,0,0,inf,2,0,1,0,0,22 25 27 32 26 263 264 265 266 24 23 269 270 267 268
2147484030,0,0,inf,1,0,1,0,0,49 52 54 57 53 127 128 129 130 51 133 134 131 132 50
2147484038,0,0,inf,1,0,1,0,0,22 25 27 32 26 263 264 265 266 24 23 269 270 267 268
2147484040,0,0,inf,1,0,1,0,0,22 25 27 32 26 263 264 265 266 24 23 269 270 267 268
2147484051,0,0,0.00215118,1,0,1,0,0,49 52 54 57 53 127 128 129 130 51 133 134 131 132 50
2147484053,0,0,inf,1,0,1,0,0,49 52 54 57 53 127 128 129 130 51 133 134 131 132 50
2147484058,0,0,inf,1,0,1,0,0,22 25 27 32 26 263 264 265 266 24 23 269 270 267 268
2147484060,0,0,inf,1,0,1,0,0,22 25 27 32 26 263 264 265 266 24 23 269 270 267 268
2147484062,0,0,0.00993331,1,0,1,0,0,53 49 52 54 57 127 128 129 130 51 133 134 131 132 50
2147484064,0,0,inf,1,0,1,0,0,49 52 54 57 53 127 128 129 130 51 133 134 131 132 50
2147484065,0,0,inf,1,0,1,0,0,22 25 27 32 26 263 264 265 266 24 23 269 270 267 268
2147484075,0,0,0.00149363,1,0,1,0,0,53 49 52 54 57 127 128 129 130 51 133 134 131 132 50
2147484076,0,0,0.00677344,5,0,1,0,0,57 49 52 54 127 128 129 130 51 133 134 131 132 50
2147484080,0,0,inf,1,0,1,0,0,22 25 27 32 26 263 264 265 266 24 23 269 270 267 268
2147484086,0,0,inf,1,0,1,0,0,49 52 54 57 53 127 128 129 130 51 133 134 131 132 50
2147484091,0,0,inf,1,0,1,0,0,22 25 27 32 26 263 264 265 266 24 23 269 270 267 268
2147484093,0,0,inf,1,0,1,0,0,22 25 27 32 26 263 264 265 266 24 23 269 270 267 268
2147484095,0,0,0.0181586,1,0,1,0,0,53 49 52 54 57 127 128 129 130 51 133 134 131 132 50
2147484096,0,0,0.0250144,2,0,1,0,0,49 52 54 57 53 127 128 129 130 51 133 134 131 132 50
2147484097,0,0,inf,1,0,1,0,0,49 52 54 57 53 127 128 129 130 51 133 134 131 132 50
2147484098,0,0,inf,1,0,1,0,0,22 25 27 32 26 263 264 265 266 24 23 269 270 267 268
2147484104,0,0,0.0459639,2,0,1,0,0,49 52 54 57 53 127 128 129 130 51 133 134 131 132 50
2147484105,0,0,inf,1,0,1,0,0,22 25 27 32 26 263 264 265 266 24 23 269 270 267 268
2147484111,0,0,0.0249787,1,0,1,0,0,53 49 52 54 57 127 128 129 130 51 133 134 131 132 50
2147484113,0,0,inf,1,0,1,0,0,49 52 54 57 53 127 128 129 130 51 133 134 131 132 50
2147484114,0,0,inf,1,0,1,0,0,22 25 27 32 26 263 264 265 266 24 23 269 270 267 268
2147484120,0,0,inf,1,0,1,0,0,22 25 27 32 26 263 264 265 266 24 23 269 270 267 268
2147484132,0,0,0.0131813,1,0,1,0,0,49 52 54 57 53 127 128 129 130 51 133 134 131 132 50
2147484133,0,0,inf,1,0,1,0,0,49 52 54 57 53 127 128 129 130 51 133 134 131 132 50
2147484134,0,0,0.0131813,1,0,1,0,0,49 52 54 57 53 127 128 129 130 51 133 134 131 132 50
2147484135,0,0,inf,1,0,1,0,0,49 52 54 57 53 127 128 129 130 51 133 134 131 132 50
2147484136,0,0,0.0127105,1,0,1,0,0,49 52 54 57 53 127 128 129 130 51 133 134 131 132 50
2147484140,0,0,0.000407791,1,0,1,0,0,49 52 54 57 53 127 128 129 130 51 133 134 131 132 50
2147484141,0,0,inf,1,0,1,0,0,49 52 54 57 53 127 128 129 130 51 133 134 131 132 50
2147484143,0,0,0.00147722,2,0,1,0,0,51 133 134 131 132 50
2147484144,0,0,inf,1,0,1,0,0,49 52 54 57 53 127 128 129 130 51 133 134 131 132 50
2147484145,0,0,0.00164316,1,0,1,0,0,49 52 54 57 53 127 128 129 130 51 133 134 131 132 50
2147484146,0,0,inf,1,0,1,0,0,49 52 54 57 53 127 128 129 130 51 133 134 131 132 50
2147484147,0,0,inf,1,0,1,0,0,22 25 27 32 26 263 264 265 266 24 23 269 270 267 268
2147484149,0,0,0.000815582,1,0,1,0,0,49 52 54 57 53 127 128 129 130 51 133 134 131 132 50
2147484150,0,0,inf,1,0,1,0,0,49 52 54 57 53 127 128 129 130 51 133 134 131 132 50
2147484152,0,0,inf,1,0,1,0,0,22 25 27 32 26 263 264 265 266 24 23 269 270 267 268
2147484156,0,0,inf,2,0,1,0,0,49 52 54 57 53 127 128 129 130 51 133 134 131 132 50
2147484158,0,0,0.000203896,1,0,1,0,0,49 52 54 57 53 127 128 129 130 51 133 134 131 132 50
2147484159,0,0,inf,1,0,1,0,0,49 52 54 57 53 127 128 129 130 51 133 134 131 132 50
2147484160,0,0,0.000203896,1,0,1,0,0,49 52 54 57 53 127 128 129 130 51 133 134 131 132 50
2147484161,0,0,inf,1,0,1,0,0,49 52 54 57 53 127 128 129 130 51 133 134 131 132 50
2147484164,0,0,9.59509e-05,1,0,1,0,0,49 52 54 57 53 127 128 129 130 51 133 134 131 132 50
2147484165,0,0,inf,1,0,1,0,0,49 52 54 57 53 127 128 129 130 51 133 134 131 132 50
2147484170,0,0,0.000815582,1,0,1,0,0,49 52 54 57 53 127 128 129 130 51 133 134 131 132 50
2147484171,0,0,inf,1,0,1,0,0,49 52 54 57 53 127 128 129 130 51 133 134 131 132 50
2147484172,0,0,0.000815582,1,0,1,0,0,49 52 54 57 53 127 128 129 130 51 133 134 131 132 50
2147484173,0,0,inf,1,0,1,0,0,49 52 54 57 53 127 128 129 130 51 133 134 131 132 50
2147484176,0,0,0.000407791,1,0,1,0,0,49 52 54 57 53 127 128 129 130 51 133 134 131 132 50
2147484177,0,0,inf,1,0,1,0,0,49 52 54 57 53 127 128 129 130 51 133 134 131 132 50
2147484181,0,0,inf,1,0,1,0,0,49 52 54 57 53 127 128 129 130 51 133 134 131 132 50
2147484186,0,0,0.00145842,2,0,1,0,0,49 52 54 57 53 127 128 129 130 51 133 134 131 132 50
2147484189,0,0,0.000992899,2,0,1,0,0,49 52 54 57 53 127 128 129 130 51 133 134 131 132 50
2147484190,0,0,0.000407791,1,0,1,0,0,49 52 54 57 53 127 128 129 130 51 133 134 131 132 50
2147484191,0,0,inf,1,0,1,0,0,49 52 54 57 53 127 128 129 130 51 133 134 131 132 50
2147484192,0,0,0.00155492,3,0,1,0,0,49 52 54 57 53 127 128 129 130 51 133 134 131 132 50
2147484194,0,0,0.0131813,1,0,1,0,0,49 52 54 57 53 127 128 129 130 51 133 134 131 132 50
2147484195,0,0,inf,1,0,1,0,0,49 52 54 57 53 127 128 129 130 51 133 134 131 132 50
2147484196,0,0,0.0131813,1,0,1,0,0,49 52 54 57 53 127 128 129 130 51 133 134 131 132 50
2147484197,0,0,inf,1,0,1,0,0,49 52 54 57 53 127 128 129 130 51 133 134 131 132 50
2147484199,0,0,0.00328632,1,0,1,0,0,49 52 54 57 53 127 128 129 130 51 133 134 131 132 50
2147484200,0,0,inf,1,0,1,0,0,49 52 54 57 53 127 128 129 130 51 133 134 131 132 50
2147484201,0,0,inf,1,0,1,0,0,49 52 54 57 53 127 128 129 130 51 133 134 131 132 50
2147484205,0,0,inf,1,0,1,0,0,49 52 54 57 53 127 128 129 130 51 133 134 131 132 50
2147484207,0,0,0.00522183,1,0,1,0,0,49 52 54 57 53 127 128 129 130 51 133 134 131 132 50
2147484209,0,0,1.83932,1,0,1,0,0,53 49 52 54 57 127 128 129 130 51 133 134 131 132 50
2147484210,0,0,1.83932,1,0,1,0,0,57 49 52 54 127 128 129 130 51 133 134 131 132 50
2147484211,0,0,inf,1,0,1,0,0,22 25 27 32 26 263 264 265 266 24 23 269 270 267 268
2147484213,0,0,inf,1,0,1,0,255,49 52 54 57 53 127 128 129 130 51 133 134 131 132 50
2147484220,0,0,0.000872193,1,0,1,0,0,53 49 52 54 57 127 128 129 130 51 133 134 131 132 50
2147484227,0,0,0.000872193,1,0,1,0,0,53 49 52 54 57 127 128 129 130 51 133 134 131 132 50
2147484228,0,0,inf,1,0,1,0,0,49 52 54 57 53 127 128 129 130 51 133 134 131 132 50
2147484229,0,0,0.000702962,1,0,1,0,0,53 49 127 128 129 130 51 133 134 131 132 50
2147484233,0,0,0.00110387,1,0,1,0,0,49 54 52 127 128 129 130 51 133 134 131 132 50
2147484234,0,0,0.000798279,1,0,1,0,0,53 49 52 54 127 128 129 130 51 133 134 131 132 50
2147484236,0,0,0.00168209,1,0,1,0,0,53 49 52 54 57 127 128 129 130 51 133 134 131 132 50
2147484245,0,0,0.00742647,2,0,1,0,0,25 22 263 264 265 266 24 23 269 270 267 268
2147484246,0,0,0.00483242,4,0,1,0,0,49 52 54 57 53 127 128 129 130 51 133 134 131 132 50
2147484247,0,0,0.00180678,4,0,1,0,0,49 52 54 57 53 127 128 129 130 51 133 134 131 132 50
2147484248,0,0,0.00154191,3,0,1,0,0,51 133 134 131 132 50
2147484253,0,0,0.0333308,7,0,1,0,0,51 133 134 131 132 50
2147484254,0,0,0.0215224,3,0,1,0,0,51 133 134 131 132 50
2147484255,0,0,0.0300939,4,0,1,0,0,49 52 54 57 53 127 128 129 130 51 133 134 131 132 50
2147484264,0,0,0.00368635,9,0,1,0,0,24 23 269 270 267 268
2147484269,0,0,0.000879704,3,0,1,0,0,51 133 134 131 132 50
2147484274,0,0,0.0407514,6,0,1,0,0,51 133 134 131 132 50
2147484275,0,0,0.0339751,6,0,1,0,0,51 133 134 131 132 50
2147484276,0,0,0.0242978,3,0,1,0,0,57 49 52 54 127 128 129 130 51 133 134 131 132 50
2147484277,0,0,0.0210603,3,0,1,0,0,2 11 19 61 18 247 248 249 250 5 8 253 254 251 252
2147484278,0,0,0.0243589,3,0,1,0,0,2 11 19 61 18 247 248 249 250 5 8 253 254 251 252
2147484281,0,0,0.196169,3,0,1,0,0,49 52 54 57 53 127 128 129 130 51 133 134 131 132 50
2147484284,0,0,0.242841,3,0,1,0,0,49 52 54 57 53 127 128 129 130 51 133 134 131 132 50
2147484286,0,0,0.0328523,4,0,1,0,0,51 133 134 131 132 50
2147484288,0,0,0.0238991,3,0,1,0,0,57 49 52 54 127 128 129 130 51 133 134 131 132 50
2147484289,0,0,0.0127287,4,0,1,0,0,49 52 54 57 53 127 128 129 130 51 133 134 131 132 50
2147484292,0,0,0.0237968,5,0,1,0,0,24 23 269 270 267 268
2147484293,0,0,0.0408656,7,0,1,0,0,51 133 134 131 132 50
2147484294,0,0,0.00598777,7,0,1,0,0,51 133 134 131 132 50
2147484295,0,0,0.0241647,4,0,1,0,0,51 133 134 131 132 50
2147484296,0,0,0.0730476,6,0,1,0,0,51 133 134 131 132 50
2147484299,0,0,0.0276338,4,0,1,0,0,49 52 54 57 53 127 128 129 130 51 133 134 131 132 50
2147484300,0,0,0.692923,4,0,1,0,0,51 133 134 131 132 50
2147484301,0,0,0.698557,5,0,1,0,0,51 133 134 131 132 50
2147484302,0,0,0.48801,3,0,1,0,0,57 49 52 54 127 128 129 130 51 133 134 131 132 50
2147484304,0,0,0.15501,3,0,1,0,0,49 52 54 57 53 127 128 129 130 51 133 134 131 132 50
2147484307,0,0,0.0377492,3,0,1,0,0,51 133 134 131 132 50
2147484310,0,0,0.0330089,4,0,1,0,0,49 52 54 57 53 127 128 129 130 51 133 134 131 132 50
2147484312,0,0,0.00127356,10,0,1,0,0,49 52 54 57 53 127 128 129 130 51 133 134 131 132 50
2147484313,0,0,0.000800291,4,0,1,0,0,22 25 27 32 26 263 264 265 266 24 23 269 270 267 268
2147484314,0,0,0.000848428,4,0,1,0,0,49 52 54 57 53 127 128 129 130 51 133 134 131 132 50
2147484316,0,0,0.0186958,4,0,1,0,0,49 52 54 57 53 127 128 129 130 51 133 134 131 132 50
2147484317,0,0,0.0337584,3,0,1,0,0,49 52 54 57 53 127 128 129 130 51 133 134 131 132 50
2147484319,0,0,0.0204241,6,0,1,0,0,49 52 54 57 53 127 128 129 130 51 133 134 131 132 50
2147484320,0,0,0.00745078,4,0,1,0,0,49 52 54 57 53 127 128 129 130 51 133 134 131 132 50
2147484321,0,0,0.00259841,3,0,1,0,0,49 52 54 57 53 127 128 129 130 51 133 134 131 132 50
2147484322,0,0,0.0953484,3,0,1,0,0,51 133 134 131 132 50
2147484323,0,0,0.0445495,3,0,1,0,0,51 133 134 131 132 50
2147484324,0,0,0.0660096,4,0,1,0,0,49 52 54 57 53 127 128 129 130 51 133 134 131 132 50
2147484331,0,0,0.00585276,3,0,1,0,0,51 133 134 131 132 50
2147484332,0,0,0.692703,3,0,1,0,0,51 133 134 131 132 50
2147484333,0,0,4.05126,3,0,1,0,0,51 133 134 131 132 50
2147484334,0,0,0.00191102,4,0,1,0,0,2 11 19 61 18 247 248 249 250 5 8 253 254 251 252
2147484335,0,0,0.0299836,7,0,1,0,0,51 133 134 131 132 50
2147484336,0,0,0.0245045,4,0,1,0,0,51 133 134 131 132 50
2147484338,0,0,0.140555,3,0,1,0,0,49 52 54 57 53 127 128 129 130 51 133 134 131 132 50
2147484342,0,0,0.011114,13,0,1,0,0,51 133 134 131 132 50
