2 
5 
8 
11 
18 
19 
22 2147483664 2147483669 2147483692 2147483697 2147483720 2147483725 2147483748 2147483753 2147484142 2147484154 2147484167 2147484179 
23 
24 
25 2147483664 2147483669 2147483692 2147483697 2147483720 2147483725 2147483748 2147483753 2147484142 2147484154 2147484167 2147484179 
26 2147483664 2147483669 2147483692 2147483697 2147483720 2147483725 2147483748 2147483753 2147484142 2147484154 2147484167 2147484179 
27 2147483664 2147483669 2147483692 2147483697 2147483720 2147483725 2147483748 2147483753 2147484142 2147484154 2147484167 2147484179 
32 2147483664 2147483669 2147483692 2147483697 2147483720 2147483725 2147483748 2147483753 2147484142 2147484154 2147484167 2147484179 
49 2147483650 2147483651 2147483652 2147483678 2147483679 2147483680 2147483706 2147483707 2147483710 2147483734 2147483735 2147483738 2147483762 2147484137 2147484149 2147484161 2147484173 
50 
51 
52 2147483650 2147483651 2147483652 2147483678 2147483679 2147483680 2147483706 2147483707 2147483710 2147483734 2147483735 2147483738 2147483762 2147483849 2147483936 2147484030 2147484113 2147484137 2147484149 2147484161 2147484173 
53 2147483650 2147483651 2147483652 2147483678 2147483679 2147483680 2147483706 2147483707 2147483710 2147483734 2147483735 2147483738 2147483762 2147483780 2147483798 2147483805 2147483807 2147483810 2147483812 2147483823 2147483830 2147483832 2147483835 2147483838 2147483844 2147483867 2147483885 2147483892 2147483894 2147483897 2147483899 2147483910 2147483917 2147483919 2147483922 2147483925 2147483931 2147483950 2147483961 2147483979 2147483986 2147483988 2147483991 2147483993 2147484004 2147484011 2147484013 2147484016 2147484019 2147484025 2147484044 2147484062 2147484069 2147484071 2147484074 2147484076 2147484087 2147484094 2147484096 2147484099 2147484102 2147484108 2147484137 2147484149 2147484161 2147484173 
54 2147483650 2147483651 2147483652 2147483678 2147483679 2147483680 2147483706 2147483707 2147483710 2147483734 2147483735 2147483738 2147483762 2147483780 2147483791 2147483812 2147483817 2147483838 2147483844 2147483849 2147483867 2147483878 2147483899 2147483904 2147483925 2147483931 2147483936 2147483948 2147483950 2147483961 2147483972 2147483993 2147483998 2147484019 2147484025 2147484030 2147484044 2147484055 2147484076 2147484081 2147484102 2147484108 2147484113 2147484137 2147484149 2147484161 2147484173 
57 2147483650 2147483651 2147483652 2147483678 2147483679 2147483680 2147483706 2147483707 2147483710 2147483734 2147483735 2147483738 2147483762 2147483780 2147483791 2147483798 2147483800 2147483812 2147483817 2147483823 2147483825 2147483838 2147483844 2147483849 2147483867 2147483878 2147483885 2147483887 2147483899 2147483904 2147483910 2147483912 2147483925 2147483931 2147483936 2147483961 2147483972 2147483979 2147483981 2147483993 2147483998 2147484004 2147484006 2147484019 2147484025 2147484030 2147484044 2147484055 2147484062 2147484064 2147484076 2147484081 2147484087 2147484089 2147484102 2147484108 2147484113 2147484137 2147484149 2147484161 2147484173 
61 
127 2147483650 2147483651 2147483652 2147483678 2147483679 2147483680 2147483706 2147483707 2147483710 2147483734 2147483735 2147483738 2147483762 2147484137 2147484149 2147484161 2147484173 
128 2147483650 2147483651 2147483652 2147483678 2147483679 2147483680 2147483706 2147483707 2147483710 2147483734 2147483735 2147483738 2147483762 2147484137 2147484149 2147484161 2147484173 
129 2147483650 2147483651 2147483652 2147483678 2147483679 2147483680 2147483706 2147483707 2147483710 2147483734 2147483735 2147483738 2147483762 2147484137 2147484149 2147484161 2147484173 
130 2147483650 2147483651 2147483652 2147483678 2147483679 2147483680 2147483706 2147483707 2147483710 2147483734 2147483735 2147483738 2147483762 2147484137 2147484149 2147484161 2147484173 
131 
132 
133 
134 
247 
248 
249 
250 
251 
252 
253 
254 
263 2147483664 2147483669 2147483692 2147483697 2147483720 2147483725 2147483748 2147483753 2147484142 2147484154 2147484167 2147484179 
264 2147483664 2147483669 2147483692 2147483697 2147483720 2147483725 2147483748 2147483753 2147484142 2147484154 2147484167 2147484179 
265 2147483664 2147483669 2147483692 2147483697 2147483720 2147483725 2147483748 2147483753 2147484142 2147484154 2147484167 2147484179 
266 2147483664 2147483669 2147483692 2147483697 2147483720 2147483725 2147483748 2147483753 2147484142 2147484154 2147484167 2147484179 
267 
268 
269 
270 
2147483648 2147483762 2147483762 
2147483650 2147483651 2147483652 2147483664 2147483669 2147483955 2147483961 2147483970 2147483972 2147483979 2147483981 2147483986 2147483988 2147483991 2147483993 2147483998 2147484004 2147484006 2147484011 2147484013 2147484016 2147484019 2147484137 2147484139 2147484142 49 52 54 57 53 127 128 129 130 2147483651 2147483652 2147483664 2147483669 2147483955 2147483961 2147483970 2147483972 2147483979 2147483981 2147483986 2147483988 2147483991 2147483993 2147483998 2147484004 2147484006 2147484011 2147484013 2147484016 2147484019 2147484137 2147484139 2147484142 
2147483651 2147483650 2147483650 2147483652 2147483664 2147483669 2147483961 2147483970 2147483972 2147483979 2147483981 2147483986 2147483988 2147483991 2147483993 2147483998 2147484004 2147484006 2147484011 2147484013 2147484016 2147484019 2147484137 2147484139 2147484142 49 52 54 57 53 127 128 129 130 2147483652 2147483664 2147483669 2147483961 2147483970 2147483972 2147483979 2147483981 2147483986 2147483988 2147483991 2147483993 2147483998 2147484004 2147484006 2147484011 2147484013 2147484016 2147484019 2147484137 2147484139 2147484142 
2147483652 2147483650 2147483651 2147483650 2147483651 2147483664 2147483669 2147483762 2147483944 2147483947 2147483948 2147483950 2147483955 2147483961 2147483970 2147483972 2147483979 2147483981 2147483986 2147483988 2147483991 2147483993 2147483998 2147484004 2147484006 2147484011 2147484013 2147484016 2147484137 2147484139 2147484142 49 52 54 57 53 127 128 129 130 2147483664 2147483669 2147483762 2147483944 2147483947 2147483948 2147483950 2147483955 2147483961 2147483970 2147483972 2147483979 2147483981 2147483986 2147483988 2147483991 2147483993 2147483998 2147484004 2147484006 2147484011 2147484013 2147484016 2147484137 2147484139 2147484142 
2147483664 2147483650 2147483651 2147483652 2147483650 2147483651 2147483652 2147484004 2147484013 2147484016 2147484137 26 22 25 27 32 263 264 265 266 2147484004 2147484013 2147484016 2147484137 
2147483669 2147483650 2147483651 2147483652 2147483650 2147483651 2147483652 2147483979 2147483988 2147483991 2147484137 2147484142 26 22 25 27 32 263 264 265 266 2147483979 2147483988 2147483991 2147484137 2147484142 
2147483678 2147483679 2147483680 2147483692 2147483697 2147483861 2147483867 2147483876 2147483878 2147483885 2147483887 2147483892 2147483894 2147483897 2147483899 2147483904 2147483910 2147483912 2147483917 2147483919 2147483922 2147483925 2147484149 2147484151 2147484154 49 52 54 57 53 127 128 129 130 2147483679 2147483680 2147483692 2147483697 2147483861 2147483867 2147483876 2147483878 2147483885 2147483887 2147483892 2147483894 2147483897 2147483899 2147483904 2147483910 2147483912 2147483917 2147483919 2147483922 2147483925 2147484149 2147484151 2147484154 
2147483679 2147483678 2147483678 2147483680 2147483692 2147483697 2147483867 2147483876 2147483878 2147483885 2147483887 2147483892 2147483894 2147483897 2147483899 2147483904 2147483910 2147483912 2147483917 2147483919 2147483922 2147483925 2147484149 2147484151 2147484154 49 52 54 57 53 127 128 129 130 2147483680 2147483692 2147483697 2147483867 2147483876 2147483878 2147483885 2147483887 2147483892 2147483894 2147483897 2147483899 2147483904 2147483910 2147483912 2147483917 2147483919 2147483922 2147483925 2147484149 2147484151 2147484154 
2147483680 2147483678 2147483679 2147483678 2147483679 2147483692 2147483697 2147483762 2147483861 2147483867 2147483876 2147483878 2147483885 2147483887 2147483892 2147483894 2147483897 2147483899 2147483904 2147483910 2147483912 2147483917 2147483919 2147483922 2147484149 2147484151 2147484154 49 52 54 57 53 127 128 129 130 2147483692 2147483697 2147483762 2147483861 2147483867 2147483876 2147483878 2147483885 2147483887 2147483892 2147483894 2147483897 2147483899 2147483904 2147483910 2147483912 2147483917 2147483919 2147483922 2147484149 2147484151 2147484154 
2147483692 2147483678 2147483679 2147483680 2147483678 2147483679 2147483680 2147483910 2147483919 2147483922 2147484149 26 22 25 27 32 263 264 265 266 2147483910 2147483919 2147483922 2147484149 
2147483697 2147483678 2147483679 2147483680 2147483678 2147483679 2147483680 2147483885 2147483894 2147483897 2147484149 2147484154 26 22 25 27 32 263 264 265 266 2147483885 2147483894 2147483897 2147484149 2147484154 
2147483706 2147483707 2147483710 2147483720 2147483725 2147483762 2147484038 2147484044 2147484053 2147484055 2147484062 2147484064 2147484069 2147484071 2147484074 2147484076 2147484081 2147484087 2147484089 2147484094 2147484096 2147484099 2147484102 2147484161 2147484163 2147484167 49 52 54 57 53 127 128 129 130 2147483707 2147483710 2147483720 2147483725 2147483762 2147484038 2147484044 2147484053 2147484055 2147484062 2147484064 2147484069 2147484071 2147484074 2147484076 2147484081 2147484087 2147484089 2147484094 2147484096 2147484099 2147484102 2147484161 2147484163 2147484167 
2147483707 2147483706 2147483706 2147483710 2147483720 2147483725 2147483762 2147484044 2147484053 2147484055 2147484062 2147484064 2147484069 2147484071 2147484074 2147484076 2147484081 2147484087 2147484089 2147484094 2147484096 2147484099 2147484102 2147484161 2147484163 2147484167 49 52 54 57 53 127 128 129 130 2147483710 2147483720 2147483725 2147483762 2147484044 2147484053 2147484055 2147484062 2147484064 2147484069 2147484071 2147484074 2147484076 2147484081 2147484087 2147484089 2147484094 2147484096 2147484099 2147484102 2147484161 2147484163 2147484167 
2147483710 2147483706 2147483707 2147483706 2147483707 2147483720 2147483725 2147483762 2147484038 2147484044 2147484053 2147484055 2147484062 2147484064 2147484069 2147484071 2147484074 2147484076 2147484081 2147484087 2147484089 2147484094 2147484096 2147484099 2147484161 2147484163 2147484167 49 52 54 57 53 127 128 129 130 2147483720 2147483725 2147483762 2147484038 2147484044 2147484053 2147484055 2147484062 2147484064 2147484069 2147484071 2147484074 2147484076 2147484081 2147484087 2147484089 2147484094 2147484096 2147484099 2147484161 2147484163 2147484167 
2147483720 2147483706 2147483707 2147483710 2147483706 2147483707 2147483710 2147483762 2147484087 2147484096 2147484099 2147484161 26 22 25 27 32 263 264 265 266 2147483762 2147484087 2147484096 2147484099 2147484161 
2147483725 2147483706 2147483707 2147483710 2147483706 2147483707 2147483710 2147483762 2147484062 2147484071 2147484074 2147484161 2147484167 26 22 25 27 32 263 264 265 266 2147483762 2147484062 2147484071 2147484074 2147484161 2147484167 
2147483734 2147483735 2147483738 2147483748 2147483753 2147483774 2147483780 2147483789 2147483791 2147483798 2147483800 2147483805 2147483807 2147483810 2147483812 2147483817 2147483823 2147483825 2147483830 2147483832 2147483835 2147483838 2147484173 2147484175 2147484179 49 52 54 57 53 127 128 129 130 2147483735 2147483738 2147483748 2147483753 2147483774 2147483780 2147483789 2147483791 2147483798 2147483800 2147483805 2147483807 2147483810 2147483812 2147483817 2147483823 2147483825 2147483830 2147483832 2147483835 2147483838 2147484173 2147484175 2147484179 
2147483735 2147483734 2147483734 2147483738 2147483748 2147483753 2147483780 2147483789 2147483791 2147483798 2147483800 2147483805 2147483807 2147483810 2147483812 2147483817 2147483823 2147483825 2147483830 2147483832 2147483835 2147483838 2147484173 2147484175 2147484179 49 52 54 57 53 127 128 129 130 2147483738 2147483748 2147483753 2147483780 2147483789 2147483791 2147483798 2147483800 2147483805 2147483807 2147483810 2147483812 2147483817 2147483823 2147483825 2147483830 2147483832 2147483835 2147483838 2147484173 2147484175 2147484179 
2147483738 2147483734 2147483735 2147483734 2147483735 2147483748 2147483753 2147483774 2147483780 2147483789 2147483791 2147483798 2147483800 2147483805 2147483807 2147483810 2147483812 2147483817 2147483823 2147483825 2147483830 2147483832 2147483835 2147484173 2147484175 2147484179 49 52 54 57 53 127 128 129 130 2147483748 2147483753 2147483774 2147483780 2147483789 2147483791 2147483798 2147483800 2147483805 2147483807 2147483810 2147483812 2147483817 2147483823 2147483825 2147483830 2147483832 2147483835 2147484173 2147484175 2147484179 
2147483748 2147483734 2147483735 2147483738 2147483734 2147483735 2147483738 2147483823 2147483832 2147483835 2147484173 26 22 25 27 32 263 264 265 266 2147483823 2147483832 2147483835 2147484173 
2147483753 2147483734 2147483735 2147483738 2147483734 2147483735 2147483738 2147483798 2147483807 2147483810 2147484173 2147484179 26 22 25 27 32 263 264 265 266 2147483798 2147483807 2147483810 2147484173 2147484179 
2147483761 2147483762 2147483762 
2147483762 2147483648 2147483652 2147483680 2147483706 2147483707 2147483710 2147483720 2147483725 2147483761 2147483648 2147483652 2147483680 2147483706 2147483707 2147483710 2147483720 2147483725 2147483761 2147483944 2147483947 2147483948 2147483950 2147484038 2147484044 2147484053 2147484055 2147484062 2147484064 2147484069 2147484071 2147484074 2147484076 2147484081 2147484087 2147484089 2147484094 2147484096 2147484099 2147484102 2147484108 2147484113 2147484161 2147484163 2147484167 57 52 49 54 53 127 128 129 130 2147483944 2147483947 2147483948 2147483950 2147484038 2147484044 2147484053 2147484055 2147484062 2147484064 2147484069 2147484071 2147484074 2147484076 2147484081 2147484087 2147484089 2147484094 2147484096 2147484099 2147484102 2147484108 2147484113 2147484161 2147484163 2147484167 
2147483766 
2147483770 
2147483774 2147483734 2147483738 2147483734 2147483738 
2147483780 2147483734 2147483735 2147483738 2147483734 2147483735 2147483738 2147484173 54 57 53 2147484173 
2147483789 2147483734 2147483735 2147483738 2147483734 2147483735 2147483738 2147484173 2147484179 2147484173 2147484179 
2147483791 2147483734 2147483735 2147483738 2147483734 2147483735 2147483738 2147484173 2147484179 54 57 2147484173 2147484179 
2147483798 2147483734 2147483735 2147483738 2147483753 2147483734 2147483735 2147483738 2147483753 2147483800 2147483805 2147484173 2147484179 53 57 2147483800 2147483805 2147484173 2147484179 
2147483800 2147483734 2147483735 2147483738 2147483798 2147483734 2147483735 2147483738 2147483798 2147484173 2147484179 57 2147484173 2147484179 
2147483805 2147483734 2147483735 2147483738 2147483798 2147483734 2147483735 2147483738 2147483798 2147484173 2147484179 53 2147484173 2147484179 
2147483807 2147483734 2147483735 2147483738 2147483753 2147483734 2147483735 2147483738 2147483753 2147484173 2147484179 53 2147484173 2147484179 
2147483810 2147483734 2147483735 2147483738 2147483753 2147483734 2147483735 2147483738 2147483753 2147484173 2147484179 53 2147484173 2147484179 
2147483812 2147483734 2147483735 2147483738 2147483734 2147483735 2147483738 2147484173 54 57 53 2147484173 
2147483817 2147483734 2147483735 2147483738 2147483734 2147483735 2147483738 2147484173 54 57 2147484173 
2147483823 2147483734 2147483735 2147483738 2147483748 2147483734 2147483735 2147483738 2147483748 2147483825 2147483830 2147484173 53 57 2147483825 2147483830 2147484173 
2147483825 2147483734 2147483735 2147483738 2147483823 2147483734 2147483735 2147483738 2147483823 2147484173 57 2147484173 
2147483830 2147483734 2147483735 2147483738 2147483823 2147483734 2147483735 2147483738 2147483823 2147484173 53 2147484173 
2147483832 2147483734 2147483735 2147483738 2147483748 2147483734 2147483735 2147483738 2147483748 2147484173 53 2147484173 
2147483835 2147483734 2147483735 2147483738 2147483748 2147483734 2147483735 2147483738 2147483748 2147484173 53 2147484173 
2147483838 2147483734 2147483735 2147483734 2147483735 2147484173 54 57 53 2147484173 
2147483844 54 57 53 
2147483849 52 54 57 
2147483861 2147483678 2147483680 2147483678 2147483680 
2147483867 2147483678 2147483679 2147483680 2147483678 2147483679 2147483680 2147484149 54 57 53 2147484149 
2147483876 2147483678 2147483679 2147483680 2147483678 2147483679 2147483680 2147484149 2147484154 2147484149 2147484154 
2147483878 2147483678 2147483679 2147483680 2147483678 2147483679 2147483680 2147484149 2147484154 54 57 2147484149 2147484154 
2147483885 2147483678 2147483679 2147483680 2147483697 2147483678 2147483679 2147483680 2147483697 2147483887 2147483892 2147484149 2147484154 53 57 2147483887 2147483892 2147484149 2147484154 
2147483887 2147483678 2147483679 2147483680 2147483885 2147483678 2147483679 2147483680 2147483885 2147484149 2147484154 57 2147484149 2147484154 
2147483892 2147483678 2147483679 2147483680 2147483885 2147483678 2147483679 2147483680 2147483885 2147484149 2147484154 53 2147484149 2147484154 
2147483894 2147483678 2147483679 2147483680 2147483697 2147483678 2147483679 2147483680 2147483697 2147484149 2147484154 53 2147484149 2147484154 
2147483897 2147483678 2147483679 2147483680 2147483697 2147483678 2147483679 2147483680 2147483697 2147484149 2147484154 53 2147484149 2147484154 
2147483899 2147483678 2147483679 2147483680 2147483678 2147483679 2147483680 2147484149 54 57 53 2147484149 
2147483904 2147483678 2147483679 2147483680 2147483678 2147483679 2147483680 2147484149 54 57 2147484149 
2147483910 2147483678 2147483679 2147483680 2147483692 2147483678 2147483679 2147483680 2147483692 2147483912 2147483917 2147484149 53 57 2147483912 2147483917 2147484149 
2147483912 2147483678 2147483679 2147483680 2147483910 2147483678 2147483679 2147483680 2147483910 2147484149 57 2147484149 
2147483917 2147483678 2147483679 2147483680 2147483910 2147483678 2147483679 2147483680 2147483910 2147484149 53 2147484149 
2147483919 2147483678 2147483679 2147483680 2147483692 2147483678 2147483679 2147483680 2147483692 2147484149 53 2147484149 
2147483922 2147483678 2147483679 2147483680 2147483692 2147483678 2147483679 2147483680 2147483692 2147484149 53 2147484149 
2147483925 2147483678 2147483679 2147483678 2147483679 2147484149 54 57 53 2147484149 
2147483931 54 57 53 
2147483936 52 54 57 
2147483944 2147483652 2147483762 2147483652 2147483762 
2147483947 2147483652 2147483762 2147483652 2147483762 2147483948 2147483950 2147483948 2147483950 
2147483948 2147483652 2147483762 2147483947 2147483652 2147483762 2147483947 2147483950 54 2147483950 
2147483950 2147483652 2147483762 2147483947 2147483948 2147483652 2147483762 2147483947 2147483948 54 53 
2147483955 2147483650 2147483652 2147483650 2147483652 
2147483961 2147483650 2147483651 2147483652 2147483650 2147483651 2147483652 2147484137 54 57 53 2147484137 
2147483970 2147483650 2147483651 2147483652 2147483650 2147483651 2147483652 2147484137 2147484142 2147484137 2147484142 
2147483972 2147483650 2147483651 2147483652 2147483650 2147483651 2147483652 2147484137 2147484142 54 57 2147484137 2147484142 
2147483979 2147483650 2147483651 2147483652 2147483669 2147483650 2147483651 2147483652 2147483669 2147483981 2147483986 2147484137 2147484142 53 57 2147483981 2147483986 2147484137 2147484142 
2147483981 2147483650 2147483651 2147483652 2147483979 2147483650 2147483651 2147483652 2147483979 2147484137 2147484142 57 2147484137 2147484142 
2147483986 2147483650 2147483651 2147483652 2147483979 2147483650 2147483651 2147483652 2147483979 2147484137 2147484142 53 2147484137 2147484142 
2147483988 2147483650 2147483651 2147483652 2147483669 2147483650 2147483651 2147483652 2147483669 2147484137 2147484142 53 2147484137 2147484142 
2147483991 2147483650 2147483651 2147483652 2147483669 2147483650 2147483651 2147483652 2147483669 2147484137 2147484142 53 2147484137 2147484142 
2147483993 2147483650 2147483651 2147483652 2147483650 2147483651 2147483652 2147484137 54 57 53 2147484137 
2147483998 2147483650 2147483651 2147483652 2147483650 2147483651 2147483652 2147484137 54 57 2147484137 
2147484004 2147483650 2147483651 2147483652 2147483664 2147483650 2147483651 2147483652 2147483664 2147484006 2147484011 2147484137 53 57 2147484006 2147484011 2147484137 
2147484006 2147483650 2147483651 2147483652 2147484004 2147483650 2147483651 2147483652 2147484004 2147484137 57 2147484137 
2147484011 2147483650 2147483651 2147483652 2147484004 2147483650 2147483651 2147483652 2147484004 2147484137 53 2147484137 
2147484013 2147483650 2147483651 2147483652 2147483664 2147483650 2147483651 2147483652 2147483664 2147484137 53 2147484137 
2147484016 2147483650 2147483651 2147483652 2147483664 2147483650 2147483651 2147483652 2147483664 2147484137 53 2147484137 
2147484019 2147483650 2147483651 2147483650 2147483651 2147484137 54 57 53 2147484137 
2147484025 54 57 53 
2147484030 52 54 57 
2147484038 2147483706 2147483710 2147483762 2147483706 2147483710 2147483762 
2147484044 2147483706 2147483707 2147483710 2147483762 2147483706 2147483707 2147483710 2147483762 2147484161 54 57 53 2147484161 
2147484053 2147483706 2147483707 2147483710 2147483762 2147483706 2147483707 2147483710 2147483762 2147484161 2147484167 2147484161 2147484167 
2147484055 2147483706 2147483707 2147483710 2147483762 2147483706 2147483707 2147483710 2147483762 2147484161 2147484167 54 57 2147484161 2147484167 
2147484062 2147483706 2147483707 2147483710 2147483725 2147483762 2147483706 2147483707 2147483710 2147483725 2147483762 2147484064 2147484069 2147484161 2147484167 53 57 2147484064 2147484069 2147484161 2147484167 
2147484064 2147483706 2147483707 2147483710 2147483762 2147484062 2147483706 2147483707 2147483710 2147483762 2147484062 2147484161 2147484167 57 2147484161 2147484167 
2147484069 2147483706 2147483707 2147483710 2147483762 2147484062 2147483706 2147483707 2147483710 2147483762 2147484062 2147484161 2147484167 53 2147484161 2147484167 
2147484071 2147483706 2147483707 2147483710 2147483725 2147483762 2147483706 2147483707 2147483710 2147483725 2147483762 2147484161 2147484167 53 2147484161 2147484167 
2147484074 2147483706 2147483707 2147483710 2147483725 2147483762 2147483706 2147483707 2147483710 2147483725 2147483762 2147484161 2147484167 53 2147484161 2147484167 
2147484076 2147483706 2147483707 2147483710 2147483762 2147483706 2147483707 2147483710 2147483762 2147484161 54 57 53 2147484161 
2147484081 2147483706 2147483707 2147483710 2147483762 2147483706 2147483707 2147483710 2147483762 2147484161 54 57 2147484161 
2147484087 2147483706 2147483707 2147483710 2147483720 2147483762 2147483706 2147483707 2147483710 2147483720 2147483762 2147484089 2147484094 2147484161 53 57 2147484089 2147484094 2147484161 
2147484089 2147483706 2147483707 2147483710 2147483762 2147484087 2147483706 2147483707 2147483710 2147483762 2147484087 2147484161 57 2147484161 
2147484094 2147483706 2147483707 2147483710 2147483762 2147484087 2147483706 2147483707 2147483710 2147483762 2147484087 2147484161 53 2147484161 
2147484096 2147483706 2147483707 2147483710 2147483720 2147483762 2147483706 2147483707 2147483710 2147483720 2147483762 2147484161 53 2147484161 
2147484099 2147483706 2147483707 2147483710 2147483720 2147483762 2147483706 2147483707 2147483710 2147483720 2147483762 2147484161 53 2147484161 
2147484102 2147483706 2147483707 2147483762 2147483706 2147483707 2147483762 2147484161 54 57 53 2147484161 
2147484108 2147483762 2147483762 54 57 53 
2147484113 2147483762 2147483762 52 54 57 
2147484137 2147483650 2147483651 2147483652 2147483664 2147483669 2147483961 2147483970 2147483972 2147483979 2147483981 2147483986 2147483988 2147483991 2147483993 2147483998 2147484004 2147484006 2147484011 2147484013 2147484016 2147484019 2147483650 2147483651 2147483652 2147483664 2147483669 2147483961 2147483970 2147483972 2147483979 2147483981 2147483986 2147483988 2147483991 2147483993 2147483998 2147484004 2147484006 2147484011 2147484013 2147484016 2147484019 2147484139 2147484142 49 52 54 57 53 127 128 129 130 2147484139 2147484142 
2147484139 2147483650 2147483651 2147483652 2147484137 2147483650 2147483651 2147483652 2147484137 
2147484142 2147483650 2147483651 2147483652 2147483669 2147483970 2147483972 2147483979 2147483981 2147483986 2147483988 2147483991 2147484137 2147483650 2147483651 2147483652 2147483669 2147483970 2147483972 2147483979 2147483981 2147483986 2147483988 2147483991 2147484137 22 25 27 32 26 263 264 265 266 
2147484149 2147483678 2147483679 2147483680 2147483692 2147483697 2147483867 2147483876 2147483878 2147483885 2147483887 2147483892 2147483894 2147483897 2147483899 2147483904 2147483910 2147483912 2147483917 2147483919 2147483922 2147483925 2147483678 2147483679 2147483680 2147483692 2147483697 2147483867 2147483876 2147483878 2147483885 2147483887 2147483892 2147483894 2147483897 2147483899 2147483904 2147483910 2147483912 2147483917 2147483919 2147483922 2147483925 2147484151 2147484154 49 52 54 57 53 127 128 129 130 2147484151 2147484154 
2147484151 2147483678 2147483679 2147483680 2147484149 2147483678 2147483679 2147483680 2147484149 
2147484154 2147483678 2147483679 2147483680 2147483697 2147483876 2147483878 2147483885 2147483887 2147483892 2147483894 2147483897 2147484149 2147483678 2147483679 2147483680 2147483697 2147483876 2147483878 2147483885 2147483887 2147483892 2147483894 2147483897 2147484149 22 25 27 32 26 263 264 265 266 
2147484161 2147483706 2147483707 2147483710 2147483720 2147483725 2147483762 2147484044 2147484053 2147484055 2147484062 2147484064 2147484069 2147484071 2147484074 2147484076 2147484081 2147484087 2147484089 2147484094 2147484096 2147484099 2147484102 2147483706 2147483707 2147483710 2147483720 2147483725 2147483762 2147484044 2147484053 2147484055 2147484062 2147484064 2147484069 2147484071 2147484074 2147484076 2147484081 2147484087 2147484089 2147484094 2147484096 2147484099 2147484102 2147484163 2147484167 49 52 54 57 53 127 128 129 130 2147484163 2147484167 
2147484163 2147483706 2147483707 2147483710 2147483762 2147484161 2147483706 2147483707 2147483710 2147483762 2147484161 
2147484167 2147483706 2147483707 2147483710 2147483725 2147483762 2147484053 2147484055 2147484062 2147484064 2147484069 2147484071 2147484074 2147484161 2147483706 2147483707 2147483710 2147483725 2147483762 2147484053 2147484055 2147484062 2147484064 2147484069 2147484071 2147484074 2147484161 22 25 27 32 26 263 264 265 266 
2147484173 2147483734 2147483735 2147483738 2147483748 2147483753 2147483780 2147483789 2147483791 2147483798 2147483800 2147483805 2147483807 2147483810 2147483812 2147483817 2147483823 2147483825 2147483830 2147483832 2147483835 2147483838 2147483734 2147483735 2147483738 2147483748 2147483753 2147483780 2147483789 2147483791 2147483798 2147483800 2147483805 2147483807 2147483810 2147483812 2147483817 2147483823 2147483825 2147483830 2147483832 2147483835 2147483838 2147484175 2147484179 49 52 54 57 53 127 128 129 130 2147484175 2147484179 
2147484175 2147483734 2147483735 2147483738 2147484173 2147483734 2147483735 2147483738 2147484173 
2147484179 2147483734 2147483735 2147483738 2147483753 2147483789 2147483791 2147483798 2147483800 2147483805 2147483807 2147483810 2147484173 2147483734 2147483735 2147483738 2147483753 2147483789 2147483791 2147483798 2147483800 2147483805 2147483807 2147483810 2147484173 22 25 27 32 26 263 264 265 266 
