22 2147483661 2147483664 2147483693 
23 
24 
25 2147483661 2147483664 2147483693 
26 2147483661 2147483664 2147483693 
27 2147483661 2147483664 2147483693 
32 2147483661 2147483664 2147483693 
49 2147483660 2147483662 2147483663 2147483678 
50 
51 
52 2147483660 2147483662 2147483663 2147483678 
53 2147483660 2147483662 2147483663 2147483678 2147483686 
54 2147483660 2147483662 2147483663 2147483678 
57 2147483660 2147483662 2147483663 2147483678 
127 2147483660 2147483662 2147483663 2147483678 
128 2147483660 2147483662 2147483663 2147483678 
129 2147483660 2147483662 2147483663 2147483678 
130 2147483660 2147483662 2147483663 2147483678 
131 
132 
133 
134 
263 2147483661 2147483664 2147483693 
264 2147483661 2147483664 2147483693 
265 2147483661 2147483664 2147483693 
266 2147483661 2147483664 2147483693 
267 
268 
269 
270 
2147483660 2147483661 2147483662 2147483663 2147483664 2147483671 2147483678 2147483686 2147483693 53 49 52 54 57 127 128 129 130 2147483661 2147483662 2147483663 2147483664 2147483671 2147483678 2147483686 2147483693 
2147483661 2147483660 2147483660 2147483662 2147483663 2147483664 2147483671 2147483678 2147483693 32 22 25 27 26 263 264 265 266 2147483662 2147483663 2147483664 2147483671 2147483678 2147483693 
2147483662 2147483660 2147483661 2147483660 2147483661 2147483663 2147483664 2147483671 2147483678 2147483686 2147483693 54 49 52 57 53 127 128 129 130 2147483663 2147483664 2147483671 2147483678 2147483686 2147483693 
2147483663 2147483660 2147483661 2147483662 2147483660 2147483661 2147483662 2147483664 2147483671 2147483678 2147483686 2147483693 52 49 54 57 53 127 128 129 130 2147483664 2147483671 2147483678 2147483686 2147483693 
2147483664 2147483660 2147483661 2147483662 2147483663 2147483660 2147483661 2147483662 2147483663 2147483671 2147483678 2147483693 263 22 25 27 32 26 264 265 266 2147483671 2147483678 2147483693 
2147483671 2147483660 2147483661 2147483662 2147483663 2147483664 2147483660 2147483661 2147483662 2147483663 2147483664 2147483678 2147483693 2147483678 2147483693 
2147483678 2147483660 2147483661 2147483662 2147483663 2147483664 2147483671 2147483660 2147483661 2147483662 2147483663 2147483664 2147483671 2147483693 49 52 54 57 53 127 128 129 130 2147483693 
2147483686 2147483660 2147483662 2147483663 2147483660 2147483662 2147483663 2147483693 53 2147483693 
2147483693 2147483660 2147483661 2147483662 2147483663 2147483664 2147483671 2147483678 2147483686 2147483660 2147483661 2147483662 2147483663 2147483664 2147483671 2147483678 2147483686 22 25 27 32 26 263 264 265 266 
