3 2147483725 2147483830 2147483832 2147483838 2147483840 2147483842 
6 2147483830 2147483832 2147483838 2147483840 2147483842 
9 2147483838 
13 2147483725 2147483830 2147483832 2147483838 2147483840 2147483842 
16 
21 2147483830 2147483832 2147483838 2147483840 2147483842 
22 2147483801 
23 
24 
25 
26 
27 
32 
49 2147483649 2147483665 2147483666 2147483671 2147483672 2147483677 2147483686 2147483687 2147483692 2147483697 2147483698 2147483703 2147483709 2147483722 2147483723 2147483724 2147483729 2147483731 2147483733 2147483734 2147483755 2147483756 2147483758 2147483766 2147483777 2147483778 2147483780 2147483785 2147483795 2147483796 2147483797 2147483799 2147483807 2147483809 2147483811 2147483812 2147483823 2147483824 2147483825 2147483826 2147483829 2147483831 2147483837 2147483839 2147483841 2147483843 2147483844 2147483845 2147483846 2147483847 2147483850 2147483851 2147483852 2147483853 2147483854 2147483855 2147483856 2147483857 2147483858 
50 2147483665 2147483666 2147483671 2147483672 2147483677 2147483686 2147483687 2147483692 2147483697 2147483698 2147483703 2147483722 2147483723 2147483755 2147483756 2147483758 2147483766 2147483777 2147483778 2147483780 2147483785 2147483793 2147483824 2147483825 2147483826 2147483829 2147483831 2147483837 2147483839 2147483841 2147483844 2147483845 2147483850 2147483853 2147483854 2147483855 2147483858 
51 2147483665 2147483666 2147483686 2147483687 2147483692 2147483709 2147483722 2147483723 2147483758 2147483780 2147483793 2147483794 2147483807 2147483809 2147483824 2147483837 2147483843 2147483844 2147483845 2147483846 2147483847 2147483850 
52 2147483665 2147483666 2147483671 2147483672 2147483677 2147483686 2147483687 2147483692 2147483697 2147483698 2147483703 2147483722 2147483723 2147483724 2147483737 2147483797 2147483799 2147483815 2147483823 2147483824 2147483825 2147483826 2147483829 2147483831 2147483837 2147483839 2147483841 2147483843 2147483844 2147483845 2147483846 2147483847 2147483850 2147483858 
53 2147483649 2147483665 2147483686 2147483709 2147483722 2147483723 2147483729 2147483733 2147483734 2147483737 2147483756 2147483758 2147483766 2147483778 2147483780 2147483785 2147483793 2147483794 2147483795 2147483796 2147483807 2147483811 2147483812 2147483815 2147483823 2147483824 2147483843 2147483844 2147483845 2147483846 2147483847 2147483849 2147483850 
54 2147483665 2147483666 2147483671 2147483672 2147483677 2147483686 2147483687 2147483692 2147483697 2147483698 2147483703 2147483722 2147483723 2147483737 2147483815 2147483823 2147483824 2147483825 2147483826 2147483829 2147483831 2147483837 2147483839 2147483841 2147483843 2147483844 2147483845 2147483846 2147483847 2147483850 2147483858 
57 2147483665 2147483666 2147483671 2147483672 2147483677 2147483686 2147483687 2147483692 2147483697 2147483698 2147483703 2147483722 2147483723 2147483737 2147483793 2147483794 2147483815 2147483823 2147483824 2147483829 2147483831 2147483837 2147483839 2147483841 2147483843 2147483844 2147483845 2147483846 2147483847 2147483850 
59 2147483830 2147483832 2147483838 2147483840 2147483842 
127 2147483665 2147483686 2147483722 2147483723 2147483823 2147483824 2147483843 2147483844 2147483845 2147483846 2147483847 2147483850 
128 2147483665 2147483686 2147483722 2147483723 2147483823 2147483824 2147483843 2147483844 2147483845 2147483846 2147483847 2147483850 
129 2147483665 2147483686 2147483722 2147483723 2147483823 2147483824 2147483843 2147483844 2147483845 2147483846 2147483847 2147483850 
130 2147483665 2147483686 2147483722 2147483723 2147483823 2147483824 2147483843 2147483844 2147483845 2147483846 2147483847 2147483850 
131 2147483649 2147483665 2147483666 2147483671 2147483672 2147483677 2147483686 2147483687 2147483692 2147483697 2147483698 2147483703 2147483709 2147483722 2147483723 2147483724 2147483729 2147483731 2147483733 2147483734 2147483737 2147483755 2147483756 2147483758 2147483766 2147483777 2147483778 2147483780 2147483785 2147483807 2147483809 2147483811 2147483812 2147483815 2147483823 2147483824 2147483825 2147483826 2147483829 2147483831 2147483837 2147483839 2147483841 2147483843 2147483844 2147483845 2147483846 2147483847 2147483849 2147483851 2147483852 2147483853 2147483854 2147483855 2147483856 2147483857 2147483858 
132 2147483665 2147483666 2147483671 2147483672 2147483677 2147483686 2147483687 2147483692 2147483697 2147483698 2147483703 2147483722 2147483723 2147483756 2147483758 2147483766 2147483778 2147483780 2147483785 2147483793 2147483794 2147483795 2147483796 2147483797 2147483799 2147483824 2147483829 2147483831 2147483837 2147483839 2147483841 2147483844 2147483845 2147483850 
133 2147483665 2147483666 2147483671 2147483672 2147483677 2147483686 2147483687 2147483692 2147483697 2147483698 2147483703 2147483722 2147483723 2147483755 2147483756 2147483758 2147483766 2147483777 2147483778 2147483780 2147483785 2147483824 2147483825 2147483826 2147483829 2147483831 2147483837 2147483839 2147483841 2147483844 2147483845 2147483854 2147483855 
134 2147483649 2147483665 2147483666 2147483671 2147483672 2147483677 2147483686 2147483687 2147483692 2147483697 2147483698 2147483703 2147483722 2147483723 2147483724 2147483729 2147483731 2147483755 2147483756 2147483758 2147483766 2147483777 2147483778 2147483780 2147483785 2147483823 2147483824 2147483825 2147483826 2147483829 2147483831 2147483837 2147483839 2147483841 2147483844 2147483845 2147483846 2147483849 2147483853 2147483854 2147483855 2147483858 
263 
264 
265 
266 
267 
268 2147483801 
269 
270 
271 
272 
273 
274 
275 2147483725 2147483830 2147483832 2147483838 2147483840 2147483842 
276 2147483830 2147483832 2147483838 2147483840 2147483842 
277 2147483830 2147483832 2147483838 2147483840 2147483842 
278 2147483725 2147483830 2147483832 2147483838 2147483840 2147483842 
2147483649 2147483729 2147483823 2147483846 53 49 134 131 2147483729 2147483823 2147483846 
2147483665 2147483666 2147483722 2147483723 2147483780 2147483824 2147483844 2147483845 49 52 54 57 53 127 128 129 130 51 133 134 131 132 50 2147483666 2147483722 2147483723 2147483780 2147483824 2147483844 2147483845 
2147483666 2147483665 2147483665 2147483671 2147483722 2147483723 2147483824 2147483829 2147483830 2147483844 2147483845 49 52 54 57 51 133 134 131 132 50 2147483671 2147483722 2147483723 2147483824 2147483829 2147483830 2147483844 2147483845 
2147483671 2147483666 2147483666 2147483722 2147483723 2147483824 2147483829 2147483830 2147483844 2147483845 54 49 52 57 133 134 131 132 50 2147483722 2147483723 2147483824 2147483829 2147483830 2147483844 2147483845 
2147483672 2147483677 2147483722 2147483723 2147483824 2147483831 2147483832 2147483844 2147483845 49 52 54 57 133 134 131 132 50 2147483677 2147483722 2147483723 2147483824 2147483831 2147483832 2147483844 2147483845 
2147483677 2147483672 2147483672 2147483722 2147483723 2147483824 2147483831 2147483832 2147483844 2147483845 54 49 52 57 133 134 131 132 50 2147483722 2147483723 2147483824 2147483831 2147483832 2147483844 2147483845 
2147483686 2147483687 2147483692 2147483722 2147483723 2147483758 2147483824 2147483837 2147483838 2147483844 2147483845 49 52 54 57 53 127 128 129 130 51 133 134 131 132 50 2147483687 2147483692 2147483722 2147483723 2147483758 2147483824 2147483837 2147483838 2147483844 2147483845 
2147483687 2147483686 2147483686 2147483692 2147483697 2147483722 2147483723 2147483824 2147483837 2147483838 2147483839 2147483840 2147483844 2147483845 49 52 54 57 51 133 134 131 132 50 2147483692 2147483697 2147483722 2147483723 2147483824 2147483837 2147483838 2147483839 2147483840 2147483844 2147483845 
2147483692 2147483686 2147483687 2147483686 2147483687 2147483722 2147483723 2147483824 2147483837 2147483838 2147483844 2147483845 54 49 52 57 51 133 134 131 132 50 2147483722 2147483723 2147483824 2147483837 2147483838 2147483844 2147483845 
2147483697 2147483687 2147483687 2147483722 2147483723 2147483824 2147483839 2147483840 2147483844 2147483845 54 49 52 57 133 134 131 132 50 2147483722 2147483723 2147483824 2147483839 2147483840 2147483844 2147483845 
2147483698 2147483703 2147483722 2147483723 2147483824 2147483841 2147483842 2147483844 2147483845 49 52 54 57 133 134 131 132 50 2147483703 2147483722 2147483723 2147483824 2147483841 2147483842 2147483844 2147483845 
2147483703 2147483698 2147483698 2147483722 2147483723 2147483824 2147483841 2147483842 2147483844 2147483845 54 49 52 57 133 134 131 132 50 2147483722 2147483723 2147483824 2147483841 2147483842 2147483844 2147483845 
2147483709 2147483807 2147483843 2147483846 53 49 51 131 2147483807 2147483843 2147483846 
2147483722 2147483665 2147483666 2147483671 2147483672 2147483677 2147483686 2147483687 2147483692 2147483697 2147483698 2147483703 2147483665 2147483666 2147483671 2147483672 2147483677 2147483686 2147483687 2147483692 2147483697 2147483698 2147483703 2147483723 2147483724 2147483725 2147483755 2147483756 2147483758 2147483766 2147483777 2147483778 2147483780 2147483785 2147483824 2147483825 2147483826 2147483829 2147483830 2147483831 2147483832 2147483837 2147483838 2147483839 2147483840 2147483841 2147483842 2147483844 2147483845 2147483849 2147483853 2147483854 2147483855 2147483858 57 49 52 54 53 127 128 129 130 51 133 134 131 132 50 2147483723 2147483724 2147483725 2147483755 2147483756 2147483758 2147483766 2147483777 2147483778 2147483780 2147483785 2147483824 2147483825 2147483826 2147483829 2147483830 2147483831 2147483832 2147483837 2147483838 2147483839 2147483840 2147483841 2147483842 2147483844 2147483845 2147483849 2147483853 2147483854 2147483855 2147483858 
2147483723 2147483665 2147483666 2147483671 2147483672 2147483677 2147483686 2147483687 2147483692 2147483697 2147483698 2147483703 2147483722 2147483665 2147483666 2147483671 2147483672 2147483677 2147483686 2147483687 2147483692 2147483697 2147483698 2147483703 2147483722 2147483724 2147483725 2147483755 2147483756 2147483758 2147483766 2147483777 2147483778 2147483780 2147483785 2147483824 2147483825 2147483826 2147483829 2147483830 2147483831 2147483832 2147483837 2147483838 2147483839 2147483840 2147483841 2147483842 2147483844 2147483845 2147483849 2147483853 2147483854 2147483855 2147483858 54 49 52 57 53 127 128 129 130 51 133 134 131 132 50 2147483724 2147483725 2147483755 2147483756 2147483758 2147483766 2147483777 2147483778 2147483780 2147483785 2147483824 2147483825 2147483826 2147483829 2147483830 2147483831 2147483832 2147483837 2147483838 2147483839 2147483840 2147483841 2147483842 2147483844 2147483845 2147483849 2147483853 2147483854 2147483855 2147483858 
2147483724 2147483722 2147483723 2147483722 2147483723 2147483725 49 52 134 131 2147483725 
2147483725 2147483722 2147483723 2147483724 2147483722 2147483723 2147483724 3 13 278 275 
2147483729 2147483649 2147483649 2147483823 2147483846 49 53 134 131 2147483823 2147483846 
2147483731 2147483823 2147483846 49 134 131 2147483823 2147483846 
2147483733 2147483734 2147483846 53 49 131 2147483734 2147483846 
2147483734 2147483733 2147483733 2147483846 49 53 131 2147483846 
2147483737 2147483846 52 54 57 53 131 2147483846 
2147483755 2147483722 2147483723 2147483722 2147483723 2147483824 2147483845 49 133 134 131 50 2147483824 2147483845 
2147483756 2147483722 2147483723 2147483722 2147483723 2147483824 2147483844 2147483845 49 53 133 134 131 132 50 2147483824 2147483844 2147483845 
2147483758 2147483686 2147483722 2147483723 2147483686 2147483722 2147483723 2147483824 2147483844 2147483845 49 53 51 133 134 131 132 50 2147483824 2147483844 2147483845 
2147483766 2147483722 2147483723 2147483722 2147483723 2147483824 2147483844 2147483845 49 53 133 134 131 132 50 2147483824 2147483844 2147483845 
2147483777 2147483722 2147483723 2147483722 2147483723 2147483824 2147483845 49 133 134 131 50 2147483824 2147483845 
2147483778 2147483722 2147483723 2147483722 2147483723 2147483824 2147483844 2147483845 49 53 133 134 131 132 50 2147483824 2147483844 2147483845 
2147483780 2147483665 2147483722 2147483723 2147483665 2147483722 2147483723 2147483824 2147483844 2147483845 49 53 51 133 134 131 132 50 2147483824 2147483844 2147483845 
2147483785 2147483722 2147483723 2147483722 2147483723 2147483824 2147483844 2147483845 49 53 133 134 131 132 50 2147483824 2147483844 2147483845 
2147483793 2147483794 2147483824 2147483844 2147483850 57 53 51 132 50 2147483794 2147483824 2147483844 2147483850 
2147483794 2147483793 2147483793 2147483844 2147483850 53 57 51 132 2147483844 2147483850 
2147483795 2147483796 2147483844 53 49 132 2147483796 2147483844 
2147483796 2147483795 2147483795 2147483844 49 53 132 2147483844 
2147483797 2147483799 2147483844 49 52 132 2147483799 2147483844 
2147483799 2147483797 2147483797 2147483844 49 52 132 2147483844 
2147483801 2147483844 22 268 2147483844 
2147483807 2147483709 2147483709 2147483843 2147483846 49 53 51 131 2147483843 2147483846 
2147483809 2147483843 2147483846 49 51 131 2147483843 2147483846 
2147483811 2147483812 2147483846 53 49 131 2147483812 2147483846 
2147483812 2147483811 2147483811 2147483846 49 53 131 2147483846 
2147483815 2147483846 52 54 57 53 131 2147483846 
2147483823 2147483649 2147483729 2147483731 2147483649 2147483729 2147483731 2147483846 49 52 54 57 53 127 128 129 130 134 131 2147483846 
2147483824 2147483665 2147483666 2147483671 2147483672 2147483677 2147483686 2147483687 2147483692 2147483697 2147483698 2147483703 2147483722 2147483723 2147483755 2147483756 2147483758 2147483766 2147483777 2147483778 2147483780 2147483785 2147483793 2147483665 2147483666 2147483671 2147483672 2147483677 2147483686 2147483687 2147483692 2147483697 2147483698 2147483703 2147483722 2147483723 2147483755 2147483756 2147483758 2147483766 2147483777 2147483778 2147483780 2147483785 2147483793 2147483825 2147483826 2147483829 2147483830 2147483831 2147483832 2147483837 2147483838 2147483839 2147483840 2147483841 2147483842 2147483844 2147483845 2147483850 2147483853 2147483854 2147483855 2147483858 49 52 54 57 53 127 128 129 130 51 133 134 131 132 50 2147483825 2147483826 2147483829 2147483830 2147483831 2147483832 2147483837 2147483838 2147483839 2147483840 2147483841 2147483842 2147483844 2147483845 2147483850 2147483853 2147483854 2147483855 2147483858 
2147483825 2147483722 2147483723 2147483824 2147483722 2147483723 2147483824 2147483826 2147483845 2147483858 49 52 54 133 134 131 50 2147483826 2147483845 2147483858 
2147483826 2147483722 2147483723 2147483824 2147483825 2147483722 2147483723 2147483824 2147483825 2147483845 2147483858 49 52 54 133 134 131 50 2147483845 2147483858 
2147483829 2147483666 2147483671 2147483722 2147483723 2147483824 2147483666 2147483671 2147483722 2147483723 2147483824 2147483830 2147483844 2147483845 57 49 52 54 133 134 131 132 50 2147483830 2147483844 2147483845 
2147483830 2147483666 2147483671 2147483722 2147483723 2147483824 2147483829 2147483666 2147483671 2147483722 2147483723 2147483824 2147483829 2147483844 2147483845 3 13 21 59 6 277 278 275 276 2147483844 2147483845 
2147483831 2147483672 2147483677 2147483722 2147483723 2147483824 2147483672 2147483677 2147483722 2147483723 2147483824 2147483832 2147483844 2147483845 57 49 52 54 133 134 131 132 50 2147483832 2147483844 2147483845 
2147483832 2147483672 2147483677 2147483722 2147483723 2147483824 2147483831 2147483672 2147483677 2147483722 2147483723 2147483824 2147483831 2147483844 2147483845 3 13 21 59 6 277 278 275 276 2147483844 2147483845 
2147483837 2147483686 2147483687 2147483692 2147483722 2147483723 2147483824 2147483686 2147483687 2147483692 2147483722 2147483723 2147483824 2147483838 2147483844 2147483845 57 49 52 54 51 133 134 131 132 50 2147483838 2147483844 2147483845 
2147483838 2147483686 2147483687 2147483692 2147483722 2147483723 2147483824 2147483837 2147483686 2147483687 2147483692 2147483722 2147483723 2147483824 2147483837 2147483844 2147483845 3 13 21 59 9 6 277 278 275 276 2147483844 2147483845 
2147483839 2147483687 2147483697 2147483722 2147483723 2147483824 2147483687 2147483697 2147483722 2147483723 2147483824 2147483840 2147483844 2147483845 57 49 52 54 133 134 131 132 50 2147483840 2147483844 2147483845 
2147483840 2147483687 2147483697 2147483722 2147483723 2147483824 2147483839 2147483687 2147483697 2147483722 2147483723 2147483824 2147483839 2147483844 2147483845 3 13 21 59 6 277 278 275 276 2147483844 2147483845 
2147483841 2147483698 2147483703 2147483722 2147483723 2147483824 2147483698 2147483703 2147483722 2147483723 2147483824 2147483842 2147483844 2147483845 57 49 52 54 133 134 131 132 50 2147483842 2147483844 2147483845 
2147483842 2147483698 2147483703 2147483722 2147483723 2147483824 2147483841 2147483698 2147483703 2147483722 2147483723 2147483824 2147483841 2147483844 2147483845 3 13 21 59 6 277 278 275 276 2147483844 2147483845 
2147483843 2147483709 2147483807 2147483809 2147483709 2147483807 2147483809 2147483846 49 52 54 57 53 127 128 129 130 51 131 2147483846 
2147483844 2147483665 2147483666 2147483671 2147483672 2147483677 2147483686 2147483687 2147483692 2147483697 2147483698 2147483703 2147483722 2147483723 2147483756 2147483758 2147483766 2147483778 2147483780 2147483785 2147483793 2147483794 2147483795 2147483796 2147483797 2147483799 2147483801 2147483824 2147483829 2147483830 2147483831 2147483832 2147483837 2147483838 2147483839 2147483840 2147483841 2147483842 2147483665 2147483666 2147483671 2147483672 2147483677 2147483686 2147483687 2147483692 2147483697 2147483698 2147483703 2147483722 2147483723 2147483756 2147483758 2147483766 2147483778 2147483780 2147483785 2147483793 2147483794 2147483795 2147483796 2147483797 2147483799 2147483801 2147483824 2147483829 2147483830 2147483831 2147483832 2147483837 2147483838 2147483839 2147483840 2147483841 2147483842 2147483845 2147483850 53 49 52 54 57 127 128 129 130 51 133 134 131 132 50 2147483845 2147483850 
2147483845 2147483665 2147483666 2147483671 2147483672 2147483677 2147483686 2147483687 2147483692 2147483697 2147483698 2147483703 2147483722 2147483723 2147483755 2147483756 2147483758 2147483766 2147483777 2147483778 2147483780 2147483785 2147483824 2147483825 2147483826 2147483829 2147483830 2147483831 2147483832 2147483837 2147483838 2147483839 2147483840 2147483841 2147483842 2147483844 2147483665 2147483666 2147483671 2147483672 2147483677 2147483686 2147483687 2147483692 2147483697 2147483698 2147483703 2147483722 2147483723 2147483755 2147483756 2147483758 2147483766 2147483777 2147483778 2147483780 2147483785 2147483824 2147483825 2147483826 2147483829 2147483830 2147483831 2147483832 2147483837 2147483838 2147483839 2147483840 2147483841 2147483842 2147483844 2147483854 2147483855 49 52 54 57 53 127 128 129 130 51 133 134 131 132 50 2147483854 2147483855 
2147483846 2147483649 2147483709 2147483729 2147483731 2147483733 2147483734 2147483737 2147483807 2147483809 2147483811 2147483812 2147483815 2147483823 2147483843 2147483649 2147483709 2147483729 2147483731 2147483733 2147483734 2147483737 2147483807 2147483809 2147483811 2147483812 2147483815 2147483823 2147483843 2147483847 2147483851 2147483852 2147483856 2147483857 53 49 52 54 57 127 128 129 130 51 134 131 2147483847 2147483851 2147483852 2147483856 2147483857 
2147483847 2147483846 2147483846 49 53 52 54 57 127 128 129 130 51 131 
2147483849 2147483722 2147483723 2147483722 2147483723 53 134 131 
2147483850 2147483793 2147483794 2147483824 2147483844 2147483793 2147483794 2147483824 2147483844 49 52 54 57 53 127 128 129 130 51 132 50 
2147483851 2147483846 2147483846 49 131 
2147483852 2147483846 2147483846 49 131 
2147483853 2147483722 2147483723 2147483824 2147483722 2147483723 2147483824 49 134 131 50 
2147483854 2147483722 2147483723 2147483824 2147483845 2147483722 2147483723 2147483824 2147483845 49 133 134 131 50 
2147483855 2147483722 2147483723 2147483824 2147483845 2147483722 2147483723 2147483824 2147483845 49 133 134 131 50 
2147483856 2147483846 2147483846 49 131 
2147483857 2147483846 2147483846 49 131 
2147483858 2147483722 2147483723 2147483824 2147483825 2147483826 2147483722 2147483723 2147483824 2147483825 2147483826 49 52 54 134 131 50 
