2 2147483747 2147483789 2147483808 
5 2147483747 
8 2147483747 
11 
18 
19 
22 2147483659 2147483756 2147483793 2147483812 2147483825 2147483985 
23 2147483659 
24 2147483659 2147483793 2147483812 2147483825 
25 2147483659 2147483793 2147483812 2147483825 
26 2147483659 2147483985 
27 2147483659 
32 2147483659 2147483756 2147483985 
49 2147483657 2147483658 2147483660 2147483695 2147483697 2147483715 2147483717 2147483718 2147483729 2147483739 2147483745 2147483746 2147483749 2147483752 2147483753 2147483754 2147483758 2147483759 2147483761 2147483762 2147483768 2147483771 2147483772 2147483780 2147483783 2147483800 2147483819 2147483835 2147483845 2147483847 2147483859 2147483860 2147483861 2147483863 2147483864 2147483865 2147483877 2147483892 2147483901 2147483904 2147483910 2147483927 2147483932 2147483935 2147483936 2147483937 2147483938 2147483939 2147483940 2147483942 2147483943 2147483944 2147483945 2147483946 2147483948 2147483949 2147483951 2147483952 2147483954 2147483955 2147483956 2147483957 2147483960 2147483961 2147483962 2147483963 2147483965 2147483972 2147483977 2147483979 
50 2147483657 2147483695 2147483697 2147483715 2147483717 2147483718 2147483745 2147483746 2147483749 2147483751 2147483752 2147483753 2147483830 2147483845 2147483847 2147483855 2147483859 2147483860 2147483861 2147483869 2147483886 2147483897 2147483909 2147483927 2147483932 2147483942 2147483954 2147483960 2147483961 2147483963 2147483967 2147483977 2147483979 2147483980 2147483981 
51 2147483657 2147483660 2147483695 2147483697 2147483715 2147483717 2147483718 2147483745 2147483746 2147483749 2147483780 2147483783 2147483799 2147483800 2147483818 2147483819 2147483834 2147483835 2147483845 2147483847 2147483855 2147483877 2147483927 2147483932 2147483935 2147483936 2147483937 2147483938 2147483939 2147483940 2147483942 2147483945 2147483954 2147483955 2147483957 2147483960 2147483961 2147483963 2147483967 2147483968 2147483972 2147483977 2147483979 2147483980 2147483981 
52 2147483657 2147483695 2147483697 2147483715 2147483717 2147483745 2147483761 2147483762 2147483771 2147483927 2147483932 2147483935 2147483936 2147483937 2147483938 2147483939 2147483940 2147483942 2147483943 2147483954 2147483960 2147483961 2147483968 2147483977 2147483979 
53 2147483657 2147483658 2147483695 2147483697 2147483715 2147483717 2147483718 2147483745 2147483746 2147483749 2147483751 2147483752 2147483753 2147483754 2147483758 2147483759 2147483762 2147483767 2147483768 2147483772 2147483780 2147483783 2147483799 2147483800 2147483818 2147483819 2147483830 2147483834 2147483835 2147483845 2147483855 2147483859 2147483860 2147483861 2147483863 2147483864 2147483865 2147483869 2147483877 2147483886 2147483890 2147483892 2147483897 2147483901 2147483904 2147483909 2147483927 2147483932 2147483936 2147483938 2147483940 2147483942 2147483948 2147483951 2147483952 2147483954 2147483957 2147483960 2147483961 2147483965 2147483966 2147483967 2147483968 2147483969 2147483970 2147483972 2147483977 2147483979 2147483982 
54 2147483657 2147483695 2147483697 2147483715 2147483717 2147483745 2147483799 2147483800 2147483818 2147483819 2147483834 2147483835 2147483927 2147483932 2147483935 2147483936 2147483937 2147483938 2147483939 2147483940 2147483942 2147483954 2147483960 2147483961 2147483968 2147483977 2147483979 
57 2147483657 2147483695 2147483697 2147483715 2147483717 2147483745 2147483752 2147483762 2147483768 2147483780 2147483783 2147483799 2147483800 2147483818 2147483819 2147483834 2147483835 2147483845 2147483847 2147483859 2147483860 2147483861 2147483863 2147483864 2147483865 2147483890 2147483892 2147483901 2147483904 2147483927 2147483932 2147483936 2147483938 2147483940 2147483942 2147483952 2147483954 2147483960 2147483961 2147483967 2147483968 2147483970 2147483977 2147483979 2147483981 
61 
127 2147483657 2147483695 2147483697 2147483715 2147483717 2147483745 2147483927 2147483932 2147483936 2147483938 2147483940 2147483942 2147483954 2147483960 2147483961 2147483977 2147483979 
128 2147483657 2147483695 2147483697 2147483715 2147483717 2147483745 2147483927 2147483932 2147483936 2147483938 2147483940 2147483942 2147483954 2147483960 2147483961 2147483977 2147483979 
129 2147483657 2147483695 2147483697 2147483715 2147483717 2147483745 2147483927 2147483932 2147483936 2147483938 2147483940 2147483942 2147483954 2147483960 2147483961 2147483977 2147483979 
130 2147483657 2147483695 2147483697 2147483715 2147483717 2147483745 2147483927 2147483932 2147483936 2147483938 2147483940 2147483942 2147483954 2147483960 2147483961 2147483977 2147483979 
131 2147483657 2147483658 2147483660 2147483695 2147483697 2147483715 2147483717 2147483718 2147483771 2147483772 2147483780 2147483783 2147483799 2147483800 2147483818 2147483819 2147483834 2147483835 2147483845 2147483847 2147483863 2147483864 2147483865 2147483877 2147483932 2147483935 2147483936 2147483937 2147483938 2147483939 2147483940 2147483943 2147483945 2147483946 2147483955 2147483956 2147483957 2147483960 2147483961 2147483962 2147483963 2147483965 2147483966 2147483967 2147483968 2147483969 2147483970 2147483972 2147483977 2147483979 2147483980 2147483981 2147483982 
132 2147483657 2147483658 2147483660 2147483695 2147483697 2147483715 2147483717 2147483718 2147483780 2147483783 2147483799 2147483800 2147483818 2147483819 2147483834 2147483835 2147483845 2147483847 2147483863 2147483864 2147483865 2147483877 2147483886 2147483890 2147483892 2147483927 2147483932 2147483935 2147483936 2147483937 2147483938 2147483939 2147483940 2147483945 2147483946 2147483955 2147483956 2147483957 2147483960 2147483961 2147483962 2147483963 2147483965 2147483966 2147483967 2147483968 2147483969 2147483970 2147483972 2147483977 2147483979 2147483980 2147483981 2147483982 
133 2147483657 2147483695 2147483697 2147483715 2147483717 2147483718 2147483729 2147483845 2147483847 2147483855 2147483863 2147483864 2147483865 2147483877 2147483886 2147483890 2147483892 2147483901 2147483904 2147483927 2147483932 2147483948 2147483955 2147483956 2147483960 2147483961 2147483963 2147483968 2147483969 2147483979 2147483981 
134 2147483657 2147483695 2147483697 2147483845 2147483932 2147483960 2147483968 2147483979 2147483981 
151 2147483974 
152 
153 
154 
155 
156 
157 
158 
159 
160 
161 
162 
163 
164 
165 
166 
247 
248 
249 
250 
251 2147483789 2147483808 
252 2147483789 2147483808 
253 
254 
263 2147483659 
264 2147483659 
265 2147483659 
266 2147483659 
267 2147483659 2147483793 2147483812 2147483825 
268 2147483659 2147483793 2147483812 2147483825 
269 
270 
2147483657 2147483658 2147483659 2147483660 2147483695 2147483697 2147483715 2147483717 2147483718 2147483771 2147483772 2147483780 2147483783 2147483789 2147483793 2147483799 2147483800 2147483808 2147483812 2147483818 2147483819 2147483825 2147483834 2147483835 2147483845 2147483847 2147483863 2147483864 2147483865 2147483877 2147483932 2147483935 2147483936 2147483937 2147483938 2147483939 2147483940 2147483943 2147483945 2147483946 2147483955 2147483956 2147483957 2147483960 2147483961 2147483962 2147483963 2147483965 2147483966 2147483967 2147483968 2147483969 2147483970 2147483972 2147483974 2147483977 2147483979 2147483980 2147483981 2147483982 49 53 52 54 57 127 128 129 130 51 133 134 131 132 50 2147483658 2147483659 2147483660 2147483695 2147483697 2147483715 2147483717 2147483718 2147483771 2147483772 2147483780 2147483783 2147483789 2147483793 2147483799 2147483800 2147483808 2147483812 2147483818 2147483819 2147483825 2147483834 2147483835 2147483845 2147483847 2147483863 2147483864 2147483865 2147483877 2147483932 2147483935 2147483936 2147483937 2147483938 2147483939 2147483940 2147483943 2147483945 2147483946 2147483955 2147483956 2147483957 2147483960 2147483961 2147483962 2147483963 2147483965 2147483966 2147483967 2147483968 2147483969 2147483970 2147483972 2147483974 2147483977 2147483979 2147483980 2147483981 2147483982 
2147483658 2147483657 2147483657 2147483960 2147483962 2147483965 49 53 131 132 2147483960 2147483962 2147483965 
2147483659 2147483657 2147483657 2147483660 2147483780 2147483783 2147483945 2147483957 2147483960 2147483967 2147483972 2147483974 2147483977 2147483980 22 25 27 32 26 263 264 265 266 24 23 267 268 2147483660 2147483780 2147483783 2147483945 2147483957 2147483960 2147483967 2147483972 2147483974 2147483977 2147483980 
2147483660 2147483657 2147483659 2147483657 2147483659 2147483960 49 51 131 132 2147483960 
2147483695 2147483657 2147483657 2147483697 2147483845 2147483847 2147483855 2147483927 2147483932 2147483955 2147483960 2147483968 2147483979 2147483981 57 49 52 54 53 127 128 129 130 51 133 134 131 132 50 2147483697 2147483845 2147483847 2147483855 2147483927 2147483932 2147483955 2147483960 2147483968 2147483979 2147483981 
2147483697 2147483657 2147483695 2147483657 2147483695 2147483845 2147483847 2147483932 2147483960 2147483979 2147483981 57 49 52 54 53 127 128 129 130 51 133 134 131 132 50 2147483845 2147483847 2147483932 2147483960 2147483979 2147483981 
2147483715 2147483657 2147483657 2147483717 2147483718 2147483877 2147483886 2147483927 2147483932 2147483956 2147483961 2147483963 57 49 52 54 53 127 128 129 130 51 133 131 132 50 2147483717 2147483718 2147483877 2147483886 2147483927 2147483932 2147483956 2147483961 2147483963 
2147483717 2147483657 2147483715 2147483657 2147483715 2147483718 2147483877 2147483932 2147483961 2147483963 57 49 52 54 53 127 128 129 130 51 133 131 132 50 2147483718 2147483877 2147483932 2147483961 2147483963 
2147483718 2147483657 2147483715 2147483717 2147483657 2147483715 2147483717 2147483932 2147483961 2147483963 49 53 51 133 131 132 50 2147483932 2147483961 2147483963 
2147483729 2147483932 49 133 2147483932 
2147483739 49 
2147483745 2147483746 2147483747 2147483749 2147483942 2147483954 53 57 49 52 54 127 128 129 130 51 50 2147483746 2147483747 2147483749 2147483942 2147483954 
2147483746 2147483745 2147483745 2147483942 49 53 51 50 2147483942 
2147483747 2147483745 2147483745 2147483942 2 5 8 2147483942 
2147483749 2147483745 2147483745 2147483942 49 53 51 50 2147483942 
2147483751 2147483954 53 50 2147483954 
2147483752 2147483753 2147483954 49 57 53 50 2147483753 2147483954 
2147483753 2147483752 2147483752 2147483954 53 49 50 2147483954 
2147483754 2147483951 49 53 2147483951 
2147483756 2147483985 22 32 2147483985 
2147483758 2147483759 53 49 2147483759 
2147483759 2147483758 2147483758 49 53 
2147483761 2147483762 49 52 2147483762 
2147483762 2147483761 2147483761 49 52 57 53 
2147483767 53 
2147483768 2147483952 2147483985 49 57 53 2147483952 2147483985 
2147483771 2147483657 2147483657 2147483943 49 52 131 2147483943 
2147483772 2147483657 2147483657 49 53 131 
2147483780 2147483657 2147483659 2147483657 2147483659 2147483783 2147483957 2147483960 2147483972 2147483974 53 49 57 51 131 132 2147483783 2147483957 2147483960 2147483972 2147483974 
2147483783 2147483657 2147483659 2147483780 2147483657 2147483659 2147483780 2147483960 49 57 53 51 131 132 2147483960 
2147483789 2147483657 2147483657 2147483960 2 251 252 2147483960 
2147483793 2147483657 2147483657 2147483939 2147483940 2147483960 22 25 24 267 268 2147483939 2147483940 2147483960 
2147483799 2147483657 2147483657 2147483800 2147483940 2147483960 53 54 57 51 131 132 2147483800 2147483940 2147483960 
2147483800 2147483657 2147483799 2147483657 2147483799 2147483939 2147483940 2147483960 54 49 57 53 51 131 132 2147483939 2147483940 2147483960 
2147483808 2147483657 2147483657 2147483960 2 251 252 2147483960 
2147483812 2147483657 2147483657 2147483937 2147483938 2147483960 22 25 24 267 268 2147483937 2147483938 2147483960 
2147483818 2147483657 2147483657 2147483819 2147483938 2147483960 53 54 57 51 131 132 2147483819 2147483938 2147483960 
2147483819 2147483657 2147483818 2147483657 2147483818 2147483937 2147483938 2147483960 54 49 57 53 51 131 132 2147483937 2147483938 2147483960 
2147483825 2147483657 2147483657 2147483935 2147483936 2147483960 22 25 24 267 268 2147483935 2147483936 2147483960 
2147483830 2147483927 53 50 2147483927 
2147483834 2147483657 2147483657 2147483835 2147483936 2147483960 53 54 57 51 131 132 2147483835 2147483936 2147483960 
2147483835 2147483657 2147483834 2147483657 2147483834 2147483935 2147483936 2147483960 54 49 57 53 51 131 132 2147483935 2147483936 2147483960 
2147483845 2147483657 2147483695 2147483697 2147483657 2147483695 2147483697 2147483847 2147483932 2147483960 2147483979 2147483981 57 49 53 51 133 134 131 132 50 2147483847 2147483932 2147483960 2147483979 2147483981 
2147483847 2147483657 2147483695 2147483697 2147483845 2147483657 2147483695 2147483697 2147483845 2147483932 2147483960 49 57 51 133 131 132 50 2147483932 2147483960 
2147483855 2147483695 2147483695 2147483927 2147483932 53 51 133 50 2147483927 2147483932 
2147483859 2147483860 2147483861 2147483927 53 49 57 50 2147483860 2147483861 2147483927 
2147483860 2147483859 2147483859 2147483861 2147483927 57 49 53 50 2147483861 2147483927 
2147483861 2147483859 2147483860 2147483859 2147483860 2147483927 49 57 53 50 2147483927 
2147483863 2147483657 2147483657 2147483864 2147483865 2147483932 2147483960 53 49 57 133 131 132 2147483864 2147483865 2147483932 2147483960 
2147483864 2147483657 2147483863 2147483657 2147483863 2147483865 2147483932 2147483960 57 49 53 133 131 132 2147483865 2147483932 2147483960 
2147483865 2147483657 2147483863 2147483864 2147483657 2147483863 2147483864 2147483932 2147483960 49 57 53 133 131 132 2147483932 2147483960 
2147483869 2147483927 53 50 2147483927 
2147483877 2147483657 2147483715 2147483717 2147483657 2147483715 2147483717 2147483932 49 53 51 133 131 132 2147483932 
2147483886 2147483715 2147483715 2147483927 2147483932 53 133 132 50 2147483927 2147483932 
2147483890 2147483932 2147483960 57 53 133 132 2147483932 2147483960 
2147483892 2147483932 2147483960 49 57 53 133 132 2147483932 2147483960 
2147483897 2147483927 53 50 2147483927 
2147483901 2147483932 2147483948 49 57 53 133 2147483932 2147483948 
2147483904 2147483932 49 57 53 133 2147483932 
2147483909 2147483927 53 50 2147483927 
2147483910 49 
2147483927 2147483695 2147483715 2147483830 2147483855 2147483859 2147483860 2147483861 2147483869 2147483886 2147483897 2147483909 2147483695 2147483715 2147483830 2147483855 2147483859 2147483860 2147483861 2147483869 2147483886 2147483897 2147483909 2147483932 53 49 52 54 57 127 128 129 130 51 133 132 50 2147483932 
2147483932 2147483657 2147483695 2147483697 2147483715 2147483717 2147483718 2147483729 2147483845 2147483847 2147483855 2147483863 2147483864 2147483865 2147483877 2147483886 2147483890 2147483892 2147483901 2147483904 2147483927 2147483657 2147483695 2147483697 2147483715 2147483717 2147483718 2147483729 2147483845 2147483847 2147483855 2147483863 2147483864 2147483865 2147483877 2147483886 2147483890 2147483892 2147483901 2147483904 2147483927 2147483948 2147483955 2147483956 2147483960 2147483961 2147483963 2147483968 2147483969 2147483979 2147483981 49 53 57 52 54 127 128 129 130 51 133 134 131 132 50 2147483948 2147483955 2147483956 2147483960 2147483961 2147483963 2147483968 2147483969 2147483979 2147483981 
2147483935 2147483657 2147483825 2147483835 2147483657 2147483825 2147483835 2147483936 2147483960 49 52 54 51 131 132 2147483936 2147483960 
2147483936 2147483657 2147483825 2147483834 2147483835 2147483935 2147483657 2147483825 2147483834 2147483835 2147483935 2147483960 57 49 52 54 53 127 128 129 130 51 131 132 2147483960 
2147483937 2147483657 2147483812 2147483819 2147483657 2147483812 2147483819 2147483938 2147483960 49 52 54 51 131 132 2147483938 2147483960 
2147483938 2147483657 2147483812 2147483818 2147483819 2147483937 2147483657 2147483812 2147483818 2147483819 2147483937 2147483960 57 49 52 54 53 127 128 129 130 51 131 132 2147483960 
2147483939 2147483657 2147483793 2147483800 2147483657 2147483793 2147483800 2147483940 2147483960 49 52 54 51 131 132 2147483940 2147483960 
2147483940 2147483657 2147483793 2147483799 2147483800 2147483939 2147483657 2147483793 2147483799 2147483800 2147483939 2147483960 57 49 52 54 53 127 128 129 130 51 131 132 2147483960 
2147483942 2147483745 2147483746 2147483747 2147483749 2147483745 2147483746 2147483747 2147483749 53 49 52 54 57 127 128 129 130 51 50 
2147483943 2147483657 2147483771 2147483657 2147483771 49 52 131 
2147483944 49 
2147483945 2147483657 2147483659 2147483657 2147483659 2147483960 49 51 131 132 2147483960 
2147483946 2147483657 2147483657 2147483960 49 131 132 2147483960 
2147483948 2147483901 2147483932 2147483901 2147483932 53 49 133 
2147483949 49 
2147483951 2147483754 2147483754 53 49 
2147483952 2147483768 2147483768 2147483985 53 49 57 2147483985 
2147483954 2147483745 2147483751 2147483752 2147483753 2147483745 2147483751 2147483752 2147483753 57 49 52 54 53 127 128 129 130 51 50 
2147483955 2147483657 2147483695 2147483932 2147483657 2147483695 2147483932 2147483960 49 51 133 131 132 2147483960 
2147483956 2147483657 2147483715 2147483932 2147483657 2147483715 2147483932 49 133 131 132 
2147483957 2147483657 2147483659 2147483780 2147483657 2147483659 2147483780 2147483960 2147483974 49 53 51 131 132 2147483960 2147483974 
2147483960 2147483657 2147483658 2147483659 2147483660 2147483695 2147483697 2147483780 2147483783 2147483789 2147483793 2147483799 2147483800 2147483808 2147483812 2147483818 2147483819 2147483825 2147483834 2147483835 2147483845 2147483847 2147483863 2147483864 2147483865 2147483890 2147483892 2147483932 2147483935 2147483936 2147483937 2147483938 2147483939 2147483940 2147483945 2147483946 2147483955 2147483957 2147483657 2147483658 2147483659 2147483660 2147483695 2147483697 2147483780 2147483783 2147483789 2147483793 2147483799 2147483800 2147483808 2147483812 2147483818 2147483819 2147483825 2147483834 2147483835 2147483845 2147483847 2147483863 2147483864 2147483865 2147483890 2147483892 2147483932 2147483935 2147483936 2147483937 2147483938 2147483939 2147483940 2147483945 2147483946 2147483955 2147483957 2147483965 2147483966 2147483967 2147483968 2147483969 2147483970 2147483972 2147483974 2147483977 2147483979 2147483980 2147483981 2147483982 53 57 50 49 52 54 127 128 129 130 51 133 134 131 132 2147483965 2147483966 2147483967 2147483968 2147483969 2147483970 2147483972 2147483974 2147483977 2147483979 2147483980 2147483981 2147483982 
2147483961 2147483657 2147483715 2147483717 2147483718 2147483932 2147483657 2147483715 2147483717 2147483718 2147483932 53 54 132 49 52 57 127 128 129 130 51 133 131 50 
2147483962 2147483657 2147483658 2147483657 2147483658 132 49 131 
2147483963 2147483657 2147483715 2147483717 2147483718 2147483932 2147483657 2147483715 2147483717 2147483718 2147483932 50 49 51 133 131 132 
2147483965 2147483657 2147483658 2147483960 2147483657 2147483658 2147483960 53 49 131 132 
2147483966 2147483657 2147483960 2147483657 2147483960 53 131 132 
2147483967 2147483657 2147483659 2147483960 2147483657 2147483659 2147483960 2147483977 57 53 51 131 132 50 2147483977 
2147483968 2147483657 2147483695 2147483932 2147483960 2147483657 2147483695 2147483932 2147483960 2147483979 52 54 57 53 51 133 134 131 132 2147483979 
2147483969 2147483657 2147483932 2147483960 2147483657 2147483932 2147483960 53 133 131 132 
2147483970 2147483657 2147483960 2147483657 2147483960 53 57 131 132 
2147483972 2147483657 2147483659 2147483780 2147483960 2147483657 2147483659 2147483780 2147483960 49 53 51 131 132 
2147483974 2147483657 2147483659 2147483780 2147483957 2147483960 2147483657 2147483659 2147483780 2147483957 2147483960 151 
2147483977 2147483657 2147483659 2147483960 2147483967 2147483657 2147483659 2147483960 2147483967 53 49 52 54 57 127 128 129 130 51 131 132 50 
2147483979 2147483657 2147483695 2147483697 2147483845 2147483932 2147483960 2147483968 2147483657 2147483695 2147483697 2147483845 2147483932 2147483960 2147483968 53 54 49 52 57 127 128 129 130 51 133 134 131 132 50 
2147483980 2147483657 2147483659 2147483960 2147483657 2147483659 2147483960 50 51 131 132 
2147483981 2147483657 2147483695 2147483697 2147483845 2147483932 2147483960 2147483657 2147483695 2147483697 2147483845 2147483932 2147483960 134 57 51 133 131 132 50 
2147483982 2147483657 2147483960 2147483657 2147483960 53 131 132 
2147483985 2147483756 2147483768 2147483952 2147483756 2147483768 2147483952 32 22 26 
