2,1,2,-1,0,1,0,0,0,
5,1,5,-1,0,1,0,0,0,
8,1,8,-1,0,1,0,0,0,
11,1,11,-1,0,1,0,0,0,
18,1,18,-1,0,1,0,0,0,
19,1,19,-1,0,1,0,0,0,
22,1,22,-1,0,1,0,0,0,
23,1,23,-1,0,1,0,0,0,
24,1,24,-1,0,1,0,0,0,
25,1,25,-1,0,1,0,0,0,
26,1,26,-1,0,1,0,0,0,
27,1,27,-1,0,1,0,0,0,
32,1,32,-1,0,1,0,0,0,
49,1,49,-1,0,1,0,0,0,
50,1,50,-1,0,1,0,0,0,
51,1,51,-1,0,1,0,0,0,
52,1,52,-1,0,1,0,0,0,
53,1,53,-1,0,1,0,0,0,
54,1,54,-1,0,1,0,0,0,
57,1,57,-1,0,1,0,0,0,
61,1,61,-1,0,1,0,0,0,
127,1,127,-1,0,1,0,0,0,
128,1,128,-1,0,1,0,0,1,
129,1,129,-1,0,1,0,0,0,
130,1,130,-1,0,1,0,0,0,
131,1,131,-1,0,1,0,0,0,
132,1,132,-1,0,1,0,0,0,
133,1,133,-1,0,1,0,0,0,
134,1,134,-1,0,1,0,0,0,
247,1,247,-1,0,1,0,0,0,
248,1,248,-1,0,1,0,0,0,
249,1,249,-1,0,1,0,0,0,
250,1,250,-1,0,1,0,0,0,
251,1,251,-1,0,1,0,0,0,
252,1,252,-1,0,1,0,0,0,
253,1,253,-1,0,1,0,0,0,
254,1,254,-1,0,1,0,0,0,
263,1,263,-1,0,1,0,0,0,
264,1,264,-1,0,1,0,0,0,
265,1,265,-1,0,1,0,0,0,
266,1,266,-1,0,1,0,0,0,
267,1,267,-1,0,1,0,0,0,
268,1,268,-1,0,1,0,0,0,
269,1,269,-1,0,1,0,0,0,
270,1,270,-1,0,1,0,0,0,
2147483648,0,0,0.0860795,1,0,1,0,0,52 54 57 53 127 128 129 130 133 132 50
2147483652,0,0,0.106685,3,0,1,0,0,
2147483654,0,0,0.0415976,5,0,1,0,0,
2147483658,0,0,0.0075424,1,0,1,0,0,32 26 263 264 265 266
2147483665,0,0,9.0301e-09,1,0,1,0,0,133 134 131 132
2147483666,0,0,1.23806e-08,2,0,1,0,0,133 134 131 132
2147483675,0,0,9.03003e-09,1,0,1,0,0,133 134 131 132
2147483676,0,0,1.23805e-08,2,0,1,0,0,133 134 131 132
2147483684,0,0,32.5294,1,0,1,0,0,49 52 57 53 127 128 129 130
2147483692,0,0,0.176403,6,0,1,0,121,
2147483706,0,0,inf,1,0,1,0,0,52 54 57 53 127 128 129 130
2147483707,0,0,1.0614,1,0,1,0,0,52 54 127 128 129 130
2147483708,0,0,0.707598,1,0,1,0,0,25 27 263 264 265 266
2147483709,0,0,0.700592,1,0,1,0,0,52 54 127 128 129 130
2147483710,0,0,inf,1,0,1,0,0,11 19 61 18 247 248 249 250
2147483718,0,0,1.06495,1,0,1,0,0,22 25 27 32 264 265 266
2147483719,0,0,0.961891,1,0,1,0,0,49 128 129 130
2147483726,0,0,inf,1,0,1,0,0,52 57 53 127 128 129 130
2147483728,0,0,25.3204,7,0,1,0,0,52 127 128 129 130
2147483729,0,0,1.10439,1,0,1,0,0,49 52 57 127 128 129 130
2147483730,0,0,0.0299125,3,0,1,0,0,
2147483732,0,0,inf,1,0,1,0,0,52 54 57 53 127 128 129 130
2147483733,0,0,1.44284,1,0,1,0,0,52 54 127 128 129 130
2147483734,0,0,0.961891,1,0,1,0,0,25 27 263 264 265 266
2147483735,0,0,1.01805,1,0,1,0,0,52 54 127 128 129 130
2147483736,0,0,inf,1,0,1,0,0,11 19 61 18 247 248 249 250
2147483737,0,0,0.0108835,1,0,1,0,0,49 52 54 127 128 129 130 131
2147483738,0,0,0.0116896,1,0,1,0,0,49 52 54 127 128 129 130 131
2147483741,0,0,0.0123289,4,0,1,0,0,32 26 263 264 265 266
2147483743,0,0,0.116896,1,0,1,0,0,49 52 54 57 127 128 129 130
2147483745,0,0,0.116896,1,0,1,0,0,53 52 54 57 127 128 129 130
2147483747,0,0,0.0400788,1,0,1,0,0,49 52 54 127 128 129 130 131
2147483751,0,0,2.07589e-08,1,0,1,0,0,52 57 53 127 128 129 130 133 134 131 132
2147483754,0,0,9.40636e-09,1,0,1,0,0,49 127 128 129 130 133 134 131 132
2147483765,0,0,0.0210413,1,0,1,0,0,49 52 57 127 128 129 130 131
2147483770,0,0,0.0400787,1,0,1,0,0,49 52 54 127 128 129 130 134 131
2147483774,0,0,2.07587e-08,1,0,1,0,0,52 57 53 127 128 129 130 133 134 131 132
2147483777,0,0,9.40629e-09,1,0,1,0,0,49 127 128 129 130 133 134 131 132
2147483788,0,0,1.19739e-18,1,0,1,0,58,53 52 54 57 127 128 129 130 51 133 134 131 132 50
2147483791,0,0,0.0891749,4,0,1,0,0,52 54 57 53 127 128 129 130 133 132 50
2147483792,0,0,0.00375,4,0,1,0,1,52 54 57 53 127 128 129 130 133 132 50
2147483797,0,0,0.169253,6,0,1,0,0,
2147483803,0,0,0.947535,9,0,1,0,1,
2147483804,0,0,1.35855e-08,9,0,1,0,0,133 134 131 132
2147483806,0,0,0.0106877,5,0,1,0,0,
2147483808,0,0,0.00583453,1,0,1,0,255,32 26 263 264 265 266
2147483810,0,0,0.0822629,2,0,1,0,0,
2147483811,0,0,inf,1,0,1,0,0,49 52 54 57 53 127 128 129 130
2147483814,0,0,0.0755331,2,0,1,0,0,52 54 57 53 127 128 129 130
2147483815,0,0,0.0413928,2,0,1,0,0,49 52 127 128 129 130 131
