2,1,2,-1,0,1,0,0,0,
3,1,3,-1,0,1,0,0,0,
5,1,5,-1,0,1,0,0,0,
6,1,6,-1,0,1,0,0,0,
8,1,8,-1,0,1,0,0,255,
9,1,9,-1,0,1,0,0,255,
11,1,11,-1,0,1,0,0,0,
13,1,13,-1,0,1,0,0,255,
16,1,16,-1,0,1,0,0,0,
18,1,18,-1,0,1,0,0,0,
19,1,19,-1,0,1,0,0,0,
21,1,21,-1,0,1,0,0,0,
22,1,22,-1,0,1,0,0,0,
23,1,23,-1,0,1,0,0,0,
24,1,24,-1,0,1,0,0,0,
25,1,25,-1,0,1,0,0,0,
26,1,26,-1,0,1,0,0,0,
27,1,27,-1,0,1,0,0,0,
32,1,32,-1,0,1,0,0,0,
49,1,49,-1,0,1,0,0,0,
50,1,50,-1,0,1,0,0,0,
51,1,51,-1,0,1,0,0,0,
52,1,52,-1,0,1,0,0,0,
53,1,53,-1,0,1,0,0,0,
54,1,54,-1,0,1,0,0,0,
57,1,57,-1,0,1,0,0,0,
59,1,59,-1,0,1,0,0,0,
61,1,61,-1,0,1,0,0,0,
127,1,127,-1,0,1,0,0,0,
128,1,128,-1,0,1,0,0,0,
129,1,129,-1,0,1,0,0,0,
130,1,130,-1,0,1,0,0,0,
131,1,131,-1,0,1,0,0,0,
132,1,132,-1,0,1,0,0,0,
133,1,133,-1,0,1,0,0,0,
134,1,134,-1,0,1,0,0,0,
247,1,247,-1,0,1,0,0,0,
248,1,248,-1,0,1,0,0,0,
249,1,249,-1,0,1,0,0,0,
250,1,250,-1,0,1,0,0,0,
251,1,251,-1,0,1,0,0,255,
252,1,252,-1,0,1,0,0,255,
253,1,253,-1,0,1,0,0,255,
254,1,254,-1,0,1,0,0,0,
263,1,263,-1,0,1,0,0,0,
264,1,264,-1,0,1,0,0,0,
265,1,265,-1,0,1,0,0,0,
266,1,266,-1,0,1,0,0,0,
267,1,267,-1,0,1,0,0,0,
268,1,268,-1,0,1,0,0,0,
269,1,269,-1,0,1,0,0,0,
270,1,270,-1,0,1,0,0,0,
271,1,271,-1,0,1,0,0,0,
272,1,272,-1,0,1,0,0,0,
273,1,273,-1,0,1,0,0,0,
274,1,274,-1,0,1,0,0,0,
275,1,275,-1,0,1,0,0,0,
276,1,276,-1,0,1,0,0,0,
277,1,277,-1,0,1,0,0,0,
278,1,278,-1,0,1,0,0,0,
2147483648,0,0,0.000534152,4,0,1,0,0,
2147483649,0,0,0.000196326,3,0,1,0,0,
2147483673,0,0,0.00102375,1,0,1,0,0,32 26 263 264 265 266 23 268
2147483677,0,0,0.00060606,1,0,1,0,255,276
2147483682,0,0,0.000697766,1,0,1,0,0,276
2147483696,0,0,0.000727398,4,0,1,0,0,
2147483698,0,0,0.00139369,4,0,1,0,0,
2147483700,0,0,inf,1,0,1,0,255,52 54 57 53 127 128 129 130 133 131 132
2147483701,0,0,0.00233796,1,0,1,0,0,49 52 54 127 128 129 130 133 132
2147483702,0,0,inf,1,0,1,0,0,11 19 61 18 247 248 249 250 253 252
2147483703,0,0,0.00558043,3,0,1,0,0,
2147483704,0,0,inf,1,0,1,0,0,52 54 57 53 127 128 129 130 133 132 50
2147483710,0,0,inf,2,0,1,0,0,25 27 32 263 264 265 266 268
2147483712,0,0,inf,1,0,1,0,0,52 54 57 127 128 129 130 132
2147483713,0,0,inf,1,0,1,0,0,52 54 57 127 128 129 130 132
2147483715,0,0,0.0014613,4,0,1,0,0,52 54 57 128 129 130 132
2147483716,0,0,0.00047822,1,0,1,0,0,49 128 129 130
2147483728,0,0,2.29872e-13,1,0,1,0,0,127 128 129 130 132 50
2147483736,0,0,2.1774e-12,1,0,1,0,0,53 52 54 57 127 128 129 130 51 133 134 131 132 50
2147483745,0,0,0.000488759,1,0,1,0,0,57 53 127 128 129 130 132
2147483746,0,0,inf,1,0,1,0,0,32 26 263 264 265 266 268
2147483748,0,0,inf,1,0,1,0,0,54 57 53 127 128 129 130 132
2147483750,0,0,0.00246309,8,0,1,0,0,
2147483752,0,0,inf,2,0,1,0,0,25 27 32 26 263 264 265 266 268
2147483755,0,0,0.00183655,1,0,1,0,0,128 129 130 132 50
2147483761,0,0,0.00211076,1,0,1,0,0,25 27 32 26 263 264 265 266 23 268
2147483765,0,0,0.000610948,1,0,1,0,0,57 53 127 128 129 130 132 50
2147483767,0,0,0.000701459,1,0,1,0,0,57 53 127 128 129 130 132 50
2147483771,0,0,inf,1,0,1,0,0,57 53 127 128 129 130 132
2147483776,0,0,inf,1,0,1,0,0,32 26 263 264 265 266 268
2147483778,0,0,inf,1,0,1,0,0,54 57 53 127 128 129 130 132
2147483779,0,0,inf,1,0,1,0,0,52 54 57 53 127 128 129 130 132
2147483785,0,0,5.99363e-09,8,0,1,0,0,
2147483786,0,0,0.00384897,1,0,1,0,0,57 53 127 128 129 130 132
2147483787,0,0,inf,1,0,1,0,0,32 26 263 264 265 266 268
2147483789,0,0,inf,1,0,1,0,0,54 57 53 127 128 129 130 132
2147483801,0,0,0.00084175,3,0,1,0,0,57 53 127 128 129 130 132
2147483805,0,0,5.91602e-09,9,0,1,0,0,
2147483808,0,0,0.000900091,3,0,1,0,0,57 53 127 128 129 130 132
2147483809,0,0,0.00184659,7,0,1,0,0,57 53 127 128 129 130 132
2147483811,0,0,0.00127212,3,0,1,0,0,57 53 127 128 129 130 132
2147483812,0,0,0.00708821,3,0,1,0,0,57 53 127 128 129 130 132
2147483814,0,0,0.00233796,2,0,1,0,0,133 132
2147483816,0,0,0.000290564,1,0,1,0,0,
2147483817,0,0,inf,1,0,1,0,0,52 127 128 129 130 132 50
2147483818,0,0,inf,1,0,1,0,0,49 52 54 57 128 129 130
2147483820,0,0,inf,1,0,1,0,0,127 128 129 130 132 50
2147483822,0,0,inf,1,0,1,0,0,128 129 130 132 50
2147483825,0,0,3.39335e-13,1,0,1,0,0,53 54 127 128 129 130 132 50
2147483826,0,0,3.75054e-13,1,0,1,0,0,49 52 54 57 127 128 129 130 132 50
