2,1,2,-1,0,1,0,0,0,
5,1,5,-1,0,1,0,0,0,
8,1,8,-1,0,1,0,0,0,
11,1,11,-1,0,1,0,0,0,
18,1,18,-1,0,1,0,0,0,
19,1,19,-1,0,1,0,0,0,
22,1,22,-1,0,1,0,0,0,
23,1,23,-1,0,1,0,0,0,
24,1,24,-1,0,1,0,0,0,
25,1,25,-1,0,1,0,0,0,
26,1,26,-1,0,1,0,0,0,
27,1,27,-1,0,1,0,0,0,
32,1,32,-1,0,1,0,0,0,
49,1,49,-1,0,1,0,0,0,
50,1,50,-1,0,1,0,0,0,
51,1,51,-1,0,1,0,0,0,
52,1,52,-1,0,1,0,0,0,
53,1,53,-1,0,1,0,0,0,
54,1,54,-1,0,1,0,0,0,
57,1,57,-1,0,1,0,0,0,
61,1,61,-1,0,1,0,0,0,
127,1,127,-1,0,1,0,0,0,
128,1,128,-1,0,1,0,0,0,
129,1,129,-1,0,1,0,0,0,
130,1,130,-1,0,1,0,0,0,
131,1,131,-1,0,1,0,0,0,
132,1,132,-1,0,1,0,0,0,
133,1,133,-1,0,1,0,0,0,
134,1,134,-1,0,1,0,0,0,
247,1,247,-1,0,1,0,0,0,
248,1,248,-1,0,1,0,0,0,
249,1,249,-1,0,1,0,0,0,
250,1,250,-1,0,1,0,0,0,
251,1,251,-1,0,1,0,0,0,
252,1,252,-1,0,1,0,0,0,
253,1,253,-1,0,1,0,0,0,
254,1,254,-1,0,1,0,0,0,
263,1,263,-1,0,1,0,0,0,
264,1,264,-1,0,1,0,0,0,
265,1,265,-1,0,1,0,0,0,
266,1,266,-1,0,1,0,0,0,
267,1,267,-1,0,1,0,0,0,
268,1,268,-1,0,1,0,0,0,
269,1,269,-1,0,1,0,0,0,
270,1,270,-1,0,1,0,0,0,
2147483649,0,0,0.000326598,9,0,1,0,0,
2147483651,0,0,0.000140328,8,0,1,0,0,
2147483653,0,0,0.000970867,2,0,1,0,0,54 57 53 127 128 129 130 132
2147483655,0,0,0.00064594,1,0,1,0,0,52 54 57 53 127 128 129 130 132
2147483656,0,0,0.000455199,3,0,1,0,0,32 26 263 264 265 266 268
2147483660,0,0,0.000313827,1,0,1,0,0,52 54 57 127 128 129 130 51 132 50
2147483661,0,0,0.000156806,1,0,1,0,0,52 54 57 127 128 129 130 51 132 50
2147483663,0,0,0.000117083,1,0,1,0,0,54 127 128 129 130
2147483675,0,0,5.37505e-05,1,0,1,0,0,52 54 57 53 127 128 129 130
2147483686,0,0,0.000125739,2,0,1,0,0,52 54 57 127 128 129 130
2147483687,0,0,4.66555e-05,2,0,1,0,0,127 128 129 130 51
2147483688,0,0,0.000235425,1,0,1,0,0,52 54 57 127 128 129 130 51 132 50
2147483690,0,0,0.000175841,1,0,1,0,0,54 127 128 129 130
2147483702,0,0,8.08022e-05,1,0,1,0,0,52 54 57 53 127 128 129 130
2147483713,0,0,0.000188912,2,0,1,0,0,52 54 57 127 128 129 130
2147483714,0,0,7.01927e-05,2,0,1,0,0,127 128 129 130 51
2147483715,0,0,0.00137358,1,0,1,0,0,52 54 127 128 129 130 51 134 132 50
2147483716,0,0,0.000449431,8,0,1,0,0,
2147483717,0,0,0.000349504,1,0,1,0,0,
2147483719,0,0,0.0018265,1,0,1,0,0,49 52 54 57 127 128 129 130 132 50
2147483720,0,0,0.000973283,2,0,1,0,0,132
2147483721,0,0,0.0026419,1,0,1,0,0,52 54 57 127 128 129 130 132
2147483722,0,0,0.00174383,1,0,1,0,0,52 54 57 127 128 129 130 132
2147483723,0,0,inf,1,0,1,0,0,25 27 32 26 263 264 265 266 268
2147483725,0,0,0.00132076,1,0,1,0,0,52 54 57 127 128 129 130 132 50
2147483726,0,0,0.000871787,1,0,1,0,0,52 54 57 127 128 129 130 132 50
2147483729,0,0,inf,1,0,1,0,0,52 54 57 53 127 128 129 130 132 50
2147483732,0,0,inf,1,0,1,0,0,54 57 53 127 128 129 130 132
2147483733,0,0,0.00139105,3,0,1,0,0,54 57 53 127 128 129 130 132
2147483735,0,0,0.000476698,1,0,1,0,0,32 26 263 264 265 266 268
2147483736,0,0,0.000223397,1,0,1,0,0,61 18 247 248 249 250 252
2147483739,0,0,0.00039456,1,0,1,0,0,49 52 54 57 127 128 129 130 51 133 134 132 50
2147483741,0,0,0.00141706,1,0,1,0,0,49 52 54 57 127 128 129 130 132
2147483742,0,0,inf,1,0,1,0,0,11 19 61 18 247 248 249 250 252
2147483744,0,0,0.000341613,1,0,1,0,0,49 52 54 57 127 128 129 130 51 133 134 132 50
2147483748,0,0,9.24021e-05,1,0,1,0,0,127 128 129 130 51 132 50
2147483750,0,0,6.22471e-05,1,0,1,0,0,127 128 129 130 132
2147483756,0,0,inf,1,0,1,0,0,263 264 265 266
2147483761,0,0,0.000263509,3,0,1,0,0,52 57 127 128 129 130
2147483764,0,0,inf,1,0,1,0,0,52 54 57 53 127 128 129 130
2147483765,0,0,inf,1,0,1,0,0,27 26 263 264 265 266
2147483770,0,0,3.74196e-05,3,0,1,0,0,49 52 57 127 128 129 130
2147483773,0,0,2.80647e-05,2,0,1,0,0,49 52 127 128 129 130
2147483778,0,0,inf,1,0,1,0,0,26 263 264 265 266
2147483783,0,0,1.44647e-05,3,0,1,0,0,49 52 57 127 128 129 130
2147483786,0,0,inf,1,0,1,0,0,52 54 57 127 128 129 130 51
2147483793,0,0,6.15279e-05,1,0,1,0,0,127 128 129 130 51 132 50
2147483795,0,0,4.13397e-05,1,0,1,0,0,127 128 129 130 132
2147483801,0,0,inf,1,0,1,0,0,263 264 265 266
2147483806,0,0,0.000175463,3,0,1,0,0,52 57 127 128 129 130
2147483809,0,0,inf,1,0,1,0,0,52 54 57 53 127 128 129 130
2147483810,0,0,inf,1,0,1,0,0,27 26 263 264 265 266
2147483815,0,0,2.49464e-05,3,0,1,0,0,49 52 57 127 128 129 130
2147483818,0,0,1.87098e-05,2,0,1,0,0,49 52 127 128 129 130
2147483823,0,0,inf,1,0,1,0,0,26 263 264 265 266
2147483828,0,0,9.4335e-06,3,0,1,0,0,49 52 57 127 128 129 130
2147483831,0,0,inf,1,0,1,0,0,52 54 57 127 128 129 130 51
2147483834,0,0,0.000123276,1,0,1,0,0,127 128 129 130 51 132 50
2147483836,0,0,0.00089462,1,0,1,0,0,52 54 127 128 129 130 51 134 132 50
2147483837,0,0,0.000572055,1,0,1,0,0,127 128 129 130 51 134 132 50
2147483839,0,0,inf,1,0,1,0,0,52 54 57 53 127 128 129 130 51 133 134 131 132 50
2147483843,0,0,0.000964768,7,0,1,0,0,268
2147483844,0,0,0.000185043,4,0,1,0,0,
2147483852,0,0,0.000280204,4,0,1,0,0,
2147483858,0,0,9.33911e-05,3,0,1,0,0,127 128 129 130
2147483859,0,0,0.00320659,3,0,1,0,0,
2147483860,0,0,1.40661e-05,3,0,1,0,0,54 53 127 128 129 130
2147483862,0,0,4.97576e-06,3,0,1,0,0,53 127 128 129 130
2147483863,0,0,0.000182907,3,0,1,0,0,
2147483864,0,0,0.000140278,3,0,1,0,0,127 128 129 130
2147483865,0,0,0.00481018,3,0,1,0,0,
2147483866,0,0,2.10513e-05,3,0,1,0,0,54 53 127 128 129 130
2147483868,0,0,7.65501e-06,3,0,1,0,0,53 127 128 129 130
2147483869,0,0,0.000274661,3,0,1,0,0,
2147483871,0,0,8.66551e-05,8,0,1,0,0,
2147483874,0,0,5.85915e-05,8,0,1,0,0,
2147483876,0,0,4.42925e-05,1,0,1,0,0,132
2147483877,0,0,0.000109537,5,0,1,0,0,127 128 129 130
2147483880,0,0,6.66933e-05,1,0,1,0,0,132
2147483881,0,0,0.000164572,5,0,1,0,0,127 128 129 130
2147483885,0,0,5.02197e-06,2,0,1,0,0,53 127 128 129 130
2147483889,0,0,7.53295e-06,2,0,1,0,0,53 127 128 129 130
2147483893,0,0,0.00013446,4,0,1,0,0,127 128 129 130
2147483895,0,0,7.38672e-06,4,0,1,0,0,127 128 129 130
2147483897,0,0,8.95115e-05,4,0,1,0,0,127 128 129 130
2147483899,0,0,4.79489e-06,4,0,1,0,0,127 128 129 130
2147483901,0,0,3.0094e-05,1,0,1,0,0,127 128 129 130
2147483904,0,0,4.5213e-05,1,0,1,0,0,127 128 129 130
2147483907,0,0,8.63528e-06,1,0,1,0,0,57 49 52 54 127 128 129 130
2147483909,0,0,2.87843e-06,1,0,1,0,0,57 49 52 127 128 129 130
2147483911,0,0,1.27473e-05,1,0,1,0,0,57 49 52 54 127 128 129 130
2147483913,0,0,4.52324e-06,1,0,1,0,0,57 49 52 127 128 129 130
2147483915,0,0,5.71573e-05,1,0,1,0,0,52 57 127 128 129 130
2147483917,0,0,8.59416e-05,1,0,1,0,0,52 57 127 128 129 130
2147483918,0,0,inf,1,0,1,0,0,52 54 57 53 127 128 129 130
2147483919,0,0,inf,1,0,1,0,0,52 54 57 53 127 128 129 130
2147483920,0,0,inf,1,0,1,0,0,52 54 57 53 127 128 129 130
2147483921,0,0,inf,1,0,1,0,0,52 57 53 127 128 129 130
2147483922,0,0,inf,1,0,1,0,0,52 54 57 53 127 128 129 130
2147483923,0,0,inf,1,0,1,0,0,52 57 53 127 128 129 130
2147483924,0,0,inf,1,0,1,0,0,57 53 127 128 129 130
2147483925,0,0,inf,1,0,1,0,0,57 53 127 128 129 130
