2,1,2,-1,0,1,0,0,0,
5,1,5,-1,0,1,0,0,0,
8,1,8,-1,0,1,0,0,0,
11,1,11,-1,0,1,0,0,0,
18,1,18,-1,0,1,0,0,0,
19,1,19,-1,0,1,0,0,0,
22,1,22,-1,0,1,0,0,0,
23,1,23,-1,0,1,0,0,0,
24,1,24,-1,0,1,0,0,0,
25,1,25,-1,0,1,0,0,0,
26,1,26,-1,0,1,0,0,0,
27,1,27,-1,0,1,0,0,0,
32,1,32,-1,0,1,0,0,0,
49,1,49,-1,0,1,0,0,0,
50,1,50,-1,0,1,0,0,0,
51,1,51,-1,0,1,0,0,0,
52,1,52,-1,0,1,0,0,0,
53,1,53,-1,0,1,0,0,0,
54,1,54,-1,0,1,0,0,0,
57,1,57,-1,0,1,0,0,0,
61,1,61,-1,0,1,0,0,0,
127,1,127,-1,0,1,0,0,0,
128,1,128,-1,0,1,0,0,0,
129,1,129,-1,0,1,0,0,0,
130,1,130,-1,0,1,0,0,0,
131,1,131,-1,0,1,0,0,0,
132,1,132,-1,0,1,0,0,0,
133,1,133,-1,0,1,0,0,0,
134,1,134,-1,0,1,0,0,0,
247,1,247,-1,0,1,0,0,0,
248,1,248,-1,0,1,0,0,0,
249,1,249,-1,0,1,0,0,0,
250,1,250,-1,0,1,0,0,0,
251,1,251,-1,0,1,0,0,0,
252,1,252,-1,0,1,0,0,0,
253,1,253,-1,0,1,0,0,0,
254,1,254,-1,0,1,0,0,0,
263,1,263,-1,0,1,0,0,0,
264,1,264,-1,0,1,0,0,0,
265,1,265,-1,0,1,0,0,0,
266,1,266,-1,0,1,0,0,0,
267,1,267,-1,0,1,0,0,0,
268,1,268,-1,0,1,0,0,0,
269,1,269,-1,0,1,0,0,0,
270,1,270,-1,0,1,0,0,0,
2147483651,0,0,0.00123943,71,0,1,0,0,
2147483652,0,0,0.00203247,45,0,1,0,0,
2147483656,0,0,0.000516123,5,0,1,0,0,263 264 265 266
2147483657,0,0,0.00026506,7,0,1,0,0,127 128 129 130
2147483672,0,0,0.00127717,3,0,1,0,0,127 128 129 130
2147483673,0,0,0.00856324,1,0,1,0,0,52 54 57 53 127 128 129 130
2147483677,0,0,0.00156057,4,0,1,0,0,27 263 264 265 266
2147483678,0,0,0.000378744,2,0,1,0,0,52 54 127 128 129 130
2147483681,0,0,0.000313716,2,0,1,0,0,54 57 53 127 128 129 130 132 50
2147483703,0,0,0.000407684,2,0,1,0,0,
2147483719,0,0,0.00183095,2,0,1,0,0,19 61 18 247 248 249 250
2147483724,0,0,0.0116003,3,0,1,0,0,52 54 57 53 127 128 129 130
2147483728,0,0,0.000443964,1,0,1,0,0,52 54 57 127 128 129 130
2147483729,0,0,inf,1,0,1,0,0,25 27 32 26 263 264 265 266
2147483731,0,0,0.000430239,1,0,1,0,0,52 54 57 127 128 129 130 50
2147483733,0,0,0.000161339,1,0,1,0,0,52 54 57 127 128 129 130 50
2147483734,0,0,0.000152089,1,0,1,0,0,54 52 128 129 130 50
2147483735,0,0,0.000152089,1,0,1,0,0,264 265 266 23
2147483736,0,0,inf,1,0,1,0,0,25 27 32 26 263 264 265 266 23 267
2147483737,0,0,0.000281647,1,0,1,0,0,49 52 54 57 127 128 129 130 131
2147483738,0,0,inf,1,0,1,0,0,25 27 32 26 263 264 265 266 267
2147483739,0,0,0.000176029,1,0,1,0,0,49 52 54 57 127 128 129 130 131
2147483740,0,0,inf,1,0,1,0,0,25 27 32 26 263 264 265 266 23 267
2147483741,0,0,0.000224363,1,0,1,0,0,52 54 57 127 128 129 130 131 50
2147483742,0,0,inf,1,0,1,0,0,52 54 57 53 127 128 129 130 131 50
2147483743,0,0,0.000140052,1,0,1,0,0,52 54 57 127 128 129 130 131 50
2147483745,0,0,0.000205876,1,0,1,0,0,52 54 57 127 128 129 130 131 50
2147483749,0,0,0.000443964,1,0,1,0,0,52 54 57 127 128 129 130 133
2147483750,0,0,inf,1,0,1,0,0,25 27 32 26 263 264 265 266 269
2147483751,0,0,0.000443964,1,0,1,0,0,52 54 57 127 128 129 130 133
2147483753,0,0,inf,2,0,1,0,0,25 27 32 26 263 264 265 266 269
2147483754,0,0,0.000443964,1,0,1,0,0,52 54 57 127 128 129 130 133
2147483755,0,0,0.00041851,1,0,1,0,0,54 52 128 129 130 133
2147483756,0,0,0.00041851,1,0,1,0,0,264 265 266 269
2147483758,0,0,0.000443964,1,0,1,0,0,52 54 57 127 128 129 130 133
2147483759,0,0,0.00041851,1,0,1,0,0,54 52 128 129 130
2147483760,0,0,0.00041851,1,0,1,0,0,264 265 266
2147483763,0,0,0.000443964,1,0,1,0,0,52 54 57 127 128 129 130 134
2147483764,0,0,0.00041851,1,0,1,0,0,54 52 127 128 129 130
2147483765,0,0,inf,1,0,1,0,0,25 27 32 26 263 264 265 266 267
2147483767,0,0,0.000443964,1,0,1,0,0,52 54 57 127 128 129 130 134
2147483768,0,0,0.00041851,1,0,1,0,0,54 52 127 128 129 130
2147483769,0,0,inf,1,0,1,0,0,25 27 32 26 263 264 265 266 267
2147483771,0,0,0.000443964,1,0,1,0,0,52 54 57 127 128 129 130
2147483772,0,0,0.000432941,1,0,1,0,0,54 52 127 128 129 130
2147483774,0,0,inf,1,0,1,0,0,25 27 32 26 263 264 265 266 267
2147483776,0,0,0.000443964,1,0,1,0,0,52 54 57 127 128 129 130
2147483777,0,0,0.000432941,1,0,1,0,0,54 52 127 128 129 130
2147483779,0,0,inf,1,0,1,0,0,25 27 32 26 263 264 265 266 267
2147483780,0,0,0.000277302,1,0,1,0,0,52 54 57 127 128 129 130
2147483781,0,0,inf,1,0,1,0,0,25 27 32 26 263 264 265 266
2147483782,0,0,7.92132e-06,1,0,1,0,0,22 264 265 266 269 270
2147483784,0,0,0.000286266,1,0,1,0,0,52 54 57 127 128 129 130 133 132
2147483785,0,0,0.000887554,2,0,1,0,0,
2147483787,0,0,0.00344627,1,0,1,0,0,52 54 127 128 129 130 134 50
2147483788,0,0,0.00348074,1,0,1,0,0,54 52 127 128 129 130 50
2147483794,0,0,0.000837284,1,0,1,0,0,52 128 129 130
2147483795,0,0,0.000837284,1,0,1,0,0,22 264 265 266
2147483797,0,0,0.000860477,1,0,1,0,0,52 54 57 127 128 129 130 131 50
2147483799,0,0,0.000443964,1,0,1,0,255,52 54 57 127 128 129 130 134
2147483800,0,0,0.00041851,1,0,1,0,0,54 52 128 129 130
2147483801,0,0,0.00041851,1,0,1,0,255,264 265 266
2147483803,0,0,0.000443964,1,0,1,0,0,52 54 57 127 128 129 130 133 134 132 50
2147483804,0,0,0.000379509,2,0,1,0,0,
2147483805,0,0,0.000355937,1,0,1,0,0,27 32 26 263 264 265 266 23 268
2147483808,0,0,0.000305313,1,0,1,0,0,52 54 57 127 128 129 130 132 50
2147483809,0,0,0.000287808,1,0,1,0,0,54 52 128 129 130 50
2147483810,0,0,0.000287808,1,0,1,0,0,264 265 266 23
2147483812,0,0,inf,1,0,1,0,0,52 54 57 53 127 128 129 130 133 131
2147483814,0,0,0.000251803,2,0,1,0,0,
2147483816,0,0,0.000443964,1,0,1,0,255,52 54 57 127 128 129 130 50
2147483824,0,0,0.000887927,2,0,1,0,0,26 263 264 265 266
2147483826,0,0,inf,2,0,1,0,255,27 26 263 264 265 266
2147483831,0,0,inf,1,0,1,0,0,11 19 61 18 247 248 249 250
2147483834,0,0,inf,1,0,1,0,0,11 19 61 18 247 248 249 250
2147483836,0,0,0.00112938,3,0,1,0,0,25 27 32 26 263 264 265 266
2147483840,0,0,0.000896807,3,0,1,0,0,
2147483841,0,0,0.000443964,1,0,1,0,0,52 54 57 127 128 129 130 133
2147483842,0,0,0.00041851,1,0,1,0,0,27 25 264 265 266
2147483843,0,0,0.00041851,1,0,1,0,0,264 265 266 270
2147483845,0,0,inf,1,0,1,0,0,11 19 61 18 247 248 249 250 8 254
2147483847,0,0,0.000443964,1,0,1,0,255,52 54 57 127 128 129 130
2147483848,0,0,0.000432941,1,0,1,0,0,27 25 263 264 265 266
2147483849,0,0,inf,1,0,1,0,255,11 19 61 18 247 248 249 250 251
2147483852,0,0,0.00209321,3,0,1,0,0,22 265 266 267
2147483853,0,0,0.000837284,1,0,1,0,0,22 265 266 267
2147483855,0,0,inf,1,0,1,0,0,11 19 61 18 247 248 249 250 251
2147483857,0,0,0.000432941,1,0,1,0,0,22 263 264 265 266 267
2147483859,0,0,inf,1,0,1,0,0,11 19 61 18 247 248 249 250 251
2147483861,0,0,0.000443964,1,0,1,0,0,52 54 57 127 128 129 130
2147483862,0,0,0.00021996,10,0,1,0,0,263 264 265 266
2147483866,0,0,inf,1,0,1,0,0,53 127 128 129 130
2147483867,0,0,0.000878404,2,0,1,0,255,263 264 265 266
2147483869,0,0,inf,1,0,1,0,0,263 264 265 266
2147483873,0,0,inf,1,0,1,0,255,53 127 128 129 130
2147483874,0,0,inf,2,0,1,0,0,26 263 264 265 266
2147483877,0,0,0.000293672,13,0,1,0,0,127 128 129 130
2147483879,0,0,0.000383629,3,0,1,0,0,53 127 128 129 130
2147483885,0,0,inf,1,0,1,0,0,53 127 128 129 130
2147483886,0,0,inf,2,0,1,0,0,26 263 264 265 266
2147483889,0,0,0.00027607,2,0,1,0,0,53 127 128 129 130
2147483898,0,0,inf,1,0,1,0,0,11 19 61 18 247 248 249 250
2147483910,0,0,0.00383447,9,0,1,0,0,
2147483912,0,0,0.00656087,3,0,1,0,255,
2147483916,0,0,0.00262792,37,0,1,0,0,
2147483920,0,0,0.00353291,1,0,1,0,255,
2147483921,0,0,0.000392465,1,0,1,0,0,
2147483922,0,0,0.00083055,1,0,1,0,0,49 52 54 57 53 127 128 129 130 131
2147483923,0,0,0.00083055,1,0,1,0,0,49 52 54 57 53 127 128 129 130 131
2147483924,0,0,inf,1,0,1,0,0,52 54 57 53 127 128 129 130 132 50
2147483928,0,0,0.000619044,1,0,1,0,0,
2147483929,0,0,0.000619044,1,0,1,0,0,
2147483932,0,0,0.000511108,1,0,1,0,0,
2147483933,0,0,0.000511108,1,0,1,0,0,
2147483934,0,0,0.000308737,1,0,1,0,255,
2147483939,0,0,inf,1,0,1,0,0,27 32 26 263 264 265 266
2147483940,0,0,inf,1,0,1,0,255,25 27 32 26 263 264 265 266
2147483941,0,0,inf,1,0,1,0,0,49 127 128 129 130 131
2147483942,0,0,inf,1,0,1,0,0,49 129 130 131
2147483943,0,0,inf,1,0,1,0,0,49 128 129 130 134
2147483945,0,0,inf,1,0,1,0,0,57 53 127 128 129 130
2147483947,0,0,0.000638885,2,0,1,0,0,134
2147483948,0,0,0.000749646,42,0,1,0,0,
2147483949,0,0,0.000502212,1,0,1,0,0,
2147483950,0,0,0.000710677,1,0,1,0,0,52 54 57 127 128 129 130
2147483951,0,0,0.000710677,1,0,1,0,255,52 54 57 127 128 129 130
2147483952,0,0,0.000684834,1,0,1,0,0,54 57 53 127 128 129 130 131
2147483954,0,0,0.000655698,2,0,1,0,255,
2147483955,0,0,0.00113284,2,0,1,0,0,
2147483956,0,0,0.000521846,4,0,1,0,0,
2147483963,0,0,0.000611448,2,0,1,0,0,
2147483964,0,0,0.000450698,46,0,1,0,0,
2147483965,0,0,0.000515971,1,0,1,0,0,
2147483966,0,0,0.000575052,1,0,1,0,0,
2147483967,0,0,0.00135776,1,0,1,0,0,25 26 263 264 265 266
2147483968,0,0,0.000626831,2,0,1,0,0,
2147483969,0,0,0.00108951,2,0,1,0,255,
2147483970,0,0,0.000638885,2,0,1,0,0,
2147483971,0,0,0.000872043,42,0,1,0,255,
2147483972,0,0,0.000678664,1,0,1,0,0,52 54 128 129 130
2147483973,0,0,0.000678664,1,0,1,0,0,52 54 128 129 130
2147483974,0,0,0.00128813,1,0,1,0,0,52 128 129 130
2147483975,0,0,0.000655698,2,0,1,0,0,
2147483976,0,0,0.00113284,2,0,1,0,0,
2147483978,0,0,0.000448047,39,0,1,0,0,
2147483980,0,0,inf,1,0,1,0,0,25 27 32 26 263 264 265 266 23 270
2147483981,0,0,inf,1,0,1,0,0,25 27 32 26 263 264 265 266 269
2147483982,0,0,inf,1,0,1,0,255,27 32 26 263 264 265 266 267
