49 2147483649 2147483650 2147483653 2147483654 2147483655 2147483656 2147483658 2147483663 2147483664 2147483665 2147483668 2147483686 2147483696 2147483697 2147483698 2147483699 2147483723 2147483749 2147483750 2147483751 2147483752 2147483753 2147483754 2147483755 2147483756 2147483761 2147483764 2147483765 2147483772 2147483773 2147483774 2147483776 2147483778 2147483779 2147483780 2147483781 2147483782 2147483783 2147483784 2147483788 2147483789 2147483790 2147483791 2147483792 2147483793 2147483794 2147483800 2147483801 2147483802 2147483803 2147483805 2147483806 2147483807 2147483808 2147483809 2147483810 2147483811 2147483812 2147483813 2147483814 2147483815 2147483817 2147483818 2147483819 2147483820 2147483821 2147483823 2147483824 2147483826 2147483827 2147483828 2147483830 2147483831 2147483833 2147483834 2147483836 2147483837 
50 2147483649 2147483650 2147483653 2147483654 2147483668 2147483686 2147483696 2147483697 2147483698 2147483699 2147483728 2147483750 2147483807 2147483808 2147483811 2147483812 2147483813 2147483817 2147483819 2147483821 2147483823 2147483826 2147483827 2147483828 2147483830 2147483831 2147483833 2147483836 
51 2147483649 2147483650 2147483653 2147483654 2147483655 2147483656 2147483658 2147483665 2147483668 2147483686 2147483696 2147483697 2147483698 2147483699 2147483723 2147483728 2147483749 2147483750 2147483751 2147483752 2147483753 2147483754 2147483755 2147483756 2147483759 2147483760 2147483772 2147483773 2147483774 2147483786 2147483787 2147483788 2147483789 2147483790 2147483791 2147483792 2147483793 2147483794 2147483800 2147483801 2147483802 2147483803 2147483805 2147483806 2147483807 2147483808 2147483809 2147483810 2147483811 2147483812 2147483813 2147483814 2147483815 2147483817 2147483818 2147483819 2147483820 2147483821 2147483823 2147483824 2147483826 2147483827 2147483828 2147483830 2147483831 2147483833 2147483834 2147483836 2147483837 
52 2147483649 2147483650 2147483653 2147483654 2147483655 2147483656 2147483658 2147483663 2147483664 2147483665 2147483668 2147483686 2147483696 2147483697 2147483698 2147483699 2147483723 2147483749 2147483750 2147483764 2147483768 2147483769 2147483778 2147483779 2147483780 2147483781 2147483782 2147483783 2147483786 2147483787 2147483788 2147483789 2147483790 2147483791 2147483792 2147483793 2147483800 2147483801 2147483802 2147483803 2147483805 2147483806 2147483807 2147483808 2147483811 2147483812 2147483813 2147483817 2147483818 2147483819 2147483820 2147483821 2147483823 2147483824 2147483826 2147483828 2147483830 2147483831 2147483833 2147483834 2147483836 2147483837 
53 2147483649 2147483653 2147483654 2147483655 2147483656 2147483663 2147483664 2147483665 2147483668 2147483686 2147483696 2147483697 2147483698 2147483699 2147483728 2147483749 2147483750 2147483751 2147483752 2147483753 2147483754 2147483755 2147483759 2147483760 2147483764 2147483768 2147483769 2147483772 2147483773 2147483774 2147483778 2147483779 2147483780 2147483781 2147483782 2147483783 2147483784 2147483786 2147483787 2147483788 2147483789 2147483790 2147483791 2147483792 2147483793 2147483794 2147483807 2147483808 2147483811 2147483817 2147483823 2147483826 2147483827 2147483830 2147483833 
54 2147483649 2147483650 2147483653 2147483654 2147483655 2147483656 2147483658 2147483663 2147483664 2147483665 2147483686 2147483696 2147483697 2147483698 2147483699 2147483750 2147483753 2147483754 2147483755 2147483768 2147483778 2147483779 2147483780 2147483781 2147483782 2147483783 2147483786 2147483787 2147483788 2147483789 2147483790 2147483791 2147483792 2147483793 2147483800 2147483801 2147483802 2147483803 2147483805 2147483806 2147483807 2147483808 2147483809 2147483810 2147483811 2147483812 2147483813 2147483814 2147483815 2147483817 2147483819 2147483823 2147483826 2147483828 2147483830 2147483831 2147483833 
57 2147483649 2147483650 2147483653 2147483654 2147483655 2147483656 2147483658 2147483663 2147483664 2147483665 2147483668 2147483686 2147483696 2147483697 2147483698 2147483699 2147483728 2147483749 2147483750 2147483751 2147483752 2147483754 2147483759 2147483760 2147483764 2147483765 2147483768 2147483769 2147483772 2147483773 2147483774 2147483778 2147483779 2147483780 2147483781 2147483782 2147483783 2147483784 2147483786 2147483788 2147483789 2147483790 2147483791 2147483792 2147483793 2147483794 2147483800 2147483801 2147483802 2147483803 2147483805 2147483806 2147483807 2147483808 2147483811 2147483813 2147483817 2147483819 2147483823 2147483826 2147483828 2147483830 2147483831 2147483833 
127 2147483649 2147483650 2147483653 2147483654 2147483665 2147483668 2147483686 2147483696 2147483697 2147483698 2147483699 2147483750 2147483807 2147483808 2147483811 2147483817 2147483823 2147483826 2147483830 2147483833 
128 2147483649 2147483650 2147483653 2147483654 2147483665 2147483668 2147483686 2147483696 2147483697 2147483698 2147483699 2147483750 2147483807 2147483808 2147483811 2147483817 2147483823 2147483826 2147483830 2147483833 
129 2147483653 2147483665 2147483686 2147483696 2147483697 2147483698 2147483699 2147483807 2147483808 2147483811 
130 2147483653 2147483665 2147483686 2147483696 2147483697 2147483698 2147483699 2147483807 2147483808 2147483811 
131 2147483649 2147483650 2147483653 2147483654 2147483655 2147483656 2147483658 2147483668 2147483686 2147483696 2147483697 2147483698 2147483699 2147483728 2147483749 2147483750 2147483751 2147483752 2147483753 2147483754 2147483755 2147483756 2147483759 2147483760 2147483786 2147483787 2147483788 2147483789 2147483790 2147483791 2147483792 2147483793 2147483794 2147483800 2147483801 2147483802 2147483803 2147483805 2147483806 2147483807 2147483811 2147483817 2147483823 2147483826 2147483830 2147483833 
132 2147483649 2147483653 2147483654 2147483668 2147483686 2147483696 2147483697 2147483698 2147483699 2147483723 2147483728 2147483750 2147483807 2147483808 2147483811 2147483817 2147483823 2147483826 2147483827 2147483830 2147483833 2147483837 
133 2147483649 2147483650 2147483653 2147483654 2147483668 2147483686 2147483696 2147483697 2147483698 2147483699 2147483723 2147483728 2147483749 2147483750 2147483751 2147483752 2147483753 2147483754 2147483755 2147483756 2147483759 2147483760 2147483761 2147483764 2147483765 2147483768 2147483769 2147483807 2147483808 2147483809 2147483810 2147483811 2147483812 2147483813 2147483814 2147483815 2147483817 2147483818 2147483819 2147483820 2147483821 2147483823 2147483824 2147483826 2147483827 2147483828 2147483830 2147483831 2147483833 2147483834 2147483836 2147483837 
134 2147483649 2147483650 2147483653 2147483654 2147483655 2147483656 2147483658 2147483663 2147483664 2147483668 2147483686 2147483696 2147483697 2147483698 2147483699 2147483723 2147483728 2147483749 2147483750 2147483751 2147483752 2147483753 2147483754 2147483755 2147483756 2147483759 2147483760 2147483761 2147483764 2147483765 2147483768 2147483769 2147483778 2147483779 2147483780 2147483781 2147483782 2147483783 2147483786 2147483787 2147483788 2147483789 2147483790 2147483791 2147483792 2147483793 2147483794 2147483800 2147483801 2147483802 2147483803 2147483805 2147483806 2147483807 2147483808 2147483811 2147483817 2147483823 2147483826 2147483827 2147483830 2147483833 2147483837 
151 2147483719 2147483720 2147483721 2147483736 2147483737 2147483738 2147483745 2147483746 2147483747 
152 2147483719 2147483720 2147483721 2147483736 2147483737 2147483738 2147483745 2147483746 2147483747 
153 2147483719 2147483720 2147483721 2147483736 2147483737 2147483738 2147483745 2147483746 2147483747 
154 
155 
156 
157 
158 
159 
160 
161 
162 
163 
164 
165 
166 
2147483649 2147483650 2147483653 2147483654 2147483668 2147483696 2147483697 2147483698 2147483699 2147483723 2147483750 2147483817 2147483823 2147483826 2147483827 2147483830 2147483833 2147483837 52 49 54 57 53 127 128 51 133 134 131 132 50 2147483650 2147483653 2147483654 2147483668 2147483696 2147483697 2147483698 2147483699 2147483723 2147483750 2147483817 2147483823 2147483826 2147483827 2147483830 2147483833 2147483837 
2147483650 2147483649 2147483649 2147483654 2147483696 2147483697 2147483698 2147483699 2147483750 2147483817 2147483823 2147483826 49 52 54 57 127 128 51 133 134 131 50 2147483654 2147483696 2147483697 2147483698 2147483699 2147483750 2147483817 2147483823 2147483826 
2147483653 2147483649 2147483649 2147483654 2147483668 2147483686 2147483696 2147483697 2147483698 2147483699 2147483723 2147483728 2147483750 2147483807 2147483808 2147483811 2147483817 2147483823 2147483826 2147483827 2147483830 2147483833 2147483837 49 52 54 57 53 127 128 129 130 51 133 134 131 132 50 2147483654 2147483668 2147483686 2147483696 2147483697 2147483698 2147483699 2147483723 2147483728 2147483750 2147483807 2147483808 2147483811 2147483817 2147483823 2147483826 2147483827 2147483830 2147483833 2147483837 
2147483654 2147483649 2147483650 2147483653 2147483649 2147483650 2147483653 2147483696 2147483697 2147483698 2147483699 2147483750 2147483817 2147483823 2147483826 2147483830 2147483833 49 52 54 57 53 127 128 51 133 134 131 132 50 2147483696 2147483697 2147483698 2147483699 2147483750 2147483817 2147483823 2147483826 2147483830 2147483833 
2147483655 2147483656 2147483696 2147483698 2147483699 2147483788 2147483789 2147483790 2147483791 2147483792 2147483793 2147483794 53 49 52 54 57 51 134 131 2147483656 2147483696 2147483698 2147483699 2147483788 2147483789 2147483790 2147483791 2147483792 2147483793 2147483794 
2147483656 2147483655 2147483655 2147483696 2147483698 2147483699 2147483788 2147483789 2147483790 2147483791 2147483792 2147483793 2147483794 57 49 52 54 53 51 134 131 2147483696 2147483698 2147483699 2147483788 2147483789 2147483790 2147483791 2147483792 2147483793 2147483794 
2147483658 2147483696 2147483698 2147483699 2147483800 2147483801 2147483802 2147483803 2147483805 2147483806 49 52 54 57 51 134 131 2147483696 2147483698 2147483699 2147483800 2147483801 2147483802 2147483803 2147483805 2147483806 
2147483663 2147483664 2147483696 2147483778 2147483779 2147483780 2147483781 2147483782 2147483783 2147483784 53 49 52 54 57 134 2147483664 2147483696 2147483778 2147483779 2147483780 2147483781 2147483782 2147483783 2147483784 
2147483664 2147483663 2147483663 2147483696 2147483778 2147483779 2147483780 2147483781 2147483782 2147483783 2147483784 57 49 52 54 53 134 2147483696 2147483778 2147483779 2147483780 2147483781 2147483782 2147483783 2147483784 
2147483665 2147483772 2147483773 2147483774 49 53 52 54 57 127 128 129 130 51 2147483772 2147483773 2147483774 
2147483668 2147483649 2147483653 2147483649 2147483653 2147483696 2147483697 2147483698 2147483699 2147483817 2147483823 2147483826 2147483830 2147483833 49 52 57 53 127 128 51 133 134 131 132 50 2147483696 2147483697 2147483698 2147483699 2147483817 2147483823 2147483826 2147483830 2147483833 
2147483686 2147483653 2147483653 2147483696 2147483697 2147483698 2147483728 2147483736 2147483737 2147483738 2147483811 2147483812 2147483813 2147483819 2147483821 2147483828 2147483831 2147483836 131 49 52 54 57 53 127 128 129 130 51 133 134 132 50 2147483696 2147483697 2147483698 2147483728 2147483736 2147483737 2147483738 2147483811 2147483812 2147483813 2147483819 2147483821 2147483828 2147483831 2147483836 
2147483696 2147483649 2147483650 2147483653 2147483654 2147483655 2147483656 2147483658 2147483663 2147483664 2147483668 2147483686 2147483649 2147483650 2147483653 2147483654 2147483655 2147483656 2147483658 2147483663 2147483664 2147483668 2147483686 2147483697 2147483698 2147483699 2147483723 2147483728 2147483749 2147483750 2147483751 2147483752 2147483753 2147483754 2147483755 2147483756 2147483759 2147483760 2147483761 2147483764 2147483765 2147483768 2147483769 2147483778 2147483779 2147483780 2147483781 2147483782 2147483783 2147483786 2147483787 2147483788 2147483789 2147483790 2147483791 2147483792 2147483793 2147483794 2147483800 2147483801 2147483802 2147483803 2147483805 2147483806 2147483807 2147483808 2147483811 2147483817 2147483823 2147483826 2147483827 2147483830 2147483833 2147483837 53 57 49 52 54 127 128 129 130 51 133 134 131 132 50 2147483697 2147483698 2147483699 2147483723 2147483728 2147483749 2147483750 2147483751 2147483752 2147483753 2147483754 2147483755 2147483756 2147483759 2147483760 2147483761 2147483764 2147483765 2147483768 2147483769 2147483778 2147483779 2147483780 2147483781 2147483782 2147483783 2147483786 2147483787 2147483788 2147483789 2147483790 2147483791 2147483792 2147483793 2147483794 2147483800 2147483801 2147483802 2147483803 2147483805 2147483806 2147483807 2147483808 2147483811 2147483817 2147483823 2147483826 2147483827 2147483830 2147483833 2147483837 
2147483697 2147483649 2147483650 2147483653 2147483654 2147483668 2147483686 2147483696 2147483649 2147483650 2147483653 2147483654 2147483668 2147483686 2147483696 2147483698 2147483699 2147483719 2147483720 2147483721 2147483723 2147483728 2147483736 2147483737 2147483738 2147483745 2147483746 2147483747 2147483749 2147483750 2147483751 2147483752 2147483753 2147483754 2147483755 2147483756 2147483759 2147483760 2147483761 2147483764 2147483765 2147483768 2147483769 2147483807 2147483808 2147483809 2147483810 2147483811 2147483812 2147483813 2147483814 2147483815 2147483817 2147483818 2147483819 2147483820 2147483821 2147483823 2147483824 2147483826 2147483827 2147483828 2147483830 2147483831 2147483833 2147483834 2147483836 2147483837 57 52 54 50 49 53 127 128 129 130 51 133 134 131 132 2147483698 2147483699 2147483719 2147483720 2147483721 2147483723 2147483728 2147483736 2147483737 2147483738 2147483745 2147483746 2147483747 2147483749 2147483750 2147483751 2147483752 2147483753 2147483754 2147483755 2147483756 2147483759 2147483760 2147483761 2147483764 2147483765 2147483768 2147483769 2147483807 2147483808 2147483809 2147483810 2147483811 2147483812 2147483813 2147483814 2147483815 2147483817 2147483818 2147483819 2147483820 2147483821 2147483823 2147483824 2147483826 2147483827 2147483828 2147483830 2147483831 2147483833 2147483834 2147483836 2147483837 
2147483698 2147483649 2147483650 2147483653 2147483654 2147483655 2147483656 2147483658 2147483668 2147483686 2147483696 2147483697 2147483649 2147483650 2147483653 2147483654 2147483655 2147483656 2147483658 2147483668 2147483686 2147483696 2147483697 2147483699 2147483719 2147483720 2147483721 2147483723 2147483728 2147483736 2147483737 2147483738 2147483745 2147483746 2147483747 2147483749 2147483750 2147483751 2147483752 2147483753 2147483754 2147483755 2147483756 2147483759 2147483760 2147483786 2147483787 2147483788 2147483789 2147483790 2147483791 2147483792 2147483793 2147483794 2147483800 2147483801 2147483802 2147483803 2147483805 2147483806 2147483807 2147483808 2147483809 2147483810 2147483811 2147483812 2147483813 2147483814 2147483815 2147483817 2147483818 2147483819 2147483820 2147483821 2147483823 2147483824 2147483826 2147483827 2147483828 2147483830 2147483831 2147483833 2147483834 2147483836 2147483837 54 49 52 57 53 127 128 129 130 51 133 134 131 132 50 2147483699 2147483719 2147483720 2147483721 2147483723 2147483728 2147483736 2147483737 2147483738 2147483745 2147483746 2147483747 2147483749 2147483750 2147483751 2147483752 2147483753 2147483754 2147483755 2147483756 2147483759 2147483760 2147483786 2147483787 2147483788 2147483789 2147483790 2147483791 2147483792 2147483793 2147483794 2147483800 2147483801 2147483802 2147483803 2147483805 2147483806 2147483807 2147483808 2147483809 2147483810 2147483811 2147483812 2147483813 2147483814 2147483815 2147483817 2147483818 2147483819 2147483820 2147483821 2147483823 2147483824 2147483826 2147483827 2147483828 2147483830 2147483831 2147483833 2147483834 2147483836 2147483837 
2147483699 2147483649 2147483650 2147483653 2147483654 2147483655 2147483656 2147483658 2147483668 2147483696 2147483697 2147483698 2147483649 2147483650 2147483653 2147483654 2147483655 2147483656 2147483658 2147483668 2147483696 2147483697 2147483698 2147483749 2147483750 2147483751 2147483752 2147483753 2147483754 2147483755 2147483756 2147483759 2147483760 2147483786 2147483787 2147483788 2147483789 2147483790 2147483791 2147483792 2147483793 2147483794 2147483800 2147483801 2147483802 2147483803 2147483805 2147483806 2147483807 2147483817 2147483823 2147483826 2147483830 2147483833 52 49 54 57 53 127 128 129 130 51 133 134 131 132 50 2147483749 2147483750 2147483751 2147483752 2147483753 2147483754 2147483755 2147483756 2147483759 2147483760 2147483786 2147483787 2147483788 2147483789 2147483790 2147483791 2147483792 2147483793 2147483794 2147483800 2147483801 2147483802 2147483803 2147483805 2147483806 2147483807 2147483817 2147483823 2147483826 2147483830 2147483833 
2147483719 2147483697 2147483698 2147483697 2147483698 2147483720 2147483721 2147483809 2147483810 151 152 153 2147483720 2147483721 2147483809 2147483810 
2147483720 2147483697 2147483698 2147483719 2147483697 2147483698 2147483719 2147483721 2147483809 2147483810 151 152 153 2147483721 2147483809 2147483810 
2147483721 2147483697 2147483698 2147483719 2147483720 2147483697 2147483698 2147483719 2147483720 2147483809 2147483810 151 152 153 2147483809 2147483810 
2147483723 2147483649 2147483653 2147483696 2147483697 2147483698 2147483649 2147483653 2147483696 2147483697 2147483698 49 52 51 133 134 132 
2147483728 2147483653 2147483686 2147483696 2147483697 2147483698 2147483653 2147483686 2147483696 2147483697 2147483698 2147483811 57 53 51 133 134 131 132 50 2147483811 
2147483736 2147483686 2147483697 2147483698 2147483686 2147483697 2147483698 2147483737 2147483738 2147483812 2147483813 2147483819 151 152 153 2147483737 2147483738 2147483812 2147483813 2147483819 
2147483737 2147483686 2147483697 2147483698 2147483736 2147483686 2147483697 2147483698 2147483736 2147483738 2147483812 2147483813 2147483819 151 152 153 2147483738 2147483812 2147483813 2147483819 
2147483738 2147483686 2147483697 2147483698 2147483736 2147483737 2147483686 2147483697 2147483698 2147483736 2147483737 2147483812 2147483813 2147483819 151 152 153 2147483812 2147483813 2147483819 
2147483745 2147483697 2147483698 2147483697 2147483698 2147483746 2147483747 2147483814 2147483815 151 152 153 2147483746 2147483747 2147483814 2147483815 
2147483746 2147483697 2147483698 2147483745 2147483697 2147483698 2147483745 2147483747 2147483814 2147483815 151 152 153 2147483747 2147483814 2147483815 
2147483747 2147483697 2147483698 2147483745 2147483746 2147483697 2147483698 2147483745 2147483746 2147483814 2147483815 151 152 153 2147483814 2147483815 
2147483749 2147483696 2147483697 2147483698 2147483699 2147483696 2147483697 2147483698 2147483699 2147483750 2147483751 2147483752 53 49 52 57 51 133 134 131 2147483750 2147483751 2147483752 
2147483750 2147483649 2147483650 2147483653 2147483654 2147483696 2147483697 2147483698 2147483699 2147483749 2147483649 2147483650 2147483653 2147483654 2147483696 2147483697 2147483698 2147483699 2147483749 2147483786 2147483787 2147483817 2147483823 2147483826 2147483830 2147483833 52 49 54 57 53 127 128 51 133 134 131 132 50 2147483786 2147483787 2147483817 2147483823 2147483826 2147483830 2147483833 
2147483751 2147483696 2147483697 2147483698 2147483699 2147483749 2147483696 2147483697 2147483698 2147483699 2147483749 2147483752 57 49 53 51 133 134 131 2147483752 
2147483752 2147483696 2147483697 2147483698 2147483699 2147483749 2147483751 2147483696 2147483697 2147483698 2147483699 2147483749 2147483751 49 57 53 51 133 134 131 
2147483753 2147483696 2147483697 2147483698 2147483699 2147483696 2147483697 2147483698 2147483699 2147483754 2147483755 49 54 53 51 133 134 131 2147483754 2147483755 
2147483754 2147483696 2147483697 2147483698 2147483699 2147483753 2147483696 2147483697 2147483698 2147483699 2147483753 2147483755 54 49 57 53 51 133 134 131 2147483755 
2147483755 2147483696 2147483697 2147483698 2147483699 2147483753 2147483754 2147483696 2147483697 2147483698 2147483699 2147483753 2147483754 53 49 54 51 133 134 131 
2147483756 2147483696 2147483697 2147483698 2147483699 2147483696 2147483697 2147483698 2147483699 49 51 133 134 131 
2147483759 2147483696 2147483697 2147483698 2147483699 2147483696 2147483697 2147483698 2147483699 2147483760 57 53 51 133 134 131 2147483760 
2147483760 2147483696 2147483697 2147483698 2147483699 2147483759 2147483696 2147483697 2147483698 2147483699 2147483759 53 57 51 133 134 131 
2147483761 2147483696 2147483697 2147483696 2147483697 49 133 134 
2147483764 2147483696 2147483697 2147483696 2147483697 2147483765 2147483768 2147483769 57 49 52 53 133 134 2147483765 2147483768 2147483769 
2147483765 2147483696 2147483697 2147483764 2147483696 2147483697 2147483764 49 57 133 134 
2147483768 2147483696 2147483697 2147483764 2147483696 2147483697 2147483764 2147483769 52 54 57 53 133 134 2147483769 
2147483769 2147483696 2147483697 2147483764 2147483768 2147483696 2147483697 2147483764 2147483768 53 52 57 133 134 
2147483772 2147483665 2147483665 2147483773 2147483774 53 49 57 51 2147483773 2147483774 
2147483773 2147483665 2147483772 2147483665 2147483772 2147483774 57 49 53 51 2147483774 
2147483774 2147483665 2147483772 2147483773 2147483665 2147483772 2147483773 49 57 53 51 
2147483776 49 
2147483778 2147483663 2147483664 2147483696 2147483663 2147483664 2147483696 2147483779 2147483780 2147483781 2147483782 2147483783 49 52 54 57 53 134 2147483779 2147483780 2147483781 2147483782 2147483783 
2147483779 2147483663 2147483664 2147483696 2147483778 2147483663 2147483664 2147483696 2147483778 2147483780 2147483781 2147483782 2147483783 49 52 54 57 53 134 2147483780 2147483781 2147483782 2147483783 
2147483780 2147483663 2147483664 2147483696 2147483778 2147483779 2147483663 2147483664 2147483696 2147483778 2147483779 49 52 54 57 53 134 
2147483781 2147483663 2147483664 2147483696 2147483778 2147483779 2147483663 2147483664 2147483696 2147483778 2147483779 49 52 54 57 53 134 
2147483782 2147483663 2147483664 2147483696 2147483778 2147483779 2147483663 2147483664 2147483696 2147483778 2147483779 49 52 54 57 53 134 
2147483783 2147483663 2147483664 2147483696 2147483778 2147483779 2147483663 2147483664 2147483696 2147483778 2147483779 49 52 54 57 53 134 
2147483784 2147483663 2147483664 2147483663 2147483664 49 57 53 
2147483786 2147483696 2147483698 2147483699 2147483750 2147483696 2147483698 2147483699 2147483750 2147483787 54 52 57 53 51 134 131 2147483787 
2147483787 2147483696 2147483698 2147483699 2147483750 2147483786 2147483696 2147483698 2147483699 2147483750 2147483786 53 52 54 51 134 131 
2147483788 2147483655 2147483656 2147483696 2147483698 2147483699 2147483655 2147483656 2147483696 2147483698 2147483699 2147483789 2147483790 2147483791 2147483792 2147483793 49 52 54 57 53 51 134 131 2147483789 2147483790 2147483791 2147483792 2147483793 
2147483789 2147483655 2147483656 2147483696 2147483698 2147483699 2147483788 2147483655 2147483656 2147483696 2147483698 2147483699 2147483788 2147483790 2147483791 2147483792 2147483793 49 52 54 57 53 51 134 131 2147483790 2147483791 2147483792 2147483793 
2147483790 2147483655 2147483656 2147483696 2147483698 2147483699 2147483788 2147483789 2147483655 2147483656 2147483696 2147483698 2147483699 2147483788 2147483789 49 52 54 57 53 51 134 131 
2147483791 2147483655 2147483656 2147483696 2147483698 2147483699 2147483788 2147483789 2147483655 2147483656 2147483696 2147483698 2147483699 2147483788 2147483789 49 52 54 57 53 51 134 131 
2147483792 2147483655 2147483656 2147483696 2147483698 2147483699 2147483788 2147483789 2147483655 2147483656 2147483696 2147483698 2147483699 2147483788 2147483789 49 52 54 57 53 51 134 131 
2147483793 2147483655 2147483656 2147483696 2147483698 2147483699 2147483788 2147483789 2147483655 2147483656 2147483696 2147483698 2147483699 2147483788 2147483789 49 52 54 57 53 51 134 131 
2147483794 2147483655 2147483656 2147483696 2147483698 2147483699 2147483655 2147483656 2147483696 2147483698 2147483699 49 57 53 51 134 131 
2147483800 2147483658 2147483696 2147483698 2147483699 2147483658 2147483696 2147483698 2147483699 2147483805 2147483806 49 52 54 57 51 134 131 2147483805 2147483806 
2147483801 2147483658 2147483696 2147483698 2147483699 2147483658 2147483696 2147483698 2147483699 2147483805 2147483806 49 52 54 57 51 134 131 2147483805 2147483806 
2147483802 2147483658 2147483696 2147483698 2147483699 2147483658 2147483696 2147483698 2147483699 2147483805 2147483806 49 52 54 57 51 134 131 2147483805 2147483806 
2147483803 2147483658 2147483696 2147483698 2147483699 2147483658 2147483696 2147483698 2147483699 2147483805 2147483806 49 52 54 57 51 134 131 2147483805 2147483806 
2147483805 2147483658 2147483696 2147483698 2147483699 2147483800 2147483801 2147483802 2147483803 2147483658 2147483696 2147483698 2147483699 2147483800 2147483801 2147483802 2147483803 2147483806 49 52 54 57 51 134 131 2147483806 
2147483806 2147483658 2147483696 2147483698 2147483699 2147483800 2147483801 2147483802 2147483803 2147483805 2147483658 2147483696 2147483698 2147483699 2147483800 2147483801 2147483802 2147483803 2147483805 49 52 54 57 51 134 131 
2147483807 2147483653 2147483696 2147483697 2147483698 2147483699 2147483653 2147483696 2147483697 2147483698 2147483699 57 49 52 54 53 127 128 129 130 51 133 134 131 132 50 
2147483808 2147483653 2147483696 2147483697 2147483698 2147483653 2147483696 2147483697 2147483698 57 133 49 52 54 53 127 128 129 130 51 134 132 50 
2147483809 2147483697 2147483698 2147483719 2147483720 2147483721 2147483697 2147483698 2147483719 2147483720 2147483721 2147483810 49 54 51 133 2147483810 
2147483810 2147483697 2147483698 2147483719 2147483720 2147483721 2147483809 2147483697 2147483698 2147483719 2147483720 2147483721 2147483809 54 49 51 133 
2147483811 2147483653 2147483686 2147483696 2147483697 2147483698 2147483728 2147483653 2147483686 2147483696 2147483697 2147483698 2147483728 50 49 52 54 57 53 127 128 129 130 51 133 134 131 132 
2147483812 2147483686 2147483697 2147483698 2147483736 2147483737 2147483738 2147483686 2147483697 2147483698 2147483736 2147483737 2147483738 2147483813 2147483819 49 52 54 51 133 50 2147483813 2147483819 
2147483813 2147483686 2147483697 2147483698 2147483736 2147483737 2147483738 2147483812 2147483686 2147483697 2147483698 2147483736 2147483737 2147483738 2147483812 2147483819 2147483828 2147483831 54 49 52 57 51 133 50 2147483819 2147483828 2147483831 
2147483814 2147483697 2147483698 2147483745 2147483746 2147483747 2147483697 2147483698 2147483745 2147483746 2147483747 2147483815 49 54 51 133 2147483815 
2147483815 2147483697 2147483698 2147483745 2147483746 2147483747 2147483814 2147483697 2147483698 2147483745 2147483746 2147483747 2147483814 54 49 51 133 
2147483817 2147483649 2147483650 2147483653 2147483654 2147483668 2147483696 2147483697 2147483698 2147483699 2147483750 2147483649 2147483650 2147483653 2147483654 2147483668 2147483696 2147483697 2147483698 2147483699 2147483750 2147483823 2147483826 2147483830 2147483833 49 52 54 57 53 127 128 51 133 134 131 132 50 2147483823 2147483826 2147483830 2147483833 
2147483818 2147483697 2147483698 2147483697 2147483698 2147483834 49 52 51 133 2147483834 
2147483819 2147483686 2147483697 2147483698 2147483736 2147483737 2147483738 2147483812 2147483813 2147483686 2147483697 2147483698 2147483736 2147483737 2147483738 2147483812 2147483813 2147483824 2147483828 2147483831 2147483836 49 52 54 57 51 133 50 2147483824 2147483828 2147483831 2147483836 
2147483820 2147483697 2147483698 2147483697 2147483698 2147483834 52 49 51 133 2147483834 
2147483821 2147483686 2147483697 2147483698 2147483686 2147483697 2147483698 2147483836 52 49 51 133 50 2147483836 
2147483823 2147483649 2147483650 2147483653 2147483654 2147483668 2147483696 2147483697 2147483698 2147483699 2147483750 2147483817 2147483649 2147483650 2147483653 2147483654 2147483668 2147483696 2147483697 2147483698 2147483699 2147483750 2147483817 2147483826 2147483827 2147483830 2147483833 131 49 52 54 57 53 127 128 51 133 134 132 50 2147483826 2147483827 2147483830 2147483833 
2147483824 2147483697 2147483698 2147483819 2147483697 2147483698 2147483819 49 52 51 133 
2147483826 2147483649 2147483650 2147483653 2147483654 2147483668 2147483696 2147483697 2147483698 2147483699 2147483750 2147483817 2147483823 2147483649 2147483650 2147483653 2147483654 2147483668 2147483696 2147483697 2147483698 2147483699 2147483750 2147483817 2147483823 2147483830 2147483833 49 52 54 57 53 127 128 51 133 134 131 132 50 2147483830 2147483833 
2147483827 2147483649 2147483653 2147483696 2147483697 2147483698 2147483823 2147483649 2147483653 2147483696 2147483697 2147483698 2147483823 49 53 51 133 134 132 50 
2147483828 2147483686 2147483697 2147483698 2147483813 2147483819 2147483686 2147483697 2147483698 2147483813 2147483819 2147483831 49 52 54 57 51 133 50 2147483831 
2147483830 2147483649 2147483653 2147483654 2147483668 2147483696 2147483697 2147483698 2147483699 2147483750 2147483817 2147483823 2147483826 2147483649 2147483653 2147483654 2147483668 2147483696 2147483697 2147483698 2147483699 2147483750 2147483817 2147483823 2147483826 2147483833 49 52 54 57 53 127 128 51 133 134 131 132 50 2147483833 
2147483831 2147483686 2147483697 2147483698 2147483813 2147483819 2147483828 2147483686 2147483697 2147483698 2147483813 2147483819 2147483828 49 52 54 57 51 133 50 
2147483833 2147483649 2147483653 2147483654 2147483668 2147483696 2147483697 2147483698 2147483699 2147483750 2147483817 2147483823 2147483826 2147483830 2147483649 2147483653 2147483654 2147483668 2147483696 2147483697 2147483698 2147483699 2147483750 2147483817 2147483823 2147483826 2147483830 132 52 49 54 57 53 127 128 51 133 134 131 50 
2147483834 2147483697 2147483698 2147483818 2147483820 2147483697 2147483698 2147483818 2147483820 49 52 51 133 
2147483836 2147483686 2147483697 2147483698 2147483819 2147483821 2147483686 2147483697 2147483698 2147483819 2147483821 49 52 51 133 50 
2147483837 2147483649 2147483653 2147483696 2147483697 2147483698 2147483649 2147483653 2147483696 2147483697 2147483698 49 52 51 133 134 132 
