2 2147483837 2147483840 
3 2147483680 2147483867 
5 
6 
8 2147483837 2147483840 
9 
11 2147483837 2147483840 
13 2147483680 2147483867 
16 2147483680 2147483867 
18 2147483837 2147483840 
19 
21 2147483680 2147483867 
22 2147483726 2147483755 2147483793 2147483796 2147483838 2147483865 2147483870 
23 2147483726 2147483793 2147483796 2147483838 2147483865 2147483870 
24 2147483755 2147483865 
25 2147483726 2147483755 2147483793 2147483796 2147483838 2147483865 2147483870 
26 2147483726 2147483755 2147483793 2147483796 2147483838 2147483865 2147483870 
27 2147483865 2147483870 
32 2147483865 2147483870 
49 2147483649 2147483650 2147483656 2147483658 2147483662 2147483663 2147483669 2147483671 2147483673 2147483684 2147483696 2147483701 2147483703 2147483706 2147483720 2147483724 2147483725 2147483727 2147483730 2147483732 2147483735 2147483749 2147483753 2147483754 2147483756 2147483760 2147483761 2147483778 2147483779 2147483785 2147483804 2147483805 2147483806 2147483807 2147483811 2147483812 2147483813 2147483820 2147483821 2147483822 2147483823 2147483827 2147483828 2147483829 2147483843 2147483844 2147483845 2147483846 2147483859 2147483866 2147483871 2147483874 2147483875 2147483876 2147483878 2147483879 2147483880 2147483881 2147483882 2147483884 
50 2147483649 2147483650 2147483656 2147483658 2147483662 2147483663 2147483669 2147483671 2147483696 2147483720 2147483724 2147483725 2147483727 2147483749 2147483753 2147483754 2147483797 2147483798 2147483801 2147483802 2147483804 2147483805 2147483806 2147483807 2147483808 2147483811 2147483812 2147483813 2147483818 2147483819 2147483820 2147483821 2147483822 2147483823 2147483824 2147483827 2147483828 2147483829 2147483835 2147483857 2147483859 2147483861 2147483874 2147483876 2147483880 2147483881 2147483884 
51 2147483649 2147483650 2147483656 2147483658 2147483662 2147483663 2147483669 2147483671 2147483673 2147483696 2147483720 2147483724 2147483725 2147483749 2147483753 2147483754 2147483756 2147483760 2147483761 2147483778 2147483779 2147483857 2147483859 2147483861 2147483871 2147483874 2147483875 2147483876 
52 2147483649 2147483650 2147483656 2147483658 2147483662 2147483663 2147483669 2147483671 2147483673 2147483684 2147483692 2147483693 2147483696 2147483703 2147483706 2147483720 2147483724 2147483727 2147483732 2147483735 2147483749 2147483753 2147483756 2147483761 2147483779 2147483797 2147483801 2147483805 2147483806 2147483807 2147483808 2147483811 2147483812 2147483813 2147483818 2147483819 2147483821 2147483822 2147483823 2147483824 2147483827 2147483828 2147483829 2147483835 2147483844 2147483845 2147483846 2147483847 2147483859 2147483866 2147483871 2147483874 2147483875 2147483876 2147483880 2147483881 2147483882 2147483884 
53 2147483649 2147483650 2147483656 2147483658 2147483662 2147483663 2147483669 2147483671 2147483673 2147483684 2147483692 2147483693 2147483696 2147483701 2147483706 2147483720 2147483724 2147483725 2147483727 2147483730 2147483735 2147483749 2147483753 2147483754 2147483756 2147483758 2147483761 2147483776 2147483779 2147483797 2147483798 2147483801 2147483802 2147483804 2147483805 2147483806 2147483807 2147483808 2147483811 2147483812 2147483813 2147483818 2147483819 2147483820 2147483821 2147483822 2147483823 2147483824 2147483827 2147483828 2147483829 2147483835 2147483843 2147483844 2147483845 2147483846 2147483847 2147483857 2147483859 2147483861 2147483866 2147483871 2147483874 2147483875 2147483876 2147483878 2147483879 2147483880 2147483881 2147483882 2147483884 
54 2147483649 2147483650 2147483656 2147483658 2147483662 2147483663 2147483669 2147483671 2147483673 2147483684 2147483692 2147483693 2147483696 2147483701 2147483720 2147483724 2147483749 2147483753 2147483761 2147483779 2147483797 2147483801 2147483807 2147483808 2147483811 2147483812 2147483818 2147483819 2147483823 2147483824 2147483827 2147483828 2147483835 2147483846 2147483847 2147483859 2147483866 2147483871 2147483874 2147483875 2147483876 2147483878 2147483884 
57 2147483649 2147483650 2147483656 2147483658 2147483662 2147483663 2147483669 2147483671 2147483673 2147483684 2147483693 2147483696 2147483701 2147483720 2147483724 2147483725 2147483727 2147483730 2147483749 2147483753 2147483754 2147483756 2147483758 2147483761 2147483776 2147483779 2147483797 2147483798 2147483801 2147483802 2147483805 2147483806 2147483807 2147483808 2147483812 2147483818 2147483819 2147483821 2147483822 2147483823 2147483824 2147483828 2147483844 2147483845 2147483846 2147483847 2147483859 2147483866 2147483871 2147483874 2147483875 2147483876 2147483878 2147483879 2147483880 2147483881 2147483882 2147483884 
59 2147483680 2147483867 
61 
127 2147483649 2147483650 2147483656 2147483658 2147483662 2147483663 2147483669 2147483671 2147483673 2147483696 2147483720 2147483724 2147483749 2147483753 2147483761 2147483779 2147483797 2147483798 2147483801 2147483802 2147483805 2147483806 2147483807 2147483808 2147483811 2147483812 2147483818 2147483819 2147483821 2147483822 2147483823 2147483824 2147483827 2147483828 2147483835 2147483844 2147483845 2147483846 2147483847 2147483859 2147483871 2147483874 2147483875 2147483876 
128 2147483649 2147483650 2147483656 2147483658 2147483662 2147483663 2147483669 2147483671 2147483673 2147483696 2147483720 2147483724 2147483749 2147483753 2147483761 2147483779 2147483811 2147483812 2147483818 2147483819 2147483827 2147483828 2147483835 2147483859 2147483871 2147483874 2147483875 2147483876 
129 2147483649 2147483650 2147483656 2147483658 2147483662 2147483663 2147483669 2147483671 2147483673 2147483696 2147483720 2147483724 2147483749 2147483753 2147483761 2147483779 2147483859 2147483871 2147483874 2147483875 2147483876 
130 2147483649 2147483650 2147483656 2147483658 2147483662 2147483663 2147483669 2147483671 2147483673 2147483696 2147483720 2147483724 2147483749 2147483753 2147483761 2147483779 2147483859 2147483871 2147483874 2147483875 2147483876 
131 2147483649 2147483650 2147483656 2147483658 2147483662 2147483663 2147483669 2147483671 2147483673 2147483684 2147483692 2147483696 2147483701 2147483703 2147483706 2147483720 2147483724 2147483725 2147483727 2147483730 2147483732 2147483735 2147483749 2147483753 2147483754 2147483756 2147483758 2147483760 2147483761 2147483776 2147483778 2147483779 2147483797 2147483798 2147483801 2147483802 2147483804 2147483805 2147483806 2147483807 2147483808 2147483811 2147483812 2147483813 2147483818 2147483819 2147483820 2147483821 2147483822 2147483823 2147483824 2147483827 2147483828 2147483829 2147483835 2147483843 2147483844 2147483845 2147483846 2147483847 2147483857 2147483859 2147483861 2147483866 2147483874 2147483875 2147483876 2147483878 2147483879 2147483880 2147483881 2147483882 2147483884 
132 2147483649 2147483650 2147483656 2147483662 2147483663 2147483669 2147483671 2147483673 2147483684 2147483696 2147483720 2147483730 2147483732 2147483735 2147483749 2147483753 2147483754 2147483756 2147483758 2147483776 2147483778 2147483779 2147483797 2147483798 2147483801 2147483802 2147483804 2147483805 2147483806 2147483807 2147483808 2147483811 2147483812 2147483813 2147483818 2147483819 2147483820 2147483821 2147483822 2147483823 2147483824 2147483827 2147483828 2147483829 2147483835 2147483859 2147483861 2147483866 2147483874 2147483875 2147483876 2147483879 2147483880 2147483881 2147483884 
133 2147483649 2147483650 2147483656 2147483662 2147483663 2147483669 2147483673 2147483684 2147483696 2147483720 2147483749 2147483758 2147483760 2147483761 2147483776 2147483857 2147483859 2147483861 2147483866 2147483874 2147483875 2147483884 
134 2147483649 2147483650 2147483656 2147483658 2147483662 2147483663 2147483669 2147483671 2147483673 2147483684 2147483692 2147483693 2147483696 2147483701 2147483703 2147483706 2147483720 2147483724 2147483725 2147483727 2147483730 2147483732 2147483735 2147483749 2147483753 2147483754 2147483756 2147483758 2147483760 2147483761 2147483776 2147483778 2147483779 2147483797 2147483798 2147483801 2147483802 2147483804 2147483805 2147483806 2147483807 2147483808 2147483811 2147483812 2147483813 2147483818 2147483819 2147483820 2147483821 2147483822 2147483823 2147483824 2147483827 2147483828 2147483829 2147483835 2147483843 2147483844 2147483845 2147483846 2147483847 2147483857 2147483859 2147483861 2147483866 2147483874 2147483875 2147483876 2147483878 2147483879 2147483880 2147483881 2147483882 2147483884 
151 2147483815 2147483831 
152 
153 
154 
155 
156 
157 
158 
159 
160 
161 
162 
163 
164 
165 
166 
247 
248 
249 
250 
251 2147483837 2147483840 
252 2147483837 2147483840 
253 
254 2147483837 2147483840 
263 2147483865 2147483870 
264 2147483865 2147483870 
265 2147483865 2147483870 
266 2147483865 2147483870 
267 2147483726 2147483755 2147483793 2147483796 2147483838 2147483865 2147483870 
268 2147483755 2147483793 2147483796 2147483838 2147483865 2147483870 
269 2147483865 
270 2147483726 2147483755 2147483793 2147483796 2147483838 2147483865 2147483870 
271 
272 
273 
274 
275 2147483680 2147483867 
276 2147483680 2147483867 
277 2147483680 2147483867 
278 2147483680 2147483867 
2147483649 2147483650 2147483656 2147483696 2147483720 2147483857 2147483874 49 57 52 54 53 127 128 129 130 51 133 134 131 132 50 2147483650 2147483656 2147483696 2147483720 2147483857 2147483874 
2147483650 2147483649 2147483649 2147483656 2147483696 2147483720 2147483874 53 49 52 54 57 127 128 129 130 51 133 134 131 132 50 2147483656 2147483696 2147483720 2147483874 
2147483656 2147483649 2147483650 2147483649 2147483650 2147483658 2147483696 2147483720 2147483857 2147483874 57 49 52 54 53 127 128 129 130 51 133 134 131 132 50 2147483658 2147483696 2147483720 2147483857 2147483874 
2147483658 2147483656 2147483656 2147483696 2147483724 2147483725 2147483874 53 57 49 52 54 127 128 129 130 51 134 131 50 2147483696 2147483724 2147483725 2147483874 
2147483662 2147483663 2147483669 2147483696 2147483749 2147483859 2147483861 2147483874 49 57 52 54 53 127 128 129 130 51 133 134 131 132 50 2147483663 2147483669 2147483696 2147483749 2147483859 2147483861 2147483874 
2147483663 2147483662 2147483662 2147483669 2147483696 2147483749 2147483859 53 49 52 54 57 127 128 129 130 51 133 134 131 132 50 2147483669 2147483696 2147483749 2147483859 
2147483669 2147483662 2147483663 2147483662 2147483663 2147483671 2147483696 2147483749 2147483859 2147483861 2147483874 57 49 52 54 53 127 128 129 130 51 133 134 131 132 50 2147483671 2147483696 2147483749 2147483859 2147483861 2147483874 
2147483671 2147483669 2147483669 2147483696 2147483753 2147483754 2147483859 2147483874 53 57 49 52 54 127 128 129 130 51 134 131 132 50 2147483696 2147483753 2147483754 2147483859 2147483874 
2147483673 2147483680 2147483684 2147483696 2147483758 2147483760 2147483761 2147483776 2147483859 2147483865 2147483866 2147483867 2147483874 2147483875 2147483884 49 53 52 54 57 127 128 129 130 51 133 134 131 132 2147483680 2147483684 2147483696 2147483758 2147483760 2147483761 2147483776 2147483859 2147483865 2147483866 2147483867 2147483874 2147483875 2147483884 
2147483680 2147483673 2147483673 2147483684 2147483696 2147483865 2147483866 2147483867 2147483874 2147483884 21 3 13 59 16 277 278 275 276 2147483684 2147483696 2147483865 2147483866 2147483867 2147483874 2147483884 
2147483684 2147483673 2147483680 2147483673 2147483680 2147483696 2147483865 2147483866 2147483867 2147483874 2147483884 52 49 54 57 53 133 134 131 132 2147483696 2147483865 2147483866 2147483867 2147483874 2147483884 
2147483692 2147483693 2147483696 2147483874 53 52 54 134 131 2147483693 2147483696 2147483874 
2147483693 2147483692 2147483692 2147483874 52 54 57 53 134 2147483874 
2147483696 2147483649 2147483650 2147483656 2147483658 2147483662 2147483663 2147483669 2147483671 2147483673 2147483680 2147483684 2147483692 2147483649 2147483650 2147483656 2147483658 2147483662 2147483663 2147483669 2147483671 2147483673 2147483680 2147483684 2147483692 2147483701 2147483703 2147483706 2147483720 2147483724 2147483725 2147483726 2147483727 2147483730 2147483732 2147483735 2147483749 2147483753 2147483754 2147483755 2147483756 2147483758 2147483760 2147483761 2147483776 2147483778 2147483779 2147483793 2147483796 2147483797 2147483798 2147483801 2147483802 2147483804 2147483805 2147483806 2147483807 2147483808 2147483811 2147483812 2147483813 2147483815 2147483818 2147483819 2147483820 2147483821 2147483822 2147483823 2147483824 2147483827 2147483828 2147483829 2147483831 2147483835 2147483837 2147483838 2147483840 2147483843 2147483844 2147483845 2147483846 2147483847 2147483857 2147483859 2147483861 2147483865 2147483866 2147483867 2147483870 2147483874 2147483875 2147483876 2147483878 2147483879 2147483880 2147483881 2147483882 2147483884 53 49 52 54 57 127 128 129 130 51 133 134 131 132 50 2147483701 2147483703 2147483706 2147483720 2147483724 2147483725 2147483726 2147483727 2147483730 2147483732 2147483735 2147483749 2147483753 2147483754 2147483755 2147483756 2147483758 2147483760 2147483761 2147483776 2147483778 2147483779 2147483793 2147483796 2147483797 2147483798 2147483801 2147483802 2147483804 2147483805 2147483806 2147483807 2147483808 2147483811 2147483812 2147483813 2147483815 2147483818 2147483819 2147483820 2147483821 2147483822 2147483823 2147483824 2147483827 2147483828 2147483829 2147483831 2147483835 2147483837 2147483838 2147483840 2147483843 2147483844 2147483845 2147483846 2147483847 2147483857 2147483859 2147483861 2147483865 2147483866 2147483867 2147483870 2147483874 2147483875 2147483876 2147483878 2147483879 2147483880 2147483881 2147483882 2147483884 
2147483701 2147483696 2147483696 2147483874 2147483878 49 54 57 53 134 131 2147483874 2147483878 
2147483703 2147483696 2147483696 2147483706 2147483874 49 52 134 131 2147483706 2147483874 
2147483706 2147483696 2147483703 2147483696 2147483703 2147483874 49 52 53 134 131 2147483874 
2147483720 2147483649 2147483650 2147483656 2147483696 2147483649 2147483650 2147483656 2147483696 2147483857 2147483874 54 49 52 57 53 127 128 129 130 51 133 134 131 132 50 2147483857 2147483874 
2147483724 2147483658 2147483696 2147483658 2147483696 2147483725 2147483726 2147483727 2147483874 53 49 52 54 57 127 128 129 130 51 134 131 50 2147483725 2147483726 2147483727 2147483874 
2147483725 2147483658 2147483696 2147483724 2147483658 2147483696 2147483724 2147483874 49 57 53 51 134 131 50 2147483874 
2147483726 2147483696 2147483724 2147483696 2147483724 2147483727 2147483874 22 25 26 23 270 267 2147483727 2147483874 
2147483727 2147483696 2147483724 2147483726 2147483696 2147483724 2147483726 2147483874 49 52 57 53 134 131 50 2147483874 
2147483730 2147483696 2147483696 2147483859 2147483874 2147483879 49 57 53 134 131 132 2147483859 2147483874 2147483879 
2147483732 2147483696 2147483696 2147483735 2147483859 2147483874 49 52 134 131 132 2147483735 2147483859 2147483874 
2147483735 2147483696 2147483732 2147483696 2147483732 2147483859 2147483874 49 52 53 134 131 132 2147483859 2147483874 
2147483749 2147483662 2147483663 2147483669 2147483696 2147483662 2147483663 2147483669 2147483696 2147483859 2147483861 2147483874 54 49 52 57 53 127 128 129 130 51 133 134 131 132 50 2147483859 2147483861 2147483874 
2147483753 2147483671 2147483696 2147483671 2147483696 2147483754 2147483755 2147483756 2147483859 2147483874 53 49 52 54 57 127 128 129 130 51 134 131 132 50 2147483754 2147483755 2147483756 2147483859 2147483874 
2147483754 2147483671 2147483696 2147483753 2147483671 2147483696 2147483753 2147483859 2147483874 49 57 53 51 134 131 132 50 2147483859 2147483874 
2147483755 2147483696 2147483753 2147483696 2147483753 2147483756 2147483859 2147483874 22 25 26 24 270 267 268 2147483756 2147483859 2147483874 
2147483756 2147483696 2147483753 2147483755 2147483696 2147483753 2147483755 2147483859 2147483874 49 52 57 53 51 134 131 132 2147483859 2147483874 
2147483758 2147483673 2147483696 2147483673 2147483696 2147483859 2147483874 57 53 133 134 131 132 2147483859 2147483874 
2147483760 2147483673 2147483696 2147483673 2147483696 2147483761 2147483875 49 51 133 134 131 2147483761 2147483875 
2147483761 2147483673 2147483696 2147483760 2147483673 2147483696 2147483760 2147483875 54 49 52 57 53 127 128 129 130 51 133 134 131 2147483875 
2147483776 2147483673 2147483696 2147483673 2147483696 2147483865 2147483874 57 53 133 134 131 132 2147483865 2147483874 
2147483778 2147483696 2147483696 2147483779 2147483865 2147483876 49 51 134 131 132 2147483779 2147483865 2147483876 
2147483779 2147483696 2147483778 2147483696 2147483778 2147483865 2147483876 54 49 52 57 53 127 128 129 130 51 134 131 132 2147483865 2147483876 
2147483785 49 
2147483793 2147483696 2147483696 2147483796 2147483865 2147483870 2147483874 2147483884 22 25 26 23 270 267 268 2147483796 2147483865 2147483870 2147483874 2147483884 
2147483796 2147483696 2147483793 2147483696 2147483793 2147483865 2147483870 2147483874 2147483884 23 22 25 26 270 267 268 2147483865 2147483870 2147483874 2147483884 
2147483797 2147483696 2147483696 2147483798 2147483865 2147483870 2147483874 127 52 54 57 53 134 131 132 50 2147483798 2147483865 2147483870 2147483874 
2147483798 2147483696 2147483797 2147483696 2147483797 2147483865 2147483870 2147483874 57 53 127 134 131 132 50 2147483865 2147483870 2147483874 
2147483801 2147483696 2147483696 2147483802 2147483865 2147483870 2147483874 127 52 54 57 53 134 131 132 50 2147483802 2147483865 2147483870 2147483874 
2147483802 2147483696 2147483801 2147483696 2147483801 2147483865 2147483870 2147483874 57 53 127 134 131 132 50 2147483865 2147483870 2147483874 
2147483804 2147483696 2147483696 2147483805 2147483865 2147483870 2147483874 49 53 134 131 132 50 2147483805 2147483865 2147483870 2147483874 
2147483805 2147483696 2147483804 2147483696 2147483804 2147483806 2147483807 2147483808 2147483865 2147483870 2147483874 2147483881 53 49 52 57 127 134 131 132 50 2147483806 2147483807 2147483808 2147483865 2147483870 2147483874 2147483881 
2147483806 2147483696 2147483805 2147483696 2147483805 2147483807 2147483808 2147483865 2147483870 2147483874 2147483881 57 49 52 53 127 134 131 132 50 2147483807 2147483808 2147483865 2147483870 2147483874 2147483881 
2147483807 2147483696 2147483805 2147483806 2147483696 2147483805 2147483806 2147483808 2147483865 2147483870 2147483874 2147483881 52 49 54 57 53 127 134 131 132 50 2147483808 2147483865 2147483870 2147483874 2147483881 
2147483808 2147483696 2147483805 2147483806 2147483807 2147483696 2147483805 2147483806 2147483807 2147483865 2147483870 2147483874 127 52 54 57 53 134 131 132 50 2147483865 2147483870 2147483874 
2147483811 2147483696 2147483696 2147483812 2147483813 2147483815 2147483818 2147483819 2147483865 2147483870 2147483874 53 49 52 54 127 128 134 131 132 50 2147483812 2147483813 2147483815 2147483818 2147483819 2147483865 2147483870 2147483874 
2147483812 2147483696 2147483811 2147483696 2147483811 2147483813 2147483815 2147483818 2147483819 2147483865 2147483870 2147483874 52 49 54 57 53 127 128 134 131 132 50 2147483813 2147483815 2147483818 2147483819 2147483865 2147483870 2147483874 
2147483813 2147483696 2147483811 2147483812 2147483696 2147483811 2147483812 2147483865 2147483870 2147483874 49 52 53 134 131 132 50 2147483865 2147483870 2147483874 
2147483815 2147483696 2147483811 2147483812 2147483696 2147483811 2147483812 2147483865 2147483870 2147483874 151 2147483865 2147483870 2147483874 
2147483818 2147483696 2147483811 2147483812 2147483696 2147483811 2147483812 2147483819 2147483865 2147483870 2147483874 127 52 54 57 53 128 134 131 132 50 2147483819 2147483865 2147483870 2147483874 
2147483819 2147483696 2147483811 2147483812 2147483818 2147483696 2147483811 2147483812 2147483818 2147483865 2147483870 2147483874 128 52 54 57 53 127 134 131 132 50 2147483865 2147483870 2147483874 
2147483820 2147483696 2147483696 2147483821 2147483865 2147483870 2147483874 49 53 134 131 132 50 2147483821 2147483865 2147483870 2147483874 
2147483821 2147483696 2147483820 2147483696 2147483820 2147483822 2147483823 2147483824 2147483865 2147483870 2147483874 2147483880 53 49 52 57 127 134 131 132 50 2147483822 2147483823 2147483824 2147483865 2147483870 2147483874 2147483880 
2147483822 2147483696 2147483821 2147483696 2147483821 2147483823 2147483824 2147483865 2147483870 2147483874 2147483880 57 49 52 53 127 134 131 132 50 2147483823 2147483824 2147483865 2147483870 2147483874 2147483880 
2147483823 2147483696 2147483821 2147483822 2147483696 2147483821 2147483822 2147483824 2147483865 2147483870 2147483874 2147483880 52 49 54 57 53 127 134 131 132 50 2147483824 2147483865 2147483870 2147483874 2147483880 
2147483824 2147483696 2147483821 2147483822 2147483823 2147483696 2147483821 2147483822 2147483823 2147483865 2147483870 2147483874 127 52 54 57 53 134 131 132 50 2147483865 2147483870 2147483874 
2147483827 2147483696 2147483696 2147483828 2147483829 2147483831 2147483835 2147483865 2147483870 2147483874 53 49 52 54 127 128 134 131 132 50 2147483828 2147483829 2147483831 2147483835 2147483865 2147483870 2147483874 
2147483828 2147483696 2147483827 2147483696 2147483827 2147483829 2147483831 2147483835 2147483865 2147483870 2147483874 52 49 54 57 53 127 128 134 131 132 50 2147483829 2147483831 2147483835 2147483865 2147483870 2147483874 
2147483829 2147483696 2147483827 2147483828 2147483696 2147483827 2147483828 2147483865 2147483870 2147483874 49 52 53 134 131 132 50 2147483865 2147483870 2147483874 
2147483831 2147483696 2147483827 2147483828 2147483696 2147483827 2147483828 2147483865 2147483870 2147483874 151 2147483865 2147483870 2147483874 
2147483835 2147483696 2147483827 2147483828 2147483696 2147483827 2147483828 2147483865 2147483870 2147483874 127 52 54 53 128 134 131 132 50 2147483865 2147483870 2147483874 
2147483837 2147483696 2147483696 2147483838 2147483840 2147483865 2147483870 2147483874 2147483884 2 11 18 8 254 251 252 2147483838 2147483840 2147483865 2147483870 2147483874 2147483884 
2147483838 2147483696 2147483837 2147483696 2147483837 2147483865 2147483870 2147483874 2147483884 22 25 26 23 270 267 268 2147483865 2147483870 2147483874 2147483884 
2147483840 2147483696 2147483837 2147483696 2147483837 2147483865 2147483870 2147483874 2147483884 2 11 18 8 254 251 252 2147483865 2147483870 2147483874 2147483884 
2147483843 2147483696 2147483696 2147483844 2147483874 49 53 134 131 2147483844 2147483874 
2147483844 2147483696 2147483843 2147483696 2147483843 2147483845 2147483846 2147483847 2147483874 2147483882 53 49 52 57 127 134 131 2147483845 2147483846 2147483847 2147483874 2147483882 
2147483845 2147483696 2147483844 2147483696 2147483844 2147483846 2147483847 2147483874 2147483882 57 49 52 53 127 134 131 2147483846 2147483847 2147483874 2147483882 
2147483846 2147483696 2147483844 2147483845 2147483696 2147483844 2147483845 2147483847 2147483874 2147483882 52 49 54 57 53 127 134 131 2147483847 2147483874 2147483882 
2147483847 2147483696 2147483844 2147483845 2147483846 2147483696 2147483844 2147483845 2147483846 2147483874 127 52 54 57 53 134 131 2147483874 
2147483857 2147483649 2147483656 2147483696 2147483720 2147483649 2147483656 2147483696 2147483720 2147483874 53 51 133 134 131 50 2147483874 
2147483859 2147483662 2147483663 2147483669 2147483671 2147483673 2147483696 2147483730 2147483732 2147483735 2147483749 2147483753 2147483754 2147483755 2147483756 2147483758 2147483662 2147483663 2147483669 2147483671 2147483673 2147483696 2147483730 2147483732 2147483735 2147483749 2147483753 2147483754 2147483755 2147483756 2147483758 2147483861 2147483874 2147483879 2147483884 49 53 52 54 57 127 128 129 130 51 133 134 131 132 50 2147483861 2147483874 2147483879 2147483884 
2147483861 2147483662 2147483669 2147483696 2147483749 2147483859 2147483662 2147483669 2147483696 2147483749 2147483859 2147483874 53 51 133 134 131 132 50 2147483874 
2147483865 2147483673 2147483680 2147483684 2147483696 2147483776 2147483778 2147483779 2147483793 2147483796 2147483797 2147483798 2147483801 2147483802 2147483804 2147483805 2147483806 2147483807 2147483808 2147483811 2147483812 2147483813 2147483815 2147483818 2147483819 2147483820 2147483821 2147483822 2147483823 2147483824 2147483827 2147483828 2147483829 2147483831 2147483835 2147483837 2147483838 2147483840 2147483673 2147483680 2147483684 2147483696 2147483776 2147483778 2147483779 2147483793 2147483796 2147483797 2147483798 2147483801 2147483802 2147483804 2147483805 2147483806 2147483807 2147483808 2147483811 2147483812 2147483813 2147483815 2147483818 2147483819 2147483820 2147483821 2147483822 2147483823 2147483824 2147483827 2147483828 2147483829 2147483831 2147483835 2147483837 2147483838 2147483840 2147483866 2147483867 2147483870 2147483874 2147483875 2147483876 2147483880 2147483881 2147483884 22 26 23 25 27 32 263 264 265 266 24 269 270 267 268 2147483866 2147483867 2147483870 2147483874 2147483875 2147483876 2147483880 2147483881 2147483884 
2147483866 2147483673 2147483680 2147483684 2147483696 2147483865 2147483673 2147483680 2147483684 2147483696 2147483865 2147483867 2147483874 2147483884 57 49 52 54 53 133 134 131 132 2147483867 2147483874 2147483884 
2147483867 2147483673 2147483680 2147483684 2147483696 2147483865 2147483866 2147483673 2147483680 2147483684 2147483696 2147483865 2147483866 2147483874 2147483884 3 13 21 59 16 277 278 275 276 2147483874 2147483884 
2147483870 2147483696 2147483793 2147483796 2147483797 2147483798 2147483801 2147483802 2147483804 2147483805 2147483806 2147483807 2147483808 2147483811 2147483812 2147483813 2147483815 2147483818 2147483819 2147483820 2147483821 2147483822 2147483823 2147483824 2147483827 2147483828 2147483829 2147483831 2147483835 2147483837 2147483838 2147483840 2147483865 2147483696 2147483793 2147483796 2147483797 2147483798 2147483801 2147483802 2147483804 2147483805 2147483806 2147483807 2147483808 2147483811 2147483812 2147483813 2147483815 2147483818 2147483819 2147483820 2147483821 2147483822 2147483823 2147483824 2147483827 2147483828 2147483829 2147483831 2147483835 2147483837 2147483838 2147483840 2147483865 2147483874 2147483876 2147483880 2147483881 2147483884 26 22 25 268 27 32 263 264 265 266 23 270 267 2147483874 2147483876 2147483880 2147483881 2147483884 
2147483871 49 53 52 54 57 127 128 129 130 51 
2147483874 2147483649 2147483650 2147483656 2147483658 2147483662 2147483669 2147483671 2147483673 2147483680 2147483684 2147483692 2147483693 2147483696 2147483701 2147483703 2147483706 2147483720 2147483724 2147483725 2147483726 2147483727 2147483730 2147483732 2147483735 2147483749 2147483753 2147483754 2147483755 2147483756 2147483758 2147483776 2147483793 2147483796 2147483797 2147483798 2147483801 2147483802 2147483804 2147483805 2147483806 2147483807 2147483808 2147483811 2147483812 2147483813 2147483815 2147483818 2147483819 2147483820 2147483821 2147483822 2147483823 2147483824 2147483827 2147483828 2147483829 2147483831 2147483835 2147483837 2147483838 2147483840 2147483843 2147483844 2147483845 2147483846 2147483847 2147483857 2147483859 2147483861 2147483865 2147483866 2147483867 2147483870 2147483649 2147483650 2147483656 2147483658 2147483662 2147483669 2147483671 2147483673 2147483680 2147483684 2147483692 2147483693 2147483696 2147483701 2147483703 2147483706 2147483720 2147483724 2147483725 2147483726 2147483727 2147483730 2147483732 2147483735 2147483749 2147483753 2147483754 2147483755 2147483756 2147483758 2147483776 2147483793 2147483796 2147483797 2147483798 2147483801 2147483802 2147483804 2147483805 2147483806 2147483807 2147483808 2147483811 2147483812 2147483813 2147483815 2147483818 2147483819 2147483820 2147483821 2147483822 2147483823 2147483824 2147483827 2147483828 2147483829 2147483831 2147483835 2147483837 2147483838 2147483840 2147483843 2147483844 2147483845 2147483846 2147483847 2147483857 2147483859 2147483861 2147483865 2147483866 2147483867 2147483870 2147483878 2147483879 2147483880 2147483881 2147483882 2147483884 52 134 49 54 57 53 127 128 129 130 51 133 131 132 50 2147483878 2147483879 2147483880 2147483881 2147483882 2147483884 
2147483875 2147483673 2147483696 2147483760 2147483761 2147483865 2147483673 2147483696 2147483760 2147483761 2147483865 134 49 52 54 57 53 127 128 129 130 51 133 131 132 
2147483876 2147483696 2147483778 2147483779 2147483865 2147483870 2147483696 2147483778 2147483779 2147483865 2147483870 134 49 52 54 57 53 127 128 129 130 51 131 132 50 
2147483878 2147483696 2147483701 2147483874 2147483696 2147483701 2147483874 53 54 49 57 134 131 
2147483879 2147483696 2147483730 2147483859 2147483874 2147483696 2147483730 2147483859 2147483874 53 49 57 134 131 132 
2147483880 2147483696 2147483821 2147483822 2147483823 2147483865 2147483870 2147483874 2147483696 2147483821 2147483822 2147483823 2147483865 2147483870 2147483874 49 52 57 53 134 131 132 50 
2147483881 2147483696 2147483805 2147483806 2147483807 2147483865 2147483870 2147483874 2147483696 2147483805 2147483806 2147483807 2147483865 2147483870 2147483874 49 52 57 53 134 131 132 50 
2147483882 2147483696 2147483844 2147483845 2147483846 2147483874 2147483696 2147483844 2147483845 2147483846 2147483874 49 52 57 53 134 131 
2147483884 2147483673 2147483680 2147483684 2147483696 2147483793 2147483796 2147483837 2147483838 2147483840 2147483859 2147483865 2147483866 2147483867 2147483870 2147483874 2147483673 2147483680 2147483684 2147483696 2147483793 2147483796 2147483837 2147483838 2147483840 2147483859 2147483865 2147483866 2147483867 2147483870 2147483874 49 52 54 57 53 133 134 131 132 50 
