2 2147483853 2147483898 2147483969 
3 2147484019 
5 2147483853 2147483898 2147483969 
6 2147484019 
8 2147483853 2147483898 2147483969 
9 2147484019 
11 
13 2147484019 
16 2147484019 
18 
19 
21 2147484019 
22 2147483701 2147483725 2147483754 2147483766 2147483784 2147483808 2147483818 2147483837 2147483843 2147483846 2147483866 2147483871 2147483887 2147483890 2147483909 2147483953 2147483957 2147483984 2147483988 2147484043 2147484044 2147484054 
23 2147483701 2147483725 2147483754 2147483766 2147483808 2147483818 2147483837 2147483843 2147483846 2147483909 2147483953 2147483957 2147483984 2147483988 2147484043 2147484044 2147484054 
24 2147483701 2147483725 2147483754 2147483766 2147483784 2147483808 2147483818 2147483837 2147483843 2147483846 2147483866 2147483887 2147483890 2147483909 2147484043 2147484054 
25 2147483701 2147483725 2147483754 2147483766 2147483784 2147483808 2147483818 2147483843 2147483846 2147483866 2147483871 2147483887 2147483890 2147483909 2147483953 2147483957 2147483984 2147483988 2147484044 2147484054 
26 2147483701 2147483725 2147483754 2147483784 2147483818 2147483843 2147483887 2147483909 2147483953 2147484054 
27 2147483701 2147483725 2147483754 2147483808 2147483818 2147483843 2147483887 2147483909 2147483953 2147484054 
32 2147483701 2147483725 2147483754 2147483818 2147483843 2147483887 2147483909 2147483953 2147484054 
49 2147483648 2147483650 2147483656 2147483660 2147483682 2147483683 2147483684 2147483687 2147483688 2147483694 2147483695 2147483697 2147483698 2147483700 2147483704 2147483705 2147483715 2147483718 2147483723 2147483727 2147483736 2147483737 2147483758 2147483760 2147483780 2147483781 2147483782 2147483783 2147483785 2147483799 2147483804 2147483811 2147483813 2147483816 2147483817 2147483819 2147483836 2147483841 2147483842 2147483844 2147483845 2147483847 2147483849 2147483850 2147483851 2147483852 2147483869 2147483872 2147483873 2147483874 2147483875 2147483876 2147483877 2147483878 2147483879 2147483880 2147483881 2147483882 2147483885 2147483886 2147483888 2147483889 2147483891 2147483893 2147483895 2147483896 2147483897 2147483922 2147483924 2147483927 2147483929 2147483932 2147483934 2147483944 2147483951 2147483952 2147483954 2147483955 2147483961 2147483963 2147483965 2147483966 2147483967 2147483972 2147483973 2147483974 2147483976 2147483980 2147483981 2147483982 2147483983 2147483987 2147483989 2147483990 2147483991 2147483992 2147483993 2147483994 2147483995 2147483996 2147483997 2147483998 2147483999 2147484003 2147484010 2147484013 2147484014 2147484015 2147484016 2147484018 2147484022 2147484025 2147484026 2147484027 2147484029 2147484032 2147484033 2147484035 2147484036 2147484037 2147484040 2147484041 2147484046 2147484049 2147484051 2147484052 2147484055 2147484056 2147484060 
50 2147483648 2147483650 2147483656 2147483660 2147483682 2147483683 2147483684 2147483687 2147483688 2147483694 2147483695 2147483697 2147483698 2147483700 2147483704 2147483705 2147483715 2147483718 2147483723 2147483727 2147483736 2147483737 2147483758 2147483760 2147483777 2147483782 2147483799 2147483811 2147483812 2147483813 2147483819 2147483832 2147483836 2147483841 2147483842 2147483844 2147483845 2147483847 2147483849 2147483850 2147483851 2147483852 2147483895 2147483896 2147483897 2147483919 2147483922 2147483932 2147483934 2147483939 2147483943 2147483944 2147483951 2147483952 2147483954 2147483955 2147483961 2147483963 2147483965 2147483966 2147483967 2147483983 2147483985 2147483986 2147483987 2147483989 2147483990 2147483991 2147483992 2147483993 2147483994 2147483995 2147483996 2147483997 2147483998 2147483999 2147484002 2147484003 2147484006 2147484010 2147484013 2147484014 2147484015 2147484016 2147484018 2147484022 2147484025 2147484026 2147484027 2147484032 2147484033 2147484035 2147484036 2147484037 2147484040 2147484046 2147484049 2147484051 2147484052 2147484055 2147484056 2147484060 
51 2147483648 2147483650 2147483656 2147483660 2147483682 2147483683 2147483684 2147483687 2147483688 2147483694 2147483697 2147483698 2147483700 2147483704 2147483705 2147483715 2147483718 2147483723 2147483727 2147483736 2147483737 2147483758 2147483760 2147483777 2147483780 2147483781 2147483782 2147483783 2147483785 2147483799 2147483804 2147483811 2147483812 2147483813 2147483816 2147483817 2147483819 2147483832 2147483836 2147483841 2147483842 2147483844 2147483845 2147483847 2147483849 2147483850 2147483851 2147483852 2147483867 2147483868 2147483869 2147483885 2147483886 2147483888 2147483889 2147483891 2147483893 2147483895 2147483896 2147483897 2147483919 2147483922 2147483934 2147483939 2147483943 2147483944 2147483965 2147483966 2147483967 2147483972 2147483973 2147483974 2147483985 2147483986 2147483987 2147484002 2147484003 2147484006 2147484010 2147484013 2147484014 2147484015 2147484016 2147484018 2147484022 2147484025 2147484026 2147484027 2147484029 2147484032 2147484033 2147484035 2147484036 2147484037 2147484040 2147484046 2147484049 2147484051 2147484055 2147484056 2147484060 
52 2147483648 2147483650 2147483656 2147483660 2147483682 2147483683 2147483684 2147483687 2147483688 2147483694 2147483695 2147483697 2147483698 2147483700 2147483704 2147483705 2147483715 2147483718 2147483723 2147483727 2147483736 2147483737 2147483758 2147483760 2147483780 2147483785 2147483799 2147483804 2147483811 2147483813 2147483842 2147483844 2147483845 2147483847 2147483849 2147483869 2147483872 2147483873 2147483875 2147483876 2147483877 2147483878 2147483879 2147483880 2147483881 2147483886 2147483888 2147483889 2147483891 2147483893 2147483922 2147483932 2147483934 2147483944 2147483952 2147483954 2147483955 2147483961 2147483963 2147483983 2147483987 2147483989 2147483990 2147483992 2147483993 2147483994 2147483995 2147483996 2147483997 2147483998 2147484003 2147484010 2147484013 2147484014 2147484015 2147484016 2147484018 2147484022 2147484025 2147484026 2147484027 2147484029 2147484032 2147484033 2147484035 2147484036 2147484037 2147484040 2147484046 2147484049 2147484051 2147484055 2147484056 2147484060 
53 2147483648 2147483650 2147483656 2147483660 2147483687 2147483688 2147483700 2147483704 2147483705 2147483715 2147483718 2147483723 2147483727 2147483736 2147483737 2147483758 2147483760 2147483777 2147483780 2147483781 2147483783 2147483785 2147483799 2147483812 2147483813 2147483816 2147483817 2147483832 2147483836 2147483842 2147483844 2147483845 2147483850 2147483851 2147483852 2147483867 2147483868 2147483869 2147483873 2147483874 2147483875 2147483876 2147483877 2147483878 2147483879 2147483880 2147483881 2147483882 2147483886 2147483888 2147483889 2147483895 2147483896 2147483897 2147483919 2147483922 2147483924 2147483927 2147483929 2147483934 2147483939 2147483943 2147483944 2147483952 2147483954 2147483955 2147483965 2147483966 2147483967 2147483972 2147483973 2147483974 2147483980 2147483981 2147483982 2147483985 2147483986 2147483990 2147484002 2147484003 2147484006 2147484014 2147484016 2147484018 2147484022 2147484027 2147484029 2147484032 2147484033 2147484035 2147484037 2147484040 2147484046 2147484049 2147484051 2147484055 2147484056 2147484060 
54 2147483648 2147483650 2147483656 2147483660 2147483683 2147483684 2147483687 2147483688 2147483694 2147483695 2147483697 2147483698 2147483700 2147483704 2147483705 2147483715 2147483718 2147483723 2147483727 2147483736 2147483737 2147483758 2147483760 2147483777 2147483780 2147483799 2147483804 2147483813 2147483842 2147483844 2147483845 2147483850 2147483851 2147483852 2147483886 2147483888 2147483889 2147483895 2147483896 2147483897 2147483919 2147483922 2147483934 2147483943 2147483944 2147483952 2147483954 2147483955 2147483965 2147483966 2147483967 2147484002 2147484010 2147484013 2147484014 2147484015 2147484016 2147484018 2147484022 2147484025 2147484026 2147484027 2147484029 2147484032 2147484033 2147484035 2147484036 2147484037 2147484040 2147484046 2147484049 2147484051 2147484055 2147484056 2147484060 
57 2147483648 2147483650 2147483656 2147483660 2147483687 2147483688 2147483694 2147483697 2147483698 2147483700 2147483704 2147483705 2147483715 2147483718 2147483723 2147483727 2147483736 2147483737 2147483758 2147483760 2147483777 2147483780 2147483781 2147483782 2147483783 2147483785 2147483799 2147483813 2147483817 2147483841 2147483842 2147483844 2147483845 2147483851 2147483852 2147483867 2147483868 2147483888 2147483889 2147483896 2147483897 2147483922 2147483924 2147483927 2147483929 2147483934 2147483944 2147483954 2147483955 2147483966 2147483967 2147483972 2147483973 2147483974 2147483980 2147483981 2147483982 2147483985 2147483986 2147484003 2147484014 2147484015 2147484016 2147484018 2147484022 2147484027 2147484029 2147484032 2147484033 2147484035 2147484037 2147484040 2147484046 2147484049 2147484051 2147484055 2147484056 2147484060 
59 2147484019 
61 
127 2147483648 2147483650 2147483656 2147483660 2147483687 2147483688 2147483700 2147483704 2147483705 2147483727 2147483736 2147483737 2147483758 2147483760 2147483780 2147483799 2147483813 2147483922 2147483934 2147484014 2147484016 2147484027 2147484029 2147484032 2147484033 2147484035 2147484037 2147484040 2147484046 2147484049 2147484051 2147484055 2147484056 
128 2147483648 2147483650 2147483656 2147483660 2147483687 2147483688 2147483700 2147483704 2147483705 2147483727 2147483736 2147483737 2147483758 2147483760 2147483780 2147483799 2147483813 2147483922 2147483934 2147484014 2147484016 2147484027 2147484029 2147484032 2147484033 2147484035 2147484037 2147484040 2147484046 2147484049 2147484051 2147484055 2147484056 
129 2147483648 2147483650 2147483656 2147483660 2147483687 2147483688 2147483700 2147483704 2147483705 2147483727 2147483736 2147483737 2147483758 2147483760 2147483780 2147483799 2147483813 2147483922 2147483934 2147484014 2147484016 2147484027 2147484029 2147484032 2147484033 2147484035 2147484037 2147484040 2147484046 2147484049 2147484051 2147484055 2147484056 
130 2147483648 2147483650 2147483656 2147483660 2147483687 2147483688 2147483700 2147483704 2147483705 2147483727 2147483736 2147483737 2147483758 2147483760 2147483780 2147483799 2147483813 2147483922 2147483934 2147484014 2147484016 2147484027 2147484029 2147484032 2147484033 2147484035 2147484037 2147484040 2147484046 2147484049 2147484051 2147484055 2147484056 
131 2147483648 2147483650 2147483656 2147483660 2147483682 2147483683 2147483684 2147483687 2147483688 2147483694 2147483695 2147483697 2147483698 2147483700 2147483704 2147483705 2147483715 2147483718 2147483723 2147483727 2147483758 2147483760 2147483777 2147483780 2147483781 2147483782 2147483783 2147483785 2147483799 2147483804 2147483811 2147483812 2147483813 2147483816 2147483817 2147483819 2147483832 2147483836 2147483841 2147483842 2147483844 2147483845 2147483847 2147483849 2147483850 2147483851 2147483852 2147483867 2147483868 2147483869 2147483872 2147483873 2147483874 2147483875 2147483876 2147483877 2147483878 2147483879 2147483880 2147483881 2147483882 2147483885 2147483886 2147483888 2147483889 2147483891 2147483893 2147483895 2147483896 2147483897 2147483919 2147483922 2147483924 2147483927 2147483929 2147483932 2147483934 2147483939 2147483943 2147483944 2147484002 2147484003 2147484006 2147484010 2147484013 2147484014 2147484015 2147484016 2147484018 2147484022 2147484025 2147484026 2147484032 2147484033 2147484035 2147484036 2147484037 2147484040 2147484041 2147484046 2147484051 2147484052 2147484055 2147484056 2147484060 
132 2147483648 2147483650 2147483656 2147483660 2147483683 2147483684 2147483687 2147483688 2147483694 2147483697 2147483698 2147483700 2147483704 2147483705 2147483718 2147483723 2147483736 2147483737 2147483758 2147483760 2147483777 2147483780 2147483781 2147483782 2147483783 2147483785 2147483799 2147483804 2147483811 2147483812 2147483813 2147483836 2147483850 2147483851 2147483852 2147483867 2147483868 2147483869 2147483872 2147483873 2147483874 2147483875 2147483876 2147483877 2147483878 2147483879 2147483880 2147483881 2147483882 2147483885 2147483886 2147483888 2147483889 2147483891 2147483893 2147483895 2147483896 2147483897 2147483919 2147483922 2147483965 2147483966 2147483967 2147483980 2147483981 2147483982 2147483983 2147483985 2147483986 2147483987 2147483989 2147483990 2147483991 2147483992 2147483993 2147483994 2147483995 2147483996 2147483997 2147483998 2147483999 2147484002 2147484003 2147484006 2147484010 2147484013 2147484014 2147484015 2147484016 2147484022 2147484027 2147484032 2147484033 2147484035 2147484036 2147484037 2147484040 2147484041 2147484046 2147484049 2147484051 2147484055 2147484056 
133 2147483648 2147483650 2147483656 2147483660 2147483682 2147483683 2147483684 2147483687 2147483688 2147483694 2147483695 2147483697 2147483698 2147483700 2147483704 2147483705 2147483715 2147483727 2147483736 2147483737 2147483758 2147483760 2147483799 2147483804 2147483811 2147483812 2147483813 2147483816 2147483817 2147483819 2147483832 2147483836 2147483841 2147483842 2147483844 2147483845 2147483847 2147483849 2147483850 2147483851 2147483852 2147483867 2147483868 2147483869 2147483872 2147483873 2147483874 2147483875 2147483876 2147483877 2147483878 2147483879 2147483880 2147483881 2147483882 2147483885 2147483886 2147483888 2147483889 2147483891 2147483893 2147483895 2147483896 2147483897 2147483922 2147483924 2147483927 2147483929 2147483932 2147483934 2147483951 2147483952 2147483954 2147483955 2147483961 2147483963 2147483965 2147483966 2147483967 2147483983 2147483985 2147483986 2147483987 2147483989 2147483990 2147483991 2147483992 2147483993 2147483994 2147483995 2147483996 2147483997 2147483998 2147483999 2147484002 2147484003 2147484006 2147484010 2147484013 2147484014 2147484015 2147484016 2147484018 2147484025 2147484027 2147484032 2147484033 2147484035 2147484036 2147484037 2147484040 2147484041 2147484046 2147484049 2147484051 2147484052 2147484055 2147484056 2147484060 
134 2147483648 2147483650 2147483656 2147483660 2147483682 2147483683 2147483684 2147483687 2147483688 2147483694 2147483695 2147483697 2147483698 2147483700 2147483704 2147483705 2147483715 2147483718 2147483723 2147483727 2147483736 2147483737 2147483758 2147483760 2147483777 2147483780 2147483781 2147483782 2147483783 2147483785 2147483799 2147483804 2147483811 2147483812 2147483813 2147483816 2147483817 2147483819 2147483832 2147483836 2147483841 2147483842 2147483844 2147483845 2147483847 2147483849 2147483850 2147483851 2147483852 2147483867 2147483868 2147483869 2147483872 2147483873 2147483874 2147483875 2147483876 2147483877 2147483878 2147483879 2147483880 2147483881 2147483882 2147483885 2147483886 2147483888 2147483889 2147483891 2147483893 2147483895 2147483896 2147483897 2147483919 2147483922 2147483924 2147483927 2147483929 2147483932 2147483934 2147483939 2147483943 2147483944 2147483951 2147483952 2147483954 2147483955 2147483961 2147483963 2147483965 2147483966 2147483967 2147483980 2147483981 2147483982 2147483983 2147483985 2147483986 2147483987 2147483989 2147483990 2147483991 2147483992 2147483993 2147483994 2147483995 2147483996 2147483997 2147483998 2147483999 2147484002 2147484003 2147484006 2147484010 2147484013 2147484014 2147484015 2147484016 2147484018 2147484022 2147484025 2147484026 2147484027 2147484032 2147484033 2147484035 2147484036 2147484037 2147484040 2147484041 2147484046 2147484049 2147484051 2147484052 2147484055 2147484056 2147484060 
151 2147483928 
152 
153 
154 
155 
156 
157 
158 
159 
160 
161 
162 
163 
164 
165 
166 
247 
248 
249 
250 
251 2147483853 2147483898 
252 2147483853 2147483898 2147483969 
253 2147483853 2147483898 2147483969 
254 2147483853 2147483898 2147483969 
263 2147483701 2147483725 2147483754 2147483818 
264 2147483701 2147483725 2147483754 2147483818 
265 2147483701 2147483725 2147483754 2147483818 
266 2147483701 2147483725 2147483754 2147483818 
267 2147483701 2147483725 2147483766 2147483784 2147483808 2147483818 2147483837 2147483843 2147483846 2147483866 2147483871 2147483887 2147483890 2147483909 2147484043 2147484054 
268 2147483701 2147483754 2147483766 2147483784 2147483808 2147483818 2147483837 2147483866 2147483871 2147483887 2147483890 2147483909 2147483984 2147483988 2147484043 2147484044 2147484054 
269 2147483701 2147483725 2147483754 2147483808 2147483818 2147483837 2147483843 2147483846 2147483866 2147483871 2147483887 2147483890 2147483909 2147483953 2147483957 2147483984 2147483988 2147484043 2147484044 2147484054 
270 2147483701 2147483725 2147483754 2147483766 2147483784 2147483808 2147483818 2147483837 2147483843 2147483846 2147483866 2147483871 2147483887 2147483890 2147483909 2147483953 2147483957 2147483984 2147483988 2147484043 2147484044 2147484054 
271 
272 
273 
274 
275 2147484019 
276 
277 2147484019 
278 2147484019 
2147483648 2147483650 2147483656 2147483660 2147483682 2147483683 2147483684 2147483687 2147483688 2147483694 2147483695 2147483697 2147483698 2147483700 2147483701 2147483704 2147483705 2147483715 2147483718 2147483723 2147483758 2147483760 2147483766 2147483777 2147483780 2147483781 2147483782 2147483783 2147483784 2147483785 2147483799 2147483804 2147483808 2147483811 2147483812 2147483813 2147483816 2147483817 2147483818 2147483819 2147483832 2147483836 2147483837 2147483841 2147483842 2147483843 2147483844 2147483845 2147483846 2147483847 2147483849 2147483850 2147483851 2147483852 2147483853 2147483866 2147483867 2147483868 2147483869 2147483871 2147483872 2147483873 2147483874 2147483875 2147483876 2147483877 2147483878 2147483879 2147483880 2147483881 2147483882 2147483885 2147483886 2147483887 2147483888 2147483889 2147483890 2147483891 2147483893 2147483895 2147483896 2147483897 2147483898 2147483909 2147483919 2147484002 2147484003 2147484006 2147484010 2147484013 2147484014 2147484015 2147484016 2147484018 2147484019 2147484022 2147484032 2147484033 2147484035 2147484036 2147484037 2147484040 2147484041 2147484043 2147484046 2147484051 2147484052 2147484054 2147484055 2147484056 2147484060 49 57 52 54 53 127 128 129 130 51 133 134 131 132 50 2147483650 2147483656 2147483660 2147483682 2147483683 2147483684 2147483687 2147483688 2147483694 2147483695 2147483697 2147483698 2147483700 2147483701 2147483704 2147483705 2147483715 2147483718 2147483723 2147483758 2147483760 2147483766 2147483777 2147483780 2147483781 2147483782 2147483783 2147483784 2147483785 2147483799 2147483804 2147483808 2147483811 2147483812 2147483813 2147483816 2147483817 2147483818 2147483819 2147483832 2147483836 2147483837 2147483841 2147483842 2147483843 2147483844 2147483845 2147483846 2147483847 2147483849 2147483850 2147483851 2147483852 2147483853 2147483866 2147483867 2147483868 2147483869 2147483871 2147483872 2147483873 2147483874 2147483875 2147483876 2147483877 2147483878 2147483879 2147483880 2147483881 2147483882 2147483885 2147483886 2147483887 2147483888 2147483889 2147483890 2147483891 2147483893 2147483895 2147483896 2147483897 2147483898 2147483909 2147483919 2147484002 2147484003 2147484006 2147484010 2147484013 2147484014 2147484015 2147484016 2147484018 2147484019 2147484022 2147484032 2147484033 2147484035 2147484036 2147484037 2147484040 2147484041 2147484043 2147484046 2147484051 2147484052 2147484054 2147484055 2147484056 2147484060 
2147483650 2147483648 2147483648 2147483758 2147483760 2147484033 2147484055 53 49 52 54 57 127 128 129 130 51 133 134 131 132 50 2147483758 2147483760 2147484033 2147484055 
2147483656 2147483648 2147483648 2147483660 2147483682 2147483683 2147483684 2147483687 2147483688 2147483694 2147483695 2147483697 2147483698 2147483700 2147483701 2147483704 2147483705 2147483715 2147483758 2147483799 2147483804 2147483808 2147483811 2147483812 2147483813 2147483816 2147483817 2147483818 2147483819 2147483832 2147483836 2147483837 2147483841 2147483842 2147483843 2147483844 2147483845 2147483846 2147483847 2147483849 2147483850 2147483851 2147483852 2147483853 2147483866 2147483867 2147483868 2147483869 2147483871 2147483872 2147483873 2147483874 2147483875 2147483876 2147483877 2147483878 2147483879 2147483880 2147483881 2147483882 2147483885 2147483886 2147483887 2147483888 2147483889 2147483890 2147483891 2147483893 2147483895 2147483896 2147483897 2147483898 2147483909 2147484003 2147484006 2147484010 2147484013 2147484014 2147484015 2147484016 2147484018 2147484019 2147484032 2147484035 2147484036 2147484037 2147484040 2147484041 2147484043 2147484046 2147484051 2147484052 2147484054 2147484056 2147484060 57 49 52 54 53 127 128 129 130 51 133 134 131 132 50 2147483660 2147483682 2147483683 2147483684 2147483687 2147483688 2147483694 2147483695 2147483697 2147483698 2147483700 2147483701 2147483704 2147483705 2147483715 2147483758 2147483799 2147483804 2147483808 2147483811 2147483812 2147483813 2147483816 2147483817 2147483818 2147483819 2147483832 2147483836 2147483837 2147483841 2147483842 2147483843 2147483844 2147483845 2147483846 2147483847 2147483849 2147483850 2147483851 2147483852 2147483853 2147483866 2147483867 2147483868 2147483869 2147483871 2147483872 2147483873 2147483874 2147483875 2147483876 2147483877 2147483878 2147483879 2147483880 2147483881 2147483882 2147483885 2147483886 2147483887 2147483888 2147483889 2147483890 2147483891 2147483893 2147483895 2147483896 2147483897 2147483898 2147483909 2147484003 2147484006 2147484010 2147484013 2147484014 2147484015 2147484016 2147484018 2147484019 2147484032 2147484035 2147484036 2147484037 2147484040 2147484041 2147484043 2147484046 2147484051 2147484052 2147484054 2147484056 2147484060 
2147483660 2147483648 2147483656 2147483648 2147483656 2147483758 2147483799 2147483804 2147483808 2147483811 2147483812 2147483813 2147484006 2147484010 2147484035 2147484036 2147484037 2147484043 2147484056 53 49 52 54 57 127 128 129 130 51 133 134 131 132 50 2147483758 2147483799 2147483804 2147483808 2147483811 2147483812 2147483813 2147484006 2147484010 2147484035 2147484036 2147484037 2147484043 2147484056 
2147483682 2147483648 2147483656 2147483648 2147483656 2147483683 2147483758 2147483818 2147484046 49 52 51 133 134 131 50 2147483683 2147483758 2147483818 2147484046 
2147483683 2147483648 2147483656 2147483682 2147483648 2147483656 2147483682 2147483684 2147483758 2147483818 2147484013 2147484032 2147484046 49 52 54 51 133 134 131 132 50 2147483684 2147483758 2147483818 2147484013 2147484032 2147484046 
2147483684 2147483648 2147483656 2147483683 2147483648 2147483656 2147483683 2147483758 2147483818 2147484013 2147484032 2147484046 49 52 54 51 133 134 131 132 50 2147483758 2147483818 2147484013 2147484032 2147484046 
2147483687 2147483648 2147483656 2147483648 2147483656 2147483758 2147483818 2147483836 2147483837 2147484046 49 53 52 54 57 127 128 129 130 51 133 134 131 132 50 2147483758 2147483818 2147483836 2147483837 2147484046 
2147483688 2147483648 2147483656 2147483648 2147483656 2147483758 2147483818 2147483841 2147483842 2147483843 2147483844 2147483845 2147483846 2147483847 2147483849 2147483850 2147483851 2147483852 2147483853 2147484014 2147484060 49 52 54 57 53 127 128 129 130 51 133 134 131 132 50 2147483758 2147483818 2147483841 2147483842 2147483843 2147483844 2147483845 2147483846 2147483847 2147483849 2147483850 2147483851 2147483852 2147483853 2147484014 2147484060 
2147483694 2147483648 2147483656 2147483648 2147483656 2147483695 2147483697 2147483698 2147483700 2147483701 2147483758 2147483818 2147483866 2147484015 49 52 54 57 51 133 134 131 132 50 2147483695 2147483697 2147483698 2147483700 2147483701 2147483758 2147483818 2147483866 2147484015 
2147483695 2147483648 2147483656 2147483694 2147483648 2147483656 2147483694 2147483698 2147483758 2147483818 49 52 54 133 134 131 50 2147483698 2147483758 2147483818 
2147483697 2147483648 2147483656 2147483694 2147483648 2147483656 2147483694 2147483698 2147483700 2147483701 2147483758 2147483818 2147484015 49 52 54 57 51 133 134 131 132 50 2147483698 2147483700 2147483701 2147483758 2147483818 2147484015 
2147483698 2147483648 2147483656 2147483694 2147483695 2147483697 2147483648 2147483656 2147483694 2147483695 2147483697 2147483700 2147483701 2147483758 2147483818 2147484015 49 52 54 57 51 133 134 131 132 50 2147483700 2147483701 2147483758 2147483818 2147484015 
2147483700 2147483648 2147483656 2147483694 2147483697 2147483698 2147483648 2147483656 2147483694 2147483697 2147483698 2147483701 2147483758 2147483818 2147483866 2147483867 2147483868 2147483869 2147483871 2147483872 2147483873 2147483874 2147483875 2147483876 2147483877 2147483878 2147483879 2147483880 2147483881 2147483882 2147484015 2147484054 49 52 54 57 53 127 128 129 130 51 133 134 131 132 50 2147483701 2147483758 2147483818 2147483866 2147483867 2147483868 2147483869 2147483871 2147483872 2147483873 2147483874 2147483875 2147483876 2147483877 2147483878 2147483879 2147483880 2147483881 2147483882 2147484015 2147484054 
2147483701 2147483648 2147483656 2147483694 2147483697 2147483698 2147483700 2147483648 2147483656 2147483694 2147483697 2147483698 2147483700 2147483758 2147483818 2147483866 2147483867 2147483868 2147483869 2147484015 2147484054 22 25 27 32 26 263 264 265 266 24 23 269 270 267 268 2147483758 2147483818 2147483866 2147483867 2147483868 2147483869 2147484015 2147484054 
2147483704 2147483648 2147483656 2147483648 2147483656 2147483705 2147483758 2147483885 2147483886 2147483887 2147483888 2147483889 2147483890 2147483891 2147483893 2147483895 2147483896 2147483897 2147483898 2147484016 2147484036 49 52 54 57 53 127 128 129 130 51 133 134 131 132 50 2147483705 2147483758 2147483885 2147483886 2147483887 2147483888 2147483889 2147483890 2147483891 2147483893 2147483895 2147483896 2147483897 2147483898 2147484016 2147484036 
2147483705 2147483648 2147483656 2147483704 2147483648 2147483656 2147483704 2147483758 2147483885 2147483886 2147483887 2147483888 2147483889 2147483890 2147483891 2147483893 2147483895 2147483896 2147483897 2147483898 2147484016 2147484036 57 49 52 54 53 127 128 129 130 51 133 134 131 132 50 2147483758 2147483885 2147483886 2147483887 2147483888 2147483889 2147483890 2147483891 2147483893 2147483895 2147483896 2147483897 2147483898 2147484016 2147484036 
2147483715 2147483648 2147483656 2147483648 2147483656 2147483758 2147483909 2147484018 2147484019 2147484040 2147484051 2147484054 52 49 54 57 53 51 133 134 131 50 2147483758 2147483909 2147484018 2147484019 2147484040 2147484051 2147484054 
2147483718 2147483648 2147483648 2147483723 2147483758 2147483909 2147484022 2147484032 2147484040 2147484051 2147484054 49 52 54 57 53 51 134 131 132 50 2147483723 2147483758 2147483909 2147484022 2147484032 2147484040 2147484051 2147484054 
2147483723 2147483648 2147483718 2147483648 2147483718 2147483758 2147483909 2147484022 2147484032 2147484040 2147484051 2147484054 54 49 52 57 53 51 134 131 132 50 2147483758 2147483909 2147484022 2147484032 2147484040 2147484051 2147484054 
2147483725 2147483727 2147483758 2147483922 2147483924 2147483927 2147483928 2147483929 2147483932 2147483934 2147484025 22 25 27 32 26 263 264 265 266 24 23 269 270 267 2147483727 2147483758 2147483922 2147483924 2147483927 2147483928 2147483929 2147483932 2147483934 2147484025 
2147483727 2147483725 2147483725 2147483758 2147483922 2147483932 2147483934 2147483939 2147483943 2147483944 2147484025 2147484026 57 49 52 54 53 127 128 129 130 51 133 134 131 50 2147483758 2147483922 2147483932 2147483934 2147483939 2147483943 2147483944 2147484025 2147484026 
2147483736 2147483737 2147483758 2147483951 2147483952 2147483953 2147483954 2147483955 2147483957 2147483961 2147483963 2147483965 2147483966 2147483967 2147483969 2147484027 2147484032 49 52 54 57 53 127 128 129 130 51 133 134 132 50 2147483737 2147483758 2147483951 2147483952 2147483953 2147483954 2147483955 2147483957 2147483961 2147483963 2147483965 2147483966 2147483967 2147483969 2147484027 2147484032 
2147483737 2147483736 2147483736 2147483758 2147483951 2147483952 2147483953 2147483954 2147483955 2147483957 2147483961 2147483963 2147483965 2147483966 2147483967 2147483969 2147484027 2147484032 57 49 52 54 53 127 128 129 130 51 133 134 132 50 2147483758 2147483951 2147483952 2147483953 2147483954 2147483955 2147483957 2147483961 2147483963 2147483965 2147483966 2147483967 2147483969 2147484027 2147484032 
2147483754 2147483758 2147483985 2147483986 2147483987 2147484032 2147484040 2147484049 22 25 27 32 26 263 264 265 266 24 23 269 270 268 2147483758 2147483985 2147483986 2147483987 2147484032 2147484040 2147484049 
2147483758 2147483648 2147483650 2147483656 2147483660 2147483682 2147483683 2147483684 2147483687 2147483688 2147483694 2147483695 2147483697 2147483698 2147483700 2147483701 2147483704 2147483705 2147483715 2147483718 2147483723 2147483725 2147483727 2147483736 2147483737 2147483754 2147483648 2147483650 2147483656 2147483660 2147483682 2147483683 2147483684 2147483687 2147483688 2147483694 2147483695 2147483697 2147483698 2147483700 2147483701 2147483704 2147483705 2147483715 2147483718 2147483723 2147483725 2147483727 2147483736 2147483737 2147483754 2147483760 2147483766 2147483777 2147483780 2147483781 2147483782 2147483783 2147483784 2147483785 2147483799 2147483804 2147483808 2147483811 2147483812 2147483813 2147483816 2147483817 2147483818 2147483819 2147483832 2147483836 2147483837 2147483841 2147483842 2147483843 2147483844 2147483845 2147483846 2147483847 2147483849 2147483850 2147483851 2147483852 2147483853 2147483866 2147483867 2147483868 2147483869 2147483871 2147483872 2147483873 2147483874 2147483875 2147483876 2147483877 2147483878 2147483879 2147483880 2147483881 2147483882 2147483885 2147483886 2147483887 2147483888 2147483889 2147483890 2147483891 2147483893 2147483895 2147483896 2147483897 2147483898 2147483909 2147483919 2147483922 2147483924 2147483927 2147483928 2147483929 2147483932 2147483934 2147483939 2147483943 2147483944 2147483951 2147483952 2147483953 2147483954 2147483955 2147483957 2147483961 2147483963 2147483965 2147483966 2147483967 2147483969 2147483980 2147483981 2147483982 2147483983 2147483984 2147483985 2147483986 2147483987 2147483988 2147483989 2147483990 2147483991 2147483992 2147483993 2147483994 2147483995 2147483996 2147483997 2147483998 2147483999 2147484002 2147484003 2147484006 2147484010 2147484013 2147484014 2147484015 2147484016 2147484018 2147484019 2147484022 2147484025 2147484026 2147484027 2147484032 2147484033 2147484035 2147484036 2147484037 2147484040 2147484041 2147484043 2147484044 2147484046 2147484049 2147484051 2147484052 2147484054 2147484055 2147484056 2147484060 53 49 52 54 57 127 128 129 130 51 133 134 131 132 50 2147483760 2147483766 2147483777 2147483780 2147483781 2147483782 2147483783 2147483784 2147483785 2147483799 2147483804 2147483808 2147483811 2147483812 2147483813 2147483816 2147483817 2147483818 2147483819 2147483832 2147483836 2147483837 2147483841 2147483842 2147483843 2147483844 2147483845 2147483846 2147483847 2147483849 2147483850 2147483851 2147483852 2147483853 2147483866 2147483867 2147483868 2147483869 2147483871 2147483872 2147483873 2147483874 2147483875 2147483876 2147483877 2147483878 2147483879 2147483880 2147483881 2147483882 2147483885 2147483886 2147483887 2147483888 2147483889 2147483890 2147483891 2147483893 2147483895 2147483896 2147483897 2147483898 2147483909 2147483919 2147483922 2147483924 2147483927 2147483928 2147483929 2147483932 2147483934 2147483939 2147483943 2147483944 2147483951 2147483952 2147483953 2147483954 2147483955 2147483957 2147483961 2147483963 2147483965 2147483966 2147483967 2147483969 2147483980 2147483981 2147483982 2147483983 2147483984 2147483985 2147483986 2147483987 2147483988 2147483989 2147483990 2147483991 2147483992 2147483993 2147483994 2147483995 2147483996 2147483997 2147483998 2147483999 2147484002 2147484003 2147484006 2147484010 2147484013 2147484014 2147484015 2147484016 2147484018 2147484019 2147484022 2147484025 2147484026 2147484027 2147484032 2147484033 2147484035 2147484036 2147484037 2147484040 2147484041 2147484043 2147484044 2147484046 2147484049 2147484051 2147484052 2147484054 2147484055 2147484056 2147484060 
2147483760 2147483648 2147483650 2147483758 2147483648 2147483650 2147483758 2147483766 2147483777 2147484002 2147484003 2147484033 2147484055 2147484056 57 53 54 49 52 127 128 129 130 51 133 134 131 132 50 2147483766 2147483777 2147484002 2147484003 2147484033 2147484055 2147484056 
2147483766 2147483648 2147483758 2147483760 2147483648 2147483758 2147483760 2147484003 2147484033 2147484056 22 25 24 23 270 267 268 2147484003 2147484033 2147484056 
2147483777 2147483648 2147483758 2147483760 2147483648 2147483758 2147483760 2147484002 2147484033 2147484056 54 57 53 51 134 131 132 50 2147484002 2147484033 2147484056 
2147483780 2147483648 2147483758 2147483648 2147483758 2147483781 2147483782 2147483783 2147483784 2147483785 2147484056 53 49 52 54 57 127 128 129 130 51 134 131 132 2147483781 2147483782 2147483783 2147483784 2147483785 2147484056 
2147483781 2147483648 2147483758 2147483780 2147483648 2147483758 2147483780 2147483782 2147483783 2147484056 57 49 53 51 134 131 132 2147483782 2147483783 2147484056 
2147483782 2147483648 2147483758 2147483780 2147483781 2147483648 2147483758 2147483780 2147483781 2147484033 2147484056 49 57 51 134 131 132 50 2147484033 2147484056 
2147483783 2147483648 2147483758 2147483780 2147483781 2147483648 2147483758 2147483780 2147483781 2147484056 49 57 53 51 134 131 132 2147484056 
2147483784 2147483648 2147483758 2147483780 2147483648 2147483758 2147483780 2147483785 2147484056 22 25 26 24 270 267 268 2147483785 2147484056 
2147483785 2147483648 2147483758 2147483780 2147483784 2147483648 2147483758 2147483780 2147483784 2147484056 49 52 57 53 51 134 131 132 2147484056 
2147483799 2147483648 2147483656 2147483660 2147483758 2147483648 2147483656 2147483660 2147483758 2147484006 2147484035 54 49 52 57 53 127 128 129 130 51 133 134 131 132 50 2147484006 2147484035 
2147483804 2147483648 2147483656 2147483660 2147483758 2147483648 2147483656 2147483660 2147483758 2147484010 2147484036 2147484056 49 52 54 51 133 134 131 132 2147484010 2147484036 2147484056 
2147483808 2147483648 2147483656 2147483660 2147483758 2147483648 2147483656 2147483660 2147483758 2147483813 2147484010 2147484036 2147484037 22 25 27 24 23 269 270 267 268 2147483813 2147484010 2147484036 2147484037 
2147483811 2147483648 2147483656 2147483660 2147483758 2147483648 2147483656 2147483660 2147483758 2147483813 2147484010 2147484037 49 52 51 133 134 131 132 50 2147483813 2147484010 2147484037 
2147483812 2147483648 2147483656 2147483660 2147483758 2147483648 2147483656 2147483660 2147483758 2147483813 2147484037 53 51 133 134 131 132 50 2147483813 2147484037 
2147483813 2147483648 2147483656 2147483660 2147483758 2147483808 2147483811 2147483812 2147483648 2147483656 2147483660 2147483758 2147483808 2147483811 2147483812 2147484010 2147484036 2147484037 54 49 52 57 53 127 128 129 130 51 133 134 131 132 50 2147484010 2147484036 2147484037 
2147483816 2147483648 2147483656 2147483758 2147483648 2147483656 2147483758 2147483817 2147484046 53 49 51 133 134 131 2147483817 2147484046 
2147483817 2147483648 2147483656 2147483758 2147483816 2147483648 2147483656 2147483758 2147483816 2147484046 49 57 53 51 133 134 131 2147484046 
2147483818 2147483648 2147483656 2147483682 2147483683 2147483684 2147483687 2147483688 2147483694 2147483695 2147483697 2147483698 2147483700 2147483701 2147483758 2147483648 2147483656 2147483682 2147483683 2147483684 2147483687 2147483688 2147483694 2147483695 2147483697 2147483698 2147483700 2147483701 2147483758 2147483819 2147483832 2147483836 2147483837 2147483841 2147483842 2147483843 2147483844 2147483845 2147483846 2147483847 2147483849 2147483850 2147483851 2147483852 2147483853 2147484013 2147484014 2147484015 2147484032 2147484046 2147484052 2147484060 22 25 27 32 26 263 264 265 266 24 23 269 270 267 268 2147483819 2147483832 2147483836 2147483837 2147483841 2147483842 2147483843 2147483844 2147483845 2147483846 2147483847 2147483849 2147483850 2147483851 2147483852 2147483853 2147484013 2147484014 2147484015 2147484032 2147484046 2147484052 2147484060 
2147483819 2147483648 2147483656 2147483758 2147483818 2147483648 2147483656 2147483758 2147483818 2147484046 49 51 133 134 131 50 2147484046 
2147483832 2147483648 2147483656 2147483758 2147483818 2147483648 2147483656 2147483758 2147483818 2147484046 53 51 133 134 131 50 2147484046 
2147483836 2147483648 2147483656 2147483687 2147483758 2147483818 2147483648 2147483656 2147483687 2147483758 2147483818 2147484046 49 53 51 133 134 131 132 50 2147484046 
2147483837 2147483648 2147483656 2147483687 2147483758 2147483818 2147483648 2147483656 2147483687 2147483758 2147483818 2147484046 22 24 23 269 270 267 268 2147484046 
2147483841 2147483648 2147483656 2147483688 2147483758 2147483818 2147483648 2147483656 2147483688 2147483758 2147483818 2147484060 49 57 51 133 134 131 50 2147484060 
2147483842 2147483648 2147483656 2147483688 2147483758 2147483818 2147483648 2147483656 2147483688 2147483758 2147483818 2147483843 2147483844 2147483845 2147484060 53 49 52 54 57 51 133 134 131 50 2147483843 2147483844 2147483845 2147484060 
2147483843 2147483648 2147483656 2147483688 2147483758 2147483818 2147483842 2147483648 2147483656 2147483688 2147483758 2147483818 2147483842 2147483844 2147483845 2147484060 27 22 25 32 26 24 23 269 270 267 2147483844 2147483845 2147484060 
2147483844 2147483648 2147483656 2147483688 2147483758 2147483818 2147483842 2147483843 2147483648 2147483656 2147483688 2147483758 2147483818 2147483842 2147483843 2147483845 2147484060 52 49 54 57 53 51 133 134 131 50 2147483845 2147484060 
2147483845 2147483648 2147483656 2147483688 2147483758 2147483818 2147483842 2147483843 2147483844 2147483648 2147483656 2147483688 2147483758 2147483818 2147483842 2147483843 2147483844 2147484060 49 52 54 57 53 51 133 134 131 50 2147484060 
2147483846 2147483648 2147483656 2147483688 2147483758 2147483818 2147483648 2147483656 2147483688 2147483758 2147483818 2147483847 22 25 24 23 269 270 267 2147483847 
2147483847 2147483648 2147483656 2147483688 2147483758 2147483818 2147483846 2147483648 2147483656 2147483688 2147483758 2147483818 2147483846 2147483849 49 52 51 133 134 131 50 2147483849 
2147483849 2147483648 2147483656 2147483688 2147483758 2147483818 2147483847 2147483648 2147483656 2147483688 2147483758 2147483818 2147483847 49 52 51 133 134 131 50 
2147483850 2147483648 2147483656 2147483688 2147483758 2147483818 2147483648 2147483656 2147483688 2147483758 2147483818 2147483851 2147483852 2147484014 53 49 54 51 133 134 131 132 50 2147483851 2147483852 2147484014 
2147483851 2147483648 2147483656 2147483688 2147483758 2147483818 2147483850 2147483648 2147483656 2147483688 2147483758 2147483818 2147483850 2147483852 2147484014 54 49 57 53 51 133 134 131 132 50 2147483852 2147484014 
2147483852 2147483648 2147483656 2147483688 2147483758 2147483818 2147483850 2147483851 2147483648 2147483656 2147483688 2147483758 2147483818 2147483850 2147483851 2147484014 49 54 57 53 51 133 134 131 132 50 2147484014 
2147483853 2147483648 2147483656 2147483688 2147483758 2147483818 2147483648 2147483656 2147483688 2147483758 2147483818 2147484014 2 5 8 253 254 251 252 2147484014 
2147483866 2147483648 2147483656 2147483694 2147483700 2147483701 2147483758 2147483648 2147483656 2147483694 2147483700 2147483701 2147483758 22 25 24 269 270 267 268 
2147483867 2147483648 2147483656 2147483700 2147483701 2147483758 2147483648 2147483656 2147483700 2147483701 2147483758 2147483868 53 57 51 133 134 131 132 2147483868 
2147483868 2147483648 2147483656 2147483700 2147483701 2147483758 2147483867 2147483648 2147483656 2147483700 2147483701 2147483758 2147483867 57 53 51 133 134 131 132 
2147483869 2147483648 2147483656 2147483700 2147483701 2147483758 2147483648 2147483656 2147483700 2147483701 2147483758 2147483871 2147483872 2147483873 2147484054 49 53 52 51 133 134 131 132 2147483871 2147483872 2147483873 2147484054 
2147483871 2147483648 2147483656 2147483700 2147483758 2147483869 2147483648 2147483656 2147483700 2147483758 2147483869 22 25 269 270 267 268 
2147483872 2147483648 2147483656 2147483700 2147483758 2147483869 2147483648 2147483656 2147483700 2147483758 2147483869 49 52 133 134 131 132 
2147483873 2147483648 2147483656 2147483700 2147483758 2147483869 2147483648 2147483656 2147483700 2147483758 2147483869 49 52 53 133 134 131 132 
2147483874 2147483648 2147483656 2147483700 2147483758 2147483648 2147483656 2147483700 2147483758 2147484054 49 53 133 134 131 132 2147484054 
2147483875 2147483648 2147483656 2147483700 2147483758 2147483648 2147483656 2147483700 2147483758 2147483876 2147483877 2147483878 2147483879 2147483880 2147483881 2147484054 49 52 53 133 134 131 132 2147483876 2147483877 2147483878 2147483879 2147483880 2147483881 2147484054 
2147483876 2147483648 2147483656 2147483700 2147483758 2147483875 2147483648 2147483656 2147483700 2147483758 2147483875 2147484054 49 52 53 133 134 131 132 2147484054 
2147483877 2147483648 2147483656 2147483700 2147483758 2147483875 2147483648 2147483656 2147483700 2147483758 2147483875 2147484054 49 52 53 133 134 131 132 2147484054 
2147483878 2147483648 2147483656 2147483700 2147483758 2147483875 2147483648 2147483656 2147483700 2147483758 2147483875 2147484054 49 52 53 133 134 131 132 2147484054 
2147483879 2147483648 2147483656 2147483700 2147483758 2147483875 2147483648 2147483656 2147483700 2147483758 2147483875 2147484054 49 52 53 133 134 131 132 2147484054 
2147483880 2147483648 2147483656 2147483700 2147483758 2147483875 2147483648 2147483656 2147483700 2147483758 2147483875 2147484054 49 52 53 133 134 131 132 2147484054 
2147483881 2147483648 2147483656 2147483700 2147483758 2147483875 2147483648 2147483656 2147483700 2147483758 2147483875 2147484054 49 52 53 133 134 131 132 2147484054 
2147483882 2147483648 2147483656 2147483700 2147483758 2147483648 2147483656 2147483700 2147483758 2147484054 49 53 133 134 131 132 2147484054 
2147483885 2147483648 2147483656 2147483704 2147483705 2147483758 2147483648 2147483656 2147483704 2147483705 2147483758 49 51 133 134 131 132 
2147483886 2147483648 2147483656 2147483704 2147483705 2147483758 2147483648 2147483656 2147483704 2147483705 2147483758 2147483887 2147483888 2147483889 53 49 52 54 51 133 134 131 132 2147483887 2147483888 2147483889 
2147483887 2147483648 2147483656 2147483704 2147483705 2147483758 2147483886 2147483648 2147483656 2147483704 2147483705 2147483758 2147483886 2147483888 2147483889 27 22 25 32 26 24 269 270 267 268 2147483888 2147483889 
2147483888 2147483648 2147483656 2147483704 2147483705 2147483758 2147483886 2147483887 2147483648 2147483656 2147483704 2147483705 2147483758 2147483886 2147483887 2147483889 52 49 54 57 53 51 133 134 131 132 2147483889 
2147483889 2147483648 2147483656 2147483704 2147483705 2147483758 2147483886 2147483887 2147483888 2147483648 2147483656 2147483704 2147483705 2147483758 2147483886 2147483887 2147483888 49 52 54 57 53 51 133 134 131 132 
2147483890 2147483648 2147483656 2147483704 2147483705 2147483758 2147483648 2147483656 2147483704 2147483705 2147483758 2147483891 22 25 24 269 270 267 268 2147483891 
2147483891 2147483648 2147483656 2147483704 2147483705 2147483758 2147483890 2147483648 2147483656 2147483704 2147483705 2147483758 2147483890 2147483893 49 52 51 133 134 131 132 2147483893 
2147483893 2147483648 2147483656 2147483704 2147483705 2147483758 2147483891 2147483648 2147483656 2147483704 2147483705 2147483758 2147483891 49 52 51 133 134 131 132 
2147483895 2147483648 2147483656 2147483704 2147483705 2147483758 2147483648 2147483656 2147483704 2147483705 2147483758 2147483896 2147483897 2147484016 53 49 54 51 133 134 131 132 50 2147483896 2147483897 2147484016 
2147483896 2147483648 2147483656 2147483704 2147483705 2147483758 2147483895 2147483648 2147483656 2147483704 2147483705 2147483758 2147483895 2147483897 2147484016 54 49 57 53 51 133 134 131 132 50 2147483897 2147484016 
2147483897 2147483648 2147483656 2147483704 2147483705 2147483758 2147483895 2147483896 2147483648 2147483656 2147483704 2147483705 2147483758 2147483895 2147483896 2147484016 49 54 57 53 51 133 134 131 132 50 2147484016 
2147483898 2147483648 2147483656 2147483704 2147483705 2147483758 2147483648 2147483656 2147483704 2147483705 2147483758 2147484016 2 5 8 253 254 251 252 2147484016 
2147483909 2147483648 2147483656 2147483715 2147483718 2147483723 2147483758 2147483648 2147483656 2147483715 2147483718 2147483723 2147483758 2147484018 2147484019 2147484022 2147484032 2147484040 2147484051 2147484054 22 25 27 32 26 24 23 269 270 267 268 2147484018 2147484019 2147484022 2147484032 2147484040 2147484051 2147484054 
2147483919 2147483648 2147483758 2147483648 2147483758 2147484032 2147484040 2147484051 53 54 51 134 131 132 50 2147484032 2147484040 2147484051 
2147483922 2147483725 2147483727 2147483758 2147483725 2147483727 2147483758 2147483924 2147483927 2147483928 2147483929 2147483932 2147483934 2147483939 2147483943 2147483944 2147484025 2147484026 2147484032 2147484040 2147484051 49 57 52 54 53 127 128 129 130 51 133 134 131 132 50 2147483924 2147483927 2147483928 2147483929 2147483932 2147483934 2147483939 2147483943 2147483944 2147484025 2147484026 2147484032 2147484040 2147484051 
2147483924 2147483725 2147483758 2147483922 2147483725 2147483758 2147483922 2147483927 2147483928 2147483929 53 49 57 133 134 131 2147483927 2147483928 2147483929 
2147483927 2147483725 2147483758 2147483922 2147483924 2147483725 2147483758 2147483922 2147483924 2147483928 2147483929 57 49 53 133 134 131 2147483928 2147483929 
2147483928 2147483725 2147483758 2147483922 2147483924 2147483927 2147483725 2147483758 2147483922 2147483924 2147483927 151 
2147483929 2147483725 2147483758 2147483922 2147483924 2147483927 2147483725 2147483758 2147483922 2147483924 2147483927 49 57 53 133 134 131 
2147483932 2147483725 2147483727 2147483758 2147483922 2147483725 2147483727 2147483758 2147483922 2147484025 49 52 133 134 131 50 2147484025 
2147483934 2147483725 2147483727 2147483758 2147483922 2147483725 2147483727 2147483758 2147483922 2147483939 2147483943 2147483944 2147484025 2147484026 57 49 52 54 53 127 128 129 130 51 133 134 131 50 2147483939 2147483943 2147483944 2147484025 2147484026 
2147483939 2147483727 2147483758 2147483922 2147483934 2147483727 2147483758 2147483922 2147483934 53 51 134 131 50 
2147483943 2147483727 2147483758 2147483922 2147483934 2147483727 2147483758 2147483922 2147483934 2147483944 53 54 51 134 131 50 2147483944 
2147483944 2147483727 2147483758 2147483922 2147483934 2147483943 2147483727 2147483758 2147483922 2147483934 2147483943 2147484025 2147484026 54 49 52 57 53 51 134 131 50 2147484025 2147484026 
2147483951 2147483736 2147483737 2147483758 2147483736 2147483737 2147483758 49 133 134 50 
2147483952 2147483736 2147483737 2147483758 2147483736 2147483737 2147483758 2147483953 2147483954 2147483955 53 49 52 54 133 134 50 2147483953 2147483954 2147483955 
2147483953 2147483736 2147483737 2147483758 2147483952 2147483736 2147483737 2147483758 2147483952 2147483954 2147483955 27 22 25 32 26 23 269 270 2147483954 2147483955 
2147483954 2147483736 2147483737 2147483758 2147483952 2147483953 2147483736 2147483737 2147483758 2147483952 2147483953 2147483955 52 49 54 57 53 133 134 50 2147483955 
2147483955 2147483736 2147483737 2147483758 2147483952 2147483953 2147483954 2147483736 2147483737 2147483758 2147483952 2147483953 2147483954 49 52 54 57 53 133 134 50 
2147483957 2147483736 2147483737 2147483758 2147483736 2147483737 2147483758 2147483961 22 25 23 269 270 2147483961 
2147483961 2147483736 2147483737 2147483758 2147483957 2147483736 2147483737 2147483758 2147483957 2147483963 49 52 133 134 50 2147483963 
2147483963 2147483736 2147483737 2147483758 2147483961 2147483736 2147483737 2147483758 2147483961 49 52 133 134 50 
2147483965 2147483736 2147483737 2147483758 2147483736 2147483737 2147483758 2147483966 2147483967 2147484027 2147484032 53 49 54 51 133 134 132 50 2147483966 2147483967 2147484027 2147484032 
2147483966 2147483736 2147483737 2147483758 2147483965 2147483736 2147483737 2147483758 2147483965 2147483967 2147484027 2147484032 54 49 57 53 51 133 134 132 50 2147483967 2147484027 2147484032 
2147483967 2147483736 2147483737 2147483758 2147483965 2147483966 2147483736 2147483737 2147483758 2147483965 2147483966 2147484027 2147484032 49 54 57 53 51 133 134 132 50 2147484027 2147484032 
2147483969 2147483736 2147483737 2147483758 2147483736 2147483737 2147483758 2147484027 2147484032 2 5 8 253 254 252 2147484027 2147484032 
2147483972 2147483973 2147483974 2147484029 53 49 57 51 2147483973 2147483974 2147484029 
2147483973 2147483972 2147483972 2147483974 2147484029 57 49 53 51 2147483974 2147484029 
2147483974 2147483972 2147483973 2147483972 2147483973 2147484029 49 57 53 51 2147484029 
2147483976 49 
2147483980 2147483758 2147483758 2147483981 2147483982 2147484032 53 49 57 134 132 2147483981 2147483982 2147484032 
2147483981 2147483758 2147483980 2147483758 2147483980 2147483982 2147484032 57 49 53 134 132 2147483982 2147484032 
2147483982 2147483758 2147483980 2147483981 2147483758 2147483980 2147483981 2147484032 49 57 53 134 132 2147484032 
2147483983 2147483758 2147483758 2147483984 2147484032 2147484040 2147484049 49 52 133 134 132 50 2147483984 2147484032 2147484040 2147484049 
2147483984 2147483758 2147483983 2147483758 2147483983 2147484032 2147484040 2147484049 22 25 23 269 270 268 2147484032 2147484040 2147484049 
2147483985 2147483754 2147483758 2147483754 2147483758 2147483986 2147484032 2147484040 2147484049 53 57 51 133 134 132 50 2147483986 2147484032 2147484040 2147484049 
2147483986 2147483754 2147483758 2147483985 2147483754 2147483758 2147483985 2147484032 2147484040 2147484049 57 53 51 133 134 132 50 2147484032 2147484040 2147484049 
2147483987 2147483754 2147483758 2147483754 2147483758 2147483988 2147483989 2147483990 2147484032 2147484040 2147484044 2147484049 49 52 51 133 134 132 50 2147483988 2147483989 2147483990 2147484032 2147484040 2147484044 2147484049 
2147483988 2147483758 2147483987 2147483758 2147483987 2147484032 2147484040 2147484049 22 25 23 269 270 268 2147484032 2147484040 2147484049 
2147483989 2147483758 2147483987 2147483758 2147483987 2147484032 2147484040 2147484049 49 52 133 134 132 50 2147484032 2147484040 2147484049 
2147483990 2147483758 2147483987 2147483758 2147483987 2147484032 2147484040 2147484049 49 52 53 133 134 132 50 2147484032 2147484040 2147484049 
2147483991 2147483758 2147483758 2147484032 2147484040 2147484049 49 133 134 132 50 2147484032 2147484040 2147484049 
2147483992 2147483758 2147483758 2147483993 2147483994 2147483995 2147483996 2147483997 2147483998 2147484032 2147484040 2147484049 49 52 133 134 132 50 2147483993 2147483994 2147483995 2147483996 2147483997 2147483998 2147484032 2147484040 2147484049 
2147483993 2147483758 2147483992 2147483758 2147483992 2147484032 2147484040 2147484049 49 52 133 134 132 50 2147484032 2147484040 2147484049 
2147483994 2147483758 2147483992 2147483758 2147483992 2147484032 2147484040 2147484049 49 52 133 134 132 50 2147484032 2147484040 2147484049 
2147483995 2147483758 2147483992 2147483758 2147483992 2147484032 2147484040 2147484049 49 52 133 134 132 50 2147484032 2147484040 2147484049 
2147483996 2147483758 2147483992 2147483758 2147483992 2147484032 2147484040 2147484049 49 52 133 134 132 50 2147484032 2147484040 2147484049 
2147483997 2147483758 2147483992 2147483758 2147483992 2147484032 2147484040 2147484049 49 52 133 134 132 50 2147484032 2147484040 2147484049 
2147483998 2147483758 2147483992 2147483758 2147483992 2147484032 2147484040 2147484049 49 52 133 134 132 50 2147484032 2147484040 2147484049 
2147483999 2147483758 2147483758 2147484032 2147484040 2147484049 49 133 134 132 50 2147484032 2147484040 2147484049 
2147484002 2147483648 2147483758 2147483760 2147483777 2147483648 2147483758 2147483760 2147483777 2147484033 2147484055 2147484056 53 54 51 133 134 131 132 50 2147484033 2147484055 2147484056 
2147484003 2147483648 2147483656 2147483758 2147483760 2147483766 2147483648 2147483656 2147483758 2147483760 2147483766 2147484033 2147484056 49 52 57 53 51 133 134 131 132 50 2147484033 2147484056 
2147484006 2147483648 2147483656 2147483660 2147483758 2147483799 2147483648 2147483656 2147483660 2147483758 2147483799 2147484035 53 51 133 134 131 132 50 2147484035 
2147484010 2147483648 2147483656 2147483660 2147483758 2147483804 2147483808 2147483811 2147483813 2147483648 2147483656 2147483660 2147483758 2147483804 2147483808 2147483811 2147483813 2147484035 2147484036 2147484037 2147484056 49 52 54 51 133 134 131 132 50 2147484035 2147484036 2147484037 2147484056 
2147484013 2147483648 2147483656 2147483683 2147483684 2147483758 2147483818 2147483648 2147483656 2147483683 2147483684 2147483758 2147483818 2147484032 2147484046 49 52 54 51 133 134 131 132 50 2147484032 2147484046 
2147484014 2147483648 2147483656 2147483688 2147483758 2147483818 2147483850 2147483851 2147483852 2147483853 2147483648 2147483656 2147483688 2147483758 2147483818 2147483850 2147483851 2147483852 2147483853 49 52 54 57 53 127 128 129 130 51 133 134 131 132 50 
2147484015 2147483648 2147483656 2147483694 2147483697 2147483698 2147483700 2147483701 2147483758 2147483818 2147483648 2147483656 2147483694 2147483697 2147483698 2147483700 2147483701 2147483758 2147483818 49 52 54 57 51 133 134 131 132 50 
2147484016 2147483648 2147483656 2147483704 2147483705 2147483758 2147483895 2147483896 2147483897 2147483898 2147483648 2147483656 2147483704 2147483705 2147483758 2147483895 2147483896 2147483897 2147483898 49 52 54 57 53 127 128 129 130 51 133 134 131 132 50 
2147484018 2147483648 2147483656 2147483715 2147483758 2147483909 2147483648 2147483656 2147483715 2147483758 2147483909 2147484019 2147484040 2147484051 2147484054 57 49 52 54 53 51 133 134 131 50 2147484019 2147484040 2147484051 2147484054 
2147484019 2147483648 2147483656 2147483715 2147483758 2147483909 2147484018 2147483648 2147483656 2147483715 2147483758 2147483909 2147484018 2147484040 2147484051 2147484054 3 13 21 59 16 9 6 277 278 275 2147484040 2147484051 2147484054 
2147484022 2147483648 2147483718 2147483723 2147483758 2147483909 2147483648 2147483718 2147483723 2147483758 2147483909 2147484032 2147484040 2147484051 2147484054 57 49 52 54 53 51 134 131 132 50 2147484032 2147484040 2147484051 2147484054 
2147484025 2147483725 2147483727 2147483758 2147483922 2147483932 2147483934 2147483944 2147483725 2147483727 2147483758 2147483922 2147483932 2147483934 2147483944 2147484026 49 52 54 51 133 134 131 50 2147484026 
2147484026 2147483727 2147483758 2147483922 2147483934 2147483944 2147484025 2147483727 2147483758 2147483922 2147483934 2147483944 2147484025 49 52 54 51 134 131 50 
2147484027 2147483736 2147483737 2147483758 2147483965 2147483966 2147483967 2147483969 2147483736 2147483737 2147483758 2147483965 2147483966 2147483967 2147483969 2147484032 49 52 54 57 53 127 128 129 130 51 133 134 132 50 2147484032 
2147484029 2147483972 2147483973 2147483974 2147483972 2147483973 2147483974 49 53 52 54 57 127 128 129 130 51 
2147484032 2147483648 2147483656 2147483683 2147483684 2147483718 2147483723 2147483736 2147483737 2147483754 2147483758 2147483818 2147483909 2147483919 2147483922 2147483965 2147483966 2147483967 2147483969 2147483980 2147483981 2147483982 2147483983 2147483984 2147483985 2147483986 2147483987 2147483988 2147483989 2147483990 2147483991 2147483992 2147483993 2147483994 2147483995 2147483996 2147483997 2147483998 2147483999 2147484013 2147484022 2147484027 2147483648 2147483656 2147483683 2147483684 2147483718 2147483723 2147483736 2147483737 2147483754 2147483758 2147483818 2147483909 2147483919 2147483922 2147483965 2147483966 2147483967 2147483969 2147483980 2147483981 2147483982 2147483983 2147483984 2147483985 2147483986 2147483987 2147483988 2147483989 2147483990 2147483991 2147483992 2147483993 2147483994 2147483995 2147483996 2147483997 2147483998 2147483999 2147484013 2147484022 2147484027 2147484040 2147484044 2147484046 2147484049 2147484051 2147484054 49 52 54 57 53 127 128 129 130 51 133 134 131 132 50 2147484040 2147484044 2147484046 2147484049 2147484051 2147484054 
2147484033 2147483648 2147483650 2147483758 2147483760 2147483766 2147483777 2147483782 2147484002 2147484003 2147483648 2147483650 2147483758 2147483760 2147483766 2147483777 2147483782 2147484002 2147484003 2147484055 2147484056 49 57 52 54 53 127 128 129 130 51 133 134 131 132 50 2147484055 2147484056 
2147484035 2147483648 2147483656 2147483660 2147483758 2147483799 2147484006 2147484010 2147483648 2147483656 2147483660 2147483758 2147483799 2147484006 2147484010 2147484036 2147484043 2147484056 57 49 52 54 53 127 128 129 130 51 133 134 131 132 50 2147484036 2147484043 2147484056 
2147484036 2147483648 2147483656 2147483660 2147483704 2147483705 2147483758 2147483804 2147483808 2147483813 2147484010 2147484035 2147483648 2147483656 2147483660 2147483704 2147483705 2147483758 2147483804 2147483808 2147483813 2147484010 2147484035 2147484037 2147484046 2147484056 50 49 52 54 51 133 134 131 132 2147484037 2147484046 2147484056 
2147484037 2147483648 2147483656 2147483660 2147483758 2147483808 2147483811 2147483812 2147483813 2147484010 2147484036 2147483648 2147483656 2147483660 2147483758 2147483808 2147483811 2147483812 2147483813 2147484010 2147484036 57 49 52 54 53 127 128 129 130 51 133 134 131 132 50 
2147484040 2147483648 2147483656 2147483715 2147483718 2147483723 2147483754 2147483758 2147483909 2147483919 2147483922 2147483983 2147483984 2147483985 2147483986 2147483987 2147483988 2147483989 2147483990 2147483991 2147483992 2147483993 2147483994 2147483995 2147483996 2147483997 2147483998 2147483999 2147484018 2147484019 2147484022 2147484032 2147483648 2147483656 2147483715 2147483718 2147483723 2147483754 2147483758 2147483909 2147483919 2147483922 2147483983 2147483984 2147483985 2147483986 2147483987 2147483988 2147483989 2147483990 2147483991 2147483992 2147483993 2147483994 2147483995 2147483996 2147483997 2147483998 2147483999 2147484018 2147484019 2147484022 2147484032 2147484044 2147484049 2147484051 2147484054 49 52 54 57 53 127 128 129 130 51 133 134 131 132 50 2147484044 2147484049 2147484051 2147484054 
2147484041 2147483648 2147483656 2147483758 2147483648 2147483656 2147483758 2147484056 49 133 134 131 132 2147484056 
2147484043 2147483648 2147483656 2147483660 2147483758 2147484035 2147483648 2147483656 2147483660 2147483758 2147484035 2147484056 22 24 23 269 270 267 268 2147484056 
2147484044 2147483758 2147483987 2147484032 2147484040 2147483758 2147483987 2147484032 2147484040 2147484049 22 25 23 269 270 268 2147484049 
2147484046 2147483648 2147483656 2147483682 2147483683 2147483684 2147483687 2147483758 2147483816 2147483817 2147483818 2147483819 2147483832 2147483836 2147483837 2147484013 2147484032 2147484036 2147483648 2147483656 2147483682 2147483683 2147483684 2147483687 2147483758 2147483816 2147483817 2147483818 2147483819 2147483832 2147483836 2147483837 2147484013 2147484032 2147484036 2147484056 49 52 54 57 53 127 128 129 130 51 133 134 131 132 50 2147484056 
2147484049 2147483754 2147483758 2147483983 2147483984 2147483985 2147483986 2147483987 2147483988 2147483989 2147483990 2147483991 2147483992 2147483993 2147483994 2147483995 2147483996 2147483997 2147483998 2147483999 2147484032 2147484040 2147484044 2147483754 2147483758 2147483983 2147483984 2147483985 2147483986 2147483987 2147483988 2147483989 2147483990 2147483991 2147483992 2147483993 2147483994 2147483995 2147483996 2147483997 2147483998 2147483999 2147484032 2147484040 2147484044 51 49 52 54 57 53 127 128 129 130 133 134 132 50 
2147484051 2147483648 2147483656 2147483715 2147483718 2147483723 2147483758 2147483909 2147483919 2147483922 2147484018 2147484019 2147484022 2147484032 2147484040 2147483648 2147483656 2147483715 2147483718 2147483723 2147483758 2147483909 2147483919 2147483922 2147484018 2147484019 2147484022 2147484032 2147484040 2147484054 127 133 49 52 54 57 53 128 129 130 51 134 131 132 50 2147484054 
2147484052 2147483648 2147483656 2147483758 2147483818 2147483648 2147483656 2147483758 2147483818 49 133 134 131 50 
2147484054 2147483648 2147483656 2147483700 2147483701 2147483715 2147483718 2147483723 2147483758 2147483869 2147483874 2147483875 2147483876 2147483877 2147483878 2147483879 2147483880 2147483881 2147483882 2147483909 2147484018 2147484019 2147484022 2147484032 2147484040 2147484051 2147483648 2147483656 2147483700 2147483701 2147483715 2147483718 2147483723 2147483758 2147483869 2147483874 2147483875 2147483876 2147483877 2147483878 2147483879 2147483880 2147483881 2147483882 2147483909 2147484018 2147484019 2147484022 2147484032 2147484040 2147484051 22 25 27 32 26 24 23 269 270 267 268 
2147484055 2147483648 2147483650 2147483758 2147483760 2147484002 2147484033 2147483648 2147483650 2147483758 2147483760 2147484002 2147484033 132 49 52 54 57 53 127 128 129 130 51 133 134 131 50 
2147484056 2147483648 2147483656 2147483660 2147483758 2147483760 2147483766 2147483777 2147483780 2147483781 2147483782 2147483783 2147483784 2147483785 2147483804 2147484002 2147484003 2147484010 2147484033 2147484035 2147484036 2147484041 2147484043 2147484046 2147483648 2147483656 2147483660 2147483758 2147483760 2147483766 2147483777 2147483780 2147483781 2147483782 2147483783 2147483784 2147483785 2147483804 2147484002 2147484003 2147484010 2147484033 2147484035 2147484036 2147484041 2147484043 2147484046 52 133 49 54 57 53 127 128 129 130 51 134 131 132 50 
2147484060 2147483648 2147483656 2147483688 2147483758 2147483818 2147483841 2147483842 2147483843 2147483844 2147483845 2147483648 2147483656 2147483688 2147483758 2147483818 2147483841 2147483842 2147483843 2147483844 2147483845 57 49 52 54 53 51 133 134 131 50 
