22 2147483718 2147483801 2147483983 
23 2147483718 2147483801 2147483983 
24 2147483801 2147483983 
25 2147483718 2147483801 2147483983 
26 2147483801 
27 2147483718 2147483801 2147483983 
32 2147483801 
49 2147483648 2147483649 2147483650 2147483651 2147483652 2147483653 2147483654 2147483655 2147483656 2147483664 2147483672 2147483686 2147483694 2147483708 2147483709 2147483725 2147483739 2147483740 2147483742 2147483743 2147483754 2147483757 2147483760 2147483761 2147483762 2147483769 2147483774 2147483776 2147483783 2147483788 2147483790 2147483796 2147483798 2147483799 2147483800 2147483816 2147483818 2147483822 2147483823 2147483826 2147483827 2147483830 2147483833 2147483836 2147483837 2147483838 2147483839 2147483843 2147483852 2147483853 2147483854 2147483855 2147483856 2147483857 2147483858 2147483859 2147483861 2147483862 2147483863 2147483864 2147483865 2147483867 2147483870 2147483873 2147483876 2147483877 2147483878 2147483879 2147483883 2147483892 2147483893 2147483894 2147483895 2147483896 2147483897 2147483898 2147483899 2147483901 2147483902 2147483903 2147483904 2147483905 2147483908 2147483912 2147483913 2147483920 2147483921 2147483922 2147483923 2147483927 2147483936 2147483937 2147483938 2147483939 2147483940 2147483941 2147483942 2147483943 2147483945 2147483946 2147483950 2147483953 2147483957 2147483958 2147483959 2147483961 2147483962 2147483964 2147483968 2147483969 2147483971 2147483975 2147483976 2147483978 2147483979 2147483981 2147483985 2147483986 2147483988 2147483989 2147483991 2147483993 2147483995 2147483997 2147483998 2147484001 2147484002 2147484003 
50 2147483648 2147483649 2147483650 2147483651 2147483652 2147483653 2147483654 2147483655 2147483656 2147483664 2147483672 2147483686 2147483694 2147483708 2147483709 2147483710 2147483725 2147483739 2147483740 2147483742 2147483743 2147483744 2147483754 2147483757 2147483760 2147483761 2147483762 2147483769 2147483774 2147483776 2147483783 2147483788 2147483790 2147483798 2147483799 2147483800 2147483822 2147483823 2147483830 2147483833 2147483836 2147483837 2147483838 2147483839 2147483843 2147483852 2147483853 2147483854 2147483855 2147483856 2147483857 2147483858 2147483859 2147483861 2147483862 2147483863 2147483864 2147483865 2147483867 2147483870 2147483873 2147483876 2147483877 2147483878 2147483879 2147483883 2147483892 2147483893 2147483894 2147483895 2147483896 2147483897 2147483898 2147483899 2147483901 2147483902 2147483903 2147483904 2147483905 2147483908 2147483912 2147483913 2147483920 2147483921 2147483922 2147483923 2147483927 2147483936 2147483937 2147483938 2147483939 2147483940 2147483941 2147483942 2147483943 2147483945 2147483946 2147483950 2147483953 2147483954 2147483957 2147483958 2147483959 2147483961 2147483962 2147483964 2147483968 2147483969 2147483971 2147483975 2147483976 2147483978 2147483979 2147483981 2147483985 2147483986 2147483988 2147483989 2147483991 2147483993 2147483995 2147483997 2147483998 2147484001 2147484002 2147484003 
51 2147483648 2147483649 2147483650 2147483651 2147483652 2147483653 2147483654 2147483655 2147483656 2147483664 2147483672 2147483686 2147483694 2147483708 2147483709 2147483710 2147483725 2147483739 2147483740 2147483754 2147483757 2147483760 2147483761 2147483762 2147483774 2147483776 2147483788 2147483790 2147483807 2147483816 2147483818 2147483837 2147483843 2147483852 2147483853 2147483854 2147483855 2147483856 2147483857 2147483858 2147483859 2147483861 2147483862 2147483863 2147483864 2147483865 2147483867 2147483877 2147483883 2147483892 2147483893 2147483894 2147483895 2147483896 2147483897 2147483898 2147483899 2147483901 2147483902 2147483903 2147483904 2147483905 2147483908 2147483912 2147483913 2147483921 2147483927 2147483936 2147483937 2147483938 2147483939 2147483940 2147483941 2147483942 2147483943 2147483945 2147483946 2147483950 2147483953 2147483954 2147483957 2147483958 2147483959 2147483961 2147483962 2147483964 2147483968 2147483969 2147483971 2147483975 2147483976 2147483978 2147483979 2147483981 2147483985 2147483989 2147483991 2147483993 2147483995 2147483997 2147483998 2147484001 2147484002 2147484003 
52 2147483648 2147483649 2147483651 2147483652 2147483654 2147483655 2147483664 2147483672 2147483686 2147483694 2147483708 2147483725 2147483739 2147483740 2147483742 2147483754 2147483757 2147483761 2147483807 2147483816 2147483818 2147483837 2147483843 2147483852 2147483853 2147483854 2147483855 2147483856 2147483857 2147483858 2147483859 2147483861 2147483862 2147483877 2147483883 2147483892 2147483893 2147483894 2147483895 2147483896 2147483897 2147483898 2147483899 2147483901 2147483902 2147483908 2147483921 2147483927 2147483936 2147483937 2147483938 2147483939 2147483940 2147483941 2147483942 2147483943 2147483945 2147483946 2147483953 2147483961 2147483962 2147483964 2147483968 2147483969 2147483971 2147483975 2147483976 2147483978 2147483979 2147483981 2147483985 2147483986 2147483988 2147483989 2147483995 2147483997 2147483998 2147484001 2147484002 2147484003 
53 2147483648 2147483649 2147483651 2147483652 2147483654 2147483655 2147483664 2147483686 2147483708 2147483709 2147483710 2147483725 2147483739 2147483740 2147483742 2147483743 2147483744 2147483754 2147483757 2147483760 2147483761 2147483762 2147483769 2147483774 2147483776 2147483783 2147483788 2147483790 2147483807 2147483822 2147483823 2147483827 2147483836 2147483837 2147483838 2147483839 2147483863 2147483864 2147483865 2147483876 2147483877 2147483878 2147483879 2147483903 2147483904 2147483905 2147483912 2147483913 2147483920 2147483921 2147483922 2147483923 2147483936 2147483937 2147483938 2147483939 2147483940 2147483941 2147483942 2147483943 2147483950 2147483953 2147483954 2147483957 2147483958 2147483959 2147483968 2147483975 2147483976 2147483978 2147483979 2147483981 2147483985 2147483986 2147483988 2147483989 2147483997 2147483998 2147484001 2147484002 
54 2147483648 2147483649 2147483650 2147483651 2147483652 2147483653 2147483654 2147483655 2147483664 2147483672 2147483686 2147483694 2147483708 2147483725 2147483739 2147483740 2147483742 2147483754 2147483757 2147483761 2147483769 2147483783 2147483807 2147483827 2147483837 2147483843 2147483852 2147483853 2147483854 2147483855 2147483856 2147483857 2147483858 2147483859 2147483861 2147483862 2147483877 2147483883 2147483892 2147483893 2147483894 2147483895 2147483896 2147483897 2147483898 2147483899 2147483901 2147483902 2147483921 2147483927 2147483936 2147483937 2147483938 2147483939 2147483940 2147483941 2147483942 2147483943 2147483945 2147483946 2147483950 2147483953 2147483954 2147483962 2147483964 2147483968 2147483969 2147483971 2147483975 2147483976 2147483978 2147483979 2147483981 2147483985 2147483986 2147483988 2147483989 2147483995 2147483997 2147483998 2147484001 2147484002 
57 2147483648 2147483649 2147483651 2147483652 2147483654 2147483655 2147483664 2147483672 2147483686 2147483694 2147483708 2147483725 2147483739 2147483740 2147483742 2147483754 2147483757 2147483760 2147483761 2147483762 2147483769 2147483774 2147483776 2147483783 2147483788 2147483790 2147483807 2147483823 2147483827 2147483836 2147483837 2147483838 2147483839 2147483852 2147483853 2147483854 2147483855 2147483856 2147483857 2147483858 2147483859 2147483863 2147483864 2147483865 2147483876 2147483877 2147483878 2147483879 2147483892 2147483893 2147483894 2147483895 2147483896 2147483897 2147483898 2147483899 2147483903 2147483904 2147483905 2147483913 2147483920 2147483921 2147483922 2147483923 2147483936 2147483937 2147483938 2147483939 2147483940 2147483941 2147483942 2147483943 2147483945 2147483946 2147483953 2147483954 2147483957 2147483958 2147483959 2147483962 2147483964 2147483968 2147483969 2147483971 2147483975 2147483976 2147483978 2147483979 2147483981 2147483985 2147483986 2147483988 2147483989 2147483997 2147483998 2147484001 2147484002 
127 2147483648 2147483649 2147483651 2147483652 2147483654 2147483655 2147483664 2147483686 2147483708 2147483739 2147483740 2147483742 2147483754 2147483757 2147483761 2147483807 2147483837 2147483877 2147483921 2147483968 2147483975 2147483976 2147483978 2147483985 2147483986 2147483988 2147483989 2147483997 2147483998 2147484001 2147484002 
128 2147483648 2147483649 2147483651 2147483652 2147483654 2147483655 2147483664 2147483686 2147483708 2147483739 2147483740 2147483742 2147483754 2147483757 2147483761 2147483837 2147483877 2147483921 2147483968 2147483975 2147483976 2147483978 2147483985 2147483986 2147483988 2147483989 2147483997 2147483998 2147484001 2147484002 
129 2147483648 2147483649 2147483651 2147483652 2147483654 2147483655 2147483664 2147483686 2147483708 2147483739 2147483740 2147483742 2147483754 2147483757 2147483761 2147483837 2147483877 2147483921 2147483968 2147483975 2147483976 2147483978 2147483985 2147483986 2147483988 2147483989 2147483997 2147483998 2147484001 2147484002 
130 2147483648 2147483649 2147483651 2147483652 2147483654 2147483655 2147483664 2147483686 2147483708 2147483739 2147483740 2147483742 2147483754 2147483757 2147483761 2147483837 2147483877 2147483921 2147483968 2147483975 2147483976 2147483978 2147483985 2147483986 2147483988 2147483989 2147483997 2147483998 2147484001 2147484002 
131 2147483648 2147483649 2147483650 2147483651 2147483652 2147483653 2147483654 2147483655 2147483656 2147483664 2147483672 2147483739 2147483742 2147483743 2147483744 2147483754 2147483757 2147483760 2147483761 2147483762 2147483769 2147483774 2147483776 2147483783 2147483788 2147483790 2147483798 2147483799 2147483800 2147483816 2147483818 2147483822 2147483823 2147483826 2147483830 2147483833 2147483836 2147483837 2147483838 2147483839 2147483843 2147483852 2147483853 2147483854 2147483855 2147483856 2147483857 2147483858 2147483859 2147483861 2147483862 2147483863 2147483864 2147483865 2147483867 2147483962 2147483964 2147483968 2147483986 2147483988 2147483991 2147483997 2147483998 2147484001 2147484002 
132 2147483648 2147483649 2147483650 2147483651 2147483652 2147483653 2147483654 2147483655 2147483656 2147483664 2147483672 2147483686 2147483694 2147483708 2147483709 2147483710 2147483739 2147483742 2147483743 2147483744 2147483754 2147483757 2147483760 2147483761 2147483762 2147483769 2147483774 2147483776 2147483783 2147483788 2147483790 2147483798 2147483799 2147483800 2147483816 2147483818 2147483822 2147483823 2147483830 2147483833 2147483836 2147483837 2147483838 2147483839 2147483843 2147483852 2147483853 2147483854 2147483855 2147483856 2147483857 2147483858 2147483859 2147483861 2147483862 2147483863 2147483864 2147483865 2147483867 2147483870 2147483873 2147483876 2147483877 2147483878 2147483879 2147483883 2147483892 2147483893 2147483894 2147483895 2147483896 2147483897 2147483898 2147483899 2147483901 2147483902 2147483903 2147483904 2147483905 2147483908 2147483912 2147483913 2147483962 2147483964 2147483968 2147483969 2147483971 2147483975 2147483976 2147483978 2147483986 2147483988 2147483991 2147483993 2147483997 2147483998 2147484001 2147484002 2147484003 
133 2147483648 2147483649 2147483650 2147483651 2147483652 2147483653 2147483654 2147483655 2147483656 2147483664 2147483672 2147483686 2147483694 2147483708 2147483725 2147483739 2147483740 2147483742 2147483754 2147483757 2147483760 2147483761 2147483762 2147483769 2147483774 2147483776 2147483783 2147483788 2147483790 2147483798 2147483799 2147483800 2147483816 2147483818 2147483826 2147483830 2147483833 2147483836 2147483837 2147483838 2147483839 2147483843 2147483852 2147483853 2147483854 2147483855 2147483856 2147483857 2147483858 2147483859 2147483861 2147483862 2147483863 2147483864 2147483865 2147483867 2147483870 2147483873 2147483876 2147483877 2147483878 2147483879 2147483883 2147483892 2147483893 2147483894 2147483895 2147483896 2147483897 2147483898 2147483899 2147483901 2147483902 2147483903 2147483904 2147483905 2147483908 2147483920 2147483921 2147483922 2147483923 2147483927 2147483936 2147483937 2147483938 2147483939 2147483940 2147483941 2147483942 2147483943 2147483945 2147483946 2147483950 2147483953 2147483954 2147483957 2147483958 2147483959 2147483961 2147483962 2147483964 2147483968 2147483969 2147483971 2147483975 2147483976 2147483978 2147483979 2147483981 2147483985 2147483986 2147483988 2147483989 2147483991 2147483993 2147483995 2147483997 2147483998 2147484001 2147484002 2147484003 
134 2147483648 2147483649 2147483650 2147483651 2147483652 2147483653 2147483654 2147483655 2147483664 2147483672 2147483686 2147483694 2147483708 2147483725 2147483742 2147483743 2147483744 2147483754 2147483757 2147483760 2147483761 2147483762 2147483769 2147483774 2147483776 2147483783 2147483788 2147483822 2147483823 2147483826 2147483830 2147483833 2147483836 2147483837 2147483838 2147483839 2147483843 2147483852 2147483853 2147483854 2147483855 2147483856 2147483857 2147483858 2147483859 2147483861 2147483862 2147483863 2147483864 2147483865 2147483867 2147483870 2147483873 2147483876 2147483877 2147483878 2147483879 2147483883 2147483892 2147483893 2147483894 2147483895 2147483896 2147483897 2147483898 2147483899 2147483901 2147483902 2147483903 2147483904 2147483905 2147483908 2147483920 2147483921 2147483922 2147483923 2147483927 2147483936 2147483937 2147483938 2147483939 2147483940 2147483941 2147483942 2147483943 2147483945 2147483946 2147483950 2147483953 2147483954 2147483957 2147483958 2147483959 2147483962 2147483964 2147483968 2147483969 2147483971 2147483975 2147483978 2147483979 2147483981 2147483985 2147483986 2147483988 2147483991 2147483993 2147483997 2147484002 2147484003 
151 2147483832 2147483872 
152 
153 
154 
155 
156 
157 
158 
159 
160 
161 
162 
163 
164 
165 
166 
263 2147483801 
264 2147483801 
265 2147483801 
266 2147483801 
267 2147483801 
268 2147483801 
269 2147483718 2147483801 2147483983 
270 2147483718 2147483801 2147483983 
2147483648 2147483649 2147483650 2147483754 2147483757 2147483760 2147483761 2147483762 2147483989 2147483997 57 49 52 54 53 127 128 129 130 51 133 134 131 132 50 2147483649 2147483650 2147483754 2147483757 2147483760 2147483761 2147483762 2147483989 2147483997 
2147483649 2147483648 2147483648 2147483650 2147483754 2147483757 2147483760 2147483761 2147483762 2147483769 2147483989 2147483997 49 53 52 54 57 127 128 129 130 51 133 134 131 132 50 2147483650 2147483754 2147483757 2147483760 2147483761 2147483762 2147483769 2147483989 2147483997 
2147483650 2147483648 2147483649 2147483648 2147483649 2147483754 2147483757 2147483761 2147483769 2147483997 49 54 51 133 134 131 132 50 2147483754 2147483757 2147483761 2147483769 2147483997 
2147483651 2147483652 2147483653 2147483754 2147483757 2147483761 2147483774 2147483776 2147483989 2147483997 57 49 52 54 53 127 128 129 130 51 133 134 131 132 50 2147483652 2147483653 2147483754 2147483757 2147483761 2147483774 2147483776 2147483989 2147483997 
2147483652 2147483651 2147483651 2147483653 2147483754 2147483757 2147483761 2147483774 2147483776 2147483783 2147483989 2147483997 49 53 52 54 57 127 128 129 130 51 133 134 131 132 50 2147483653 2147483754 2147483757 2147483761 2147483774 2147483776 2147483783 2147483989 2147483997 
2147483653 2147483651 2147483652 2147483651 2147483652 2147483754 2147483757 2147483761 2147483783 2147483997 49 54 51 133 134 131 132 50 2147483754 2147483757 2147483761 2147483783 2147483997 
2147483654 2147483655 2147483656 2147483754 2147483757 2147483761 2147483788 2147483790 2147483989 2147483997 57 49 52 54 53 127 128 129 130 51 133 134 131 132 50 2147483655 2147483656 2147483754 2147483757 2147483761 2147483788 2147483790 2147483989 2147483997 
2147483655 2147483654 2147483654 2147483656 2147483754 2147483757 2147483761 2147483788 2147483790 2147483798 2147483799 2147483800 2147483989 2147483997 49 53 52 54 57 127 128 129 130 51 133 134 131 132 50 2147483656 2147483754 2147483757 2147483761 2147483788 2147483790 2147483798 2147483799 2147483800 2147483989 2147483997 
2147483656 2147483654 2147483655 2147483654 2147483655 2147483754 2147483757 2147483997 49 51 133 131 132 50 2147483754 2147483757 2147483997 
2147483664 2147483672 2147483754 2147483757 2147483830 2147483832 2147483833 2147483836 2147483837 2147483838 2147483839 2147483843 2147483852 2147483853 2147483854 2147483855 2147483856 2147483857 2147483858 2147483859 2147483861 2147483862 2147483863 2147483864 2147483865 2147483867 2147483962 2147483964 2147483968 2147483991 2147484002 49 52 54 57 53 127 128 129 130 51 133 134 131 132 50 2147483672 2147483754 2147483757 2147483830 2147483832 2147483833 2147483836 2147483837 2147483838 2147483839 2147483843 2147483852 2147483853 2147483854 2147483855 2147483856 2147483857 2147483858 2147483859 2147483861 2147483862 2147483863 2147483864 2147483865 2147483867 2147483962 2147483964 2147483968 2147483991 2147484002 
2147483672 2147483664 2147483664 2147483754 2147483757 2147483837 2147483843 2147483852 2147483853 2147483854 2147483855 2147483856 2147483857 2147483858 2147483859 2147483962 2147483964 2147483968 2147484002 49 52 54 57 51 133 134 131 132 50 2147483754 2147483757 2147483837 2147483843 2147483852 2147483853 2147483854 2147483855 2147483856 2147483857 2147483858 2147483859 2147483962 2147483964 2147483968 2147484002 
2147483686 2147483694 2147483754 2147483757 2147483870 2147483872 2147483873 2147483876 2147483877 2147483878 2147483879 2147483883 2147483892 2147483893 2147483894 2147483895 2147483896 2147483897 2147483898 2147483899 2147483901 2147483902 2147483903 2147483904 2147483905 2147483908 2147483969 2147483971 2147483975 2147483993 2147484003 49 52 54 57 53 127 128 129 130 51 133 134 132 50 2147483694 2147483754 2147483757 2147483870 2147483872 2147483873 2147483876 2147483877 2147483878 2147483879 2147483883 2147483892 2147483893 2147483894 2147483895 2147483896 2147483897 2147483898 2147483899 2147483901 2147483902 2147483903 2147483904 2147483905 2147483908 2147483969 2147483971 2147483975 2147483993 2147484003 
2147483694 2147483686 2147483686 2147483754 2147483757 2147483877 2147483883 2147483892 2147483893 2147483894 2147483895 2147483896 2147483897 2147483898 2147483899 2147483969 2147483971 2147483975 49 52 54 57 51 133 134 132 50 2147483754 2147483757 2147483877 2147483883 2147483892 2147483893 2147483894 2147483895 2147483896 2147483897 2147483898 2147483899 2147483969 2147483971 2147483975 
2147483708 2147483709 2147483710 2147483718 2147483725 2147483754 2147483757 2147483912 2147483913 2147483920 2147483921 2147483922 2147483923 2147483927 2147483936 2147483937 2147483938 2147483939 2147483940 2147483941 2147483942 2147483943 2147483945 2147483946 2147483950 2147483953 2147483954 2147483957 2147483958 2147483959 2147483961 2147483976 2147483978 2147483979 2147483981 2147483983 2147483985 2147483995 49 52 54 57 53 127 128 129 130 51 133 134 132 50 2147483709 2147483710 2147483718 2147483725 2147483754 2147483757 2147483912 2147483913 2147483920 2147483921 2147483922 2147483923 2147483927 2147483936 2147483937 2147483938 2147483939 2147483940 2147483941 2147483942 2147483943 2147483945 2147483946 2147483950 2147483953 2147483954 2147483957 2147483958 2147483959 2147483961 2147483976 2147483978 2147483979 2147483981 2147483983 2147483985 2147483995 
2147483709 2147483708 2147483708 2147483710 2147483757 2147483912 2147483913 2147483976 53 49 51 132 50 2147483710 2147483757 2147483912 2147483913 2147483976 
2147483710 2147483708 2147483709 2147483708 2147483709 2147483757 51 53 132 50 2147483757 
2147483718 2147483708 2147483708 2147483921 2147483978 2147483983 2147483995 22 25 27 23 269 270 2147483921 2147483978 2147483983 2147483995 
2147483725 2147483708 2147483708 2147483921 2147483936 2147483937 2147483938 2147483939 2147483940 2147483941 2147483942 2147483943 2147483953 2147483978 2147483979 2147483981 2147483985 49 52 54 57 53 51 133 134 50 2147483921 2147483936 2147483937 2147483938 2147483939 2147483940 2147483941 2147483942 2147483943 2147483953 2147483978 2147483979 2147483981 2147483985 
2147483739 2147483740 2147483754 2147483757 2147483801 2147483998 49 52 54 57 53 127 128 129 130 51 133 131 132 50 2147483740 2147483754 2147483757 2147483801 2147483998 
2147483740 2147483739 2147483739 2147483807 2147483989 53 49 52 54 57 127 128 129 130 51 133 50 2147483807 2147483989 
2147483742 2147483743 2147483744 2147483754 2147483757 2147483801 2147483822 2147483823 2147483826 2147483827 2147483986 2147483988 53 49 52 54 57 127 128 129 130 133 134 131 132 50 2147483743 2147483744 2147483754 2147483757 2147483801 2147483822 2147483823 2147483826 2147483827 2147483986 2147483988 
2147483743 2147483742 2147483742 2147483744 2147483757 2147483801 2147483822 2147483823 2147483986 53 49 134 131 132 50 2147483744 2147483757 2147483801 2147483822 2147483823 2147483986 
2147483744 2147483742 2147483743 2147483742 2147483743 2147483757 2147483801 50 53 134 131 132 2147483757 2147483801 
2147483754 2147483648 2147483649 2147483650 2147483651 2147483652 2147483653 2147483654 2147483655 2147483656 2147483664 2147483672 2147483686 2147483694 2147483708 2147483739 2147483742 2147483648 2147483649 2147483650 2147483651 2147483652 2147483653 2147483654 2147483655 2147483656 2147483664 2147483672 2147483686 2147483694 2147483708 2147483739 2147483742 2147483757 2147483760 2147483761 2147483762 2147483769 2147483774 2147483776 2147483783 2147483788 2147483790 2147483798 2147483799 2147483800 2147483801 2147483816 2147483818 2147483830 2147483832 2147483833 2147483836 2147483837 2147483838 2147483839 2147483843 2147483852 2147483853 2147483854 2147483855 2147483856 2147483857 2147483858 2147483859 2147483861 2147483862 2147483863 2147483864 2147483865 2147483867 2147483870 2147483872 2147483873 2147483876 2147483877 2147483878 2147483879 2147483883 2147483892 2147483893 2147483894 2147483895 2147483896 2147483897 2147483898 2147483899 2147483901 2147483902 2147483903 2147483904 2147483905 2147483908 2147483962 2147483964 2147483968 2147483969 2147483971 2147483975 2147483991 2147483993 2147483997 2147483998 2147484001 2147484002 2147484003 53 49 52 54 57 127 128 129 130 51 133 134 131 132 50 2147483757 2147483760 2147483761 2147483762 2147483769 2147483774 2147483776 2147483783 2147483788 2147483790 2147483798 2147483799 2147483800 2147483801 2147483816 2147483818 2147483830 2147483832 2147483833 2147483836 2147483837 2147483838 2147483839 2147483843 2147483852 2147483853 2147483854 2147483855 2147483856 2147483857 2147483858 2147483859 2147483861 2147483862 2147483863 2147483864 2147483865 2147483867 2147483870 2147483872 2147483873 2147483876 2147483877 2147483878 2147483879 2147483883 2147483892 2147483893 2147483894 2147483895 2147483896 2147483897 2147483898 2147483899 2147483901 2147483902 2147483903 2147483904 2147483905 2147483908 2147483962 2147483964 2147483968 2147483969 2147483971 2147483975 2147483991 2147483993 2147483997 2147483998 2147484001 2147484002 2147484003 
2147483757 2147483648 2147483649 2147483650 2147483651 2147483652 2147483653 2147483654 2147483655 2147483656 2147483664 2147483672 2147483686 2147483694 2147483708 2147483709 2147483710 2147483739 2147483742 2147483743 2147483744 2147483754 2147483648 2147483649 2147483650 2147483651 2147483652 2147483653 2147483654 2147483655 2147483656 2147483664 2147483672 2147483686 2147483694 2147483708 2147483709 2147483710 2147483739 2147483742 2147483743 2147483744 2147483754 2147483760 2147483761 2147483762 2147483769 2147483774 2147483776 2147483783 2147483788 2147483790 2147483798 2147483799 2147483800 2147483801 2147483816 2147483818 2147483822 2147483823 2147483830 2147483832 2147483833 2147483836 2147483837 2147483838 2147483839 2147483843 2147483852 2147483853 2147483854 2147483855 2147483856 2147483857 2147483858 2147483859 2147483861 2147483862 2147483863 2147483864 2147483865 2147483867 2147483870 2147483872 2147483873 2147483876 2147483877 2147483878 2147483879 2147483883 2147483892 2147483893 2147483894 2147483895 2147483896 2147483897 2147483898 2147483899 2147483901 2147483902 2147483903 2147483904 2147483905 2147483908 2147483912 2147483913 2147483962 2147483964 2147483968 2147483969 2147483971 2147483975 2147483976 2147483978 2147483986 2147483988 2147483991 2147483993 2147483997 2147483998 2147484001 2147484002 2147484003 52 57 49 54 53 127 128 129 130 51 133 134 131 132 50 2147483760 2147483761 2147483762 2147483769 2147483774 2147483776 2147483783 2147483788 2147483790 2147483798 2147483799 2147483800 2147483801 2147483816 2147483818 2147483822 2147483823 2147483830 2147483832 2147483833 2147483836 2147483837 2147483838 2147483839 2147483843 2147483852 2147483853 2147483854 2147483855 2147483856 2147483857 2147483858 2147483859 2147483861 2147483862 2147483863 2147483864 2147483865 2147483867 2147483870 2147483872 2147483873 2147483876 2147483877 2147483878 2147483879 2147483883 2147483892 2147483893 2147483894 2147483895 2147483896 2147483897 2147483898 2147483899 2147483901 2147483902 2147483903 2147483904 2147483905 2147483908 2147483912 2147483913 2147483962 2147483964 2147483968 2147483969 2147483971 2147483975 2147483976 2147483978 2147483986 2147483988 2147483991 2147483993 2147483997 2147483998 2147484001 2147484002 2147484003 
2147483760 2147483648 2147483649 2147483754 2147483757 2147483648 2147483649 2147483754 2147483757 2147483761 2147483762 2147483997 53 49 57 51 133 134 131 132 50 2147483761 2147483762 2147483997 
2147483761 2147483648 2147483649 2147483650 2147483651 2147483652 2147483653 2147483654 2147483655 2147483754 2147483757 2147483760 2147483648 2147483649 2147483650 2147483651 2147483652 2147483653 2147483654 2147483655 2147483754 2147483757 2147483760 2147483762 2147483769 2147483774 2147483776 2147483783 2147483788 2147483997 49 52 54 57 53 127 128 129 130 51 133 134 131 132 50 2147483762 2147483769 2147483774 2147483776 2147483783 2147483788 2147483997 
2147483762 2147483648 2147483649 2147483754 2147483757 2147483760 2147483761 2147483648 2147483649 2147483754 2147483757 2147483760 2147483761 2147483997 49 57 53 51 133 134 131 132 50 2147483997 
2147483769 2147483649 2147483650 2147483754 2147483757 2147483761 2147483649 2147483650 2147483754 2147483757 2147483761 2147483997 54 49 57 53 133 134 131 132 50 2147483997 
2147483774 2147483651 2147483652 2147483754 2147483757 2147483761 2147483651 2147483652 2147483754 2147483757 2147483761 2147483776 2147483997 53 49 57 51 133 134 131 132 50 2147483776 2147483997 
2147483776 2147483651 2147483652 2147483754 2147483757 2147483761 2147483774 2147483651 2147483652 2147483754 2147483757 2147483761 2147483774 2147483997 49 57 53 51 133 134 131 132 50 2147483997 
2147483783 2147483652 2147483653 2147483754 2147483757 2147483761 2147483652 2147483653 2147483754 2147483757 2147483761 2147483997 54 49 57 53 133 134 131 132 50 2147483997 
2147483788 2147483654 2147483655 2147483754 2147483757 2147483761 2147483654 2147483655 2147483754 2147483757 2147483761 2147483790 2147483997 53 49 57 51 133 134 131 132 50 2147483790 2147483997 
2147483790 2147483654 2147483655 2147483754 2147483757 2147483788 2147483654 2147483655 2147483754 2147483757 2147483788 2147483997 49 57 53 51 133 131 132 50 2147483997 
2147483796 49 
2147483798 2147483655 2147483754 2147483757 2147483655 2147483754 2147483757 2147483997 49 133 131 132 50 2147483997 
2147483799 2147483655 2147483754 2147483757 2147483655 2147483754 2147483757 2147483997 49 133 131 132 50 2147483997 
2147483800 2147483655 2147483754 2147483757 2147483655 2147483754 2147483757 2147483997 49 133 131 132 50 2147483997 
2147483801 2147483739 2147483742 2147483743 2147483744 2147483754 2147483757 2147483739 2147483742 2147483743 2147483744 2147483754 2147483757 2147483816 2147483818 2147483822 2147483823 2147483826 2147483827 2147483986 2147483988 2147483998 2147484001 22 27 25 32 26 263 264 265 266 24 23 269 270 267 268 2147483816 2147483818 2147483822 2147483823 2147483826 2147483827 2147483986 2147483988 2147483998 2147484001 
2147483807 2147483740 2147483740 127 52 54 57 53 51 
2147483816 2147483754 2147483757 2147483801 2147483754 2147483757 2147483801 2147483818 2147483998 49 52 51 133 131 132 2147483818 2147483998 
2147483818 2147483754 2147483757 2147483801 2147483816 2147483754 2147483757 2147483801 2147483816 2147483998 49 52 51 133 131 132 2147483998 
2147483822 2147483742 2147483743 2147483757 2147483801 2147483742 2147483743 2147483757 2147483801 2147483986 49 53 134 131 132 50 2147483986 
2147483823 2147483742 2147483743 2147483757 2147483801 2147483742 2147483743 2147483757 2147483801 2147483986 49 57 53 134 131 132 50 2147483986 
2147483826 2147483742 2147483801 2147483742 2147483801 2147483988 49 133 134 131 2147483988 
2147483827 2147483742 2147483801 2147483742 2147483801 2147483988 49 54 57 53 2147483988 
2147483830 2147483664 2147483754 2147483757 2147483664 2147483754 2147483757 2147483837 2147484002 49 133 134 131 132 50 2147483837 2147484002 
2147483832 2147483664 2147483754 2147483757 2147483664 2147483754 2147483757 2147483837 2147484002 151 2147483837 2147484002 
2147483833 2147483664 2147483754 2147483757 2147483664 2147483754 2147483757 2147483837 2147484002 49 133 134 131 132 50 2147483837 2147484002 
2147483836 2147483664 2147483754 2147483757 2147483664 2147483754 2147483757 2147483837 2147483838 2147483839 2147484002 53 49 57 133 134 131 132 50 2147483837 2147483838 2147483839 2147484002 
2147483837 2147483664 2147483672 2147483754 2147483757 2147483830 2147483832 2147483833 2147483836 2147483664 2147483672 2147483754 2147483757 2147483830 2147483832 2147483833 2147483836 2147483838 2147483839 2147483843 2147483852 2147483853 2147483854 2147483855 2147483856 2147483857 2147483858 2147483859 2147483861 2147483862 2147483863 2147483864 2147483865 2147483867 2147483962 2147483964 2147483968 2147483991 2147484002 49 52 54 57 53 127 128 129 130 51 133 134 131 132 50 2147483838 2147483839 2147483843 2147483852 2147483853 2147483854 2147483855 2147483856 2147483857 2147483858 2147483859 2147483861 2147483862 2147483863 2147483864 2147483865 2147483867 2147483962 2147483964 2147483968 2147483991 2147484002 
2147483838 2147483664 2147483754 2147483757 2147483836 2147483837 2147483664 2147483754 2147483757 2147483836 2147483837 2147483839 2147484002 57 49 53 133 134 131 132 50 2147483839 2147484002 
2147483839 2147483664 2147483754 2147483757 2147483836 2147483837 2147483838 2147483664 2147483754 2147483757 2147483836 2147483837 2147483838 2147484002 49 57 53 133 134 131 132 50 2147484002 
2147483843 2147483664 2147483672 2147483754 2147483757 2147483837 2147483664 2147483672 2147483754 2147483757 2147483837 2147483964 2147483968 2147484002 49 52 54 51 133 134 131 132 50 2147483964 2147483968 2147484002 
2147483852 2147483664 2147483672 2147483754 2147483757 2147483837 2147483664 2147483672 2147483754 2147483757 2147483837 2147483962 2147483964 2147483968 2147484002 49 52 54 57 51 133 134 131 132 50 2147483962 2147483964 2147483968 2147484002 
2147483853 2147483664 2147483672 2147483754 2147483757 2147483837 2147483664 2147483672 2147483754 2147483757 2147483837 2147483962 2147483964 2147483968 2147484002 49 52 54 57 51 133 134 131 132 50 2147483962 2147483964 2147483968 2147484002 
2147483854 2147483664 2147483672 2147483754 2147483757 2147483837 2147483664 2147483672 2147483754 2147483757 2147483837 2147483962 2147483964 2147483968 2147484002 49 52 54 57 51 133 134 131 132 50 2147483962 2147483964 2147483968 2147484002 
2147483855 2147483664 2147483672 2147483754 2147483757 2147483837 2147483664 2147483672 2147483754 2147483757 2147483837 2147483962 2147483964 2147483968 2147484002 49 52 54 57 51 133 134 131 132 50 2147483962 2147483964 2147483968 2147484002 
2147483856 2147483664 2147483672 2147483754 2147483757 2147483837 2147483664 2147483672 2147483754 2147483757 2147483837 2147483962 2147483964 2147483968 2147484002 49 52 54 57 51 133 134 131 132 50 2147483962 2147483964 2147483968 2147484002 
2147483857 2147483664 2147483672 2147483754 2147483757 2147483837 2147483664 2147483672 2147483754 2147483757 2147483837 2147483962 2147483964 2147483968 2147484002 49 52 54 57 51 133 134 131 132 50 2147483962 2147483964 2147483968 2147484002 
2147483858 2147483664 2147483672 2147483754 2147483757 2147483837 2147483664 2147483672 2147483754 2147483757 2147483837 2147483962 2147483964 2147483968 2147484002 49 52 54 57 51 133 134 131 132 50 2147483962 2147483964 2147483968 2147484002 
2147483859 2147483664 2147483672 2147483754 2147483757 2147483837 2147483664 2147483672 2147483754 2147483757 2147483837 2147483962 2147483964 2147483968 2147484002 49 52 54 57 51 133 134 131 132 50 2147483962 2147483964 2147483968 2147484002 
2147483861 2147483664 2147483754 2147483757 2147483837 2147483664 2147483754 2147483757 2147483837 2147483962 2147483964 2147483968 2147484002 49 52 54 51 133 134 131 132 50 2147483962 2147483964 2147483968 2147484002 
2147483862 2147483664 2147483754 2147483757 2147483837 2147483664 2147483754 2147483757 2147483837 2147483962 2147483964 2147483968 2147484002 49 52 54 51 133 134 131 132 50 2147483962 2147483964 2147483968 2147484002 
2147483863 2147483664 2147483754 2147483757 2147483837 2147483664 2147483754 2147483757 2147483837 2147483864 2147483865 2147483968 2147484002 57 49 53 51 133 134 131 132 50 2147483864 2147483865 2147483968 2147484002 
2147483864 2147483664 2147483754 2147483757 2147483837 2147483863 2147483664 2147483754 2147483757 2147483837 2147483863 2147483865 2147483968 2147484002 53 49 57 51 133 134 131 132 50 2147483865 2147483968 2147484002 
2147483865 2147483664 2147483754 2147483757 2147483837 2147483863 2147483864 2147483664 2147483754 2147483757 2147483837 2147483863 2147483864 2147483968 2147484002 49 57 53 51 133 134 131 132 50 2147483968 2147484002 
2147483867 2147483664 2147483754 2147483757 2147483837 2147483664 2147483754 2147483757 2147483837 2147483968 2147484002 49 51 133 134 131 132 50 2147483968 2147484002 
2147483870 2147483686 2147483754 2147483757 2147483686 2147483754 2147483757 2147483877 49 133 134 132 50 2147483877 
2147483872 2147483686 2147483754 2147483757 2147483686 2147483754 2147483757 2147483877 151 2147483877 
2147483873 2147483686 2147483754 2147483757 2147483686 2147483754 2147483757 2147483877 49 133 134 132 50 2147483877 
2147483876 2147483686 2147483754 2147483757 2147483686 2147483754 2147483757 2147483877 2147483878 2147483879 53 49 57 133 134 132 50 2147483877 2147483878 2147483879 
2147483877 2147483686 2147483694 2147483754 2147483757 2147483870 2147483872 2147483873 2147483876 2147483686 2147483694 2147483754 2147483757 2147483870 2147483872 2147483873 2147483876 2147483878 2147483879 2147483883 2147483892 2147483893 2147483894 2147483895 2147483896 2147483897 2147483898 2147483899 2147483901 2147483902 2147483903 2147483904 2147483905 2147483908 2147483969 2147483971 2147483975 2147483993 2147484003 49 52 54 57 53 127 128 129 130 51 133 134 132 50 2147483878 2147483879 2147483883 2147483892 2147483893 2147483894 2147483895 2147483896 2147483897 2147483898 2147483899 2147483901 2147483902 2147483903 2147483904 2147483905 2147483908 2147483969 2147483971 2147483975 2147483993 2147484003 
2147483878 2147483686 2147483754 2147483757 2147483876 2147483877 2147483686 2147483754 2147483757 2147483876 2147483877 2147483879 57 49 53 133 134 132 50 2147483879 
2147483879 2147483686 2147483754 2147483757 2147483876 2147483877 2147483878 2147483686 2147483754 2147483757 2147483876 2147483877 2147483878 49 57 53 133 134 132 50 
2147483883 2147483686 2147483694 2147483754 2147483757 2147483877 2147483686 2147483694 2147483754 2147483757 2147483877 2147483971 2147483975 49 52 54 51 133 134 132 50 2147483971 2147483975 
2147483892 2147483686 2147483694 2147483754 2147483757 2147483877 2147483686 2147483694 2147483754 2147483757 2147483877 2147483969 2147483971 2147483975 49 52 54 57 51 133 134 132 50 2147483969 2147483971 2147483975 
2147483893 2147483686 2147483694 2147483754 2147483757 2147483877 2147483686 2147483694 2147483754 2147483757 2147483877 2147483969 2147483971 2147483975 49 52 54 57 51 133 134 132 50 2147483969 2147483971 2147483975 
2147483894 2147483686 2147483694 2147483754 2147483757 2147483877 2147483686 2147483694 2147483754 2147483757 2147483877 2147483969 2147483971 2147483975 49 52 54 57 51 133 134 132 50 2147483969 2147483971 2147483975 
2147483895 2147483686 2147483694 2147483754 2147483757 2147483877 2147483686 2147483694 2147483754 2147483757 2147483877 2147483969 2147483971 2147483975 49 52 54 57 51 133 134 132 50 2147483969 2147483971 2147483975 
2147483896 2147483686 2147483694 2147483754 2147483757 2147483877 2147483686 2147483694 2147483754 2147483757 2147483877 2147483969 2147483971 2147483975 49 52 54 57 51 133 134 132 50 2147483969 2147483971 2147483975 
2147483897 2147483686 2147483694 2147483754 2147483757 2147483877 2147483686 2147483694 2147483754 2147483757 2147483877 2147483969 2147483971 2147483975 49 52 54 57 51 133 134 132 50 2147483969 2147483971 2147483975 
2147483898 2147483686 2147483694 2147483754 2147483757 2147483877 2147483686 2147483694 2147483754 2147483757 2147483877 2147483969 2147483971 2147483975 49 52 54 57 51 133 134 132 50 2147483969 2147483971 2147483975 
2147483899 2147483686 2147483694 2147483754 2147483757 2147483877 2147483686 2147483694 2147483754 2147483757 2147483877 2147483969 2147483971 2147483975 49 52 54 57 51 133 134 132 50 2147483969 2147483971 2147483975 
2147483901 2147483686 2147483754 2147483757 2147483877 2147483686 2147483754 2147483757 2147483877 2147483969 2147483971 2147483975 49 52 54 51 133 134 132 50 2147483969 2147483971 2147483975 
2147483902 2147483686 2147483754 2147483757 2147483877 2147483686 2147483754 2147483757 2147483877 2147483969 2147483971 2147483975 49 52 54 51 133 134 132 50 2147483969 2147483971 2147483975 
2147483903 2147483686 2147483754 2147483757 2147483877 2147483686 2147483754 2147483757 2147483877 2147483904 2147483905 2147483975 57 49 53 51 133 134 132 50 2147483904 2147483905 2147483975 
2147483904 2147483686 2147483754 2147483757 2147483877 2147483903 2147483686 2147483754 2147483757 2147483877 2147483903 2147483905 2147483975 53 49 57 51 133 134 132 50 2147483905 2147483975 
2147483905 2147483686 2147483754 2147483757 2147483877 2147483903 2147483904 2147483686 2147483754 2147483757 2147483877 2147483903 2147483904 2147483975 49 57 53 51 133 134 132 50 2147483975 
2147483908 2147483686 2147483754 2147483757 2147483877 2147483686 2147483754 2147483757 2147483877 2147483975 2147484003 49 52 51 133 134 132 50 2147483975 2147484003 
2147483912 2147483708 2147483709 2147483757 2147483708 2147483709 2147483757 2147483976 49 53 51 132 50 2147483976 
2147483913 2147483708 2147483709 2147483757 2147483708 2147483709 2147483757 2147483976 49 57 53 51 132 50 2147483976 
2147483920 2147483708 2147483708 2147483921 2147483922 2147483923 2147483978 53 49 57 133 134 50 2147483921 2147483922 2147483923 2147483978 
2147483921 2147483708 2147483718 2147483725 2147483920 2147483708 2147483718 2147483725 2147483920 2147483922 2147483923 2147483927 2147483936 2147483937 2147483938 2147483939 2147483940 2147483941 2147483942 2147483943 2147483945 2147483946 2147483950 2147483953 2147483954 2147483957 2147483958 2147483959 2147483978 2147483979 2147483981 2147483983 2147483985 49 52 54 57 53 127 128 129 130 51 133 134 50 2147483922 2147483923 2147483927 2147483936 2147483937 2147483938 2147483939 2147483940 2147483941 2147483942 2147483943 2147483945 2147483946 2147483950 2147483953 2147483954 2147483957 2147483958 2147483959 2147483978 2147483979 2147483981 2147483983 2147483985 
2147483922 2147483708 2147483920 2147483921 2147483708 2147483920 2147483921 2147483923 2147483978 57 49 53 133 134 50 2147483923 2147483978 
2147483923 2147483708 2147483920 2147483921 2147483922 2147483708 2147483920 2147483921 2147483922 2147483978 49 57 53 133 134 50 2147483978 
2147483927 2147483708 2147483921 2147483708 2147483921 2147483953 2147483978 2147483981 2147483985 49 52 54 51 133 134 50 2147483953 2147483978 2147483981 2147483985 
2147483936 2147483708 2147483725 2147483921 2147483708 2147483725 2147483921 2147483953 2147483978 2147483979 2147483981 2147483985 49 52 54 57 53 51 133 134 50 2147483953 2147483978 2147483979 2147483981 2147483985 
2147483937 2147483708 2147483725 2147483921 2147483708 2147483725 2147483921 2147483953 2147483978 2147483979 2147483981 2147483985 49 52 54 57 53 51 133 134 50 2147483953 2147483978 2147483979 2147483981 2147483985 
2147483938 2147483708 2147483725 2147483921 2147483708 2147483725 2147483921 2147483953 2147483978 2147483979 2147483981 2147483985 49 52 54 57 53 51 133 134 50 2147483953 2147483978 2147483979 2147483981 2147483985 
2147483939 2147483708 2147483725 2147483921 2147483708 2147483725 2147483921 2147483953 2147483978 2147483979 2147483981 2147483985 49 52 54 57 53 51 133 134 50 2147483953 2147483978 2147483979 2147483981 2147483985 
2147483940 2147483708 2147483725 2147483921 2147483708 2147483725 2147483921 2147483953 2147483978 2147483979 2147483981 2147483985 49 52 54 57 53 51 133 134 50 2147483953 2147483978 2147483979 2147483981 2147483985 
2147483941 2147483708 2147483725 2147483921 2147483708 2147483725 2147483921 2147483953 2147483978 2147483979 2147483981 2147483985 49 52 54 57 53 51 133 134 50 2147483953 2147483978 2147483979 2147483981 2147483985 
2147483942 2147483708 2147483725 2147483921 2147483708 2147483725 2147483921 2147483953 2147483978 2147483979 2147483981 2147483985 49 52 54 57 53 51 133 134 50 2147483953 2147483978 2147483979 2147483981 2147483985 
2147483943 2147483708 2147483725 2147483921 2147483708 2147483725 2147483921 2147483953 2147483978 2147483979 2147483981 2147483985 49 52 54 57 53 51 133 134 50 2147483953 2147483978 2147483979 2147483981 2147483985 
2147483945 2147483708 2147483921 2147483708 2147483921 2147483953 2147483978 2147483979 2147483981 2147483985 49 52 54 57 51 133 134 50 2147483953 2147483978 2147483979 2147483981 2147483985 
2147483946 2147483708 2147483921 2147483708 2147483921 2147483953 2147483978 2147483979 2147483981 2147483985 49 52 54 57 51 133 134 50 2147483953 2147483978 2147483979 2147483981 2147483985 
2147483950 2147483708 2147483921 2147483708 2147483921 2147483953 2147483954 2147483978 2147483985 53 49 54 51 133 134 50 2147483953 2147483954 2147483978 2147483985 
2147483953 2147483708 2147483725 2147483921 2147483927 2147483936 2147483937 2147483938 2147483939 2147483940 2147483941 2147483942 2147483943 2147483945 2147483946 2147483950 2147483708 2147483725 2147483921 2147483927 2147483936 2147483937 2147483938 2147483939 2147483940 2147483941 2147483942 2147483943 2147483945 2147483946 2147483950 2147483978 2147483979 2147483981 2147483985 52 57 49 54 53 51 133 134 50 2147483978 2147483979 2147483981 2147483985 
2147483954 2147483708 2147483921 2147483950 2147483708 2147483921 2147483950 2147483978 2147483985 54 57 53 51 133 134 50 2147483978 2147483985 
2147483957 2147483708 2147483921 2147483708 2147483921 2147483958 2147483959 2147483978 2147483985 57 49 53 51 133 134 50 2147483958 2147483959 2147483978 2147483985 
2147483958 2147483708 2147483921 2147483957 2147483708 2147483921 2147483957 2147483959 2147483978 2147483985 53 49 57 51 133 134 50 2147483959 2147483978 2147483985 
2147483959 2147483708 2147483921 2147483957 2147483958 2147483708 2147483921 2147483957 2147483958 2147483978 2147483985 49 57 53 51 133 134 50 2147483978 2147483985 
2147483961 2147483708 2147483708 2147483978 2147483983 2147483985 49 52 51 133 50 2147483978 2147483983 2147483985 
2147483962 2147483664 2147483672 2147483754 2147483757 2147483837 2147483852 2147483853 2147483854 2147483855 2147483856 2147483857 2147483858 2147483859 2147483861 2147483862 2147483664 2147483672 2147483754 2147483757 2147483837 2147483852 2147483853 2147483854 2147483855 2147483856 2147483857 2147483858 2147483859 2147483861 2147483862 2147483964 2147483968 2147484002 49 52 54 57 51 133 134 131 132 50 2147483964 2147483968 2147484002 
2147483964 2147483664 2147483672 2147483754 2147483757 2147483837 2147483843 2147483852 2147483853 2147483854 2147483855 2147483856 2147483857 2147483858 2147483859 2147483861 2147483862 2147483962 2147483664 2147483672 2147483754 2147483757 2147483837 2147483843 2147483852 2147483853 2147483854 2147483855 2147483856 2147483857 2147483858 2147483859 2147483861 2147483862 2147483962 2147483968 2147484002 54 49 52 57 51 133 134 131 132 50 2147483968 2147484002 
2147483968 2147483664 2147483672 2147483754 2147483757 2147483837 2147483843 2147483852 2147483853 2147483854 2147483855 2147483856 2147483857 2147483858 2147483859 2147483861 2147483862 2147483863 2147483864 2147483865 2147483867 2147483962 2147483964 2147483664 2147483672 2147483754 2147483757 2147483837 2147483843 2147483852 2147483853 2147483854 2147483855 2147483856 2147483857 2147483858 2147483859 2147483861 2147483862 2147483863 2147483864 2147483865 2147483867 2147483962 2147483964 2147483991 2147484002 49 52 54 57 53 127 128 129 130 51 133 134 131 132 50 2147483991 2147484002 
2147483969 2147483686 2147483694 2147483754 2147483757 2147483877 2147483892 2147483893 2147483894 2147483895 2147483896 2147483897 2147483898 2147483899 2147483901 2147483902 2147483686 2147483694 2147483754 2147483757 2147483877 2147483892 2147483893 2147483894 2147483895 2147483896 2147483897 2147483898 2147483899 2147483901 2147483902 2147483971 2147483975 49 52 54 57 51 133 134 132 50 2147483971 2147483975 
2147483971 2147483686 2147483694 2147483754 2147483757 2147483877 2147483883 2147483892 2147483893 2147483894 2147483895 2147483896 2147483897 2147483898 2147483899 2147483901 2147483902 2147483969 2147483686 2147483694 2147483754 2147483757 2147483877 2147483883 2147483892 2147483893 2147483894 2147483895 2147483896 2147483897 2147483898 2147483899 2147483901 2147483902 2147483969 2147483975 54 49 52 57 51 133 134 132 50 2147483975 
2147483975 2147483686 2147483694 2147483754 2147483757 2147483877 2147483883 2147483892 2147483893 2147483894 2147483895 2147483896 2147483897 2147483898 2147483899 2147483901 2147483902 2147483903 2147483904 2147483905 2147483908 2147483969 2147483971 2147483686 2147483694 2147483754 2147483757 2147483877 2147483883 2147483892 2147483893 2147483894 2147483895 2147483896 2147483897 2147483898 2147483899 2147483901 2147483902 2147483903 2147483904 2147483905 2147483908 2147483969 2147483971 2147483993 2147484003 49 52 54 57 53 127 128 129 130 51 133 134 132 50 2147483993 2147484003 
2147483976 2147483708 2147483709 2147483757 2147483912 2147483913 2147483708 2147483709 2147483757 2147483912 2147483913 2147483978 54 57 51 49 52 53 127 128 129 130 133 132 50 2147483978 
2147483978 2147483708 2147483718 2147483725 2147483757 2147483920 2147483921 2147483922 2147483923 2147483927 2147483936 2147483937 2147483938 2147483939 2147483940 2147483941 2147483942 2147483943 2147483945 2147483946 2147483950 2147483953 2147483954 2147483957 2147483958 2147483959 2147483961 2147483976 2147483708 2147483718 2147483725 2147483757 2147483920 2147483921 2147483922 2147483923 2147483927 2147483936 2147483937 2147483938 2147483939 2147483940 2147483941 2147483942 2147483943 2147483945 2147483946 2147483950 2147483953 2147483954 2147483957 2147483958 2147483959 2147483961 2147483976 2147483979 2147483981 2147483983 2147483985 2147483995 49 53 52 54 57 127 128 129 130 51 133 134 132 50 2147483979 2147483981 2147483983 2147483985 2147483995 
2147483979 2147483708 2147483725 2147483921 2147483936 2147483937 2147483938 2147483939 2147483940 2147483941 2147483942 2147483943 2147483945 2147483946 2147483953 2147483978 2147483708 2147483725 2147483921 2147483936 2147483937 2147483938 2147483939 2147483940 2147483941 2147483942 2147483943 2147483945 2147483946 2147483953 2147483978 2147483981 2147483985 49 52 54 57 53 51 133 134 50 2147483981 2147483985 
2147483981 2147483708 2147483725 2147483921 2147483927 2147483936 2147483937 2147483938 2147483939 2147483940 2147483941 2147483942 2147483943 2147483945 2147483946 2147483953 2147483978 2147483979 2147483708 2147483725 2147483921 2147483927 2147483936 2147483937 2147483938 2147483939 2147483940 2147483941 2147483942 2147483943 2147483945 2147483946 2147483953 2147483978 2147483979 2147483985 49 52 54 57 53 51 133 134 50 2147483985 
2147483983 2147483708 2147483718 2147483921 2147483961 2147483978 2147483708 2147483718 2147483921 2147483961 2147483978 2147483985 2147483995 22 25 27 24 23 269 270 2147483985 2147483995 
2147483985 2147483708 2147483725 2147483921 2147483927 2147483936 2147483937 2147483938 2147483939 2147483940 2147483941 2147483942 2147483943 2147483945 2147483946 2147483950 2147483953 2147483954 2147483957 2147483958 2147483959 2147483961 2147483978 2147483979 2147483981 2147483983 2147483708 2147483725 2147483921 2147483927 2147483936 2147483937 2147483938 2147483939 2147483940 2147483941 2147483942 2147483943 2147483945 2147483946 2147483950 2147483953 2147483954 2147483957 2147483958 2147483959 2147483961 2147483978 2147483979 2147483981 2147483983 2147483995 49 52 54 57 53 127 128 129 130 51 133 134 50 2147483995 
2147483986 2147483742 2147483743 2147483757 2147483801 2147483822 2147483823 2147483742 2147483743 2147483757 2147483801 2147483822 2147483823 2147483988 54 57 50 49 52 53 127 128 129 130 133 134 131 132 2147483988 
2147483988 2147483742 2147483757 2147483801 2147483826 2147483827 2147483986 2147483742 2147483757 2147483801 2147483826 2147483827 2147483986 57 49 53 52 54 127 128 129 130 133 134 131 132 50 
2147483989 2147483648 2147483649 2147483651 2147483652 2147483654 2147483655 2147483740 2147483648 2147483649 2147483651 2147483652 2147483654 2147483655 2147483740 49 53 52 54 57 127 128 129 130 51 133 50 
2147483991 2147483664 2147483754 2147483757 2147483837 2147483968 2147483664 2147483754 2147483757 2147483837 2147483968 2147484002 49 51 133 134 131 132 50 2147484002 
2147483993 2147483686 2147483754 2147483757 2147483877 2147483975 2147483686 2147483754 2147483757 2147483877 2147483975 49 51 133 134 132 50 
2147483995 2147483708 2147483718 2147483978 2147483983 2147483985 2147483708 2147483718 2147483978 2147483983 2147483985 49 52 54 51 133 50 
2147483997 2147483648 2147483649 2147483650 2147483651 2147483652 2147483653 2147483654 2147483655 2147483656 2147483754 2147483757 2147483760 2147483761 2147483762 2147483769 2147483774 2147483776 2147483783 2147483788 2147483790 2147483798 2147483799 2147483800 2147483648 2147483649 2147483650 2147483651 2147483652 2147483653 2147483654 2147483655 2147483656 2147483754 2147483757 2147483760 2147483761 2147483762 2147483769 2147483774 2147483776 2147483783 2147483788 2147483790 2147483798 2147483799 2147483800 51 49 52 54 57 53 127 128 129 130 133 134 131 132 50 
2147483998 2147483739 2147483754 2147483757 2147483801 2147483816 2147483818 2147483739 2147483754 2147483757 2147483801 2147483816 2147483818 2147484001 2147484002 54 131 49 52 57 53 127 128 129 130 51 133 132 50 2147484001 2147484002 
2147484001 2147483754 2147483757 2147483801 2147483998 2147483754 2147483757 2147483801 2147483998 57 131 49 52 54 53 127 128 129 130 51 133 132 50 
2147484002 2147483664 2147483672 2147483754 2147483757 2147483830 2147483832 2147483833 2147483836 2147483837 2147483838 2147483839 2147483843 2147483852 2147483853 2147483854 2147483855 2147483856 2147483857 2147483858 2147483859 2147483861 2147483862 2147483863 2147483864 2147483865 2147483867 2147483962 2147483964 2147483968 2147483991 2147483998 2147483664 2147483672 2147483754 2147483757 2147483830 2147483832 2147483833 2147483836 2147483837 2147483838 2147483839 2147483843 2147483852 2147483853 2147483854 2147483855 2147483856 2147483857 2147483858 2147483859 2147483861 2147483862 2147483863 2147483864 2147483865 2147483867 2147483962 2147483964 2147483968 2147483991 2147483998 50 49 52 54 57 53 127 128 129 130 51 133 134 131 132 
2147484003 2147483686 2147483754 2147483757 2147483877 2147483908 2147483975 2147483686 2147483754 2147483757 2147483877 2147483908 2147483975 49 52 51 133 134 132 50 
