2,1,2,-1,0,1,0,0,255,
5,1,5,-1,0,1,0,0,0,
8,1,8,-1,0,1,0,0,0,
11,1,11,-1,0,1,0,0,0,
18,1,18,-1,0,1,0,0,0,
19,1,19,-1,0,1,0,0,0,
22,1,22,-1,0,1,0,0,0,
23,1,23,-1,0,1,0,0,0,
24,1,24,-1,0,1,0,0,0,
25,1,25,-1,0,1,0,0,0,
26,1,26,-1,0,1,0,0,0,
27,1,27,-1,0,1,0,0,0,
32,1,32,-1,0,1,0,0,0,
49,1,49,-1,0,1,0,0,0,
50,1,50,-1,0,1,0,0,0,
51,1,51,-1,0,1,0,0,0,
52,1,52,-1,0,1,0,0,0,
53,1,53,-1,0,1,0,0,0,
54,1,54,-1,0,1,0,0,0,
57,1,57,-1,0,1,0,0,0,
61,1,61,-1,0,1,0,0,255,
127,1,127,-1,0,1,0,0,0,
128,1,128,-1,0,1,0,0,0,
129,1,129,-1,0,1,0,0,0,
130,1,130,-1,0,1,0,0,0,
131,1,131,-1,0,1,0,0,0,
132,1,132,-1,0,1,0,0,0,
133,1,133,-1,0,1,0,0,0,
134,1,134,-1,0,1,0,0,255,
247,1,247,-1,0,1,0,0,255,
248,1,248,-1,0,1,0,0,0,
249,1,249,-1,0,1,0,0,0,
250,1,250,-1,0,1,0,0,0,
251,1,251,-1,0,1,0,0,0,
252,1,252,-1,0,1,0,0,255,
253,1,253,-1,0,1,0,0,0,
254,1,254,-1,0,1,0,0,0,
263,1,263,-1,0,1,0,0,0,
264,1,264,-1,0,1,0,0,0,
265,1,265,-1,0,1,0,0,0,
266,1,266,-1,0,1,0,0,0,
267,1,267,-1,0,1,0,0,0,
268,1,268,-1,0,1,0,0,0,
269,1,269,-1,0,1,0,0,0,
270,1,270,-1,0,1,0,0,0,
2147483648,0,0,0.00511204,1,0,1,0,0,54 57 53 127 128 129 130 133 134 131
2147483649,0,0,0.00310458,1,0,1,0,0,54 57 53 127 128 129 130 133 134 131
2147483651,0,0,0.0782928,1,0,1,0,0,
2147483661,0,0,0.0513342,9,0,1,0,0,27 32 26 263 264 265 266 24
2147483663,0,0,0.0395099,6,0,1,0,0,
2147483664,0,0,0.294956,1,0,1,0,0,
2147483665,0,0,0.0689245,2,0,1,0,0,27 32 26 263 264 265 266 24 23
2147483666,0,0,0.301835,1,0,1,0,0,
2147483672,0,0,0.147478,1,0,1,0,0,
2147483673,0,0,0.0344623,2,0,1,0,0,32 26 263 264 265 266 23 268
2147483674,0,0,0.150918,1,0,1,0,0,
2147483684,0,0,0.00912418,1,0,1,0,0,
2147483692,0,0,0.0282096,1,0,1,0,0,132
2147483694,0,0,0.0291267,1,0,1,0,0,132
2147483695,0,0,0.0294956,1,0,1,0,0,131 132
2147483701,0,0,0.00106092,1,0,1,0,0,49 52 54 57 127 128 129 130 133 134 131
2147483703,0,0,0.00106092,1,0,1,0,0,49 52 54 127 128 129 130 133 134 131
2147483704,0,0,0.00106092,1,0,1,0,0,49 52 54 127 128 129 130 133 134 131
2147483714,0,0,inf,1,0,1,0,0,54 57 53 127 128 129 130 51 133
2147483719,0,0,inf,1,0,1,0,0,57 53 127 128 129 130 51 132 50
2147483723,0,0,0.452661,1,0,1,0,0,22 25 27 263 264 265 266
2147483731,0,0,0.113165,1,0,1,0,0,22 25 27 263 264 265 266 269
2147483735,0,0,0.113165,1,0,1,0,0,22 25 27 263 264 265 266 269
2147483739,0,0,0.113077,1,0,1,0,0,22 25 27 263 264 265 266 269
2147483746,0,0,0.0018743,1,0,1,0,0,52 54 57 53 127 128 129 130 51 50
2147483749,0,0,0.0215375,11,0,1,0,0,
2147483751,0,0,0.0282029,1,0,1,0,0,22 25 27 263 264 265 266
2147483754,0,0,0.00128043,1,0,1,0,0,52 127 128 129 130 51
2147483755,0,0,0.00128043,1,0,1,0,0,49 52 127 128 129 130 51
2147483756,0,0,0.00271359,1,0,1,0,0,52 54 57 127 128 129 130 51 133
2147483758,0,0,inf,1,0,1,0,0,54 57 53 127 128 129 130 51 133 50
2147483762,0,0,0.905322,1,0,1,0,0,22 25 27 263 264 265 266
2147483767,0,0,inf,1,0,1,0,0,52 54 57 53 127 128 129 130 51 133 134 50
2147483771,0,0,0.0905322,1,0,1,0,0,22 25 27 263 264 265 266 267 268
2147483779,0,0,2.52751,3,0,1,0,0,
2147483780,0,0,1.26375,3,0,1,0,0,
2147483781,0,0,0.315662,3,0,1,0,0,133
2147483782,0,0,0.315938,3,0,1,0,0,133
2147483783,0,0,0.315938,3,0,1,0,0,133
2147483784,0,0,0.00779754,3,0,1,0,0,
2147483785,0,0,0.078708,3,0,1,0,0,
2147483790,0,0,0.240679,3,0,1,0,0,131 132
2147483792,0,0,0.00681657,2,0,1,0,0,133 131
2147483793,0,0,0.00418583,1,0,1,0,0,52 54 57 127 128 129 130 51 133
2147483794,0,0,0.00210183,1,0,1,0,0,52 54 53 127 128 129 130 51
2147483795,0,0,0.00212185,1,0,1,0,0,52 54 57 53 127 128 129 130 51 133 50
2147483796,0,0,inf,1,0,1,0,0,52 54 57 53 127 128 129 130 51 133 134 131 132 50
2147483797,0,0,inf,1,0,1,0,0,52 54 57 53 127 128 129 130 51 134 132 50
2147483799,0,0,0.00912738,8,0,1,0,0,
2147483800,0,0,inf,1,0,1,0,0,57 53 127 128 129 130 51 132 50
2147483802,0,0,0.0135017,11,0,1,0,0,
2147483805,0,0,0.00165033,1,0,1,0,0,53 127 128 129 130 133 131
2147483806,0,0,inf,1,0,1,0,0,52 54 57 53 127 128 129 130 51 133 132 50
2147483808,0,0,0.00169748,1,0,1,0,0,53 127 128 129 130 133 131
2147483809,0,0,inf,1,0,1,0,0,52 54 57 53 127 128 129 130 51 133
2147483811,0,0,0.0017474,1,0,1,0,255,53 127 128 129 130 133 131
2147483812,0,0,inf,1,0,1,0,0,52 54 57 53 127 128 129 130 51 133
2147483813,0,0,inf,1,0,1,0,0,53 127 128 129 130 133 131
2147483814,0,0,inf,1,0,1,0,0,53 127 128 129 130 51 133 131
2147483816,0,0,inf,2,0,1,0,0,57 53 127 128 129 130 51 133 131
2147483818,0,0,inf,2,0,1,0,0,49 57 53 127 128 129 130 51 133 131
2147483820,0,0,inf,2,0,1,0,0,49 52 57 53 127 128 129 130 51 133 131
2147483822,0,0,0.0537056,2,0,1,0,0,19 61 18 247 248 249 250 5
