2 2147483668 2147483687 2147483704 2147483739 2147483834 
5 2147483668 2147483687 2147483704 2147483739 2147483834 
8 2147483668 2147483687 2147483704 2147483834 
11 2147483668 2147483687 2147483704 2147483834 
18 2147483668 2147483687 2147483704 
19 2147483668 2147483687 2147483704 2147483834 
22 2147483657 2147483663 2147483682 2147483760 2147483769 2147483803 2147483807 2147483811 2147483814 2147483821 2147483828 
23 2147483657 2147483663 2147483760 2147483762 2147483765 2147483769 2147483772 2147483779 2147483803 2147483807 2147483811 2147483814 2147483821 2147483828 
24 2147483657 2147483663 2147483682 2147483760 2147483762 2147483765 2147483769 2147483772 2147483779 2147483803 2147483807 2147483811 2147483814 2147483821 2147483828 
25 2147483657 2147483663 2147483682 2147483811 2147483821 2147483828 
26 2147483762 2147483765 2147483772 2147483779 2147483821 2147483828 
27 2147483657 2147483663 2147483682 2147483765 2147483772 2147483821 2147483828 
32 2147483657 2147483663 2147483760 2147483762 2147483769 2147483772 2147483779 2147483821 2147483828 
49 2147483648 2147483649 2147483654 2147483662 2147483664 2147483681 2147483683 2147483697 2147483699 2147483700 2147483709 2147483712 2147483714 2147483715 2147483726 2147483730 2147483732 2147483733 2147483744 2147483746 2147483750 2147483752 2147483753 2147483768 2147483775 2147483777 2147483782 2147483786 2147483788 2147483789 2147483800 2147483804 2147483805 2147483808 2147483809 2147483815 2147483816 2147483818 2147483819 2147483823 2147483825 2147483831 2147483832 2147483836 2147483837 
50 2147483654 2147483662 2147483664 2147483681 2147483683 2147483697 2147483699 2147483700 2147483709 2147483712 2147483714 2147483715 2147483730 2147483732 2147483733 2147483742 2147483743 2147483744 2147483750 2147483752 2147483753 2147483764 2147483768 2147483771 2147483775 2147483777 2147483786 2147483788 2147483789 2147483800 2147483804 2147483805 2147483808 2147483809 2147483815 2147483816 2147483818 2147483825 2147483831 2147483832 2147483836 
51 2147483648 2147483649 2147483654 2147483662 2147483664 2147483681 2147483683 2147483697 2147483699 2147483700 2147483709 2147483712 2147483714 2147483715 2147483718 2147483719 2147483726 2147483730 2147483732 2147483733 2147483742 2147483743 2147483744 2147483746 2147483750 2147483752 2147483753 2147483764 2147483768 2147483771 2147483775 2147483777 2147483782 2147483786 2147483788 2147483789 2147483800 2147483804 2147483805 2147483808 2147483809 2147483815 2147483816 2147483818 2147483819 2147483823 2147483825 2147483831 2147483832 2147483836 2147483837 
52 2147483648 2147483649 2147483654 2147483662 2147483664 2147483681 2147483683 2147483697 2147483699 2147483700 2147483709 2147483712 2147483714 2147483715 2147483726 2147483730 2147483732 2147483733 2147483746 2147483750 2147483752 2147483753 2147483775 2147483782 2147483786 2147483788 2147483789 2147483800 2147483804 2147483808 2147483815 2147483818 2147483819 2147483825 2147483831 2147483832 2147483836 
53 2147483654 2147483662 2147483664 2147483681 2147483683 2147483697 2147483699 2147483700 2147483709 2147483712 2147483714 2147483715 2147483718 2147483719 2147483730 2147483732 2147483733 2147483742 2147483743 2147483744 2147483750 2147483752 2147483753 2147483764 2147483771 2147483775 2147483786 2147483788 2147483789 2147483800 2147483804 2147483808 2147483815 2147483818 2147483825 2147483832 
54 2147483654 2147483662 2147483664 2147483681 2147483683 2147483697 2147483699 2147483700 2147483709 2147483714 2147483715 2147483726 2147483732 2147483733 2147483742 2147483743 2147483752 2147483753 2147483764 2147483771 2147483775 2147483788 2147483789 2147483800 2147483804 2147483808 2147483815 2147483818 2147483819 2147483825 2147483831 2147483832 2147483836 
57 2147483654 2147483662 2147483664 2147483681 2147483683 2147483697 2147483699 2147483700 2147483709 2147483714 2147483715 2147483718 2147483719 2147483732 2147483733 2147483742 2147483743 2147483752 2147483753 2147483764 2147483768 2147483771 2147483775 2147483788 2147483789 2147483800 2147483804 2147483808 2147483815 2147483818 2147483825 2147483831 2147483832 2147483836 
61 2147483668 2147483687 2147483704 2147483834 
127 2147483654 2147483662 2147483664 2147483681 2147483683 2147483697 2147483699 2147483700 2147483709 2147483775 2147483800 2147483804 2147483808 2147483815 2147483818 2147483825 2147483832 
128 2147483654 2147483662 2147483664 2147483681 2147483683 2147483697 2147483699 2147483700 2147483709 2147483775 2147483800 2147483804 2147483808 2147483815 2147483818 2147483825 2147483832 
129 2147483654 2147483662 2147483664 2147483681 2147483683 2147483697 2147483699 2147483700 2147483709 2147483775 2147483800 2147483804 2147483808 2147483815 2147483818 2147483825 2147483832 
130 2147483654 2147483662 2147483664 2147483681 2147483683 2147483697 2147483699 2147483700 2147483709 2147483775 2147483800 2147483804 2147483808 2147483815 2147483818 2147483825 2147483832 
131 2147483648 2147483649 2147483654 2147483662 2147483664 2147483681 2147483683 2147483697 2147483699 2147483700 2147483709 2147483712 2147483714 2147483715 2147483718 2147483719 2147483730 2147483732 2147483733 2147483742 2147483743 2147483744 2147483750 2147483752 2147483753 2147483764 2147483768 2147483771 2147483775 2147483777 2147483786 2147483788 2147483789 2147483800 2147483804 2147483805 2147483808 2147483809 2147483815 2147483816 2147483818 2147483823 2147483825 2147483831 2147483832 2147483836 
132 2147483654 2147483662 2147483664 2147483681 2147483683 2147483697 2147483699 2147483700 2147483709 2147483730 2147483732 2147483733 2147483742 2147483743 2147483750 2147483752 2147483753 2147483771 2147483775 2147483777 2147483786 2147483788 2147483789 2147483804 2147483805 2147483808 2147483809 2147483815 2147483816 2147483818 2147483825 2147483832 
133 2147483648 2147483649 2147483654 2147483662 2147483664 2147483681 2147483683 2147483697 2147483699 2147483700 2147483709 2147483712 2147483714 2147483715 2147483718 2147483719 2147483730 2147483732 2147483733 2147483742 2147483743 2147483744 2147483746 2147483750 2147483752 2147483753 2147483764 2147483768 2147483771 2147483775 2147483777 2147483782 2147483786 2147483788 2147483789 2147483800 2147483804 2147483805 2147483808 2147483809 2147483815 2147483816 2147483818 2147483823 2147483825 2147483831 2147483832 2147483836 2147483837 
134 2147483654 2147483662 2147483664 2147483681 2147483683 2147483697 2147483699 2147483700 2147483709 2147483726 2147483730 2147483732 2147483733 2147483742 2147483743 2147483744 2147483746 2147483750 2147483752 2147483753 2147483764 2147483768 2147483771 2147483775 2147483777 2147483786 2147483788 2147483789 2147483804 2147483805 2147483808 2147483809 2147483815 2147483816 2147483818 2147483819 2147483823 2147483825 2147483831 2147483832 2147483836 2147483837 
247 2147483668 2147483687 2147483704 
248 2147483668 2147483687 2147483704 
249 2147483668 2147483687 2147483704 
250 2147483668 2147483687 2147483704 
251 2147483668 2147483687 2147483704 2147483834 
252 2147483668 2147483687 2147483704 2147483739 
253 2147483668 2147483687 2147483704 2147483834 
254 2147483668 2147483687 2147483704 2147483739 2147483834 
263 2147483821 
264 2147483821 
265 2147483821 
266 2147483821 
267 2147483657 2147483663 2147483760 2147483762 2147483765 2147483769 2147483772 2147483779 2147483803 2147483807 2147483811 2147483814 2147483821 2147483828 
268 2147483663 2147483769 2147483772 2147483803 2147483807 2147483814 2147483821 2147483828 
269 2147483657 2147483663 2147483682 2147483760 2147483762 2147483765 2147483769 2147483772 2147483779 2147483803 2147483807 2147483811 2147483814 2147483821 2147483828 
270 2147483657 2147483663 2147483682 2147483760 2147483762 2147483765 2147483769 2147483772 2147483779 2147483803 2147483807 2147483811 2147483814 2147483821 2147483828 
2147483648 2147483649 2147483709 2147483818 2147483821 49 52 51 133 131 2147483649 2147483709 2147483818 2147483821 
2147483649 2147483648 2147483648 2147483709 2147483818 2147483821 49 52 51 133 131 2147483709 2147483818 2147483821 
2147483654 2147483657 2147483662 2147483663 2147483664 2147483668 2147483681 2147483682 2147483683 2147483687 2147483709 2147483726 2147483730 2147483732 2147483733 2147483739 2147483742 2147483743 2147483744 2147483746 2147483750 2147483752 2147483753 2147483760 2147483762 2147483764 2147483765 2147483768 2147483769 2147483771 2147483772 2147483775 2147483777 2147483779 2147483803 2147483804 2147483805 2147483807 2147483808 2147483809 2147483811 2147483818 2147483819 2147483821 2147483823 2147483825 2147483828 2147483831 2147483832 2147483834 2147483836 2147483837 57 49 52 54 53 127 128 129 130 51 133 134 131 132 50 2147483657 2147483662 2147483663 2147483664 2147483668 2147483681 2147483682 2147483683 2147483687 2147483709 2147483726 2147483730 2147483732 2147483733 2147483739 2147483742 2147483743 2147483744 2147483746 2147483750 2147483752 2147483753 2147483760 2147483762 2147483764 2147483765 2147483768 2147483769 2147483771 2147483772 2147483775 2147483777 2147483779 2147483803 2147483804 2147483805 2147483807 2147483808 2147483809 2147483811 2147483818 2147483819 2147483821 2147483823 2147483825 2147483828 2147483831 2147483832 2147483834 2147483836 2147483837 
2147483657 2147483654 2147483654 2147483663 2147483682 2147483709 2147483811 2147483818 2147483821 2147483825 2147483828 2147483831 2147483834 2147483836 22 25 27 32 24 23 269 270 267 2147483663 2147483682 2147483709 2147483811 2147483818 2147483821 2147483825 2147483828 2147483831 2147483834 2147483836 
2147483662 2147483654 2147483654 2147483663 2147483664 2147483668 2147483709 2147483750 2147483752 2147483753 2147483803 2147483804 2147483805 49 52 54 57 53 127 128 129 130 51 133 134 131 132 50 2147483663 2147483664 2147483668 2147483709 2147483750 2147483752 2147483753 2147483803 2147483804 2147483805 
2147483663 2147483654 2147483657 2147483662 2147483654 2147483657 2147483662 2147483709 2147483746 2147483818 2147483821 2147483825 2147483828 2147483836 22 25 27 32 24 23 269 270 267 268 2147483709 2147483746 2147483818 2147483821 2147483825 2147483828 2147483836 
2147483664 2147483654 2147483662 2147483654 2147483662 2147483668 2147483709 2147483750 2147483752 2147483753 2147483803 2147483804 2147483805 49 52 54 57 53 127 128 129 130 51 133 134 131 132 50 2147483668 2147483709 2147483750 2147483752 2147483753 2147483803 2147483804 2147483805 
2147483668 2147483654 2147483662 2147483664 2147483654 2147483662 2147483664 2147483709 2147483750 2147483752 2147483753 2147483803 2147483804 2147483805 2 11 19 61 18 247 248 249 250 5 8 253 254 251 252 2147483709 2147483750 2147483752 2147483753 2147483803 2147483804 2147483805 
2147483681 2147483654 2147483654 2147483682 2147483683 2147483687 2147483709 2147483730 2147483732 2147483733 2147483807 2147483808 2147483809 49 52 54 57 53 127 128 129 130 51 133 134 131 132 50 2147483682 2147483683 2147483687 2147483709 2147483730 2147483732 2147483733 2147483807 2147483808 2147483809 
2147483682 2147483654 2147483657 2147483681 2147483654 2147483657 2147483681 2147483709 2147483726 2147483819 22 25 27 24 269 270 2147483709 2147483726 2147483819 
2147483683 2147483654 2147483681 2147483654 2147483681 2147483687 2147483709 2147483730 2147483732 2147483733 2147483807 2147483808 2147483809 49 52 54 57 53 127 128 129 130 51 133 134 131 132 50 2147483687 2147483709 2147483730 2147483732 2147483733 2147483807 2147483808 2147483809 
2147483687 2147483654 2147483681 2147483683 2147483654 2147483681 2147483683 2147483709 2147483730 2147483732 2147483733 2147483807 2147483808 2147483809 2 11 19 61 18 247 248 249 250 5 8 253 254 251 252 2147483709 2147483730 2147483732 2147483733 2147483807 2147483808 2147483809 
2147483697 2147483699 2147483700 2147483704 2147483709 2147483786 2147483788 2147483789 2147483811 2147483814 2147483815 2147483816 49 52 54 57 53 127 128 129 130 51 133 134 131 132 50 2147483699 2147483700 2147483704 2147483709 2147483786 2147483788 2147483789 2147483811 2147483814 2147483815 2147483816 
2147483699 2147483697 2147483697 2147483700 2147483704 2147483709 2147483786 2147483788 2147483789 2147483811 2147483814 2147483815 2147483816 57 49 52 54 53 127 128 129 130 51 133 134 131 132 50 2147483700 2147483704 2147483709 2147483786 2147483788 2147483789 2147483811 2147483814 2147483815 2147483816 
2147483700 2147483697 2147483699 2147483697 2147483699 2147483704 2147483709 2147483786 2147483788 2147483789 2147483814 2147483815 2147483816 49 52 54 57 53 127 128 129 130 51 133 134 131 132 50 2147483704 2147483709 2147483786 2147483788 2147483789 2147483814 2147483815 2147483816 
2147483704 2147483697 2147483699 2147483700 2147483697 2147483699 2147483700 2147483709 2147483786 2147483788 2147483789 2147483814 2147483815 2147483816 2 11 19 61 18 247 248 249 250 5 8 253 254 251 252 2147483709 2147483786 2147483788 2147483789 2147483814 2147483815 2147483816 
2147483709 2147483648 2147483649 2147483654 2147483657 2147483662 2147483663 2147483664 2147483668 2147483681 2147483682 2147483683 2147483687 2147483697 2147483699 2147483700 2147483704 2147483648 2147483649 2147483654 2147483657 2147483662 2147483663 2147483664 2147483668 2147483681 2147483682 2147483683 2147483687 2147483697 2147483699 2147483700 2147483704 2147483712 2147483714 2147483715 2147483718 2147483719 2147483726 2147483730 2147483732 2147483733 2147483739 2147483742 2147483743 2147483744 2147483746 2147483750 2147483752 2147483753 2147483760 2147483762 2147483764 2147483765 2147483768 2147483769 2147483771 2147483772 2147483775 2147483777 2147483779 2147483782 2147483786 2147483788 2147483789 2147483800 2147483803 2147483804 2147483805 2147483807 2147483808 2147483809 2147483811 2147483814 2147483815 2147483816 2147483818 2147483819 2147483821 2147483823 2147483825 2147483828 2147483831 2147483832 2147483834 2147483836 2147483837 53 49 52 54 57 127 128 129 130 51 133 134 131 132 50 2147483712 2147483714 2147483715 2147483718 2147483719 2147483726 2147483730 2147483732 2147483733 2147483739 2147483742 2147483743 2147483744 2147483746 2147483750 2147483752 2147483753 2147483760 2147483762 2147483764 2147483765 2147483768 2147483769 2147483771 2147483772 2147483775 2147483777 2147483779 2147483782 2147483786 2147483788 2147483789 2147483800 2147483803 2147483804 2147483805 2147483807 2147483808 2147483809 2147483811 2147483814 2147483815 2147483816 2147483818 2147483819 2147483821 2147483823 2147483825 2147483828 2147483831 2147483832 2147483834 2147483836 2147483837 
2147483712 2147483709 2147483709 2147483714 2147483715 2147483800 2147483818 2147483821 53 49 52 51 133 131 50 2147483714 2147483715 2147483800 2147483818 2147483821 
2147483714 2147483709 2147483712 2147483709 2147483712 2147483715 2147483800 2147483818 2147483821 52 49 54 57 53 51 133 131 50 2147483715 2147483800 2147483818 2147483821 
2147483715 2147483709 2147483712 2147483714 2147483709 2147483712 2147483714 2147483800 2147483818 2147483821 49 52 54 57 53 51 133 131 50 2147483800 2147483818 2147483821 
2147483718 2147483709 2147483709 2147483719 2147483818 2147483821 53 57 51 133 131 2147483719 2147483818 2147483821 
2147483719 2147483709 2147483718 2147483709 2147483718 2147483818 2147483821 57 53 51 133 131 2147483818 2147483821 
2147483726 2147483654 2147483682 2147483709 2147483654 2147483682 2147483709 2147483819 49 52 54 51 134 2147483819 
2147483730 2147483654 2147483681 2147483683 2147483687 2147483709 2147483654 2147483681 2147483683 2147483687 2147483709 2147483732 2147483733 2147483808 53 49 52 51 133 134 131 132 50 2147483732 2147483733 2147483808 
2147483732 2147483654 2147483681 2147483683 2147483687 2147483709 2147483730 2147483654 2147483681 2147483683 2147483687 2147483709 2147483730 2147483733 2147483808 52 49 54 57 53 51 133 134 131 132 50 2147483733 2147483808 
2147483733 2147483654 2147483681 2147483683 2147483687 2147483709 2147483730 2147483732 2147483654 2147483681 2147483683 2147483687 2147483709 2147483730 2147483732 2147483808 49 52 54 57 53 51 133 134 131 132 50 2147483808 
2147483739 2147483654 2147483709 2147483654 2147483709 2147483832 2 5 254 252 2147483832 
2147483742 2147483654 2147483709 2147483654 2147483709 2147483743 2147483818 2147483821 2147483825 2147483832 57 54 53 51 133 134 131 132 50 2147483743 2147483818 2147483821 2147483825 2147483832 
2147483743 2147483654 2147483709 2147483742 2147483654 2147483709 2147483742 2147483818 2147483821 2147483825 2147483832 54 57 53 51 133 134 131 132 50 2147483818 2147483821 2147483825 2147483832 
2147483744 2147483654 2147483709 2147483654 2147483709 2147483818 2147483821 2147483825 49 53 51 133 134 131 50 2147483818 2147483821 2147483825 
2147483746 2147483654 2147483663 2147483709 2147483654 2147483663 2147483709 2147483818 49 52 51 133 134 2147483818 
2147483750 2147483654 2147483662 2147483664 2147483668 2147483709 2147483654 2147483662 2147483664 2147483668 2147483709 2147483752 2147483753 2147483804 53 49 52 51 133 134 131 132 50 2147483752 2147483753 2147483804 
2147483752 2147483654 2147483662 2147483664 2147483668 2147483709 2147483750 2147483654 2147483662 2147483664 2147483668 2147483709 2147483750 2147483753 2147483804 52 49 54 57 53 51 133 134 131 132 50 2147483753 2147483804 
2147483753 2147483654 2147483662 2147483664 2147483668 2147483709 2147483750 2147483752 2147483654 2147483662 2147483664 2147483668 2147483709 2147483750 2147483752 2147483804 49 52 54 57 53 51 133 134 131 132 50 2147483804 
2147483760 2147483654 2147483709 2147483654 2147483709 2147483818 2147483821 2147483825 2147483828 22 32 24 23 269 270 267 2147483818 2147483821 2147483825 2147483828 
2147483762 2147483654 2147483709 2147483654 2147483709 2147483818 2147483821 2147483825 32 26 24 23 269 270 267 2147483818 2147483821 2147483825 
2147483764 2147483654 2147483709 2147483654 2147483709 2147483765 2147483818 2147483821 2147483825 2147483828 54 57 53 51 133 134 131 50 2147483765 2147483818 2147483821 2147483825 2147483828 
2147483765 2147483654 2147483709 2147483764 2147483654 2147483709 2147483764 2147483818 2147483821 2147483825 26 27 24 23 269 270 267 2147483818 2147483821 2147483825 
2147483768 2147483654 2147483709 2147483654 2147483709 2147483818 2147483821 2147483825 2147483828 49 57 51 133 134 131 50 2147483818 2147483821 2147483825 2147483828 
2147483769 2147483654 2147483709 2147483654 2147483709 2147483775 2147483818 2147483821 2147483825 2147483828 22 32 24 23 269 270 267 268 2147483775 2147483818 2147483821 2147483825 2147483828 
2147483771 2147483654 2147483709 2147483654 2147483709 2147483772 2147483775 2147483818 2147483821 2147483825 2147483828 54 57 53 51 133 134 131 132 50 2147483772 2147483775 2147483818 2147483821 2147483825 2147483828 
2147483772 2147483654 2147483709 2147483771 2147483654 2147483709 2147483771 2147483775 2147483818 2147483821 2147483825 2147483828 26 27 32 24 23 269 270 267 268 2147483775 2147483818 2147483821 2147483825 2147483828 
2147483775 2147483654 2147483709 2147483769 2147483771 2147483772 2147483654 2147483709 2147483769 2147483771 2147483772 2147483777 2147483818 2147483821 2147483825 2147483828 57 49 52 54 53 127 128 129 130 51 133 134 131 132 50 2147483777 2147483818 2147483821 2147483825 2147483828 
2147483777 2147483654 2147483709 2147483775 2147483654 2147483709 2147483775 2147483818 2147483821 2147483825 49 51 133 134 131 132 50 2147483818 2147483821 2147483825 
2147483779 2147483654 2147483709 2147483654 2147483709 2147483818 2147483821 2147483825 32 26 24 23 269 270 267 2147483818 2147483821 2147483825 
2147483782 2147483709 2147483709 2147483811 2147483818 49 52 51 133 2147483811 2147483818 
2147483786 2147483697 2147483699 2147483700 2147483704 2147483709 2147483697 2147483699 2147483700 2147483704 2147483709 2147483788 2147483789 2147483815 53 49 52 51 133 134 131 132 50 2147483788 2147483789 2147483815 
2147483788 2147483697 2147483699 2147483700 2147483704 2147483709 2147483786 2147483697 2147483699 2147483700 2147483704 2147483709 2147483786 2147483789 2147483815 52 49 54 57 53 51 133 134 131 132 50 2147483789 2147483815 
2147483789 2147483697 2147483699 2147483700 2147483704 2147483709 2147483786 2147483788 2147483697 2147483699 2147483700 2147483704 2147483709 2147483786 2147483788 2147483815 49 52 54 57 53 51 133 134 131 132 50 2147483815 
2147483800 2147483709 2147483712 2147483714 2147483715 2147483709 2147483712 2147483714 2147483715 2147483818 2147483821 57 49 52 54 53 127 128 129 130 51 133 131 50 2147483818 2147483821 
2147483803 2147483654 2147483662 2147483664 2147483668 2147483709 2147483654 2147483662 2147483664 2147483668 2147483709 2147483804 22 24 23 269 270 267 268 2147483804 
2147483804 2147483654 2147483662 2147483664 2147483668 2147483709 2147483750 2147483752 2147483753 2147483803 2147483654 2147483662 2147483664 2147483668 2147483709 2147483750 2147483752 2147483753 2147483803 2147483805 49 52 54 57 53 127 128 129 130 51 133 134 131 132 50 2147483805 
2147483805 2147483654 2147483662 2147483664 2147483668 2147483709 2147483804 2147483654 2147483662 2147483664 2147483668 2147483709 2147483804 134 49 51 133 131 132 50 
2147483807 2147483654 2147483681 2147483683 2147483687 2147483709 2147483654 2147483681 2147483683 2147483687 2147483709 2147483808 22 24 23 269 270 267 268 2147483808 
2147483808 2147483654 2147483681 2147483683 2147483687 2147483709 2147483730 2147483732 2147483733 2147483807 2147483654 2147483681 2147483683 2147483687 2147483709 2147483730 2147483732 2147483733 2147483807 2147483809 49 52 54 57 53 127 128 129 130 51 133 134 131 132 50 2147483809 
2147483809 2147483654 2147483681 2147483683 2147483687 2147483709 2147483808 2147483654 2147483681 2147483683 2147483687 2147483709 2147483808 134 49 51 133 131 132 50 
2147483811 2147483654 2147483657 2147483697 2147483699 2147483709 2147483782 2147483654 2147483657 2147483697 2147483699 2147483709 2147483782 2147483818 2147483821 2147483825 22 25 24 23 269 270 267 2147483818 2147483821 2147483825 
2147483814 2147483697 2147483699 2147483700 2147483704 2147483709 2147483697 2147483699 2147483700 2147483704 2147483709 2147483815 22 24 23 269 270 267 268 2147483815 
2147483815 2147483697 2147483699 2147483700 2147483704 2147483709 2147483786 2147483788 2147483789 2147483814 2147483697 2147483699 2147483700 2147483704 2147483709 2147483786 2147483788 2147483789 2147483814 2147483816 49 52 54 57 53 127 128 129 130 51 133 134 131 132 50 2147483816 
2147483816 2147483697 2147483699 2147483700 2147483704 2147483709 2147483815 2147483697 2147483699 2147483700 2147483704 2147483709 2147483815 131 49 51 133 134 132 50 
2147483818 2147483648 2147483649 2147483654 2147483657 2147483663 2147483709 2147483712 2147483714 2147483715 2147483718 2147483719 2147483742 2147483743 2147483744 2147483746 2147483760 2147483762 2147483764 2147483765 2147483768 2147483769 2147483771 2147483772 2147483775 2147483777 2147483779 2147483782 2147483800 2147483811 2147483648 2147483649 2147483654 2147483657 2147483663 2147483709 2147483712 2147483714 2147483715 2147483718 2147483719 2147483742 2147483743 2147483744 2147483746 2147483760 2147483762 2147483764 2147483765 2147483768 2147483769 2147483771 2147483772 2147483775 2147483777 2147483779 2147483782 2147483800 2147483811 2147483821 2147483823 2147483825 2147483828 2147483831 2147483832 2147483834 2147483836 2147483837 57 49 52 54 53 127 128 129 130 51 133 134 131 132 50 2147483821 2147483823 2147483825 2147483828 2147483831 2147483832 2147483834 2147483836 2147483837 
2147483819 2147483654 2147483682 2147483709 2147483726 2147483654 2147483682 2147483709 2147483726 49 52 54 51 134 
2147483821 2147483648 2147483649 2147483654 2147483657 2147483663 2147483709 2147483712 2147483714 2147483715 2147483718 2147483719 2147483742 2147483743 2147483744 2147483760 2147483762 2147483764 2147483765 2147483768 2147483769 2147483771 2147483772 2147483775 2147483777 2147483779 2147483800 2147483811 2147483818 2147483648 2147483649 2147483654 2147483657 2147483663 2147483709 2147483712 2147483714 2147483715 2147483718 2147483719 2147483742 2147483743 2147483744 2147483760 2147483762 2147483764 2147483765 2147483768 2147483769 2147483771 2147483772 2147483775 2147483777 2147483779 2147483800 2147483811 2147483818 2147483823 2147483825 2147483828 2147483831 2147483832 2147483834 2147483836 27 22 25 32 26 263 264 265 266 24 23 269 270 267 268 2147483823 2147483825 2147483828 2147483831 2147483832 2147483834 2147483836 
2147483823 2147483654 2147483709 2147483818 2147483821 2147483654 2147483709 2147483818 2147483821 49 51 133 134 131 
2147483825 2147483654 2147483657 2147483663 2147483709 2147483742 2147483743 2147483744 2147483760 2147483762 2147483764 2147483765 2147483768 2147483769 2147483771 2147483772 2147483775 2147483777 2147483779 2147483811 2147483818 2147483821 2147483654 2147483657 2147483663 2147483709 2147483742 2147483743 2147483744 2147483760 2147483762 2147483764 2147483765 2147483768 2147483769 2147483771 2147483772 2147483775 2147483777 2147483779 2147483811 2147483818 2147483821 2147483828 2147483831 2147483832 2147483834 2147483836 49 52 54 57 53 127 128 129 130 51 133 134 131 132 50 2147483828 2147483831 2147483832 2147483834 2147483836 
2147483828 2147483654 2147483657 2147483663 2147483709 2147483760 2147483764 2147483768 2147483769 2147483771 2147483772 2147483775 2147483818 2147483821 2147483825 2147483654 2147483657 2147483663 2147483709 2147483760 2147483764 2147483768 2147483769 2147483771 2147483772 2147483775 2147483818 2147483821 2147483825 2147483831 2147483834 2147483836 22 25 27 32 26 24 23 269 270 267 268 2147483831 2147483834 2147483836 
2147483831 2147483654 2147483657 2147483709 2147483818 2147483821 2147483825 2147483828 2147483654 2147483657 2147483709 2147483818 2147483821 2147483825 2147483828 2147483834 2147483836 49 52 54 57 51 133 134 131 50 2147483834 2147483836 
2147483832 2147483654 2147483709 2147483739 2147483742 2147483743 2147483818 2147483821 2147483825 2147483654 2147483709 2147483739 2147483742 2147483743 2147483818 2147483821 2147483825 57 53 49 52 54 127 128 129 130 51 133 134 131 132 50 
2147483834 2147483654 2147483657 2147483709 2147483818 2147483821 2147483825 2147483828 2147483831 2147483654 2147483657 2147483709 2147483818 2147483821 2147483825 2147483828 2147483831 2 11 19 61 5 8 253 254 251 
2147483836 2147483654 2147483657 2147483663 2147483709 2147483818 2147483821 2147483825 2147483828 2147483831 2147483654 2147483657 2147483663 2147483709 2147483818 2147483821 2147483825 2147483828 2147483831 49 52 54 57 51 133 134 131 50 
2147483837 2147483654 2147483709 2147483818 2147483654 2147483709 2147483818 49 51 133 134 
