3,1,3,-1,0,1,0,0,0,
6,1,6,-1,0,1,0,0,0,
9,1,9,-1,0,1,0,0,0,
13,1,13,-1,0,1,0,0,0,
16,1,16,-1,0,1,0,0,0,
21,1,21,-1,0,1,0,0,0,
22,1,22,-1,0,1,0,0,0,
23,1,23,-1,0,1,0,0,0,
24,1,24,-1,0,1,0,0,0,
25,1,25,-1,0,1,0,0,0,
26,1,26,-1,0,1,0,0,0,
27,1,27,-1,0,1,0,0,0,
32,1,32,-1,0,1,0,0,0,
49,1,49,-1,0,1,0,0,0,
50,1,50,-1,0,1,0,0,0,
51,1,51,-1,0,1,0,0,0,
52,1,52,-1,0,1,0,0,0,
53,1,53,-1,0,1,0,0,0,
54,1,54,-1,0,1,0,0,137,
57,1,57,-1,0,1,0,0,0,
59,1,59,-1,0,1,0,0,0,
127,1,127,-1,0,1,0,0,0,
128,1,128,-1,0,1,0,0,0,
129,1,129,-1,0,1,0,0,0,
130,1,130,-1,0,1,0,0,0,
131,1,131,-1,0,1,0,0,0,
132,1,132,-1,0,1,0,0,0,
133,1,133,-1,0,1,0,0,0,
134,1,134,-1,0,1,0,0,255,
263,1,263,-1,0,1,0,0,0,
264,1,264,-1,0,1,0,0,0,
265,1,265,-1,0,1,0,0,0,
266,1,266,-1,0,1,0,0,0,
267,1,267,-1,0,1,0,0,0,
268,1,268,-1,0,1,0,0,0,
269,1,269,-1,0,1,0,0,0,
270,1,270,-1,0,1,0,0,0,
271,1,271,-1,0,1,0,0,0,
272,1,272,-1,0,1,0,0,0,
273,1,273,-1,0,1,0,0,0,
274,1,274,-1,0,1,0,0,0,
275,1,275,-1,0,1,0,0,0,
276,1,276,-1,0,1,0,0,0,
277,1,277,-1,0,1,0,0,0,
278,1,278,-1,0,1,0,0,0,
2147483649,0,0,0.0286979,1,0,1,0,0,
2147483653,0,0,0.0261193,3,0,1,0,0,
2147483654,0,0,0.0104461,2,0,1,0,0,
2147483655,0,0,0.00788294,1,0,1,0,255,
2147483657,0,0,0.0169952,1,0,1,0,0,25 263 264 265 266 24
2147483659,0,0,0.0235413,1,0,1,0,0,52 54 57 127 128 129 130 51
2147483666,0,0,0.0284681,1,0,1,0,0,25 263 264 265 266 269
2147483674,0,0,0.0394331,1,0,1,0,0,52 54 57 127 128 129 130 133
2147483680,0,0,0.0175053,2,0,1,0,0,134 131 132
2147483685,0,0,0.00966243,1,0,1,0,0,
2147483690,0,0,0.0432692,3,0,1,0,0,16 271 272 273 274
2147483693,0,0,inf,2,0,1,0,0,26 263 264 265 266 269
2147483698,0,0,0.0139181,1,0,1,0,0,52 54 57 127 128 129 130 133
2147483700,0,0,0.050198,1,0,1,0,0,53 127 128 129 130 133
2147483703,0,0,0.0350554,6,0,1,0,0,
2147483710,0,0,0.00845081,1,0,1,0,0,52 127 128 129 130 133
2147483711,0,0,0.00845081,1,0,1,0,0,49 52 127 128 129 130 133
2147483715,0,0,0.141368,1,0,1,0,0,22 25 27 263 264 265 266
2147483720,0,0,0.226242,1,0,1,0,0,22 25 27 263 264 265 266
2147483725,0,0,0.141368,1,0,1,0,0,22 25 27 263 264 265 266
2147483730,0,0,0.025912,2,0,1,0,0,16 271 272 273 274
2147483733,0,0,inf,2,0,1,0,0,26 263 264 265 266 24
2147483738,0,0,0.00840336,1,0,1,0,0,52 54 57 127 128 129 130 51
2147483740,0,0,0.0300245,2,0,1,0,0,53 127 128 129 130 51
2147483743,0,0,0.0305546,7,0,1,0,0,
2147483750,0,0,0.00499366,1,0,1,0,0,52 127 128 129 130 51
2147483751,0,0,0.00499366,1,0,1,0,0,49 52 127 128 129 130 51
2147483757,0,0,0.0847413,1,0,1,0,0,22 25 27 263 264 265 266
2147483764,0,0,0.0564942,1,0,1,0,0,22 25 27 263 264 265 266 270 267 268
2147483772,0,0,0.236539,3,0,1,0,0,
2147483775,0,0,0.394662,3,0,1,0,0,
2147483776,0,0,0.631615,3,0,1,0,0,
2147483777,0,0,0.394662,3,0,1,0,0,
2147483779,0,0,0.150176,3,0,1,0,0,134 131 132
2147483780,0,0,0.0316003,5,0,1,0,0,
2147483781,0,0,0.0522345,6,0,1,0,0,
2147483783,0,0,0.0162946,2,0,1,0,0,134 131 132
2147483784,0,0,0.0129626,1,0,1,0,0,52 54 57 127 128 129 130 51
2147483785,0,0,0.00819714,1,0,1,0,0,52 54 127 128 129 130 51
2147483786,0,0,0.0214693,1,0,1,0,0,52 54 57 127 128 129 130 133
2147483787,0,0,0.0138721,1,0,1,0,0,52 54 127 128 129 130 133
2147483788,0,0,inf,1,0,1,0,0,52 54 53 127 128 129 130 51 133 134 131 50
2147483789,0,0,inf,1,0,1,0,0,52 54 57 53 127 128 129 130 50
2147483790,0,0,inf,1,0,1,0,0,52 54 57 53 127 128 129 130 50
2147483791,0,0,inf,1,0,1,0,0,52 54 57 53 127 128 129 130 50
2147483792,0,0,inf,1,0,1,0,0,52 54 57 53 127 128 129 130 51 133 134 131 132 50
2147483794,0,0,0.0251076,14,0,1,0,0,127 128 129 130
2147483797,0,0,0.00177896,2,0,1,0,0,52 54 53 127 128 129 130 133 50
2147483798,0,0,inf,1,0,1,0,0,52 54 53 127 128 129 130 51 133 50
2147483799,0,0,0.000239168,1,0,1,0,0,
2147483800,0,0,inf,1,0,1,0,0,52 54 57 53 127 128 129 130 50
