3 2147483690 2147483730 
6 2147483690 2147483730 
9 2147483690 2147483730 
13 2147483690 2147483730 
16 
21 2147483690 2147483730 
22 2147483657 2147483666 2147483685 2147483693 2147483733 
23 2147483657 2147483666 2147483685 2147483693 2147483715 2147483720 2147483725 2147483733 2147483757 2147483764 
24 2147483666 2147483685 2147483693 2147483715 2147483720 2147483725 2147483757 2147483764 
25 2147483685 2147483693 2147483733 
26 2147483657 2147483666 2147483685 2147483715 2147483720 2147483725 2147483757 2147483764 
27 2147483657 2147483666 2147483685 2147483693 2147483733 
32 2147483657 2147483666 2147483685 2147483693 2147483715 2147483720 2147483725 2147483733 2147483757 2147483764 
49 2147483649 2147483653 2147483654 2147483655 2147483659 2147483674 2147483680 2147483698 2147483700 2147483703 2147483710 2147483738 2147483740 2147483743 2147483750 2147483772 2147483775 2147483776 2147483777 2147483779 2147483780 2147483781 2147483783 2147483784 2147483785 2147483786 2147483787 2147483788 2147483789 2147483790 2147483791 2147483792 2147483794 2147483797 2147483798 2147483799 2147483800 
50 2147483649 2147483653 2147483654 2147483655 2147483659 2147483674 2147483680 2147483698 2147483700 2147483703 2147483710 2147483711 2147483738 2147483740 2147483743 2147483750 2147483751 2147483772 2147483775 2147483776 2147483777 2147483779 2147483780 2147483781 2147483783 2147483784 2147483785 2147483786 2147483787 2147483794 2147483799 
51 2147483649 2147483653 2147483654 2147483655 2147483674 2147483680 2147483698 2147483700 2147483703 2147483710 2147483711 2147483743 2147483772 2147483775 2147483776 2147483777 2147483779 2147483780 2147483781 2147483783 2147483786 2147483787 2147483789 2147483790 2147483791 2147483794 2147483797 2147483799 2147483800 
52 2147483649 2147483653 2147483654 2147483655 2147483680 2147483700 2147483703 2147483740 2147483743 2147483772 2147483775 2147483776 2147483777 2147483779 2147483780 2147483781 2147483783 2147483794 2147483799 
53 2147483649 2147483653 2147483654 2147483655 2147483659 2147483674 2147483680 2147483698 2147483703 2147483710 2147483711 2147483738 2147483743 2147483750 2147483751 2147483772 2147483775 2147483776 2147483777 2147483779 2147483780 2147483781 2147483783 2147483784 2147483785 2147483786 2147483787 2147483794 2147483799 
54 2147483649 2147483653 2147483654 2147483655 2147483680 2147483700 2147483703 2147483710 2147483711 2147483740 2147483743 2147483750 2147483751 2147483772 2147483775 2147483776 2147483777 2147483779 2147483780 2147483781 2147483783 2147483794 2147483799 
57 2147483649 2147483653 2147483654 2147483655 2147483680 2147483700 2147483703 2147483710 2147483711 2147483740 2147483743 2147483750 2147483751 2147483772 2147483775 2147483776 2147483777 2147483779 2147483780 2147483781 2147483783 2147483785 2147483787 2147483788 2147483794 2147483797 2147483798 2147483799 
59 2147483690 2147483730 
127 2147483649 2147483653 2147483654 2147483655 2147483680 2147483703 2147483743 2147483772 2147483775 2147483776 2147483777 2147483779 2147483780 2147483781 2147483783 2147483799 
128 2147483649 2147483653 2147483654 2147483655 2147483680 2147483703 2147483743 2147483772 2147483775 2147483776 2147483777 2147483779 2147483780 2147483781 2147483783 2147483799 
129 2147483649 2147483653 2147483654 2147483655 2147483680 2147483703 2147483743 2147483772 2147483775 2147483776 2147483777 2147483779 2147483780 2147483781 2147483783 2147483799 
130 2147483649 2147483653 2147483654 2147483655 2147483680 2147483703 2147483743 2147483772 2147483775 2147483776 2147483777 2147483779 2147483780 2147483781 2147483783 2147483799 
131 2147483649 2147483653 2147483654 2147483655 2147483659 2147483674 2147483698 2147483700 2147483703 2147483710 2147483711 2147483738 2147483740 2147483743 2147483750 2147483751 2147483772 2147483775 2147483776 2147483777 2147483780 2147483781 2147483784 2147483785 2147483786 2147483787 2147483789 2147483790 2147483791 2147483794 2147483797 2147483798 2147483799 2147483800 
132 2147483649 2147483653 2147483654 2147483655 2147483659 2147483674 2147483698 2147483700 2147483703 2147483710 2147483711 2147483738 2147483740 2147483743 2147483750 2147483751 2147483772 2147483775 2147483776 2147483777 2147483780 2147483781 2147483784 2147483785 2147483786 2147483787 2147483788 2147483789 2147483790 2147483791 2147483794 2147483797 2147483798 2147483799 2147483800 
133 2147483649 2147483653 2147483654 2147483655 2147483659 2147483680 2147483703 2147483738 2147483740 2147483743 2147483750 2147483751 2147483772 2147483775 2147483776 2147483777 2147483779 2147483780 2147483781 2147483783 2147483784 2147483785 2147483789 2147483790 2147483791 2147483794 2147483799 2147483800 
134 2147483649 2147483653 2147483654 2147483655 2147483659 2147483674 2147483698 2147483700 2147483703 2147483710 2147483711 2147483738 2147483740 2147483743 2147483750 2147483751 2147483772 2147483775 2147483776 2147483777 2147483780 2147483781 2147483784 2147483785 2147483786 2147483787 2147483789 2147483790 2147483791 2147483794 2147483797 2147483798 2147483799 2147483800 
263 2147483685 
264 2147483685 
265 2147483685 
266 2147483685 
267 2147483657 2147483666 2147483685 2147483693 2147483715 2147483720 2147483725 2147483733 2147483757 
268 2147483657 2147483666 2147483685 2147483693 2147483715 2147483720 2147483725 2147483733 2147483757 
269 2147483657 2147483685 2147483715 2147483720 2147483725 2147483733 2147483757 2147483764 
270 2147483657 2147483666 2147483685 2147483693 2147483715 2147483720 2147483725 2147483733 2147483757 
271 
272 
273 
274 
275 2147483690 2147483730 
276 2147483690 2147483730 
277 2147483690 2147483730 
278 2147483690 2147483730 
2147483649 2147483653 2147483654 2147483655 2147483657 2147483659 2147483666 2147483674 2147483685 2147483690 2147483693 2147483698 2147483700 2147483703 2147483710 2147483711 2147483715 2147483720 2147483725 2147483730 2147483733 2147483738 2147483740 2147483743 2147483750 2147483751 2147483757 2147483772 2147483775 2147483776 2147483777 2147483780 2147483781 2147483784 2147483785 2147483786 2147483787 2147483789 2147483790 2147483791 2147483794 2147483797 2147483798 2147483799 2147483800 53 49 52 54 57 127 128 129 130 51 133 134 131 132 50 2147483653 2147483654 2147483655 2147483657 2147483659 2147483666 2147483674 2147483685 2147483690 2147483693 2147483698 2147483700 2147483703 2147483710 2147483711 2147483715 2147483720 2147483725 2147483730 2147483733 2147483738 2147483740 2147483743 2147483750 2147483751 2147483757 2147483772 2147483775 2147483776 2147483777 2147483780 2147483781 2147483784 2147483785 2147483786 2147483787 2147483789 2147483790 2147483791 2147483794 2147483797 2147483798 2147483799 2147483800 
2147483653 2147483649 2147483649 2147483654 2147483666 2147483674 2147483685 2147483690 2147483693 2147483698 2147483700 2147483703 2147483710 2147483711 2147483715 2147483720 2147483725 2147483775 2147483776 2147483777 2147483781 2147483786 2147483787 2147483789 2147483790 2147483794 2147483797 2147483800 49 52 54 57 53 127 128 129 130 51 133 134 131 132 50 2147483654 2147483666 2147483674 2147483685 2147483690 2147483693 2147483698 2147483700 2147483703 2147483710 2147483711 2147483715 2147483720 2147483725 2147483775 2147483776 2147483777 2147483781 2147483786 2147483787 2147483789 2147483790 2147483794 2147483797 2147483800 
2147483654 2147483649 2147483653 2147483649 2147483653 2147483666 2147483674 2147483685 2147483690 2147483693 2147483698 2147483700 2147483703 2147483710 2147483711 2147483715 2147483720 2147483725 2147483775 2147483776 2147483777 2147483781 2147483786 2147483787 2147483789 2147483790 2147483794 2147483800 49 52 54 57 53 127 128 129 130 51 133 134 131 132 50 2147483666 2147483674 2147483685 2147483690 2147483693 2147483698 2147483700 2147483703 2147483710 2147483711 2147483715 2147483720 2147483725 2147483775 2147483776 2147483777 2147483781 2147483786 2147483787 2147483789 2147483790 2147483794 2147483800 
2147483655 2147483649 2147483649 2147483657 2147483659 2147483685 2147483730 2147483733 2147483738 2147483740 2147483743 2147483750 2147483751 2147483757 2147483772 2147483780 2147483784 2147483785 2147483791 2147483794 2147483799 49 52 54 57 53 127 128 129 130 51 133 134 131 132 50 2147483657 2147483659 2147483685 2147483730 2147483733 2147483738 2147483740 2147483743 2147483750 2147483751 2147483757 2147483772 2147483780 2147483784 2147483785 2147483791 2147483794 2147483799 
2147483657 2147483649 2147483655 2147483649 2147483655 2147483659 2147483685 2147483750 2147483751 2147483780 2147483785 2147483799 26 22 27 32 23 269 270 267 268 2147483659 2147483685 2147483750 2147483751 2147483780 2147483785 2147483799 
2147483659 2147483649 2147483655 2147483657 2147483649 2147483655 2147483657 2147483685 2147483780 2147483799 49 53 133 134 131 132 50 2147483685 2147483780 2147483799 
2147483666 2147483649 2147483653 2147483654 2147483649 2147483653 2147483654 2147483674 2147483685 2147483710 2147483711 2147483781 2147483787 26 22 27 32 24 23 270 267 268 2147483674 2147483685 2147483710 2147483711 2147483781 2147483787 
2147483674 2147483649 2147483653 2147483654 2147483666 2147483649 2147483653 2147483654 2147483666 2147483685 2147483781 49 53 51 134 131 132 50 2147483685 2147483781 
2147483680 2147483764 2147483779 2147483783 49 52 54 57 53 127 128 129 130 51 133 50 2147483764 2147483779 2147483783 
2147483685 2147483649 2147483653 2147483654 2147483655 2147483657 2147483659 2147483666 2147483674 2147483649 2147483653 2147483654 2147483655 2147483657 2147483659 2147483666 2147483674 2147483690 2147483693 2147483698 2147483700 2147483703 2147483710 2147483711 2147483715 2147483720 2147483725 2147483730 2147483733 2147483738 2147483740 2147483743 2147483750 2147483751 2147483757 2147483772 2147483775 2147483776 2147483777 2147483780 2147483781 2147483784 2147483785 2147483786 2147483787 2147483788 2147483789 2147483790 2147483791 2147483794 2147483797 2147483798 2147483799 2147483800 25 27 22 32 26 263 264 265 266 24 23 269 270 267 268 2147483690 2147483693 2147483698 2147483700 2147483703 2147483710 2147483711 2147483715 2147483720 2147483725 2147483730 2147483733 2147483738 2147483740 2147483743 2147483750 2147483751 2147483757 2147483772 2147483775 2147483776 2147483777 2147483780 2147483781 2147483784 2147483785 2147483786 2147483787 2147483788 2147483789 2147483790 2147483791 2147483794 2147483797 2147483798 2147483799 2147483800 
2147483690 2147483649 2147483653 2147483654 2147483685 2147483649 2147483653 2147483654 2147483685 2147483693 2147483700 2147483703 2147483781 2147483794 3 13 21 59 9 6 277 278 275 276 2147483693 2147483700 2147483703 2147483781 2147483794 
2147483693 2147483649 2147483653 2147483654 2147483685 2147483690 2147483649 2147483653 2147483654 2147483685 2147483690 2147483700 2147483781 2147483794 22 25 27 32 24 23 270 267 268 2147483700 2147483781 2147483794 
2147483698 2147483649 2147483653 2147483654 2147483685 2147483649 2147483653 2147483654 2147483685 2147483781 2147483786 49 53 51 134 131 132 50 2147483781 2147483786 
2147483700 2147483649 2147483653 2147483654 2147483685 2147483690 2147483693 2147483649 2147483653 2147483654 2147483685 2147483690 2147483693 2147483781 2147483794 49 52 54 57 51 134 131 132 50 2147483781 2147483794 
2147483703 2147483649 2147483653 2147483654 2147483685 2147483690 2147483649 2147483653 2147483654 2147483685 2147483690 2147483715 2147483720 2147483725 2147483775 2147483776 2147483777 2147483781 2147483789 2147483790 2147483794 2147483800 49 50 52 54 57 53 127 128 129 130 51 133 134 131 132 2147483715 2147483720 2147483725 2147483775 2147483776 2147483777 2147483781 2147483789 2147483790 2147483794 2147483800 
2147483710 2147483649 2147483653 2147483654 2147483666 2147483685 2147483649 2147483653 2147483654 2147483666 2147483685 2147483711 2147483781 2147483787 57 49 54 53 51 134 131 132 50 2147483711 2147483781 2147483787 
2147483711 2147483649 2147483653 2147483654 2147483666 2147483685 2147483710 2147483649 2147483653 2147483654 2147483666 2147483685 2147483710 2147483781 54 57 53 51 134 131 132 50 2147483781 
2147483715 2147483649 2147483653 2147483654 2147483685 2147483703 2147483649 2147483653 2147483654 2147483685 2147483703 2147483775 32 26 24 23 269 270 267 268 2147483775 
2147483720 2147483649 2147483653 2147483654 2147483685 2147483703 2147483649 2147483653 2147483654 2147483685 2147483703 2147483776 32 26 24 23 269 270 267 268 2147483776 
2147483725 2147483649 2147483653 2147483654 2147483685 2147483703 2147483649 2147483653 2147483654 2147483685 2147483703 2147483777 32 26 24 23 269 270 267 268 2147483777 
2147483730 2147483649 2147483655 2147483685 2147483649 2147483655 2147483685 2147483733 2147483740 2147483743 2147483780 2147483794 2147483799 3 13 21 59 9 6 277 278 275 276 2147483733 2147483740 2147483743 2147483780 2147483794 2147483799 
2147483733 2147483649 2147483655 2147483685 2147483730 2147483649 2147483655 2147483685 2147483730 2147483740 2147483780 2147483794 2147483799 22 25 27 32 23 269 270 267 268 2147483740 2147483780 2147483794 2147483799 
2147483738 2147483649 2147483655 2147483685 2147483649 2147483655 2147483685 2147483780 2147483784 2147483799 49 53 133 134 131 132 50 2147483780 2147483784 2147483799 
2147483740 2147483649 2147483655 2147483685 2147483730 2147483733 2147483649 2147483655 2147483685 2147483730 2147483733 2147483780 2147483794 2147483799 49 52 54 57 133 134 131 132 50 2147483780 2147483794 2147483799 
2147483743 2147483649 2147483655 2147483685 2147483730 2147483649 2147483655 2147483685 2147483730 2147483757 2147483772 2147483780 2147483791 2147483794 2147483799 49 50 52 54 57 53 127 128 129 130 51 133 134 131 132 2147483757 2147483772 2147483780 2147483791 2147483794 2147483799 
2147483750 2147483649 2147483655 2147483657 2147483685 2147483649 2147483655 2147483657 2147483685 2147483751 2147483780 2147483785 2147483799 57 49 54 53 133 134 131 132 50 2147483751 2147483780 2147483785 2147483799 
2147483751 2147483649 2147483655 2147483657 2147483685 2147483750 2147483649 2147483655 2147483657 2147483685 2147483750 2147483780 2147483799 54 57 53 133 134 131 132 50 2147483780 2147483799 
2147483757 2147483649 2147483655 2147483685 2147483743 2147483649 2147483655 2147483685 2147483743 2147483772 2147483799 32 26 24 23 269 270 267 268 2147483772 2147483799 
2147483764 2147483680 2147483680 2147483779 2147483783 32 26 24 23 269 2147483779 2147483783 
2147483772 2147483649 2147483655 2147483685 2147483743 2147483757 2147483649 2147483655 2147483685 2147483743 2147483757 2147483799 49 52 54 57 53 127 128 129 130 51 133 134 131 132 50 2147483799 
2147483775 2147483649 2147483653 2147483654 2147483685 2147483703 2147483715 2147483649 2147483653 2147483654 2147483685 2147483703 2147483715 49 52 54 57 53 127 128 129 130 51 133 134 131 132 50 
2147483776 2147483649 2147483653 2147483654 2147483685 2147483703 2147483720 2147483649 2147483653 2147483654 2147483685 2147483703 2147483720 49 52 54 57 53 127 128 129 130 51 133 134 131 132 50 
2147483777 2147483649 2147483653 2147483654 2147483685 2147483703 2147483725 2147483649 2147483653 2147483654 2147483685 2147483703 2147483725 49 52 54 57 53 127 128 129 130 51 133 134 131 132 50 
2147483779 2147483680 2147483764 2147483680 2147483764 2147483783 49 52 54 57 53 127 128 129 130 51 133 50 2147483783 
2147483780 2147483649 2147483655 2147483657 2147483659 2147483685 2147483730 2147483733 2147483738 2147483740 2147483743 2147483750 2147483751 2147483649 2147483655 2147483657 2147483659 2147483685 2147483730 2147483733 2147483738 2147483740 2147483743 2147483750 2147483751 2147483784 2147483785 2147483794 2147483799 54 51 49 52 57 53 127 128 129 130 133 134 131 132 50 2147483784 2147483785 2147483794 2147483799 
2147483781 2147483649 2147483653 2147483654 2147483666 2147483674 2147483685 2147483690 2147483693 2147483698 2147483700 2147483703 2147483710 2147483711 2147483649 2147483653 2147483654 2147483666 2147483674 2147483685 2147483690 2147483693 2147483698 2147483700 2147483703 2147483710 2147483711 2147483786 2147483787 2147483794 54 133 49 52 57 53 127 128 129 130 51 134 131 132 50 2147483786 2147483787 2147483794 
2147483783 2147483680 2147483764 2147483779 2147483680 2147483764 2147483779 53 49 52 54 57 127 128 129 130 51 133 50 
2147483784 2147483649 2147483655 2147483685 2147483738 2147483780 2147483649 2147483655 2147483685 2147483738 2147483780 2147483799 53 49 133 134 131 132 50 2147483799 
2147483785 2147483649 2147483655 2147483657 2147483685 2147483750 2147483780 2147483649 2147483655 2147483657 2147483685 2147483750 2147483780 2147483799 49 57 53 133 134 131 132 50 2147483799 
2147483786 2147483649 2147483653 2147483654 2147483685 2147483698 2147483781 2147483649 2147483653 2147483654 2147483685 2147483698 2147483781 53 49 51 134 131 132 50 
2147483787 2147483649 2147483653 2147483654 2147483666 2147483685 2147483710 2147483781 2147483649 2147483653 2147483654 2147483666 2147483685 2147483710 2147483781 49 57 53 51 134 131 132 50 
2147483788 2147483685 2147483685 2147483794 49 57 132 2147483794 
2147483789 2147483649 2147483653 2147483654 2147483685 2147483703 2147483649 2147483653 2147483654 2147483685 2147483703 49 51 133 134 131 132 
2147483790 2147483649 2147483653 2147483654 2147483685 2147483703 2147483649 2147483653 2147483654 2147483685 2147483703 49 51 133 134 131 132 
2147483791 2147483649 2147483655 2147483685 2147483743 2147483649 2147483655 2147483685 2147483743 2147483799 49 51 133 134 131 132 2147483799 
2147483792 49 
2147483794 2147483649 2147483653 2147483654 2147483655 2147483685 2147483690 2147483693 2147483700 2147483703 2147483730 2147483733 2147483740 2147483743 2147483780 2147483781 2147483788 2147483649 2147483653 2147483654 2147483655 2147483685 2147483690 2147483693 2147483700 2147483703 2147483730 2147483733 2147483740 2147483743 2147483780 2147483781 2147483788 2147483797 2147483798 2147483799 57 49 52 54 53 51 133 134 131 132 50 2147483797 2147483798 2147483799 
2147483797 2147483649 2147483653 2147483685 2147483794 2147483649 2147483653 2147483685 2147483794 2147483799 49 131 57 51 134 132 2147483799 
2147483798 2147483649 2147483685 2147483794 2147483649 2147483685 2147483794 2147483799 49 57 134 131 132 2147483799 
2147483799 2147483649 2147483655 2147483657 2147483659 2147483685 2147483730 2147483733 2147483738 2147483740 2147483743 2147483750 2147483751 2147483757 2147483772 2147483780 2147483784 2147483785 2147483791 2147483794 2147483797 2147483798 2147483649 2147483655 2147483657 2147483659 2147483685 2147483730 2147483733 2147483738 2147483740 2147483743 2147483750 2147483751 2147483757 2147483772 2147483780 2147483784 2147483785 2147483791 2147483794 2147483797 2147483798 49 52 54 57 53 127 128 129 130 51 133 134 131 132 50 
2147483800 2147483649 2147483653 2147483654 2147483685 2147483703 2147483649 2147483653 2147483654 2147483685 2147483703 49 51 133 134 131 132 
