22 2147483698 
23 2147483666 2147483698 2147483699 
24 2147483698 2147483699 
25 2147483666 2147483698 2147483699 
26 2147483666 2147483698 2147483699 
27 2147483666 2147483698 2147483699 
32 2147483666 2147483698 2147483699 
49 2147483659 2147483662 2147483663 2147483669 2147483675 2147483676 2147483681 2147483683 2147483684 2147483685 2147483687 2147483692 2147483694 2147483696 2147483697 2147483702 
50 2147483648 2147483659 2147483662 2147483663 2147483669 2147483675 2147483676 2147483681 2147483683 2147483684 2147483685 2147483687 2147483694 2147483696 2147483697 2147483701 2147483702 2147483703 
51 2147483648 2147483662 2147483663 2147483669 2147483675 2147483676 2147483694 2147483696 2147483702 2147483703 
52 2147483648 2147483662 2147483663 2147483669 2147483694 2147483696 2147483697 2147483701 2147483702 2147483703 
53 2147483648 2147483659 2147483662 2147483663 2147483669 2147483675 2147483676 2147483683 2147483684 2147483685 2147483687 2147483694 2147483696 2147483697 2147483701 2147483702 2147483703 
54 2147483662 2147483663 2147483681 2147483694 2147483696 2147483697 2147483701 2147483702 
57 2147483662 2147483663 2147483676 2147483683 2147483684 2147483685 2147483694 2147483696 2147483697 2147483701 2147483702 2147483703 
127 2147483662 2147483663 2147483669 2147483694 2147483696 2147483697 2147483701 2147483702 2147483703 
128 2147483648 2147483662 2147483663 2147483669 2147483694 2147483696 2147483697 2147483701 2147483702 2147483703 
129 2147483662 2147483663 2147483694 2147483696 2147483697 2147483702 
130 2147483662 2147483663 2147483694 2147483696 2147483697 2147483702 
131 2147483648 2147483662 2147483663 2147483669 2147483675 2147483676 2147483694 2147483696 2147483701 2147483702 2147483703 
132 2147483648 2147483662 2147483663 2147483669 2147483675 2147483676 2147483681 2147483683 2147483684 2147483685 2147483694 2147483696 2147483697 2147483701 2147483702 2147483703 
133 2147483662 2147483663 2147483694 2147483696 2147483701 2147483702 2147483703 
134 2147483662 2147483663 2147483669 2147483675 2147483676 2147483694 2147483696 2147483701 2147483702 2147483703 
151 2147483671 
152 
153 
154 
155 
156 
157 
158 
159 
160 
161 
162 
163 
164 
165 
166 
263 2147483666 2147483698 2147483699 
264 2147483666 2147483698 2147483699 
265 2147483698 
266 2147483698 
267 2147483666 2147483698 2147483699 
268 2147483666 2147483698 2147483699 
269 2147483698 
270 2147483698 
2147483648 2147483662 2147483663 2147483669 2147483699 2147483703 51 52 53 128 131 132 50 2147483662 2147483663 2147483669 2147483699 2147483703 
2147483659 2147483687 2147483697 53 49 50 2147483687 2147483697 
2147483662 2147483648 2147483648 2147483663 2147483666 2147483669 2147483671 2147483675 2147483676 2147483681 2147483683 2147483684 2147483685 2147483694 2147483696 2147483697 2147483698 2147483699 2147483701 2147483702 2147483703 53 49 52 54 57 127 128 129 130 51 133 134 131 132 50 2147483663 2147483666 2147483669 2147483671 2147483675 2147483676 2147483681 2147483683 2147483684 2147483685 2147483694 2147483696 2147483697 2147483698 2147483699 2147483701 2147483702 2147483703 
2147483663 2147483648 2147483662 2147483648 2147483662 2147483666 2147483669 2147483671 2147483675 2147483676 2147483694 2147483696 2147483698 2147483699 2147483701 2147483702 2147483703 57 49 52 54 53 127 128 129 130 51 133 134 131 132 50 2147483666 2147483669 2147483671 2147483675 2147483676 2147483694 2147483696 2147483698 2147483699 2147483701 2147483702 2147483703 
2147483666 2147483662 2147483663 2147483662 2147483663 2147483669 2147483699 2147483701 2147483703 263 25 27 32 26 264 23 267 268 2147483669 2147483699 2147483701 2147483703 
2147483669 2147483648 2147483662 2147483663 2147483666 2147483648 2147483662 2147483663 2147483666 2147483671 2147483675 2147483676 2147483694 2147483698 2147483699 2147483701 2147483702 2147483703 53 49 52 127 128 51 134 131 132 50 2147483671 2147483675 2147483676 2147483694 2147483698 2147483699 2147483701 2147483702 2147483703 
2147483671 2147483662 2147483663 2147483669 2147483662 2147483663 2147483669 2147483699 2147483701 2147483703 151 2147483699 2147483701 2147483703 
2147483675 2147483662 2147483663 2147483669 2147483662 2147483663 2147483669 2147483694 2147483698 2147483702 49 53 51 134 131 132 50 2147483694 2147483698 2147483702 
2147483676 2147483662 2147483663 2147483669 2147483662 2147483663 2147483669 2147483694 2147483698 2147483702 49 57 53 51 134 131 132 50 2147483694 2147483698 2147483702 
2147483681 2147483662 2147483662 2147483697 54 49 132 50 2147483697 
2147483683 2147483662 2147483662 2147483684 2147483685 2147483697 57 49 53 132 50 2147483684 2147483685 2147483697 
2147483684 2147483662 2147483683 2147483662 2147483683 2147483685 2147483697 53 49 57 132 50 2147483685 2147483697 
2147483685 2147483662 2147483683 2147483684 2147483662 2147483683 2147483684 2147483697 49 57 53 132 50 2147483697 
2147483687 2147483659 2147483659 2147483697 49 53 50 2147483697 
2147483692 49 
2147483694 2147483662 2147483663 2147483669 2147483675 2147483676 2147483662 2147483663 2147483669 2147483675 2147483676 2147483696 2147483698 2147483699 2147483702 2147483703 57 54 51 49 52 53 127 128 129 130 133 134 131 132 50 2147483696 2147483698 2147483699 2147483702 2147483703 
2147483696 2147483662 2147483663 2147483694 2147483662 2147483663 2147483694 2147483698 2147483701 2147483702 2147483703 49 53 52 54 57 127 128 129 130 51 133 134 131 132 50 2147483698 2147483701 2147483702 2147483703 
2147483697 2147483659 2147483662 2147483681 2147483683 2147483684 2147483685 2147483687 2147483659 2147483662 2147483681 2147483683 2147483684 2147483685 2147483687 49 53 52 54 57 127 128 129 130 132 50 
2147483698 2147483662 2147483663 2147483669 2147483675 2147483676 2147483694 2147483696 2147483662 2147483663 2147483669 2147483675 2147483676 2147483694 2147483696 2147483701 2147483702 2147483703 264 22 25 27 32 26 263 265 266 24 23 269 270 267 268 2147483701 2147483702 2147483703 
2147483699 2147483648 2147483662 2147483663 2147483666 2147483669 2147483671 2147483694 2147483648 2147483662 2147483663 2147483666 2147483669 2147483671 2147483694 2147483701 2147483702 2147483703 264 25 27 32 26 263 24 23 267 268 2147483701 2147483702 2147483703 
2147483701 2147483662 2147483663 2147483666 2147483669 2147483671 2147483696 2147483698 2147483699 2147483662 2147483663 2147483666 2147483669 2147483671 2147483696 2147483698 2147483699 2147483702 2147483703 52 54 57 53 127 128 133 134 131 132 50 2147483702 2147483703 
2147483702 2147483662 2147483663 2147483669 2147483675 2147483676 2147483694 2147483696 2147483698 2147483699 2147483701 2147483662 2147483663 2147483669 2147483675 2147483676 2147483694 2147483696 2147483698 2147483699 2147483701 131 49 52 54 57 53 127 128 129 130 51 133 134 132 50 
2147483703 2147483648 2147483662 2147483663 2147483666 2147483669 2147483671 2147483694 2147483696 2147483698 2147483699 2147483701 2147483648 2147483662 2147483663 2147483666 2147483669 2147483671 2147483694 2147483696 2147483698 2147483699 2147483701 57 131 52 53 127 128 51 133 134 132 50 
