2 2147483790 
5 
8 
11 
18 
19 
22 2147483768 2147483769 
23 2147483768 2147483769 
24 
25 
26 2147483768 2147483769 
27 
32 
49 2147483649 2147483650 2147483652 2147483661 2147483670 2147483679 2147483688 2147483697 2147483706 2147483713 2147483714 2147483717 2147483718 2147483719 2147483720 2147483721 2147483722 2147483723 2147483724 2147483725 2147483726 2147483727 2147483728 2147483729 2147483730 2147483731 2147483732 2147483733 2147483734 2147483735 2147483736 2147483737 2147483739 2147483743 2147483750 2147483757 2147483764 2147483773 2147483780 2147483787 2147483791 2147483794 2147483795 2147483797 2147483798 2147483799 2147483802 2147483803 2147483806 2147483807 2147483810 2147483811 2147483814 2147483815 2147483817 2147483818 2147483819 2147483820 2147483821 2147483822 2147483823 2147483824 
50 2147483649 2147483650 2147483652 2147483653 2147483688 2147483689 2147483713 2147483714 2147483717 2147483718 2147483719 2147483720 2147483721 2147483722 2147483723 2147483724 2147483725 2147483726 2147483727 2147483728 2147483729 2147483730 2147483731 2147483732 2147483733 2147483734 2147483735 2147483736 2147483737 2147483739 2147483743 2147483773 2147483791 2147483794 2147483797 2147483806 2147483807 2147483810 2147483818 2147483822 
51 2147483649 2147483650 2147483652 2147483653 2147483661 2147483662 2147483670 2147483671 2147483679 2147483680 2147483688 2147483689 2147483697 2147483698 2147483706 2147483707 2147483713 2147483714 2147483743 2147483750 2147483757 2147483764 2147483773 2147483780 2147483787 2147483791 2147483794 2147483795 2147483797 2147483798 2147483799 2147483802 2147483803 2147483806 2147483807 2147483810 2147483811 2147483814 2147483815 2147483817 2147483818 2147483819 2147483820 2147483821 2147483822 2147483823 2147483824 
52 2147483649 2147483650 2147483652 2147483661 2147483670 2147483679 2147483688 2147483697 2147483706 2147483713 2147483714 2147483791 2147483794 2147483795 2147483798 2147483799 2147483802 2147483803 2147483806 2147483807 2147483810 2147483811 2147483814 2147483815 2147483817 
53 2147483649 2147483650 2147483652 2147483653 2147483661 2147483662 2147483670 2147483671 2147483679 2147483680 2147483688 2147483689 2147483697 2147483698 2147483706 2147483707 2147483713 2147483714 2147483717 2147483718 2147483719 2147483720 2147483721 2147483722 2147483723 2147483724 2147483725 2147483726 2147483727 2147483728 2147483729 2147483730 2147483731 2147483732 2147483733 2147483734 2147483735 2147483736 2147483737 2147483743 2147483750 2147483757 2147483764 2147483773 2147483780 2147483787 2147483791 2147483794 2147483795 2147483797 2147483798 2147483799 2147483802 2147483803 2147483806 2147483807 2147483810 2147483811 2147483814 2147483815 2147483817 2147483818 2147483819 2147483820 2147483821 2147483822 2147483823 2147483824 
54 2147483649 2147483650 2147483652 2147483661 2147483670 2147483679 2147483688 2147483697 2147483706 2147483713 2147483714 2147483791 2147483794 2147483795 2147483798 2147483799 2147483802 2147483803 2147483806 2147483807 2147483810 2147483811 2147483814 2147483815 2147483817 
57 2147483649 2147483650 2147483652 2147483661 2147483670 2147483679 2147483688 2147483697 2147483706 2147483713 2147483714 2147483717 2147483718 2147483719 2147483720 2147483721 2147483722 2147483723 2147483724 2147483725 2147483726 2147483727 2147483728 2147483729 2147483730 2147483731 2147483732 2147483733 2147483734 2147483735 2147483736 2147483737 2147483743 2147483750 2147483757 2147483764 2147483773 2147483780 2147483787 2147483791 2147483794 2147483795 2147483798 2147483799 2147483802 2147483803 2147483806 2147483807 2147483810 2147483811 2147483814 2147483815 2147483817 
61 
127 2147483649 2147483650 2147483652 2147483661 2147483670 2147483679 2147483688 2147483697 2147483706 2147483713 2147483714 2147483791 2147483794 2147483795 2147483798 2147483799 2147483802 2147483803 2147483806 2147483807 2147483810 2147483811 2147483814 2147483815 2147483817 
128 2147483649 2147483650 2147483652 2147483661 2147483670 2147483679 2147483688 2147483697 2147483706 2147483713 2147483714 2147483791 2147483794 2147483795 2147483798 2147483799 2147483802 2147483803 2147483806 2147483807 2147483810 2147483811 2147483814 2147483815 2147483817 
129 2147483649 2147483650 2147483652 2147483661 2147483670 2147483679 2147483688 2147483697 2147483706 2147483713 2147483714 2147483791 2147483794 2147483795 2147483798 2147483799 2147483802 2147483803 2147483806 2147483807 2147483810 2147483811 2147483814 2147483815 2147483817 
130 2147483649 2147483650 2147483652 2147483661 2147483670 2147483679 2147483688 2147483697 2147483706 2147483713 2147483714 2147483791 2147483794 2147483795 2147483798 2147483799 2147483802 2147483803 2147483806 2147483807 2147483810 2147483811 2147483814 2147483815 2147483817 
131 2147483649 2147483650 2147483652 2147483653 2147483661 2147483662 2147483670 2147483671 2147483679 2147483680 2147483688 2147483689 2147483697 2147483698 2147483706 2147483707 2147483713 2147483714 2147483743 2147483750 2147483757 2147483764 2147483773 2147483780 2147483787 2147483791 2147483794 2147483795 2147483797 2147483798 2147483799 2147483802 2147483803 2147483806 2147483807 2147483810 2147483811 2147483814 2147483815 2147483817 2147483818 2147483819 2147483820 2147483821 2147483822 2147483823 2147483824 
132 2147483649 2147483650 2147483652 2147483661 2147483670 2147483679 2147483688 2147483697 2147483706 2147483713 2147483714 2147483791 2147483794 2147483795 2147483797 2147483798 2147483799 2147483802 2147483803 2147483806 2147483807 2147483810 2147483811 2147483814 2147483815 2147483817 
133 2147483649 2147483650 2147483652 2147483653 2147483661 2147483662 2147483670 2147483671 2147483679 2147483680 2147483688 2147483689 2147483697 2147483698 2147483706 2147483707 2147483713 2147483714 2147483717 2147483718 2147483719 2147483720 2147483721 2147483722 2147483723 2147483724 2147483725 2147483726 2147483727 2147483728 2147483729 2147483730 2147483731 2147483732 2147483733 2147483734 2147483735 2147483736 2147483737 2147483739 2147483743 2147483750 2147483757 2147483764 2147483773 2147483780 2147483787 2147483791 2147483794 2147483795 2147483797 2147483798 2147483799 2147483802 2147483803 2147483806 2147483807 2147483810 2147483811 2147483814 2147483815 2147483817 2147483818 2147483819 2147483820 2147483821 2147483822 2147483823 2147483824 
134 2147483649 2147483650 2147483652 2147483653 2147483661 2147483662 2147483670 2147483671 2147483679 2147483680 2147483688 2147483689 2147483697 2147483698 2147483706 2147483707 2147483713 2147483714 2147483717 2147483718 2147483719 2147483720 2147483721 2147483722 2147483723 2147483724 2147483725 2147483726 2147483727 2147483728 2147483729 2147483730 2147483731 2147483732 2147483733 2147483734 2147483735 2147483736 2147483737 2147483739 2147483743 2147483750 2147483757 2147483764 2147483773 2147483780 2147483787 2147483791 2147483794 2147483795 2147483797 2147483798 2147483799 2147483802 2147483803 2147483806 2147483807 2147483810 2147483811 2147483814 2147483815 2147483817 2147483818 2147483819 2147483820 2147483821 2147483822 2147483823 2147483824 
151 2147483738 
152 
153 
154 
155 
156 
157 
158 
159 
160 
161 
162 
163 
164 
165 
166 
247 
248 
249 
250 
251 
252 
253 
254 2147483790 
263 
264 
265 
266 
267 
268 
269 2147483768 2147483769 
270 2147483768 2147483769 
2147483649 2147483652 2147483653 2147483713 2147483714 2147483717 2147483718 2147483719 2147483720 2147483721 2147483722 2147483723 2147483724 2147483725 2147483726 2147483727 2147483728 2147483729 2147483730 2147483731 2147483732 2147483733 2147483734 2147483735 2147483736 2147483737 2147483738 2147483739 2147483743 2147483791 2147483794 2147483797 2147483818 49 52 54 57 53 127 128 129 130 51 133 134 131 132 50 2147483652 2147483653 2147483713 2147483714 2147483717 2147483718 2147483719 2147483720 2147483721 2147483722 2147483723 2147483724 2147483725 2147483726 2147483727 2147483728 2147483729 2147483730 2147483731 2147483732 2147483733 2147483734 2147483735 2147483736 2147483737 2147483738 2147483739 2147483743 2147483791 2147483794 2147483797 2147483818 
2147483650 2147483688 2147483689 2147483713 2147483714 2147483768 2147483769 2147483773 2147483797 2147483806 2147483807 2147483810 2147483822 49 52 54 57 53 127 128 129 130 51 133 134 131 132 50 2147483688 2147483689 2147483713 2147483714 2147483768 2147483769 2147483773 2147483797 2147483806 2147483807 2147483810 2147483822 
2147483652 2147483649 2147483649 2147483653 2147483713 2147483714 2147483743 2147483791 2147483794 2147483797 2147483818 57 49 52 54 53 127 128 129 130 51 133 134 131 132 50 2147483653 2147483713 2147483714 2147483743 2147483791 2147483794 2147483797 2147483818 
2147483653 2147483649 2147483652 2147483649 2147483652 2147483713 2147483714 2147483797 51 53 133 134 131 50 2147483713 2147483714 2147483797 
2147483661 2147483662 2147483713 2147483714 2147483750 2147483795 2147483797 2147483798 2147483819 57 49 52 54 53 127 128 129 130 51 133 134 131 132 2147483662 2147483713 2147483714 2147483750 2147483795 2147483797 2147483798 2147483819 
2147483662 2147483661 2147483661 2147483713 2147483714 2147483797 51 53 133 134 131 2147483713 2147483714 2147483797 
2147483670 2147483671 2147483713 2147483714 2147483757 2147483797 2147483799 2147483802 2147483820 57 49 52 54 53 127 128 129 130 51 133 134 131 132 2147483671 2147483713 2147483714 2147483757 2147483797 2147483799 2147483802 2147483820 
2147483671 2147483670 2147483670 2147483713 2147483714 2147483797 51 53 133 134 131 2147483713 2147483714 2147483797 
2147483679 2147483680 2147483713 2147483714 2147483764 2147483797 2147483803 2147483806 2147483821 57 49 52 54 53 127 128 129 130 51 133 134 131 132 2147483680 2147483713 2147483714 2147483764 2147483797 2147483803 2147483806 2147483821 
2147483680 2147483679 2147483679 2147483713 2147483714 2147483797 51 53 133 134 131 2147483713 2147483714 2147483797 
2147483688 2147483650 2147483650 2147483689 2147483713 2147483714 2147483773 2147483797 2147483807 2147483810 2147483822 57 49 52 54 53 127 128 129 130 51 133 134 131 132 50 2147483689 2147483713 2147483714 2147483773 2147483797 2147483807 2147483810 2147483822 
2147483689 2147483650 2147483688 2147483650 2147483688 2147483713 2147483714 2147483797 51 53 133 134 131 50 2147483713 2147483714 2147483797 
2147483697 2147483698 2147483713 2147483714 2147483780 2147483797 2147483811 2147483814 2147483823 57 49 52 54 53 127 128 129 130 51 133 134 131 132 2147483698 2147483713 2147483714 2147483780 2147483797 2147483811 2147483814 2147483823 
2147483698 2147483697 2147483697 2147483713 2147483714 2147483797 51 53 133 134 131 2147483713 2147483714 2147483797 
2147483706 2147483707 2147483713 2147483714 2147483787 2147483797 2147483815 2147483817 2147483824 57 49 52 54 53 127 128 129 130 51 133 134 131 132 2147483707 2147483713 2147483714 2147483787 2147483797 2147483815 2147483817 2147483824 
2147483707 2147483706 2147483706 2147483713 2147483714 2147483797 51 53 133 134 131 2147483713 2147483714 2147483797 
2147483713 2147483649 2147483650 2147483652 2147483653 2147483661 2147483662 2147483670 2147483671 2147483679 2147483680 2147483688 2147483689 2147483697 2147483698 2147483706 2147483707 2147483649 2147483650 2147483652 2147483653 2147483661 2147483662 2147483670 2147483671 2147483679 2147483680 2147483688 2147483689 2147483697 2147483698 2147483706 2147483707 2147483714 2147483717 2147483718 2147483719 2147483720 2147483721 2147483722 2147483723 2147483724 2147483725 2147483726 2147483727 2147483728 2147483729 2147483730 2147483731 2147483732 2147483733 2147483734 2147483735 2147483736 2147483737 2147483738 2147483739 2147483743 2147483750 2147483757 2147483764 2147483768 2147483769 2147483773 2147483780 2147483787 2147483790 2147483791 2147483794 2147483795 2147483797 2147483798 2147483799 2147483802 2147483803 2147483806 2147483807 2147483810 2147483811 2147483814 2147483815 2147483817 2147483818 2147483819 2147483820 2147483821 2147483822 2147483823 2147483824 49 53 52 54 57 127 128 129 130 51 133 134 131 132 50 2147483714 2147483717 2147483718 2147483719 2147483720 2147483721 2147483722 2147483723 2147483724 2147483725 2147483726 2147483727 2147483728 2147483729 2147483730 2147483731 2147483732 2147483733 2147483734 2147483735 2147483736 2147483737 2147483738 2147483739 2147483743 2147483750 2147483757 2147483764 2147483768 2147483769 2147483773 2147483780 2147483787 2147483790 2147483791 2147483794 2147483795 2147483797 2147483798 2147483799 2147483802 2147483803 2147483806 2147483807 2147483810 2147483811 2147483814 2147483815 2147483817 2147483818 2147483819 2147483820 2147483821 2147483822 2147483823 2147483824 
2147483714 2147483649 2147483650 2147483652 2147483653 2147483661 2147483662 2147483670 2147483671 2147483679 2147483680 2147483688 2147483689 2147483697 2147483698 2147483706 2147483707 2147483713 2147483649 2147483650 2147483652 2147483653 2147483661 2147483662 2147483670 2147483671 2147483679 2147483680 2147483688 2147483689 2147483697 2147483698 2147483706 2147483707 2147483713 2147483717 2147483718 2147483719 2147483720 2147483721 2147483722 2147483723 2147483724 2147483725 2147483726 2147483727 2147483728 2147483729 2147483730 2147483731 2147483732 2147483733 2147483734 2147483735 2147483736 2147483737 2147483738 2147483739 2147483743 2147483750 2147483757 2147483764 2147483768 2147483769 2147483773 2147483780 2147483787 2147483791 2147483794 2147483795 2147483797 2147483798 2147483799 2147483802 2147483803 2147483806 2147483807 2147483810 2147483811 2147483814 2147483815 2147483817 2147483818 2147483819 2147483820 2147483821 2147483822 2147483823 2147483824 57 49 52 54 53 127 128 129 130 51 133 134 131 132 50 2147483717 2147483718 2147483719 2147483720 2147483721 2147483722 2147483723 2147483724 2147483725 2147483726 2147483727 2147483728 2147483729 2147483730 2147483731 2147483732 2147483733 2147483734 2147483735 2147483736 2147483737 2147483738 2147483739 2147483743 2147483750 2147483757 2147483764 2147483768 2147483769 2147483773 2147483780 2147483787 2147483791 2147483794 2147483795 2147483797 2147483798 2147483799 2147483802 2147483803 2147483806 2147483807 2147483810 2147483811 2147483814 2147483815 2147483817 2147483818 2147483819 2147483820 2147483821 2147483822 2147483823 2147483824 
2147483717 2147483649 2147483713 2147483714 2147483649 2147483713 2147483714 2147483718 2147483719 53 49 57 133 134 50 2147483718 2147483719 
2147483718 2147483649 2147483713 2147483714 2147483717 2147483649 2147483713 2147483714 2147483717 2147483719 57 49 53 133 134 50 2147483719 
2147483719 2147483649 2147483713 2147483714 2147483717 2147483718 2147483649 2147483713 2147483714 2147483717 2147483718 49 57 53 133 134 50 
2147483720 2147483649 2147483713 2147483714 2147483649 2147483713 2147483714 2147483721 2147483722 53 49 57 133 134 50 2147483721 2147483722 
2147483721 2147483649 2147483713 2147483714 2147483720 2147483649 2147483713 2147483714 2147483720 2147483722 57 49 53 133 134 50 2147483722 
2147483722 2147483649 2147483713 2147483714 2147483720 2147483721 2147483649 2147483713 2147483714 2147483720 2147483721 49 57 53 133 134 50 
2147483723 2147483649 2147483713 2147483714 2147483649 2147483713 2147483714 2147483724 2147483725 53 49 57 133 134 50 2147483724 2147483725 
2147483724 2147483649 2147483713 2147483714 2147483723 2147483649 2147483713 2147483714 2147483723 2147483725 57 49 53 133 134 50 2147483725 
2147483725 2147483649 2147483713 2147483714 2147483723 2147483724 2147483649 2147483713 2147483714 2147483723 2147483724 49 57 53 133 134 50 
2147483726 2147483649 2147483713 2147483714 2147483649 2147483713 2147483714 2147483727 2147483728 53 49 57 133 134 50 2147483727 2147483728 
2147483727 2147483649 2147483713 2147483714 2147483726 2147483649 2147483713 2147483714 2147483726 2147483728 57 49 53 133 134 50 2147483728 
2147483728 2147483649 2147483713 2147483714 2147483726 2147483727 2147483649 2147483713 2147483714 2147483726 2147483727 49 57 53 133 134 50 
2147483729 2147483649 2147483713 2147483714 2147483649 2147483713 2147483714 2147483730 2147483731 53 49 57 133 134 50 2147483730 2147483731 
2147483730 2147483649 2147483713 2147483714 2147483729 2147483649 2147483713 2147483714 2147483729 2147483731 57 49 53 133 134 50 2147483731 
2147483731 2147483649 2147483713 2147483714 2147483729 2147483730 2147483649 2147483713 2147483714 2147483729 2147483730 49 57 53 133 134 50 
2147483732 2147483649 2147483713 2147483714 2147483649 2147483713 2147483714 2147483733 2147483734 53 49 57 133 134 50 2147483733 2147483734 
2147483733 2147483649 2147483713 2147483714 2147483732 2147483649 2147483713 2147483714 2147483732 2147483734 57 49 53 133 134 50 2147483734 
2147483734 2147483649 2147483713 2147483714 2147483732 2147483733 2147483649 2147483713 2147483714 2147483732 2147483733 49 57 53 133 134 50 
2147483735 2147483649 2147483713 2147483714 2147483649 2147483713 2147483714 2147483736 2147483737 53 49 57 133 134 50 2147483736 2147483737 
2147483736 2147483649 2147483713 2147483714 2147483735 2147483649 2147483713 2147483714 2147483735 2147483737 57 49 53 133 134 50 2147483737 
2147483737 2147483649 2147483713 2147483714 2147483735 2147483736 2147483649 2147483713 2147483714 2147483735 2147483736 49 57 53 133 134 50 
2147483738 2147483649 2147483713 2147483714 2147483649 2147483713 2147483714 151 
2147483739 2147483649 2147483713 2147483714 2147483649 2147483713 2147483714 49 133 134 50 
2147483743 2147483649 2147483652 2147483713 2147483714 2147483649 2147483652 2147483713 2147483714 2147483791 2147483797 49 57 53 51 133 134 131 50 2147483791 2147483797 
2147483750 2147483661 2147483713 2147483714 2147483661 2147483713 2147483714 2147483795 2147483797 49 57 53 51 133 134 131 2147483795 2147483797 
2147483757 2147483670 2147483713 2147483714 2147483670 2147483713 2147483714 2147483797 2147483799 49 57 53 51 133 134 131 2147483797 2147483799 
2147483764 2147483679 2147483713 2147483714 2147483679 2147483713 2147483714 2147483797 2147483803 49 57 53 51 133 134 131 2147483797 2147483803 
2147483768 2147483650 2147483713 2147483714 2147483650 2147483713 2147483714 2147483797 22 26 23 269 270 2147483797 
2147483769 2147483650 2147483713 2147483714 2147483650 2147483713 2147483714 2147483797 22 26 23 269 270 2147483797 
2147483773 2147483650 2147483688 2147483713 2147483714 2147483650 2147483688 2147483713 2147483714 2147483797 2147483807 49 57 53 51 133 134 131 50 2147483797 2147483807 
2147483780 2147483697 2147483713 2147483714 2147483697 2147483713 2147483714 2147483797 2147483811 49 57 53 51 133 134 131 2147483797 2147483811 
2147483787 2147483706 2147483713 2147483714 2147483706 2147483713 2147483714 2147483797 2147483815 49 57 53 51 133 134 131 2147483797 2147483815 
2147483790 2147483713 2147483713 2 254 
2147483791 2147483649 2147483652 2147483713 2147483714 2147483743 2147483649 2147483652 2147483713 2147483714 2147483743 2147483794 2147483797 2147483818 54 57 51 49 52 53 127 128 129 130 133 134 131 132 50 2147483794 2147483797 2147483818 
2147483794 2147483649 2147483652 2147483713 2147483714 2147483791 2147483649 2147483652 2147483713 2147483714 2147483791 2147483797 49 53 52 54 57 127 128 129 130 51 133 134 131 132 50 2147483797 
2147483795 2147483661 2147483713 2147483714 2147483750 2147483661 2147483713 2147483714 2147483750 2147483797 2147483798 2147483819 54 57 51 49 52 53 127 128 129 130 133 134 131 132 2147483797 2147483798 2147483819 
2147483797 2147483649 2147483650 2147483652 2147483653 2147483661 2147483662 2147483670 2147483671 2147483679 2147483680 2147483688 2147483689 2147483697 2147483698 2147483706 2147483707 2147483713 2147483714 2147483743 2147483750 2147483757 2147483764 2147483768 2147483769 2147483773 2147483780 2147483787 2147483791 2147483794 2147483795 2147483649 2147483650 2147483652 2147483653 2147483661 2147483662 2147483670 2147483671 2147483679 2147483680 2147483688 2147483689 2147483697 2147483698 2147483706 2147483707 2147483713 2147483714 2147483743 2147483750 2147483757 2147483764 2147483768 2147483769 2147483773 2147483780 2147483787 2147483791 2147483794 2147483795 2147483798 2147483799 2147483802 2147483803 2147483806 2147483807 2147483810 2147483811 2147483814 2147483815 2147483818 2147483819 2147483820 2147483821 2147483822 2147483823 2147483824 53 49 51 133 134 131 132 50 2147483798 2147483799 2147483802 2147483803 2147483806 2147483807 2147483810 2147483811 2147483814 2147483815 2147483818 2147483819 2147483820 2147483821 2147483822 2147483823 2147483824 
2147483798 2147483661 2147483713 2147483714 2147483795 2147483797 2147483661 2147483713 2147483714 2147483795 2147483797 49 53 52 54 57 127 128 129 130 51 133 134 131 132 
2147483799 2147483670 2147483713 2147483714 2147483757 2147483797 2147483670 2147483713 2147483714 2147483757 2147483797 2147483802 2147483820 54 57 51 49 52 53 127 128 129 130 133 134 131 132 2147483802 2147483820 
2147483802 2147483670 2147483713 2147483714 2147483797 2147483799 2147483670 2147483713 2147483714 2147483797 2147483799 49 53 52 54 57 127 128 129 130 51 133 134 131 132 
2147483803 2147483679 2147483713 2147483714 2147483764 2147483797 2147483679 2147483713 2147483714 2147483764 2147483797 2147483806 2147483821 54 57 51 49 52 53 127 128 129 130 133 134 131 132 2147483806 2147483821 
2147483806 2147483650 2147483679 2147483713 2147483714 2147483797 2147483803 2147483650 2147483679 2147483713 2147483714 2147483797 2147483803 49 53 52 54 57 127 128 129 130 51 133 134 131 132 50 
2147483807 2147483650 2147483688 2147483713 2147483714 2147483773 2147483797 2147483650 2147483688 2147483713 2147483714 2147483773 2147483797 2147483810 2147483822 54 57 51 49 52 53 127 128 129 130 133 134 131 132 50 2147483810 2147483822 
2147483810 2147483650 2147483688 2147483713 2147483714 2147483797 2147483807 2147483650 2147483688 2147483713 2147483714 2147483797 2147483807 49 53 52 54 57 127 128 129 130 51 133 134 131 132 50 
2147483811 2147483697 2147483713 2147483714 2147483780 2147483797 2147483697 2147483713 2147483714 2147483780 2147483797 2147483814 2147483823 54 57 51 49 52 53 127 128 129 130 133 134 131 132 2147483814 2147483823 
2147483814 2147483697 2147483713 2147483714 2147483797 2147483811 2147483697 2147483713 2147483714 2147483797 2147483811 49 53 52 54 57 127 128 129 130 51 133 134 131 132 
2147483815 2147483706 2147483713 2147483714 2147483787 2147483797 2147483706 2147483713 2147483714 2147483787 2147483797 2147483817 2147483824 54 57 51 49 52 53 127 128 129 130 133 134 131 132 2147483817 2147483824 
2147483817 2147483706 2147483713 2147483714 2147483815 2147483706 2147483713 2147483714 2147483815 49 53 52 54 57 127 128 129 130 51 133 134 131 132 
2147483818 2147483649 2147483652 2147483713 2147483714 2147483791 2147483797 2147483649 2147483652 2147483713 2147483714 2147483791 2147483797 49 53 51 133 134 131 50 
2147483819 2147483661 2147483713 2147483714 2147483795 2147483797 2147483661 2147483713 2147483714 2147483795 2147483797 49 53 51 133 134 131 
2147483820 2147483670 2147483713 2147483714 2147483797 2147483799 2147483670 2147483713 2147483714 2147483797 2147483799 49 53 51 133 134 131 
2147483821 2147483679 2147483713 2147483714 2147483797 2147483803 2147483679 2147483713 2147483714 2147483797 2147483803 49 53 51 133 134 131 
2147483822 2147483650 2147483688 2147483713 2147483714 2147483797 2147483807 2147483650 2147483688 2147483713 2147483714 2147483797 2147483807 49 53 51 133 134 131 50 
2147483823 2147483697 2147483713 2147483714 2147483797 2147483811 2147483697 2147483713 2147483714 2147483797 2147483811 49 53 51 133 134 131 
2147483824 2147483706 2147483713 2147483714 2147483797 2147483815 2147483706 2147483713 2147483714 2147483797 2147483815 49 53 51 133 134 131 
