49 2147483648 2147483651 2147483652 2147483653 2147483654 2147483656 2147483658 2147483659 2147483660 2147483662 2147483663 2147483665 2147483667 2147483671 2147483673 
50 2147483651 2147483652 2147483653 2147483654 2147483656 2147483657 2147483658 2147483659 2147483660 2147483662 2147483663 2147483665 2147483667 
51 2147483648 2147483651 2147483652 2147483653 2147483654 2147483656 2147483657 2147483658 2147483659 2147483660 2147483662 2147483663 2147483665 2147483667 2147483670 
52 2147483648 2147483651 2147483652 2147483653 2147483654 2147483656 2147483658 2147483665 
53 2147483648 2147483651 2147483652 2147483653 2147483654 2147483656 2147483657 2147483658 2147483659 2147483660 2147483662 2147483663 2147483665 2147483670 2147483675 
54 2147483648 2147483651 2147483652 2147483653 2147483654 2147483656 2147483658 2147483665 
57 2147483648 2147483651 2147483652 2147483653 2147483654 2147483656 2147483657 2147483658 2147483665 
127 2147483648 2147483651 2147483652 2147483653 2147483654 2147483656 2147483658 2147483665 2147483667 
128 2147483648 2147483651 2147483652 2147483653 2147483654 2147483656 2147483658 
129 2147483648 2147483651 2147483652 2147483653 2147483654 2147483656 2147483658 
130 2147483648 2147483651 2147483652 2147483653 2147483654 2147483656 2147483658 
131 2147483651 2147483652 2147483653 2147483654 2147483656 2147483657 2147483658 2147483659 2147483660 2147483662 2147483663 2147483665 2147483667 
132 2147483651 2147483652 2147483653 2147483654 2147483656 2147483657 2147483658 2147483659 2147483660 2147483662 2147483663 2147483665 2147483667 
133 2147483651 2147483652 2147483653 2147483654 2147483656 2147483657 2147483658 2147483659 2147483660 2147483662 2147483663 2147483665 2147483667 2147483673 2147483675 
134 2147483651 2147483652 2147483653 2147483654 2147483656 2147483657 2147483658 2147483659 2147483660 2147483662 2147483663 2147483665 
151 2147483674 
152 
153 
154 
155 
156 
157 
158 
159 
160 
161 
162 
163 
164 
165 
166 
2147483648 2147483670 49 53 52 54 57 127 128 129 130 51 2147483670 
2147483651 2147483652 2147483653 2147483654 2147483656 2147483657 2147483658 2147483659 2147483660 2147483662 2147483663 2147483665 2147483667 57 49 52 54 53 127 128 129 130 51 133 134 131 132 50 2147483652 2147483653 2147483654 2147483656 2147483657 2147483658 2147483659 2147483660 2147483662 2147483663 2147483665 2147483667 
2147483652 2147483651 2147483651 2147483653 2147483654 2147483656 2147483657 2147483658 2147483659 2147483660 2147483662 2147483663 2147483665 2147483667 54 49 52 57 53 127 128 129 130 51 133 134 131 132 50 2147483653 2147483654 2147483656 2147483657 2147483658 2147483659 2147483660 2147483662 2147483663 2147483665 2147483667 
2147483653 2147483651 2147483652 2147483651 2147483652 2147483654 2147483656 2147483657 2147483658 2147483659 2147483660 2147483662 2147483663 2147483665 2147483667 52 54 49 57 53 127 128 129 130 51 133 134 131 132 50 2147483654 2147483656 2147483657 2147483658 2147483659 2147483660 2147483662 2147483663 2147483665 2147483667 
2147483654 2147483651 2147483652 2147483653 2147483651 2147483652 2147483653 2147483656 2147483657 2147483658 2147483659 2147483660 2147483662 2147483663 2147483665 2147483667 127 57 49 52 54 53 128 129 130 51 133 134 131 132 50 2147483656 2147483657 2147483658 2147483659 2147483660 2147483662 2147483663 2147483665 2147483667 
2147483656 2147483651 2147483652 2147483653 2147483654 2147483651 2147483652 2147483653 2147483654 2147483657 2147483658 2147483659 2147483660 2147483662 2147483663 2147483665 2147483667 2147483673 2147483674 2147483675 53 49 52 54 57 127 128 129 130 51 133 134 131 132 50 2147483657 2147483658 2147483659 2147483660 2147483662 2147483663 2147483665 2147483667 2147483673 2147483674 2147483675 
2147483657 2147483651 2147483652 2147483653 2147483654 2147483656 2147483651 2147483652 2147483653 2147483654 2147483656 2147483658 57 53 51 133 134 131 132 50 2147483658 
2147483658 2147483651 2147483652 2147483653 2147483654 2147483656 2147483657 2147483651 2147483652 2147483653 2147483654 2147483656 2147483657 2147483659 2147483660 2147483662 2147483663 2147483665 53 49 52 54 57 127 128 129 130 51 133 134 131 132 50 2147483659 2147483660 2147483662 2147483663 2147483665 
2147483659 2147483651 2147483652 2147483653 2147483654 2147483656 2147483658 2147483651 2147483652 2147483653 2147483654 2147483656 2147483658 2147483660 53 49 51 133 134 131 132 50 2147483660 
2147483660 2147483651 2147483652 2147483653 2147483654 2147483656 2147483658 2147483659 2147483651 2147483652 2147483653 2147483654 2147483656 2147483658 2147483659 49 53 51 133 134 131 132 50 
2147483662 2147483651 2147483652 2147483653 2147483654 2147483656 2147483658 2147483651 2147483652 2147483653 2147483654 2147483656 2147483658 2147483663 53 49 51 133 134 131 132 50 2147483663 
2147483663 2147483651 2147483652 2147483653 2147483654 2147483656 2147483658 2147483662 2147483651 2147483652 2147483653 2147483654 2147483656 2147483658 2147483662 49 53 51 133 134 131 132 50 
2147483665 2147483651 2147483652 2147483653 2147483654 2147483656 2147483658 2147483651 2147483652 2147483653 2147483654 2147483656 2147483658 2147483667 127 49 52 54 57 53 51 133 134 131 132 50 2147483667 
2147483667 2147483651 2147483652 2147483653 2147483654 2147483656 2147483665 2147483651 2147483652 2147483653 2147483654 2147483656 2147483665 49 127 51 133 131 132 50 
2147483670 2147483648 2147483648 53 51 
2147483671 49 
2147483673 2147483656 2147483656 2147483674 49 133 2147483674 
2147483674 2147483656 2147483673 2147483656 2147483673 151 
2147483675 2147483656 2147483656 53 133 
