2 2147483836 2147484029 2147484033 2147484037 2147484041 2147484045 2147484049 2147484071 
5 2147483836 2147484071 
8 2147483836 2147484029 2147484033 2147484037 2147484041 2147484045 2147484049 2147484071 
11 2147484029 2147484033 2147484037 2147484041 2147484045 2147484049 2147484071 
18 
19 2147483836 
22 2147483827 2147483852 2147483871 2147483878 2147484054 2147484070 
23 2147483852 2147484031 2147484035 2147484039 2147484043 2147484047 2147484051 2147484070 
24 2147483827 2147483871 2147483878 
25 2147484031 2147484035 2147484039 2147484043 2147484047 2147484051 2147484054 2147484059 2147484066 
26 2147483852 2147484031 2147484035 2147484039 2147484043 2147484047 2147484051 2147484059 2147484066 2147484070 
27 2147483827 2147483852 2147484031 2147484035 2147484039 2147484043 2147484047 2147484051 2147484059 2147484066 2147484070 
32 2147483852 2147484031 2147484035 2147484039 2147484043 2147484047 2147484051 2147484054 2147484059 2147484066 2147484070 
49 2147483649 2147483653 2147483657 2147483661 2147483666 2147483670 2147483675 2147483679 2147483684 2147483688 2147483693 2147483697 2147483701 2147483706 2147483709 2147483711 2147483712 2147483716 2147483717 2147483718 2147483721 2147483723 2147483731 2147483735 2147483740 2147483741 2147483742 2147483743 2147483744 2147483746 2147483750 2147483752 2147483760 2147483762 2147483763 2147483767 2147483773 2147483774 2147483781 2147483783 2147483784 2147483788 2147483794 2147483795 2147483799 2147483800 2147483802 2147483803 2147483808 2147483809 2147483814 2147483815 2147483820 2147483821 2147483822 2147483823 2147483826 2147483831 2147483833 2147483838 2147483840 2147483842 2147483843 2147483844 2147483845 2147483846 2147483847 2147483848 2147483849 2147483853 2147483854 2147483855 2147483857 2147483858 2147483860 2147483864 2147483866 2147483868 2147483869 2147483870 2147483873 2147483875 2147483876 2147483877 2147483880 2147483882 2147483883 2147483884 2147483886 2147483887 2147483889 2147483892 2147483893 2147483896 2147483898 2147483899 2147483901 2147483904 2147483905 2147483907 2147483909 2147483910 2147483912 2147483913 2147483914 2147483916 2147483917 2147483918 2147483920 2147483921 2147483922 2147483923 2147483924 2147483929 2147483932 2147483935 2147483936 2147483937 2147483938 2147483939 2147483940 2147483941 2147483942 2147483944 2147483947 2147483948 2147483951 2147483953 2147483954 2147483959 2147483960 2147483962 2147483966 2147483967 2147483968 2147483972 2147483973 2147483975 2147483979 2147483980 2147483981 2147483985 2147483986 2147483988 2147483992 2147483993 2147483994 2147483998 2147483999 2147484001 2147484005 2147484006 2147484007 2147484011 2147484012 2147484014 2147484018 2147484019 2147484020 2147484024 2147484025 2147484027 2147484028 2147484030 2147484032 2147484034 2147484036 2147484038 2147484040 2147484042 2147484044 2147484046 2147484048 2147484050 2147484055 2147484058 2147484062 2147484065 2147484084 2147484085 2147484088 2147484090 2147484091 2147484093 2147484094 2147484096 2147484097 2147484099 2147484100 2147484102 2147484103 2147484105 2147484106 2147484110 2147484111 
50 2147483649 2147483653 2147483657 2147483666 2147483675 2147483684 2147483693 2147483701 2147483723 2147483731 2147483735 2147483740 2147483741 2147483742 2147483743 2147483744 2147483750 2147483752 2147483762 2147483763 2147483767 2147483772 2147483773 2147483774 2147483795 2147483797 2147483799 2147483803 2147483805 2147483808 2147483809 2147483811 2147483814 2147483815 2147483817 2147483820 2147483821 2147483822 2147483823 2147483835 2147483843 2147483844 2147483845 2147483849 2147483851 2147483853 2147483860 2147483862 2147483864 2147483866 2147483868 2147483909 2147483910 2147483912 2147483913 2147483914 2147483916 2147483917 2147483918 2147483958 2147483959 2147483960 2147483962 2147483965 2147483966 2147483967 2147483968 2147483978 2147483979 2147483980 2147483981 2147483991 2147483992 2147483993 2147483994 2147484004 2147484005 2147484006 2147484007 2147484017 2147484018 2147484019 2147484020 2147484028 2147484030 2147484032 2147484034 2147484036 2147484038 2147484040 2147484042 2147484044 2147484046 2147484048 2147484050 2147484053 2147484055 2147484061 2147484062 2147484084 2147484085 2147484093 2147484096 2147484099 2147484129 2147484130 
51 2147483649 2147483653 2147483657 2147483661 2147483666 2147483670 2147483675 2147483679 2147483684 2147483688 2147483693 2147483697 2147483701 2147483709 2147483711 2147483712 2147483716 2147483717 2147483721 2147483723 2147483731 2147483735 2147483740 2147483741 2147483742 2147483743 2147483744 2147483746 2147483750 2147483759 2147483774 2147483780 2147483783 2147483784 2147483788 2147483793 2147483794 2147483795 2147483797 2147483800 2147483802 2147483803 2147483805 2147483809 2147483811 2147483815 2147483817 2147483821 2147483826 2147483831 2147483833 2147483835 2147483838 2147483840 2147483842 2147483843 2147483846 2147483847 2147483848 2147483849 2147483851 2147483860 2147483862 2147483866 2147483869 2147483870 2147483873 2147483875 2147483876 2147483877 2147483880 2147483882 2147483883 2147483884 2147483892 2147483893 2147483904 2147483905 2147483907 2147483909 2147483910 2147483912 2147483913 2147483916 2147483917 2147483918 2147483920 2147483921 2147483922 2147483923 2147483924 2147483928 2147483935 2147483936 2147483937 2147483938 2147483939 2147483940 2147483947 2147483948 2147483958 2147483965 2147483966 2147483967 2147483968 2147483978 2147483979 2147483980 2147483981 2147483991 2147483992 2147483993 2147483994 2147484004 2147484005 2147484006 2147484007 2147484017 2147484018 2147484019 2147484020 2147484028 2147484032 2147484036 2147484040 2147484044 2147484048 2147484053 2147484061 2147484084 2147484085 2147484088 2147484091 2147484093 2147484096 2147484099 2147484103 2147484106 2147484111 2147484129 
52 2147483649 2147483653 2147483657 2147483666 2147483675 2147483684 2147483693 2147483701 2147483712 2147483717 2147483723 2147483731 2147483735 2147483740 2147483741 2147483742 2147483743 2147483744 2147483750 2147483762 2147483763 2147483767 2147483774 2147483783 2147483784 2147483788 2147483795 2147483797 2147483800 2147483803 2147483805 2147483809 2147483811 2147483815 2147483817 2147483821 2147483822 2147483823 2147483843 2147483844 2147483845 2147483846 2147483847 2147483848 2147483849 2147483851 2147483860 2147483862 2147483866 2147483870 2147483877 2147483884 2147483910 2147483912 2147483913 2147483914 2147483916 2147483917 2147483922 2147483923 2147483924 2147483937 2147483938 2147483940 2147483958 2147483959 2147483960 2147483965 2147483966 2147483967 2147483971 2147483972 2147483973 2147483978 2147483979 2147483980 2147483984 2147483985 2147483986 2147483991 2147483992 2147483993 2147483997 2147483998 2147483999 2147484004 2147484005 2147484006 2147484010 2147484011 2147484012 2147484017 2147484018 2147484019 2147484023 2147484024 2147484025 2147484028 2147484030 2147484032 2147484034 2147484036 2147484038 2147484040 2147484042 2147484044 2147484046 2147484048 2147484050 2147484053 2147484057 2147484058 2147484061 2147484064 2147484065 2147484084 2147484088 2147484105 2147484110 2147484130 
53 2147483649 2147483653 2147483657 2147483661 2147483666 2147483670 2147483675 2147483679 2147483684 2147483688 2147483693 2147483697 2147483701 2147483706 2147483709 2147483711 2147483712 2147483716 2147483717 2147483718 2147483721 2147483723 2147483731 2147483735 2147483740 2147483741 2147483742 2147483743 2147483744 2147483750 2147483752 2147483759 2147483772 2147483773 2147483774 2147483780 2147483793 2147483794 2147483795 2147483797 2147483799 2147483800 2147483802 2147483803 2147483805 2147483808 2147483809 2147483811 2147483814 2147483815 2147483817 2147483820 2147483821 2147483822 2147483823 2147483826 2147483831 2147483833 2147483835 2147483838 2147483840 2147483842 2147483843 2147483844 2147483845 2147483846 2147483847 2147483848 2147483849 2147483851 2147483853 2147483854 2147483855 2147483857 2147483858 2147483860 2147483862 2147483864 2147483866 2147483868 2147483869 2147483870 2147483875 2147483876 2147483877 2147483882 2147483883 2147483884 2147483886 2147483887 2147483889 2147483892 2147483893 2147483898 2147483899 2147483904 2147483905 2147483907 2147483910 2147483912 2147483913 2147483914 2147483916 2147483917 2147483918 2147483920 2147483921 2147483922 2147483923 2147483924 2147483928 2147483931 2147483935 2147483936 2147483937 2147483938 2147483939 2147483940 2147483941 2147483942 2147483944 2147483947 2147483948 2147483953 2147483954 2147483958 2147483962 2147483965 2147483971 2147483975 2147483978 2147483984 2147483988 2147483991 2147483997 2147484001 2147484004 2147484010 2147484014 2147484017 2147484023 2147484027 2147484028 2147484030 2147484032 2147484034 2147484036 2147484038 2147484040 2147484042 2147484044 2147484046 2147484048 2147484050 2147484053 2147484056 2147484057 2147484058 2147484061 2147484063 2147484064 2147484065 2147484084 2147484085 2147484088 2147484090 2147484094 2147484097 2147484100 2147484102 2147484105 2147484110 2147484129 2147484130 
54 2147483649 2147483653 2147483657 2147483661 2147483666 2147483670 2147483675 2147483679 2147483684 2147483688 2147483693 2147483697 2147483701 2147483711 2147483712 2147483716 2147483717 2147483723 2147483731 2147483735 2147483740 2147483741 2147483742 2147483743 2147483744 2147483750 2147483762 2147483763 2147483767 2147483774 2147483783 2147483784 2147483788 2147483795 2147483797 2147483800 2147483803 2147483805 2147483809 2147483811 2147483815 2147483817 2147483821 2147483823 2147483842 2147483843 2147483845 2147483846 2147483848 2147483849 2147483851 2147483853 2147483855 2147483858 2147483860 2147483862 2147483864 2147483866 2147483870 2147483877 2147483884 2147483886 2147483887 2147483889 2147483904 2147483905 2147483910 2147483916 2147483917 2147483922 2147483923 2147483924 2147483935 2147483936 2147483938 2147483940 2147483941 2147483942 2147483944 2147483958 2147483965 2147483968 2147483971 2147483978 2147483981 2147483984 2147483991 2147483994 2147483997 2147484004 2147484007 2147484010 2147484017 2147484020 2147484023 2147484028 2147484030 2147484032 2147484034 2147484036 2147484038 2147484040 2147484042 2147484044 2147484046 2147484048 2147484050 2147484053 2147484056 2147484057 2147484058 2147484061 2147484063 2147484064 2147484065 2147484084 2147484085 2147484088 2147484105 2147484110 2147484130 
57 2147483649 2147483653 2147483657 2147483661 2147483666 2147483670 2147483675 2147483679 2147483684 2147483688 2147483693 2147483697 2147483701 2147483706 2147483709 2147483711 2147483712 2147483716 2147483717 2147483718 2147483721 2147483723 2147483731 2147483735 2147483740 2147483741 2147483742 2147483743 2147483744 2147483750 2147483752 2147483773 2147483774 2147483794 2147483795 2147483797 2147483799 2147483800 2147483802 2147483803 2147483805 2147483808 2147483809 2147483811 2147483814 2147483815 2147483817 2147483820 2147483821 2147483822 2147483823 2147483835 2147483842 2147483843 2147483844 2147483845 2147483846 2147483847 2147483848 2147483849 2147483851 2147483853 2147483854 2147483855 2147483857 2147483858 2147483860 2147483862 2147483864 2147483866 2147483868 2147483870 2147483875 2147483876 2147483877 2147483882 2147483884 2147483886 2147483887 2147483889 2147483892 2147483893 2147483898 2147483899 2147483904 2147483907 2147483910 2147483916 2147483917 2147483921 2147483922 2147483923 2147483924 2147483935 2147483937 2147483938 2147483940 2147483941 2147483942 2147483944 2147483947 2147483948 2147483953 2147483954 2147483958 2147483962 2147483965 2147483971 2147483975 2147483978 2147483984 2147483988 2147483991 2147483997 2147484001 2147484004 2147484010 2147484014 2147484017 2147484023 2147484027 2147484028 2147484030 2147484032 2147484034 2147484036 2147484038 2147484040 2147484042 2147484044 2147484046 2147484048 2147484050 2147484053 2147484056 2147484057 2147484058 2147484061 2147484063 2147484064 2147484065 2147484084 2147484085 2147484088 2147484090 2147484094 2147484097 2147484100 2147484102 2147484105 2147484110 2147484130 
61 2147484071 
127 2147483649 2147483653 2147483657 2147483661 2147483666 2147483670 2147483675 2147483679 2147483684 2147483688 2147483693 2147483697 2147483701 2147483712 2147483717 2147483723 2147483731 2147483735 2147483740 2147483741 2147483742 2147483743 2147483744 2147483750 2147483774 2147483795 2147483797 2147483800 2147483803 2147483805 2147483809 2147483811 2147483815 2147483817 2147483821 2147483843 2147483846 2147483849 2147483851 2147483860 2147483862 2147483866 2147483870 2147483877 2147483910 2147483916 2147483917 2147483922 2147483958 2147483965 2147483971 2147483978 2147483984 2147483991 2147483997 2147484004 2147484010 2147484017 2147484023 2147484028 2147484032 2147484036 2147484040 2147484044 2147484048 2147484053 2147484056 2147484057 2147484061 2147484063 2147484064 2147484084 2147484088 2147484130 
128 2147483649 2147483653 2147483657 2147483666 2147483675 2147483684 2147483693 2147483701 2147483712 2147483717 2147483723 2147483731 2147483735 2147483740 2147483741 2147483742 2147483743 2147483744 2147483750 2147483774 2147483795 2147483800 2147483803 2147483809 2147483815 2147483821 2147483843 2147483846 2147483849 2147483860 2147483866 2147483870 2147483877 2147483910 2147483916 2147483917 2147483922 2147484028 2147484032 2147484036 2147484040 2147484044 2147484048 2147484084 2147484088 
129 2147483649 2147483653 2147483657 2147483666 2147483675 2147483684 2147483693 2147483701 2147483712 2147483717 2147483723 2147483731 2147483735 2147483740 2147483741 2147483742 2147483743 2147483744 2147483750 2147483774 2147483795 2147483800 2147483803 2147483809 2147483815 2147483821 2147483843 2147483846 2147483849 2147483860 2147483866 2147483870 2147483877 2147483910 2147483916 2147483917 2147483922 2147484028 2147484032 2147484036 2147484040 2147484044 2147484048 2147484084 2147484088 
130 2147483649 2147483653 2147483657 2147483666 2147483675 2147483684 2147483693 2147483701 2147483712 2147483717 2147483723 2147483731 2147483735 2147483740 2147483741 2147483742 2147483743 2147483744 2147483750 2147483774 2147483795 2147483800 2147483803 2147483809 2147483815 2147483821 2147483843 2147483846 2147483849 2147483860 2147483866 2147483870 2147483877 2147483910 2147483916 2147483917 2147483922 2147484028 2147484032 2147484036 2147484040 2147484044 2147484048 2147484084 2147484088 
131 2147483649 2147483653 2147483657 2147483661 2147483666 2147483670 2147483675 2147483679 2147483684 2147483688 2147483693 2147483697 2147483701 2147483711 2147483712 2147483716 2147483717 2147483735 2147483740 2147483741 2147483742 2147483743 2147483744 2147483746 2147483750 2147483795 2147483797 2147483803 2147483805 2147483809 2147483811 2147483815 2147483817 2147483821 2147483843 2147483849 2147483851 2147483860 2147483862 2147483866 2147483883 2147483884 2147483901 2147483909 2147483910 2147483912 2147483913 2147483914 2147483916 2147483917 2147483918 2147483920 2147483921 2147483922 2147483932 2147483939 2147483940 2147483958 2147483959 2147483965 2147483966 2147483967 2147483968 2147483971 2147483972 2147483978 2147483979 2147483980 2147483981 2147483984 2147483985 2147483991 2147483992 2147483993 2147483994 2147483997 2147483998 2147484004 2147484005 2147484006 2147484007 2147484010 2147484011 2147484017 2147484018 2147484019 2147484020 2147484023 2147484024 2147484028 2147484032 2147484036 2147484040 2147484044 2147484048 2147484053 2147484055 2147484056 2147484057 2147484061 2147484062 2147484063 2147484064 2147484091 2147484093 2147484096 2147484099 2147484103 2147484106 2147484111 2147484129 
132 2147483649 2147483653 2147483657 2147483661 2147483666 2147483670 2147483675 2147483679 2147483684 2147483688 2147483693 2147483697 2147483701 2147483711 2147483716 2147483735 2147483740 2147483741 2147483742 2147483743 2147483744 2147483746 2147483750 2147483795 2147483797 2147483800 2147483803 2147483805 2147483809 2147483811 2147483815 2147483817 2147483821 2147483843 2147483849 2147483851 2147483860 2147483862 2147483866 2147483869 2147483870 2147483876 2147483877 2147483883 2147483884 2147483901 2147483909 2147483910 2147483912 2147483913 2147483914 2147483916 2147483917 2147483918 2147483920 2147483921 2147483922 2147483923 2147483924 2147483932 2147483939 2147483940 2147483958 2147483965 2147483966 2147483967 2147483968 2147483971 2147483978 2147483979 2147483980 2147483981 2147483984 2147483991 2147483992 2147483993 2147483994 2147483997 2147484004 2147484005 2147484006 2147484007 2147484010 2147484017 2147484018 2147484019 2147484020 2147484023 2147484028 2147484032 2147484036 2147484040 2147484044 2147484048 2147484053 2147484055 2147484056 2147484057 2147484061 2147484062 2147484063 2147484064 2147484091 2147484093 2147484096 2147484099 2147484103 2147484106 2147484111 2147484129 
133 2147483649 2147483653 2147483657 2147483661 2147483666 2147483670 2147483675 2147483679 2147483684 2147483688 2147483693 2147483697 2147483701 2147483706 2147483711 2147483712 2147483716 2147483717 2147483718 2147483723 2147483731 2147483735 2147483740 2147483741 2147483742 2147483743 2147483744 2147483746 2147483750 2147483752 2147483762 2147483763 2147483767 2147483772 2147483773 2147483774 2147483783 2147483784 2147483788 2147483793 2147483794 2147483795 2147483797 2147483799 2147483800 2147483802 2147483803 2147483805 2147483808 2147483809 2147483811 2147483814 2147483815 2147483817 2147483820 2147483821 2147483822 2147483823 2147483826 2147483831 2147483833 2147483835 2147483838 2147483840 2147483842 2147483843 2147483844 2147483845 2147483846 2147483847 2147483848 2147483849 2147483851 2147483853 2147483854 2147483855 2147483857 2147483858 2147483860 2147483862 2147483864 2147483866 2147483868 2147483869 2147483870 2147483873 2147483875 2147483876 2147483877 2147483880 2147483882 2147483883 2147483884 2147483886 2147483887 2147483889 2147483898 2147483899 2147483901 2147483904 2147483905 2147483907 2147483909 2147483910 2147483912 2147483913 2147483914 2147483916 2147483917 2147483918 2147483920 2147483921 2147483922 2147483923 2147483924 2147483931 2147483932 2147483935 2147483936 2147483937 2147483938 2147483939 2147483940 2147483941 2147483942 2147483944 2147483953 2147483954 2147483958 2147483959 2147483960 2147483962 2147483965 2147483966 2147483967 2147483968 2147483971 2147483972 2147483973 2147483975 2147483978 2147483979 2147483980 2147483981 2147483984 2147483985 2147483986 2147483988 2147483991 2147483992 2147483993 2147483994 2147483997 2147483998 2147483999 2147484001 2147484004 2147484005 2147484006 2147484007 2147484010 2147484011 2147484012 2147484014 2147484017 2147484018 2147484019 2147484020 2147484023 2147484024 2147484025 2147484027 2147484028 2147484030 2147484032 2147484034 2147484036 2147484038 2147484040 2147484042 2147484044 2147484046 2147484048 2147484050 2147484053 2147484055 2147484056 2147484057 2147484058 2147484061 2147484062 2147484063 2147484064 2147484065 2147484084 2147484085 2147484090 2147484091 2147484093 2147484094 2147484096 2147484097 2147484099 2147484100 2147484102 2147484103 2147484105 2147484106 2147484110 2147484111 2147484129 2147484130 
134 2147483649 2147483653 2147483657 2147483661 2147483666 2147483670 2147483675 2147483679 2147483684 2147483688 2147483693 2147483697 2147483701 2147483723 2147483731 2147483735 2147483740 2147483741 2147483742 2147483743 2147483744 2147483746 2147483750 2147483774 2147483795 2147483797 2147483800 2147483803 2147483805 2147483809 2147483811 2147483815 2147483817 2147483821 2147483826 2147483831 2147483833 2147483838 2147483840 2147483843 2147483846 2147483849 2147483851 2147483860 2147483862 2147483866 2147483876 2147483877 2147483883 2147483884 2147483910 2147483912 2147483913 2147483916 2147483917 2147483918 2147483939 2147483940 2147483958 2147483965 2147483966 2147483967 2147483968 2147483971 2147483978 2147483979 2147483980 2147483981 2147483984 2147483991 2147483992 2147483993 2147483994 2147483997 2147484004 2147484005 2147484006 2147484007 2147484010 2147484017 2147484018 2147484019 2147484020 2147484023 2147484028 2147484032 2147484036 2147484040 2147484044 2147484048 2147484053 2147484055 2147484056 2147484057 2147484061 2147484062 2147484063 2147484064 2147484084 2147484085 2147484091 2147484093 2147484096 2147484099 2147484103 2147484106 2147484111 2147484129 
151 2147483751 2147483755 2147483798 2147483801 2147483806 2147483807 2147483812 2147483813 2147483818 2147483819 2147483867 2147483874 2147483881 2147483906 2147483961 2147483974 2147483987 2147484000 2147484013 2147484026 2147484074 2147484076 2147484078 2147484080 2147484082 2147484083 2147484113 2147484115 2147484117 2147484119 2147484121 2147484123 2147484126 
152 2147484074 2147484076 2147484078 2147484080 2147484082 2147484113 2147484115 2147484117 2147484119 2147484121 
153 
154 
155 
156 
157 
158 
159 
160 
161 
162 
163 
164 
165 
166 
247 
248 
249 
250 
251 2147484071 
252 2147484071 
253 2147483836 2147484029 2147484033 2147484037 2147484041 2147484045 2147484049 2147484071 
254 2147484071 
263 
264 
265 
266 
267 
268 
269 2147483827 2147483852 2147483871 2147483878 2147484031 2147484035 2147484039 2147484043 2147484047 2147484051 2147484054 2147484059 2147484066 2147484070 
270 2147483827 
2147483649 2147483740 2147483741 2147483742 2147483743 2147483744 2147484061 2147484062 2147484071 54 49 52 57 53 127 128 129 130 51 133 134 131 132 50 2147483740 2147483741 2147483742 2147483743 2147483744 2147484061 2147484062 2147484071 
2147483653 2147483740 2147483741 2147483742 2147483743 2147483744 2147484053 2147484055 54 49 52 57 53 127 128 129 130 51 133 134 131 132 50 2147483740 2147483741 2147483742 2147483743 2147483744 2147484053 2147484055 
2147483657 2147483740 2147483741 2147483742 2147483743 2147483744 2147484017 2147484018 2147484019 2147484020 2147484113 54 49 52 57 53 127 128 129 130 51 133 134 131 132 50 2147483740 2147483741 2147483742 2147483743 2147483744 2147484017 2147484018 2147484019 2147484020 2147484113 
2147483661 2147483740 2147483741 2147483742 2147483743 2147483744 2147484020 2147484023 2147484113 54 49 57 53 127 51 133 134 131 132 2147483740 2147483741 2147483742 2147483743 2147483744 2147484020 2147484023 2147484113 
2147483666 2147483740 2147483741 2147483742 2147483743 2147483744 2147484004 2147484005 2147484006 2147484007 2147484093 2147484115 54 49 52 57 53 127 128 129 130 51 133 134 131 132 50 2147483740 2147483741 2147483742 2147483743 2147483744 2147484004 2147484005 2147484006 2147484007 2147484093 2147484115 
2147483670 2147483740 2147483741 2147483742 2147483743 2147483744 2147484007 2147484010 2147484115 54 49 57 53 127 51 133 134 131 132 2147483740 2147483741 2147483742 2147483743 2147483744 2147484007 2147484010 2147484115 
2147483675 2147483740 2147483741 2147483742 2147483743 2147483744 2147483991 2147483992 2147483993 2147483994 2147484096 2147484117 54 49 52 57 53 127 128 129 130 51 133 134 131 132 50 2147483740 2147483741 2147483742 2147483743 2147483744 2147483991 2147483992 2147483993 2147483994 2147484096 2147484117 
2147483679 2147483740 2147483741 2147483742 2147483743 2147483744 2147483994 2147483997 2147484117 54 49 57 53 127 51 133 134 131 132 2147483740 2147483741 2147483742 2147483743 2147483744 2147483994 2147483997 2147484117 
2147483684 2147483740 2147483741 2147483742 2147483743 2147483744 2147483978 2147483979 2147483980 2147483981 2147484099 2147484119 54 49 52 57 53 127 128 129 130 51 133 134 131 132 50 2147483740 2147483741 2147483742 2147483743 2147483744 2147483978 2147483979 2147483980 2147483981 2147484099 2147484119 
2147483688 2147483740 2147483741 2147483742 2147483743 2147483744 2147483981 2147483984 2147484119 54 49 57 53 127 51 133 134 131 132 2147483740 2147483741 2147483742 2147483743 2147483744 2147483981 2147483984 2147484119 
2147483693 2147483740 2147483741 2147483742 2147483743 2147483744 2147483965 2147483966 2147483967 2147483968 2147484121 54 49 52 57 53 127 128 129 130 51 133 134 131 132 50 2147483740 2147483741 2147483742 2147483743 2147483744 2147483965 2147483966 2147483967 2147483968 2147484121 
2147483697 2147483740 2147483741 2147483742 2147483743 2147483744 2147483968 2147483971 2147484121 54 49 57 53 127 51 133 134 131 132 2147483740 2147483741 2147483742 2147483743 2147483744 2147483968 2147483971 2147484121 
2147483701 2147483740 2147483741 2147483742 2147483743 2147483744 2147483958 2147483959 2147483960 2147483961 2147483962 2147484083 57 49 52 54 53 127 128 129 130 51 133 134 131 132 50 2147483740 2147483741 2147483742 2147483743 2147483744 2147483958 2147483959 2147483960 2147483961 2147483962 2147484083 
2147483706 2147483740 2147483953 2147483954 57 49 53 133 2147483740 2147483953 2147483954 
2147483709 2147483947 2147483948 2147484088 57 49 53 51 2147483947 2147483948 2147484088 
2147483711 2147483712 2147483740 2147483741 2147483744 2147483935 2147483936 54 53 49 57 51 133 131 132 2147483712 2147483740 2147483741 2147483744 2147483935 2147483936 
2147483712 2147483711 2147483711 2147483740 2147483741 2147483935 2147483936 2147483937 2147483938 57 49 52 54 53 127 128 129 130 51 133 131 2147483740 2147483741 2147483935 2147483936 2147483937 2147483938 
2147483716 2147483717 2147483740 2147483741 2147483744 2147483904 2147483905 54 53 49 57 51 133 131 132 2147483717 2147483740 2147483741 2147483744 2147483904 2147483905 
2147483717 2147483716 2147483716 2147483740 2147483741 2147483904 2147483905 2147483906 2147483907 57 49 52 54 53 127 128 129 130 51 133 131 2147483740 2147483741 2147483904 2147483905 2147483906 2147483907 
2147483718 2147483740 2147483898 2147483899 57 49 53 133 2147483740 2147483898 2147483899 
2147483721 2147483892 2147483893 2147484088 57 49 53 51 2147483892 2147483893 2147484088 
2147483723 2147483740 2147483742 2147483826 2147483827 2147483831 2147483833 2147483835 2147483836 2147483838 2147483840 2147483842 2147484084 2147484085 57 49 52 54 53 127 128 129 130 51 133 134 50 2147483740 2147483742 2147483826 2147483827 2147483831 2147483833 2147483835 2147483836 2147483838 2147483840 2147483842 2147484084 2147484085 
2147483731 2147483740 2147483742 2147483774 2147483783 2147483784 2147483788 2147483793 2147483794 2147484123 57 49 52 54 53 127 128 129 130 51 133 134 50 2147483740 2147483742 2147483774 2147483783 2147483784 2147483788 2147483793 2147483794 2147484123 
2147483735 2147483740 2147483741 2147483742 2147483743 2147483744 2147483755 2147483762 2147483763 2147483767 2147483772 2147483773 2147484126 2147484129 2147484130 57 49 52 54 53 127 128 129 130 51 133 134 131 132 50 2147483740 2147483741 2147483742 2147483743 2147483744 2147483755 2147483762 2147483763 2147483767 2147483772 2147483773 2147484126 2147484129 2147484130 
2147483740 2147483649 2147483653 2147483657 2147483661 2147483666 2147483670 2147483675 2147483679 2147483684 2147483688 2147483693 2147483697 2147483701 2147483706 2147483711 2147483712 2147483716 2147483717 2147483718 2147483723 2147483731 2147483735 2147483649 2147483653 2147483657 2147483661 2147483666 2147483670 2147483675 2147483679 2147483684 2147483688 2147483693 2147483697 2147483701 2147483706 2147483711 2147483712 2147483716 2147483717 2147483718 2147483723 2147483731 2147483735 2147483741 2147483742 2147483743 2147483744 2147483746 2147483750 2147483751 2147483752 2147483755 2147483762 2147483763 2147483767 2147483772 2147483773 2147483774 2147483783 2147483784 2147483788 2147483793 2147483794 2147483795 2147483797 2147483798 2147483799 2147483800 2147483801 2147483802 2147483803 2147483805 2147483806 2147483807 2147483808 2147483809 2147483811 2147483812 2147483813 2147483814 2147483815 2147483817 2147483818 2147483819 2147483820 2147483821 2147483822 2147483823 2147483826 2147483827 2147483831 2147483833 2147483835 2147483836 2147483838 2147483840 2147483842 2147483843 2147483844 2147483845 2147483846 2147483847 2147483848 2147483849 2147483851 2147483852 2147483853 2147483854 2147483855 2147483857 2147483858 2147483860 2147483862 2147483864 2147483866 2147483867 2147483868 2147483869 2147483870 2147483871 2147483873 2147483874 2147483875 2147483876 2147483877 2147483878 2147483880 2147483881 2147483882 2147483883 2147483884 2147483886 2147483887 2147483889 2147483898 2147483899 2147483901 2147483904 2147483905 2147483906 2147483907 2147483909 2147483910 2147483912 2147483913 2147483914 2147483916 2147483917 2147483918 2147483920 2147483921 2147483922 2147483923 2147483924 2147483931 2147483932 2147483935 2147483936 2147483937 2147483938 2147483939 2147483940 2147483941 2147483942 2147483944 2147483953 2147483954 2147483958 2147483959 2147483960 2147483961 2147483962 2147483965 2147483966 2147483967 2147483968 2147483971 2147483972 2147483973 2147483974 2147483975 2147483978 2147483979 2147483980 2147483981 2147483984 2147483985 2147483986 2147483987 2147483988 2147483991 2147483992 2147483993 2147483994 2147483997 2147483998 2147483999 2147484000 2147484001 2147484004 2147484005 2147484006 2147484007 2147484010 2147484011 2147484012 2147484013 2147484014 2147484017 2147484018 2147484019 2147484020 2147484023 2147484024 2147484025 2147484026 2147484027 2147484028 2147484029 2147484030 2147484031 2147484032 2147484033 2147484034 2147484035 2147484036 2147484037 2147484038 2147484039 2147484040 2147484041 2147484042 2147484043 2147484044 2147484045 2147484046 2147484047 2147484048 2147484049 2147484050 2147484051 2147484053 2147484054 2147484055 2147484056 2147484057 2147484058 2147484059 2147484061 2147484062 2147484063 2147484064 2147484065 2147484066 2147484070 2147484071 2147484074 2147484076 2147484078 2147484080 2147484082 2147484083 2147484084 2147484085 2147484090 2147484091 2147484093 2147484094 2147484096 2147484097 2147484099 2147484100 2147484102 2147484103 2147484105 2147484106 2147484110 2147484111 2147484113 2147484115 2147484117 2147484119 2147484121 2147484123 2147484126 2147484129 2147484130 53 49 52 54 57 127 128 129 130 51 133 134 131 132 50 2147483741 2147483742 2147483743 2147483744 2147483746 2147483750 2147483751 2147483752 2147483755 2147483762 2147483763 2147483767 2147483772 2147483773 2147483774 2147483783 2147483784 2147483788 2147483793 2147483794 2147483795 2147483797 2147483798 2147483799 2147483800 2147483801 2147483802 2147483803 2147483805 2147483806 2147483807 2147483808 2147483809 2147483811 2147483812 2147483813 2147483814 2147483815 2147483817 2147483818 2147483819 2147483820 2147483821 2147483822 2147483823 2147483826 2147483827 2147483831 2147483833 2147483835 2147483836 2147483838 2147483840 2147483842 2147483843 2147483844 2147483845 2147483846 2147483847 2147483848 2147483849 2147483851 2147483852 2147483853 2147483854 2147483855 2147483857 2147483858 2147483860 2147483862 2147483864 2147483866 2147483867 2147483868 2147483869 2147483870 2147483871 2147483873 2147483874 2147483875 2147483876 2147483877 2147483878 2147483880 2147483881 2147483882 2147483883 2147483884 2147483886 2147483887 2147483889 2147483898 2147483899 2147483901 2147483904 2147483905 2147483906 2147483907 2147483909 2147483910 2147483912 2147483913 2147483914 2147483916 2147483917 2147483918 2147483920 2147483921 2147483922 2147483923 2147483924 2147483931 2147483932 2147483935 2147483936 2147483937 2147483938 2147483939 2147483940 2147483941 2147483942 2147483944 2147483953 2147483954 2147483958 2147483959 2147483960 2147483961 2147483962 2147483965 2147483966 2147483967 2147483968 2147483971 2147483972 2147483973 2147483974 2147483975 2147483978 2147483979 2147483980 2147483981 2147483984 2147483985 2147483986 2147483987 2147483988 2147483991 2147483992 2147483993 2147483994 2147483997 2147483998 2147483999 2147484000 2147484001 2147484004 2147484005 2147484006 2147484007 2147484010 2147484011 2147484012 2147484013 2147484014 2147484017 2147484018 2147484019 2147484020 2147484023 2147484024 2147484025 2147484026 2147484027 2147484028 2147484029 2147484030 2147484031 2147484032 2147484033 2147484034 2147484035 2147484036 2147484037 2147484038 2147484039 2147484040 2147484041 2147484042 2147484043 2147484044 2147484045 2147484046 2147484047 2147484048 2147484049 2147484050 2147484051 2147484053 2147484054 2147484055 2147484056 2147484057 2147484058 2147484059 2147484061 2147484062 2147484063 2147484064 2147484065 2147484066 2147484070 2147484071 2147484074 2147484076 2147484078 2147484080 2147484082 2147484083 2147484084 2147484085 2147484090 2147484091 2147484093 2147484094 2147484096 2147484097 2147484099 2147484100 2147484102 2147484103 2147484105 2147484106 2147484110 2147484111 2147484113 2147484115 2147484117 2147484119 2147484121 2147484123 2147484126 2147484129 2147484130 
2147483741 2147483649 2147483653 2147483657 2147483661 2147483666 2147483670 2147483675 2147483679 2147483684 2147483688 2147483693 2147483697 2147483701 2147483711 2147483712 2147483716 2147483717 2147483735 2147483740 2147483649 2147483653 2147483657 2147483661 2147483666 2147483670 2147483675 2147483679 2147483684 2147483688 2147483693 2147483697 2147483701 2147483711 2147483712 2147483716 2147483717 2147483735 2147483740 2147483742 2147483743 2147483744 2147483746 2147483750 2147483755 2147483795 2147483797 2147483803 2147483805 2147483809 2147483811 2147483815 2147483817 2147483821 2147483843 2147483849 2147483851 2147483860 2147483862 2147483866 2147483883 2147483884 2147483901 2147483909 2147483910 2147483912 2147483913 2147483914 2147483916 2147483917 2147483918 2147483920 2147483921 2147483922 2147483932 2147483939 2147483940 2147483958 2147483959 2147483965 2147483966 2147483967 2147483968 2147483971 2147483972 2147483978 2147483979 2147483980 2147483981 2147483984 2147483985 2147483991 2147483992 2147483993 2147483994 2147483997 2147483998 2147484004 2147484005 2147484006 2147484007 2147484010 2147484011 2147484017 2147484018 2147484019 2147484020 2147484023 2147484024 2147484028 2147484032 2147484036 2147484040 2147484044 2147484048 2147484053 2147484055 2147484056 2147484057 2147484061 2147484062 2147484063 2147484064 2147484071 2147484091 2147484093 2147484096 2147484099 2147484103 2147484106 2147484111 2147484113 2147484115 2147484117 2147484119 2147484121 2147484129 57 53 49 52 54 127 128 129 130 51 133 134 131 132 50 2147483742 2147483743 2147483744 2147483746 2147483750 2147483755 2147483795 2147483797 2147483803 2147483805 2147483809 2147483811 2147483815 2147483817 2147483821 2147483843 2147483849 2147483851 2147483860 2147483862 2147483866 2147483883 2147483884 2147483901 2147483909 2147483910 2147483912 2147483913 2147483914 2147483916 2147483917 2147483918 2147483920 2147483921 2147483922 2147483932 2147483939 2147483940 2147483958 2147483959 2147483965 2147483966 2147483967 2147483968 2147483971 2147483972 2147483978 2147483979 2147483980 2147483981 2147483984 2147483985 2147483991 2147483992 2147483993 2147483994 2147483997 2147483998 2147484004 2147484005 2147484006 2147484007 2147484010 2147484011 2147484017 2147484018 2147484019 2147484020 2147484023 2147484024 2147484028 2147484032 2147484036 2147484040 2147484044 2147484048 2147484053 2147484055 2147484056 2147484057 2147484061 2147484062 2147484063 2147484064 2147484071 2147484091 2147484093 2147484096 2147484099 2147484103 2147484106 2147484111 2147484113 2147484115 2147484117 2147484119 2147484121 2147484129 
2147483742 2147483649 2147483653 2147483657 2147483661 2147483666 2147483670 2147483675 2147483679 2147483684 2147483688 2147483693 2147483697 2147483701 2147483723 2147483731 2147483735 2147483740 2147483741 2147483649 2147483653 2147483657 2147483661 2147483666 2147483670 2147483675 2147483679 2147483684 2147483688 2147483693 2147483697 2147483701 2147483723 2147483731 2147483735 2147483740 2147483741 2147483743 2147483744 2147483746 2147483750 2147483755 2147483774 2147483795 2147483797 2147483800 2147483803 2147483805 2147483809 2147483811 2147483815 2147483817 2147483821 2147483826 2147483827 2147483831 2147483833 2147483838 2147483840 2147483843 2147483846 2147483849 2147483851 2147483860 2147483862 2147483866 2147483876 2147483877 2147483883 2147483884 2147483939 2147483940 2147483958 2147483965 2147483966 2147483967 2147483968 2147483971 2147483978 2147483979 2147483980 2147483981 2147483984 2147483991 2147483992 2147483993 2147483994 2147483997 2147484004 2147484005 2147484006 2147484007 2147484010 2147484017 2147484018 2147484019 2147484020 2147484023 2147484028 2147484032 2147484036 2147484040 2147484044 2147484048 2147484053 2147484055 2147484056 2147484057 2147484061 2147484062 2147484063 2147484064 2147484071 2147484084 2147484085 2147484091 2147484093 2147484096 2147484099 2147484103 2147484106 2147484111 2147484113 2147484115 2147484117 2147484119 2147484121 2147484129 54 57 53 49 52 127 128 129 130 51 133 134 131 132 50 2147483743 2147483744 2147483746 2147483750 2147483755 2147483774 2147483795 2147483797 2147483800 2147483803 2147483805 2147483809 2147483811 2147483815 2147483817 2147483821 2147483826 2147483827 2147483831 2147483833 2147483838 2147483840 2147483843 2147483846 2147483849 2147483851 2147483860 2147483862 2147483866 2147483876 2147483877 2147483883 2147483884 2147483939 2147483940 2147483958 2147483965 2147483966 2147483967 2147483968 2147483971 2147483978 2147483979 2147483980 2147483981 2147483984 2147483991 2147483992 2147483993 2147483994 2147483997 2147484004 2147484005 2147484006 2147484007 2147484010 2147484017 2147484018 2147484019 2147484020 2147484023 2147484028 2147484032 2147484036 2147484040 2147484044 2147484048 2147484053 2147484055 2147484056 2147484057 2147484061 2147484062 2147484063 2147484064 2147484071 2147484084 2147484085 2147484091 2147484093 2147484096 2147484099 2147484103 2147484106 2147484111 2147484113 2147484115 2147484117 2147484119 2147484121 2147484129 
2147483743 2147483649 2147483653 2147483657 2147483661 2147483666 2147483670 2147483675 2147483679 2147483684 2147483688 2147483693 2147483697 2147483701 2147483735 2147483740 2147483741 2147483742 2147483649 2147483653 2147483657 2147483661 2147483666 2147483670 2147483675 2147483679 2147483684 2147483688 2147483693 2147483697 2147483701 2147483735 2147483740 2147483741 2147483742 2147483744 2147483746 2147483750 2147483755 2147483795 2147483797 2147483803 2147483805 2147483809 2147483811 2147483815 2147483817 2147483821 2147483843 2147483849 2147483851 2147483860 2147483862 2147483866 2147483883 2147483884 2147483909 2147483910 2147483912 2147483913 2147483939 2147483940 2147483958 2147483965 2147483966 2147483967 2147483968 2147483978 2147483979 2147483980 2147483981 2147483991 2147483992 2147483993 2147483994 2147484004 2147484005 2147484006 2147484007 2147484017 2147484018 2147484019 2147484020 2147484028 2147484032 2147484036 2147484040 2147484044 2147484048 2147484053 2147484061 2147484071 2147484091 2147484093 2147484096 2147484099 2147484103 2147484106 2147484111 2147484113 2147484115 2147484117 2147484119 2147484121 2147484129 52 54 49 57 53 127 128 129 130 51 133 134 131 132 50 2147483744 2147483746 2147483750 2147483755 2147483795 2147483797 2147483803 2147483805 2147483809 2147483811 2147483815 2147483817 2147483821 2147483843 2147483849 2147483851 2147483860 2147483862 2147483866 2147483883 2147483884 2147483909 2147483910 2147483912 2147483913 2147483939 2147483940 2147483958 2147483965 2147483966 2147483967 2147483968 2147483978 2147483979 2147483980 2147483981 2147483991 2147483992 2147483993 2147483994 2147484004 2147484005 2147484006 2147484007 2147484017 2147484018 2147484019 2147484020 2147484028 2147484032 2147484036 2147484040 2147484044 2147484048 2147484053 2147484061 2147484071 2147484091 2147484093 2147484096 2147484099 2147484103 2147484106 2147484111 2147484113 2147484115 2147484117 2147484119 2147484121 2147484129 
2147483744 2147483649 2147483653 2147483657 2147483661 2147483666 2147483670 2147483675 2147483679 2147483684 2147483688 2147483693 2147483697 2147483701 2147483711 2147483716 2147483735 2147483740 2147483741 2147483742 2147483743 2147483649 2147483653 2147483657 2147483661 2147483666 2147483670 2147483675 2147483679 2147483684 2147483688 2147483693 2147483697 2147483701 2147483711 2147483716 2147483735 2147483740 2147483741 2147483742 2147483743 2147483746 2147483750 2147483755 2147483795 2147483797 2147483800 2147483803 2147483805 2147483809 2147483811 2147483815 2147483817 2147483821 2147483843 2147483849 2147483851 2147483860 2147483862 2147483866 2147483869 2147483870 2147483876 2147483877 2147483883 2147483884 2147483901 2147483909 2147483910 2147483912 2147483913 2147483914 2147483916 2147483917 2147483918 2147483920 2147483921 2147483922 2147483923 2147483924 2147483932 2147483939 2147483940 2147483958 2147483965 2147483966 2147483967 2147483968 2147483971 2147483978 2147483979 2147483980 2147483981 2147483984 2147483991 2147483992 2147483993 2147483994 2147483997 2147484004 2147484005 2147484006 2147484007 2147484010 2147484017 2147484018 2147484019 2147484020 2147484023 2147484028 2147484032 2147484036 2147484040 2147484044 2147484048 2147484053 2147484055 2147484056 2147484057 2147484061 2147484062 2147484063 2147484064 2147484071 2147484091 2147484093 2147484096 2147484099 2147484103 2147484106 2147484111 2147484113 2147484115 2147484117 2147484119 2147484121 2147484129 127 52 53 57 54 49 128 129 130 51 133 134 131 132 50 2147483746 2147483750 2147483755 2147483795 2147483797 2147483800 2147483803 2147483805 2147483809 2147483811 2147483815 2147483817 2147483821 2147483843 2147483849 2147483851 2147483860 2147483862 2147483866 2147483869 2147483870 2147483876 2147483877 2147483883 2147483884 2147483901 2147483909 2147483910 2147483912 2147483913 2147483914 2147483916 2147483917 2147483918 2147483920 2147483921 2147483922 2147483923 2147483924 2147483932 2147483939 2147483940 2147483958 2147483965 2147483966 2147483967 2147483968 2147483971 2147483978 2147483979 2147483980 2147483981 2147483984 2147483991 2147483992 2147483993 2147483994 2147483997 2147484004 2147484005 2147484006 2147484007 2147484010 2147484017 2147484018 2147484019 2147484020 2147484023 2147484028 2147484032 2147484036 2147484040 2147484044 2147484048 2147484053 2147484055 2147484056 2147484057 2147484061 2147484062 2147484063 2147484064 2147484071 2147484091 2147484093 2147484096 2147484099 2147484103 2147484106 2147484111 2147484113 2147484115 2147484117 2147484119 2147484121 2147484129 
2147483746 2147483740 2147483741 2147483742 2147483743 2147483744 2147483740 2147483741 2147483742 2147483743 2147483744 49 51 133 134 131 132 
2147483750 2147483740 2147483741 2147483742 2147483743 2147483744 2147483740 2147483741 2147483742 2147483743 2147483744 2147483751 2147483752 57 49 52 54 53 127 128 129 130 51 133 134 131 132 50 2147483751 2147483752 
2147483751 2147483740 2147483750 2147483740 2147483750 2147483752 151 2147483752 
2147483752 2147483740 2147483750 2147483751 2147483740 2147483750 2147483751 49 57 53 133 50 
2147483755 2147483735 2147483740 2147483741 2147483742 2147483743 2147483744 2147483735 2147483740 2147483741 2147483742 2147483743 2147483744 151 
2147483759 2147484088 53 51 2147484088 
2147483760 49 
2147483762 2147483735 2147483740 2147483735 2147483740 2147483763 2147483767 52 54 49 133 50 2147483763 2147483767 
2147483763 2147483735 2147483740 2147483762 2147483735 2147483740 2147483762 2147483767 49 52 54 133 50 2147483767 
2147483767 2147483735 2147483740 2147483762 2147483763 2147483735 2147483740 2147483762 2147483763 49 52 54 133 50 
2147483772 2147483735 2147483740 2147483735 2147483740 53 133 50 
2147483773 2147483735 2147483740 2147483735 2147483740 49 57 53 133 50 
2147483774 2147483731 2147483740 2147483742 2147483731 2147483740 2147483742 53 57 49 52 54 127 128 129 130 51 133 134 50 
2147483780 2147484088 53 51 2147484088 
2147483781 49 
2147483783 2147483731 2147483740 2147483731 2147483740 2147483784 2147483788 52 54 49 51 133 2147483784 2147483788 
2147483784 2147483731 2147483740 2147483783 2147483731 2147483740 2147483783 2147483788 49 52 54 51 133 2147483788 
2147483788 2147483731 2147483740 2147483783 2147483784 2147483731 2147483740 2147483783 2147483784 49 52 54 51 133 
2147483793 2147483731 2147483740 2147483731 2147483740 53 51 133 
2147483794 2147483731 2147483740 2147483731 2147483740 49 57 53 51 133 
2147483795 2147483740 2147483741 2147483742 2147483743 2147483744 2147483740 2147483741 2147483742 2147483743 2147483744 2147483797 2147483798 2147483799 57 49 52 54 53 127 128 129 130 51 133 134 131 132 50 2147483797 2147483798 2147483799 
2147483797 2147483740 2147483741 2147483742 2147483743 2147483744 2147483795 2147483740 2147483741 2147483742 2147483743 2147483744 2147483795 127 52 54 57 53 51 133 134 131 132 50 
2147483798 2147483740 2147483795 2147483740 2147483795 2147483799 151 2147483799 
2147483799 2147483740 2147483795 2147483798 2147483740 2147483795 2147483798 49 57 53 133 50 
2147483800 2147483740 2147483742 2147483744 2147483740 2147483742 2147483744 2147483801 2147483802 57 49 52 54 53 127 128 129 130 51 133 134 132 2147483801 2147483802 
2147483801 2147483740 2147483800 2147483740 2147483800 2147483802 151 2147483802 
2147483802 2147483740 2147483800 2147483801 2147483740 2147483800 2147483801 49 57 53 51 133 
2147483803 2147483740 2147483741 2147483742 2147483743 2147483744 2147483740 2147483741 2147483742 2147483743 2147483744 2147483805 2147483806 2147483807 2147483808 57 49 52 54 53 127 128 129 130 51 133 134 131 132 50 2147483805 2147483806 2147483807 2147483808 
2147483805 2147483740 2147483741 2147483742 2147483743 2147483744 2147483803 2147483740 2147483741 2147483742 2147483743 2147483744 2147483803 127 52 54 57 53 51 133 134 131 132 50 
2147483806 2147483740 2147483803 2147483740 2147483803 151 
2147483807 2147483740 2147483803 2147483740 2147483803 2147483808 151 2147483808 
2147483808 2147483740 2147483803 2147483807 2147483740 2147483803 2147483807 49 57 53 133 50 
2147483809 2147483740 2147483741 2147483742 2147483743 2147483744 2147483740 2147483741 2147483742 2147483743 2147483744 2147483811 2147483812 2147483813 2147483814 57 49 52 54 53 127 128 129 130 51 133 134 131 132 50 2147483811 2147483812 2147483813 2147483814 
2147483811 2147483740 2147483741 2147483742 2147483743 2147483744 2147483809 2147483740 2147483741 2147483742 2147483743 2147483744 2147483809 127 52 54 57 53 51 133 134 131 132 50 
2147483812 2147483740 2147483809 2147483740 2147483809 151 
2147483813 2147483740 2147483809 2147483740 2147483809 2147483814 151 2147483814 
2147483814 2147483740 2147483809 2147483813 2147483740 2147483809 2147483813 49 57 53 133 50 
2147483815 2147483740 2147483741 2147483742 2147483743 2147483744 2147483740 2147483741 2147483742 2147483743 2147483744 2147483817 2147483818 2147483819 2147483820 57 49 52 54 53 127 128 129 130 51 133 134 131 132 50 2147483817 2147483818 2147483819 2147483820 
2147483817 2147483740 2147483741 2147483742 2147483743 2147483744 2147483815 2147483740 2147483741 2147483742 2147483743 2147483744 2147483815 127 52 54 57 53 51 133 134 131 132 50 
2147483818 2147483740 2147483815 2147483740 2147483815 151 
2147483819 2147483740 2147483815 2147483740 2147483815 2147483820 151 2147483820 
2147483820 2147483740 2147483815 2147483819 2147483740 2147483815 2147483819 49 57 53 133 50 
2147483821 2147483740 2147483741 2147483742 2147483743 2147483744 2147483740 2147483741 2147483742 2147483743 2147483744 2147483822 2147483823 57 49 52 54 53 127 128 129 130 51 133 134 131 132 50 2147483822 2147483823 
2147483822 2147483740 2147483821 2147483740 2147483821 2147483823 49 52 57 53 133 50 2147483823 
2147483823 2147483740 2147483821 2147483822 2147483740 2147483821 2147483822 49 52 54 57 53 133 50 
2147483826 2147483723 2147483740 2147483742 2147483723 2147483740 2147483742 49 53 51 133 134 
2147483827 2147483723 2147483740 2147483742 2147483723 2147483740 2147483742 2147484085 22 27 24 269 270 2147484085 
2147483831 2147483723 2147483740 2147483742 2147483723 2147483740 2147483742 49 53 51 133 134 
2147483833 2147483723 2147483740 2147483742 2147483723 2147483740 2147483742 49 53 51 133 134 
2147483835 2147483723 2147483740 2147483723 2147483740 2147484084 57 53 51 133 50 2147484084 
2147483836 2147483723 2147483740 2147483723 2147483740 2147484084 2147484085 2 19 5 8 253 2147484084 2147484085 
2147483838 2147483723 2147483740 2147483742 2147483723 2147483740 2147483742 49 53 51 133 134 
2147483840 2147483723 2147483740 2147483742 2147483723 2147483740 2147483742 49 53 51 133 134 
2147483842 2147483723 2147483740 2147483723 2147483740 2147484085 49 54 57 53 51 133 2147484085 
2147483843 2147483740 2147483741 2147483742 2147483743 2147483744 2147483740 2147483741 2147483742 2147483743 2147483744 2147483844 2147483845 57 49 52 54 53 127 128 129 130 51 133 134 131 132 50 2147483844 2147483845 
2147483844 2147483740 2147483843 2147483740 2147483843 2147483845 49 52 57 53 133 50 2147483845 
2147483845 2147483740 2147483843 2147483844 2147483740 2147483843 2147483844 49 52 54 57 53 133 50 
2147483846 2147483740 2147483742 2147483740 2147483742 2147483847 2147483848 57 49 52 54 53 127 128 129 130 51 133 134 2147483847 2147483848 
2147483847 2147483740 2147483846 2147483740 2147483846 2147483848 49 52 57 53 51 133 2147483848 
2147483848 2147483740 2147483846 2147483847 2147483740 2147483846 2147483847 49 52 54 57 53 51 133 
2147483849 2147483740 2147483741 2147483742 2147483743 2147483744 2147483740 2147483741 2147483742 2147483743 2147483744 2147483851 2147483852 2147483853 57 49 52 54 53 127 128 129 130 51 133 134 131 132 50 2147483851 2147483852 2147483853 
2147483851 2147483740 2147483741 2147483742 2147483743 2147483744 2147483849 2147483740 2147483741 2147483742 2147483743 2147483744 2147483849 127 52 54 57 53 51 133 134 131 132 50 
2147483852 2147483740 2147483849 2147483740 2147483849 2147483853 27 22 32 26 23 269 2147483853 
2147483853 2147483740 2147483849 2147483852 2147483740 2147483849 2147483852 49 54 57 53 133 50 
2147483854 2147483740 2147483740 2147483855 57 49 53 133 2147483855 
2147483855 2147483740 2147483854 2147483740 2147483854 49 54 57 53 133 
2147483857 2147483740 2147483740 2147483858 57 49 53 133 2147483858 
2147483858 2147483740 2147483857 2147483740 2147483857 49 54 57 53 133 
2147483860 2147483740 2147483741 2147483742 2147483743 2147483744 2147483740 2147483741 2147483742 2147483743 2147483744 2147483862 2147483864 2147484070 57 49 52 54 53 127 128 129 130 51 133 134 131 132 50 2147483862 2147483864 2147484070 
2147483862 2147483740 2147483741 2147483742 2147483743 2147483744 2147483860 2147483740 2147483741 2147483742 2147483743 2147483744 2147483860 127 52 54 57 53 51 133 134 131 132 50 
2147483864 2147483740 2147483860 2147483740 2147483860 2147484070 49 54 57 53 133 50 2147484070 
2147483866 2147483740 2147483741 2147483742 2147483743 2147483744 2147483740 2147483741 2147483742 2147483743 2147483744 2147483867 2147483868 57 49 52 54 53 127 128 129 130 51 133 134 131 132 50 2147483867 2147483868 
2147483867 2147483740 2147483866 2147483740 2147483866 2147483868 151 2147483868 
2147483868 2147483740 2147483866 2147483867 2147483740 2147483866 2147483867 49 57 53 133 50 
2147483869 2147483740 2147483744 2147483740 2147483744 2147483870 49 53 51 133 132 2147483870 
2147483870 2147483740 2147483744 2147483869 2147483740 2147483744 2147483869 2147483871 2147483873 2147483874 2147483875 57 49 52 54 53 127 128 129 130 51 133 132 2147483871 2147483873 2147483874 2147483875 
2147483871 2147483740 2147483870 2147483740 2147483870 22 24 269 
2147483873 2147483740 2147483870 2147483740 2147483870 49 51 133 
2147483874 2147483740 2147483870 2147483740 2147483870 2147483875 151 2147483875 
2147483875 2147483740 2147483870 2147483874 2147483740 2147483870 2147483874 49 57 53 51 133 
2147483876 2147483740 2147483742 2147483744 2147483740 2147483742 2147483744 2147483877 49 57 53 51 133 134 132 2147483877 
2147483877 2147483740 2147483742 2147483744 2147483876 2147483740 2147483742 2147483744 2147483876 2147483878 2147483880 2147483881 2147483882 57 49 52 54 53 127 128 129 130 51 133 134 132 2147483878 2147483880 2147483881 2147483882 
2147483878 2147483740 2147483877 2147483740 2147483877 22 24 269 
2147483880 2147483740 2147483877 2147483740 2147483877 49 51 133 
2147483881 2147483740 2147483877 2147483740 2147483877 2147483882 151 2147483882 
2147483882 2147483740 2147483877 2147483881 2147483740 2147483877 2147483881 49 57 53 51 133 
2147483883 2147483740 2147483741 2147483742 2147483743 2147483744 2147483740 2147483741 2147483742 2147483743 2147483744 49 53 51 133 134 131 132 
2147483884 2147483740 2147483741 2147483742 2147483743 2147483744 2147483740 2147483741 2147483742 2147483743 2147483744 49 52 54 57 53 51 133 134 131 132 
2147483886 2147483740 2147483740 2147483887 2147483889 57 49 54 53 133 2147483887 2147483889 
2147483887 2147483740 2147483886 2147483740 2147483886 2147483889 49 54 57 53 133 2147483889 
2147483889 2147483740 2147483886 2147483887 2147483740 2147483886 2147483887 54 49 57 53 133 
2147483892 2147483721 2147483721 2147483893 2147484088 53 49 57 51 2147483893 2147484088 
2147483893 2147483721 2147483892 2147483721 2147483892 2147484088 49 57 53 51 2147484088 
2147483896 49 
2147483898 2147483718 2147483740 2147483718 2147483740 2147483899 53 49 57 133 2147483899 
2147483899 2147483718 2147483740 2147483898 2147483718 2147483740 2147483898 49 57 53 133 
2147483901 2147483740 2147483741 2147483744 2147483740 2147483741 2147483744 49 133 131 132 
2147483904 2147483716 2147483717 2147483740 2147483716 2147483717 2147483740 49 54 57 53 51 133 
2147483905 2147483716 2147483717 2147483740 2147483716 2147483717 2147483740 49 54 53 51 133 
2147483906 2147483717 2147483740 2147483717 2147483740 2147483907 151 2147483907 
2147483907 2147483717 2147483740 2147483906 2147483717 2147483740 2147483906 49 57 53 51 133 
2147483909 2147483740 2147483741 2147483743 2147483744 2147483740 2147483741 2147483743 2147483744 2147483910 49 51 133 131 132 50 2147483910 
2147483910 2147483740 2147483741 2147483743 2147483744 2147483909 2147483740 2147483741 2147483743 2147483744 2147483909 2147483912 2147483913 2147483914 2147483916 2147483917 2147483918 49 52 54 57 53 127 128 129 130 51 133 134 131 132 50 2147483912 2147483913 2147483914 2147483916 2147483917 2147483918 
2147483912 2147483740 2147483741 2147483743 2147483744 2147483910 2147483740 2147483741 2147483743 2147483744 2147483910 2147483913 2147483914 2147483916 2147483917 49 52 53 51 133 134 131 132 50 2147483913 2147483914 2147483916 2147483917 
2147483913 2147483740 2147483741 2147483743 2147483744 2147483910 2147483912 2147483740 2147483741 2147483743 2147483744 2147483910 2147483912 2147483914 2147483916 2147483917 2147483918 53 49 52 51 133 134 131 132 50 2147483914 2147483916 2147483917 2147483918 
2147483914 2147483740 2147483741 2147483744 2147483910 2147483912 2147483913 2147483740 2147483741 2147483744 2147483910 2147483912 2147483913 49 52 53 133 131 132 50 
2147483916 2147483740 2147483741 2147483744 2147483910 2147483912 2147483913 2147483740 2147483741 2147483744 2147483910 2147483912 2147483913 2147483917 2147483918 49 52 54 57 53 127 128 129 130 51 133 134 131 132 50 2147483917 2147483918 
2147483917 2147483740 2147483741 2147483744 2147483910 2147483912 2147483913 2147483916 2147483740 2147483741 2147483744 2147483910 2147483912 2147483913 2147483916 2147483918 2147483920 53 49 52 54 57 127 128 129 130 51 133 134 131 132 50 2147483918 2147483920 
2147483918 2147483740 2147483741 2147483744 2147483910 2147483913 2147483916 2147483917 2147483740 2147483741 2147483744 2147483910 2147483913 2147483916 2147483917 49 53 51 133 134 131 132 50 
2147483920 2147483740 2147483741 2147483744 2147483917 2147483740 2147483741 2147483744 2147483917 49 53 51 133 131 132 
2147483921 2147483740 2147483741 2147483744 2147483740 2147483741 2147483744 2147483922 49 57 53 51 133 131 132 2147483922 
2147483922 2147483740 2147483741 2147483744 2147483921 2147483740 2147483741 2147483744 2147483921 2147483923 2147483924 53 54 49 52 57 127 128 129 130 51 133 131 132 2147483923 2147483924 
2147483923 2147483740 2147483744 2147483922 2147483740 2147483744 2147483922 2147483924 52 49 54 57 53 51 133 132 2147483924 
2147483924 2147483740 2147483744 2147483922 2147483923 2147483740 2147483744 2147483922 2147483923 49 52 54 57 53 51 133 132 
2147483928 2147484088 53 51 2147484088 
2147483929 49 
2147483931 2147483740 2147483740 53 133 
2147483932 2147483740 2147483741 2147483744 2147483740 2147483741 2147483744 49 133 131 132 
2147483935 2147483711 2147483712 2147483740 2147483711 2147483712 2147483740 49 54 57 53 51 133 
2147483936 2147483711 2147483712 2147483740 2147483711 2147483712 2147483740 49 54 53 51 133 
2147483937 2147483712 2147483740 2147483712 2147483740 2147483938 49 52 57 53 51 133 2147483938 
2147483938 2147483712 2147483740 2147483937 2147483712 2147483740 2147483937 49 52 54 57 53 51 133 
2147483939 2147483740 2147483741 2147483742 2147483743 2147483744 2147483740 2147483741 2147483742 2147483743 2147483744 49 53 51 133 134 131 132 
2147483940 2147483740 2147483741 2147483742 2147483743 2147483744 2147483740 2147483741 2147483742 2147483743 2147483744 49 52 54 57 53 51 133 134 131 132 
2147483941 2147483740 2147483740 2147483942 2147483944 57 49 54 53 133 2147483942 2147483944 
2147483942 2147483740 2147483941 2147483740 2147483941 2147483944 49 54 57 53 133 2147483944 
2147483944 2147483740 2147483941 2147483942 2147483740 2147483941 2147483942 54 49 57 53 133 
2147483947 2147483709 2147483709 2147483948 2147484088 53 49 57 51 2147483948 2147484088 
2147483948 2147483709 2147483947 2147483709 2147483947 2147484088 49 57 53 51 2147484088 
2147483951 49 
2147483953 2147483706 2147483740 2147483706 2147483740 2147483954 53 49 57 133 2147483954 
2147483954 2147483706 2147483740 2147483953 2147483706 2147483740 2147483953 49 57 53 133 
2147483958 2147483701 2147483740 2147483741 2147483742 2147483743 2147483744 2147483701 2147483740 2147483741 2147483742 2147483743 2147483744 127 52 54 57 53 51 133 134 131 132 50 
2147483959 2147483701 2147483740 2147483741 2147483701 2147483740 2147483741 2147483960 49 52 133 131 50 2147483960 
2147483960 2147483701 2147483740 2147483959 2147483701 2147483740 2147483959 49 52 133 50 
2147483961 2147483701 2147483740 2147483701 2147483740 2147483962 151 2147483962 
2147483962 2147483701 2147483740 2147483961 2147483701 2147483740 2147483961 49 57 53 133 50 
2147483965 2147483693 2147483740 2147483741 2147483742 2147483743 2147483744 2147483693 2147483740 2147483741 2147483742 2147483743 2147483744 127 52 54 57 53 51 133 134 131 132 50 
2147483966 2147483693 2147483740 2147483741 2147483742 2147483743 2147483744 2147483693 2147483740 2147483741 2147483742 2147483743 2147483744 2147483967 49 52 51 133 134 131 132 50 2147483967 
2147483967 2147483693 2147483740 2147483741 2147483742 2147483743 2147483744 2147483966 2147483693 2147483740 2147483741 2147483742 2147483743 2147483744 2147483966 49 52 51 133 134 131 132 50 
2147483968 2147483693 2147483697 2147483740 2147483741 2147483742 2147483743 2147483744 2147483693 2147483697 2147483740 2147483741 2147483742 2147483743 2147483744 2147484121 49 54 51 133 134 131 132 50 2147484121 
2147483971 2147483697 2147483740 2147483741 2147483742 2147483744 2147483697 2147483740 2147483741 2147483742 2147483744 2147484121 127 52 54 57 53 133 134 131 132 2147484121 
2147483972 2147483740 2147483741 2147483740 2147483741 2147483973 2147484121 49 52 133 131 2147483973 2147484121 
2147483973 2147483740 2147483972 2147483740 2147483972 2147484121 49 52 133 2147484121 
2147483974 2147483740 2147483740 2147483975 2147484102 151 2147483975 2147484102 
2147483975 2147483740 2147483974 2147483740 2147483974 2147484102 49 57 53 133 2147484102 
2147483978 2147483684 2147483740 2147483741 2147483742 2147483743 2147483744 2147483684 2147483740 2147483741 2147483742 2147483743 2147483744 127 52 54 57 53 51 133 134 131 132 50 
2147483979 2147483684 2147483740 2147483741 2147483742 2147483743 2147483744 2147483684 2147483740 2147483741 2147483742 2147483743 2147483744 2147483980 49 52 51 133 134 131 132 50 2147483980 
2147483980 2147483684 2147483740 2147483741 2147483742 2147483743 2147483744 2147483979 2147483684 2147483740 2147483741 2147483742 2147483743 2147483744 2147483979 49 52 51 133 134 131 132 50 
2147483981 2147483684 2147483688 2147483740 2147483741 2147483742 2147483743 2147483744 2147483684 2147483688 2147483740 2147483741 2147483742 2147483743 2147483744 2147484119 49 54 51 133 134 131 132 50 2147484119 
2147483984 2147483688 2147483740 2147483741 2147483742 2147483744 2147483688 2147483740 2147483741 2147483742 2147483744 2147484119 127 52 54 57 53 133 134 131 132 2147484119 
2147483985 2147483740 2147483741 2147483740 2147483741 2147483986 2147484119 49 52 133 131 2147483986 2147484119 
2147483986 2147483740 2147483985 2147483740 2147483985 2147484119 49 52 133 2147484119 
2147483987 2147483740 2147483740 2147483988 2147484100 151 2147483988 2147484100 
2147483988 2147483740 2147483987 2147483740 2147483987 2147484100 49 57 53 133 2147484100 
2147483991 2147483675 2147483740 2147483741 2147483742 2147483743 2147483744 2147483675 2147483740 2147483741 2147483742 2147483743 2147483744 127 52 54 57 53 51 133 134 131 132 50 
2147483992 2147483675 2147483740 2147483741 2147483742 2147483743 2147483744 2147483675 2147483740 2147483741 2147483742 2147483743 2147483744 2147483993 49 52 51 133 134 131 132 50 2147483993 
2147483993 2147483675 2147483740 2147483741 2147483742 2147483743 2147483744 2147483992 2147483675 2147483740 2147483741 2147483742 2147483743 2147483744 2147483992 49 52 51 133 134 131 132 50 
2147483994 2147483675 2147483679 2147483740 2147483741 2147483742 2147483743 2147483744 2147483675 2147483679 2147483740 2147483741 2147483742 2147483743 2147483744 2147484117 49 54 51 133 134 131 132 50 2147484117 
2147483997 2147483679 2147483740 2147483741 2147483742 2147483744 2147483679 2147483740 2147483741 2147483742 2147483744 2147484117 127 52 54 57 53 133 134 131 132 2147484117 
2147483998 2147483740 2147483741 2147483740 2147483741 2147483999 2147484117 49 52 133 131 2147483999 2147484117 
2147483999 2147483740 2147483998 2147483740 2147483998 2147484117 49 52 133 2147484117 
2147484000 2147483740 2147483740 2147484001 2147484097 151 2147484001 2147484097 
2147484001 2147483740 2147484000 2147483740 2147484000 2147484097 49 57 53 133 2147484097 
2147484004 2147483666 2147483740 2147483741 2147483742 2147483743 2147483744 2147483666 2147483740 2147483741 2147483742 2147483743 2147483744 127 52 54 57 53 51 133 134 131 132 50 
2147484005 2147483666 2147483740 2147483741 2147483742 2147483743 2147483744 2147483666 2147483740 2147483741 2147483742 2147483743 2147483744 2147484006 49 52 51 133 134 131 132 50 2147484006 
2147484006 2147483666 2147483740 2147483741 2147483742 2147483743 2147483744 2147484005 2147483666 2147483740 2147483741 2147483742 2147483743 2147483744 2147484005 49 52 51 133 134 131 132 50 
2147484007 2147483666 2147483670 2147483740 2147483741 2147483742 2147483743 2147483744 2147483666 2147483670 2147483740 2147483741 2147483742 2147483743 2147483744 2147484115 49 54 51 133 134 131 132 50 2147484115 
2147484010 2147483670 2147483740 2147483741 2147483742 2147483744 2147483670 2147483740 2147483741 2147483742 2147483744 2147484115 127 52 54 57 53 133 134 131 132 2147484115 
2147484011 2147483740 2147483741 2147483740 2147483741 2147484012 2147484115 49 52 133 131 2147484012 2147484115 
2147484012 2147483740 2147484011 2147483740 2147484011 2147484115 49 52 133 2147484115 
2147484013 2147483740 2147483740 2147484014 2147484094 151 2147484014 2147484094 
2147484014 2147483740 2147484013 2147483740 2147484013 2147484094 49 57 53 133 2147484094 
2147484017 2147483657 2147483740 2147483741 2147483742 2147483743 2147483744 2147483657 2147483740 2147483741 2147483742 2147483743 2147483744 127 52 54 57 53 51 133 134 131 132 50 
2147484018 2147483657 2147483740 2147483741 2147483742 2147483743 2147483744 2147483657 2147483740 2147483741 2147483742 2147483743 2147483744 2147484019 49 52 51 133 134 131 132 50 2147484019 
2147484019 2147483657 2147483740 2147483741 2147483742 2147483743 2147483744 2147484018 2147483657 2147483740 2147483741 2147483742 2147483743 2147483744 2147484018 49 52 51 133 134 131 132 50 
2147484020 2147483657 2147483661 2147483740 2147483741 2147483742 2147483743 2147483744 2147483657 2147483661 2147483740 2147483741 2147483742 2147483743 2147483744 2147484113 49 54 51 133 134 131 132 50 2147484113 
2147484023 2147483661 2147483740 2147483741 2147483742 2147483744 2147483661 2147483740 2147483741 2147483742 2147483744 2147484113 127 52 54 57 53 133 134 131 132 2147484113 
2147484024 2147483740 2147483741 2147483740 2147483741 2147484025 2147484113 49 52 133 131 2147484025 2147484113 
2147484025 2147483740 2147484024 2147483740 2147484024 2147484113 49 52 133 2147484113 
2147484026 2147483740 2147483740 2147484027 2147484090 151 2147484027 2147484090 
2147484027 2147483740 2147484026 2147483740 2147484026 2147484090 49 57 53 133 2147484090 
2147484028 2147483740 2147483741 2147483742 2147483743 2147483744 2147483740 2147483741 2147483742 2147483743 2147483744 2147484029 2147484030 2147484031 57 49 52 54 53 127 128 129 130 51 133 134 131 132 50 2147484029 2147484030 2147484031 
2147484029 2147483740 2147484028 2147483740 2147484028 2147484030 2 11 8 253 2147484030 
2147484030 2147483740 2147484028 2147484029 2147483740 2147484028 2147484029 2147484031 49 52 54 57 53 133 50 2147484031 
2147484031 2147483740 2147484028 2147484030 2147483740 2147484028 2147484030 27 25 32 26 23 269 
2147484032 2147483740 2147483741 2147483742 2147483743 2147483744 2147483740 2147483741 2147483742 2147483743 2147483744 2147484033 2147484034 2147484035 57 49 52 54 53 127 128 129 130 51 133 134 131 132 50 2147484033 2147484034 2147484035 
2147484033 2147483740 2147484032 2147483740 2147484032 2147484034 2 11 8 253 2147484034 
2147484034 2147483740 2147484032 2147484033 2147483740 2147484032 2147484033 2147484035 49 52 54 57 53 133 50 2147484035 
2147484035 2147483740 2147484032 2147484034 2147483740 2147484032 2147484034 27 25 32 26 23 269 
2147484036 2147483740 2147483741 2147483742 2147483743 2147483744 2147483740 2147483741 2147483742 2147483743 2147483744 2147484037 2147484038 2147484039 57 49 52 54 53 127 128 129 130 51 133 134 131 132 50 2147484037 2147484038 2147484039 
2147484037 2147483740 2147484036 2147483740 2147484036 2147484038 2 11 8 253 2147484038 
2147484038 2147483740 2147484036 2147484037 2147483740 2147484036 2147484037 2147484039 49 52 54 57 53 133 50 2147484039 
2147484039 2147483740 2147484036 2147484038 2147483740 2147484036 2147484038 27 25 32 26 23 269 
2147484040 2147483740 2147483741 2147483742 2147483743 2147483744 2147483740 2147483741 2147483742 2147483743 2147483744 2147484041 2147484042 2147484043 57 49 52 54 53 127 128 129 130 51 133 134 131 132 50 2147484041 2147484042 2147484043 
2147484041 2147483740 2147484040 2147483740 2147484040 2147484042 2 11 8 253 2147484042 
2147484042 2147483740 2147484040 2147484041 2147483740 2147484040 2147484041 2147484043 49 52 54 57 53 133 50 2147484043 
2147484043 2147483740 2147484040 2147484042 2147483740 2147484040 2147484042 27 25 32 26 23 269 
2147484044 2147483740 2147483741 2147483742 2147483743 2147483744 2147483740 2147483741 2147483742 2147483743 2147483744 2147484045 2147484046 2147484047 57 49 52 54 53 127 128 129 130 51 133 134 131 132 50 2147484045 2147484046 2147484047 
2147484045 2147483740 2147484044 2147483740 2147484044 2147484046 2 11 8 253 2147484046 
2147484046 2147483740 2147484044 2147484045 2147483740 2147484044 2147484045 2147484047 49 52 54 57 53 133 50 2147484047 
2147484047 2147483740 2147484044 2147484046 2147483740 2147484044 2147484046 27 25 32 26 23 269 
2147484048 2147483740 2147483741 2147483742 2147483743 2147483744 2147483740 2147483741 2147483742 2147483743 2147483744 2147484049 2147484050 2147484051 57 49 52 54 53 127 128 129 130 51 133 134 131 132 50 2147484049 2147484050 2147484051 
2147484049 2147483740 2147484048 2147483740 2147484048 2147484050 2 11 8 253 2147484050 
2147484050 2147483740 2147484048 2147484049 2147483740 2147484048 2147484049 2147484051 49 52 54 57 53 133 50 2147484051 
2147484051 2147483740 2147484048 2147484050 2147483740 2147484048 2147484050 27 25 32 26 23 269 
2147484053 2147483653 2147483740 2147483741 2147483742 2147483743 2147483744 2147483653 2147483740 2147483741 2147483742 2147483743 2147483744 127 52 54 57 53 51 133 134 131 132 50 
2147484054 2147483740 2147483740 2147484058 2147484105 22 25 32 269 2147484058 2147484105 
2147484055 2147483653 2147483740 2147483741 2147483742 2147483744 2147483653 2147483740 2147483741 2147483742 2147483744 49 133 134 131 132 50 
2147484056 2147483740 2147483741 2147483742 2147483744 2147483740 2147483741 2147483742 2147483744 2147484057 54 57 53 127 133 134 131 132 2147484057 
2147484057 2147483740 2147483741 2147483742 2147483744 2147484056 2147483740 2147483741 2147483742 2147483744 2147484056 127 52 54 57 53 133 134 131 132 
2147484058 2147483740 2147484054 2147483740 2147484054 2147484059 2147484105 49 52 54 57 53 133 2147484059 2147484105 
2147484059 2147483740 2147484058 2147483740 2147484058 2147484105 27 25 32 26 269 2147484105 
2147484061 2147483649 2147483740 2147483741 2147483742 2147483743 2147483744 2147483649 2147483740 2147483741 2147483742 2147483743 2147483744 127 52 54 57 53 51 133 134 131 132 50 
2147484062 2147483649 2147483740 2147483741 2147483742 2147483744 2147483649 2147483740 2147483741 2147483742 2147483744 49 133 134 131 132 50 
2147484063 2147483740 2147483741 2147483742 2147483744 2147483740 2147483741 2147483742 2147483744 2147484064 54 57 53 127 133 134 131 132 2147484064 
2147484064 2147483740 2147483741 2147483742 2147483744 2147484063 2147483740 2147483741 2147483742 2147483744 2147484063 127 52 54 57 53 133 134 131 132 
2147484065 2147483740 2147483740 2147484066 2147484071 2147484110 49 52 54 57 53 133 2147484066 2147484071 2147484110 
2147484066 2147483740 2147484065 2147483740 2147484065 2147484110 27 25 32 26 269 2147484110 
2147484070 2147483740 2147483860 2147483864 2147483740 2147483860 2147483864 27 22 32 26 23 269 
2147484071 2147483649 2147483740 2147483741 2147483742 2147483743 2147483744 2147484065 2147483649 2147483740 2147483741 2147483742 2147483743 2147483744 2147484065 2147484110 2 11 61 5 8 253 254 251 252 2147484110 
2147484074 2147483740 2147483740 2147484113 152 151 2147484113 
2147484076 2147483740 2147483740 2147484115 152 151 2147484115 
2147484078 2147483740 2147483740 2147484117 152 151 2147484117 
2147484080 2147483740 2147483740 2147484119 152 151 2147484119 
2147484082 2147483740 2147483740 2147484121 152 151 2147484121 
2147484083 2147483701 2147483740 2147483701 2147483740 151 
2147484084 2147483723 2147483740 2147483742 2147483835 2147483836 2147483723 2147483740 2147483742 2147483835 2147483836 2147484085 49 53 52 54 57 127 128 129 130 51 133 134 50 2147484085 
2147484085 2147483723 2147483740 2147483742 2147483827 2147483836 2147483842 2147484084 2147483723 2147483740 2147483742 2147483827 2147483836 2147483842 2147484084 54 49 57 53 51 133 134 50 
2147484088 2147483709 2147483721 2147483759 2147483780 2147483892 2147483893 2147483928 2147483947 2147483948 2147483709 2147483721 2147483759 2147483780 2147483892 2147483893 2147483928 2147483947 2147483948 49 53 52 54 57 127 128 129 130 51 
2147484090 2147483740 2147484026 2147484027 2147483740 2147484026 2147484027 57 49 53 133 
2147484091 2147483740 2147483741 2147483742 2147483743 2147483744 2147483740 2147483741 2147483742 2147483743 2147483744 49 51 133 134 131 132 
2147484093 2147483666 2147483740 2147483741 2147483742 2147483743 2147483744 2147483666 2147483740 2147483741 2147483742 2147483743 2147483744 49 51 133 134 131 132 50 
2147484094 2147483740 2147484013 2147484014 2147483740 2147484013 2147484014 57 49 53 133 
2147484096 2147483675 2147483740 2147483741 2147483742 2147483743 2147483744 2147483675 2147483740 2147483741 2147483742 2147483743 2147483744 49 51 133 134 131 132 50 
2147484097 2147483740 2147484000 2147484001 2147483740 2147484000 2147484001 57 49 53 133 
2147484099 2147483684 2147483740 2147483741 2147483742 2147483743 2147483744 2147483684 2147483740 2147483741 2147483742 2147483743 2147483744 49 51 133 134 131 132 50 
2147484100 2147483740 2147483987 2147483988 2147483740 2147483987 2147483988 57 49 53 133 
2147484102 2147483740 2147483974 2147483975 2147483740 2147483974 2147483975 57 49 53 133 
2147484103 2147483740 2147483741 2147483742 2147483743 2147483744 2147483740 2147483741 2147483742 2147483743 2147483744 49 51 133 134 131 132 
2147484105 2147483740 2147484054 2147484058 2147484059 2147483740 2147484054 2147484058 2147484059 57 49 52 54 53 133 
2147484106 2147483740 2147483741 2147483742 2147483743 2147483744 2147483740 2147483741 2147483742 2147483743 2147483744 49 51 133 134 131 132 
2147484110 2147483740 2147484065 2147484066 2147484071 2147483740 2147484065 2147484066 2147484071 57 49 52 54 53 133 
2147484111 2147483740 2147483741 2147483742 2147483743 2147483744 2147483740 2147483741 2147483742 2147483743 2147483744 49 51 133 134 131 132 
2147484113 2147483657 2147483661 2147483740 2147483741 2147483742 2147483743 2147483744 2147484020 2147484023 2147484024 2147484025 2147484074 2147483657 2147483661 2147483740 2147483741 2147483742 2147483743 2147483744 2147484020 2147484023 2147484024 2147484025 2147484074 151 152 
2147484115 2147483666 2147483670 2147483740 2147483741 2147483742 2147483743 2147483744 2147484007 2147484010 2147484011 2147484012 2147484076 2147483666 2147483670 2147483740 2147483741 2147483742 2147483743 2147483744 2147484007 2147484010 2147484011 2147484012 2147484076 151 152 
2147484117 2147483675 2147483679 2147483740 2147483741 2147483742 2147483743 2147483744 2147483994 2147483997 2147483998 2147483999 2147484078 2147483675 2147483679 2147483740 2147483741 2147483742 2147483743 2147483744 2147483994 2147483997 2147483998 2147483999 2147484078 151 152 
2147484119 2147483684 2147483688 2147483740 2147483741 2147483742 2147483743 2147483744 2147483981 2147483984 2147483985 2147483986 2147484080 2147483684 2147483688 2147483740 2147483741 2147483742 2147483743 2147483744 2147483981 2147483984 2147483985 2147483986 2147484080 151 152 
2147484121 2147483693 2147483697 2147483740 2147483741 2147483742 2147483743 2147483744 2147483968 2147483971 2147483972 2147483973 2147484082 2147483693 2147483697 2147483740 2147483741 2147483742 2147483743 2147483744 2147483968 2147483971 2147483972 2147483973 2147484082 151 152 
2147484123 2147483731 2147483740 2147483731 2147483740 151 
2147484126 2147483735 2147483740 2147483735 2147483740 151 
2147484129 2147483735 2147483740 2147483741 2147483742 2147483743 2147483744 2147483735 2147483740 2147483741 2147483742 2147483743 2147483744 53 51 133 134 131 132 50 
2147484130 2147483735 2147483740 2147483735 2147483740 127 52 54 57 53 133 50 
