2 2147483706 2147483725 2147483762 
3 2147483694 
5 2147483706 2147483725 2147483762 
6 2147483694 
8 2147483706 
9 2147483694 
11 
13 2147483694 
16 
18 
19 
21 
22 2147483713 
23 2147483713 2147483721 
24 2147483713 2147483721 
25 
26 2147483721 
27 2147483721 
32 2147483721 
49 2147483652 2147483657 2147483658 2147483661 2147483663 2147483664 2147483670 2147483671 2147483673 2147483674 2147483675 2147483683 2147483684 2147483685 2147483697 2147483703 2147483710 2147483717 2147483718 2147483729 2147483732 2147483735 2147483742 2147483752 2147483757 2147483760 2147483763 2147483767 2147483770 2147483773 2147483776 2147483779 2147483781 2147483787 2147483791 2147483793 2147483794 2147483795 2147483796 2147483797 2147483799 2147483800 2147483801 2147483802 2147483803 2147483804 2147483805 
50 2147483652 2147483657 2147483658 2147483663 2147483664 2147483670 2147483673 2147483683 2147483684 2147483685 2147483697 2147483703 2147483710 2147483717 2147483718 2147483729 2147483752 2147483767 2147483770 2147483787 2147483793 2147483794 2147483796 2147483797 2147483799 
51 2147483652 2147483657 2147483658 2147483663 2147483664 2147483670 2147483673 2147483674 2147483675 2147483683 2147483684 2147483685 2147483697 2147483703 2147483710 2147483717 2147483718 2147483729 2147483735 2147483752 2147483757 2147483760 2147483763 2147483767 2147483770 2147483773 2147483779 2147483781 2147483787 2147483791 2147483793 2147483794 2147483795 2147483796 2147483797 2147483799 2147483805 
52 2147483652 2147483657 2147483663 2147483671 2147483674 2147483675 2147483683 2147483684 2147483685 2147483710 2147483717 2147483718 2147483729 2147483752 2147483767 2147483770 2147483787 2147483791 2147483793 2147483794 2147483796 2147483797 2147483799 2147483800 2147483803 2147483805 
53 2147483657 2147483658 2147483663 2147483664 2147483670 2147483673 2147483674 2147483683 2147483684 2147483685 2147483697 2147483703 2147483710 2147483729 2147483732 2147483735 2147483742 2147483752 2147483757 2147483760 2147483763 2147483767 2147483770 2147483773 2147483779 2147483781 2147483791 2147483793 2147483794 2147483795 2147483796 2147483797 2147483799 
54 2147483657 2147483663 2147483674 2147483683 2147483684 2147483685 2147483710 2147483729 2147483752 2147483767 2147483770 2147483791 2147483793 2147483794 2147483796 2147483797 2147483799 
57 2147483657 2147483663 2147483674 2147483683 2147483684 2147483685 2147483703 2147483710 2147483729 2147483732 2147483735 2147483742 2147483752 2147483757 2147483760 2147483767 2147483770 2147483773 2147483779 2147483781 2147483791 2147483793 2147483794 2147483795 2147483796 2147483797 2147483799 
59 
61 
127 2147483657 2147483663 2147483674 2147483683 2147483684 2147483685 2147483770 2147483791 2147483793 2147483794 2147483796 2147483797 2147483799 
128 2147483657 2147483663 2147483674 2147483683 2147483684 2147483685 2147483770 2147483791 2147483793 2147483794 2147483796 2147483797 2147483799 
129 2147483657 2147483663 2147483674 2147483683 2147483684 2147483685 2147483770 2147483791 2147483793 2147483794 2147483796 2147483797 2147483799 
130 2147483657 2147483663 2147483674 2147483683 2147483684 2147483685 2147483770 2147483791 2147483793 2147483794 2147483796 2147483797 2147483799 
131 2147483652 2147483661 2147483663 2147483664 2147483670 2147483671 2147483673 2147483674 2147483675 2147483683 2147483684 2147483685 2147483703 2147483710 2147483717 2147483718 2147483729 2147483732 2147483735 2147483742 2147483752 2147483760 2147483770 2147483781 2147483787 2147483793 2147483794 2147483796 2147483797 2147483799 2147483800 2147483801 2147483802 2147483803 2147483804 2147483805 
132 2147483652 2147483657 2147483658 2147483663 2147483664 2147483670 2147483671 2147483673 2147483674 2147483675 2147483683 2147483684 2147483685 2147483697 2147483703 2147483710 2147483717 2147483718 2147483729 2147483732 2147483735 2147483742 2147483752 2147483757 2147483760 2147483763 2147483767 2147483770 2147483773 2147483779 2147483781 2147483787 2147483791 2147483793 2147483794 2147483795 2147483796 2147483797 2147483799 2147483800 2147483801 2147483802 2147483803 2147483804 2147483805 
133 2147483652 2147483657 2147483658 2147483663 2147483683 2147483684 2147483685 2147483697 2147483703 2147483717 2147483718 2147483767 2147483770 2147483773 2147483779 2147483791 2147483793 2147483794 2147483796 2147483797 2147483799 
134 2147483652 2147483663 2147483683 2147483684 2147483685 2147483697 2147483703 2147483717 2147483718 2147483732 2147483742 2147483787 2147483793 2147483794 2147483796 2147483797 2147483799 
247 
248 
249 
250 
251 2147483706 2147483725 2147483762 
252 2147483706 2147483725 2147483762 
253 2147483706 
254 2147483706 2147483725 
263 
264 
265 
266 
267 2147483713 2147483721 
268 2147483713 2147483721 
269 2147483713 2147483721 
270 2147483713 2147483721 
271 
272 
273 
274 
275 2147483694 
276 2147483694 
277 2147483694 
278 2147483694 
2147483652 2147483683 2147483684 2147483685 2147483694 2147483787 2147483793 2147483794 2147483799 49 52 51 133 134 131 132 50 2147483683 2147483684 2147483685 2147483694 2147483787 2147483793 2147483794 2147483799 
2147483657 2147483658 2147483683 2147483684 2147483767 2147483770 2147483773 2147483779 2147483791 57 49 53 52 54 127 128 129 130 51 133 132 50 2147483658 2147483683 2147483684 2147483767 2147483770 2147483773 2147483779 2147483791 
2147483658 2147483657 2147483657 2147483683 2147483767 2147483770 49 53 51 133 132 50 2147483683 2147483767 2147483770 
2147483661 2147483799 49 131 2147483799 
2147483663 2147483683 2147483684 2147483706 2147483713 2147483717 2147483718 2147483721 2147483725 2147483732 2147483742 2147483793 2147483794 2147483796 49 57 52 54 53 127 128 129 130 51 133 134 131 132 50 2147483683 2147483684 2147483706 2147483713 2147483717 2147483718 2147483721 2147483725 2147483732 2147483742 2147483793 2147483794 2147483796 
2147483664 2147483683 2147483752 2147483770 2147483796 49 53 51 131 132 50 2147483683 2147483752 2147483770 2147483796 
2147483670 2147483683 2147483710 2147483770 2147483796 49 53 51 131 132 50 2147483683 2147483710 2147483770 2147483796 
2147483671 2147483683 2147483796 2147483800 49 52 131 132 2147483683 2147483796 2147483800 
2147483673 2147483683 2147483729 2147483770 2147483796 49 53 51 131 132 50 2147483683 2147483729 2147483770 2147483796 
2147483674 2147483675 2147483683 2147483735 2147483796 2147483805 49 52 54 57 53 127 128 129 130 51 131 132 2147483675 2147483683 2147483735 2147483796 2147483805 
2147483675 2147483674 2147483674 2147483683 2147483796 2147483803 2147483805 49 52 51 131 132 2147483683 2147483796 2147483803 2147483805 
2147483683 2147483652 2147483657 2147483658 2147483663 2147483664 2147483670 2147483671 2147483673 2147483674 2147483675 2147483652 2147483657 2147483658 2147483663 2147483664 2147483670 2147483671 2147483673 2147483674 2147483675 2147483684 2147483685 2147483694 2147483697 2147483703 2147483706 2147483710 2147483713 2147483717 2147483718 2147483721 2147483725 2147483729 2147483732 2147483735 2147483742 2147483752 2147483757 2147483760 2147483762 2147483763 2147483767 2147483770 2147483773 2147483779 2147483781 2147483787 2147483791 2147483793 2147483794 2147483795 2147483796 2147483797 2147483799 2147483800 2147483801 2147483802 2147483803 2147483804 2147483805 53 57 49 52 54 127 128 129 130 51 133 134 131 132 50 2147483684 2147483685 2147483694 2147483697 2147483703 2147483706 2147483710 2147483713 2147483717 2147483718 2147483721 2147483725 2147483729 2147483732 2147483735 2147483742 2147483752 2147483757 2147483760 2147483762 2147483763 2147483767 2147483770 2147483773 2147483779 2147483781 2147483787 2147483791 2147483793 2147483794 2147483795 2147483796 2147483797 2147483799 2147483800 2147483801 2147483802 2147483803 2147483804 2147483805 
2147483684 2147483652 2147483657 2147483663 2147483683 2147483652 2147483657 2147483663 2147483683 2147483685 2147483694 2147483697 2147483703 2147483706 2147483713 2147483717 2147483718 2147483721 2147483725 2147483762 2147483763 2147483781 2147483787 2147483793 2147483794 2147483796 2147483797 2147483799 54 57 53 49 52 127 128 129 130 51 133 134 131 132 50 2147483685 2147483694 2147483697 2147483703 2147483706 2147483713 2147483717 2147483718 2147483721 2147483725 2147483762 2147483763 2147483781 2147483787 2147483793 2147483794 2147483796 2147483797 2147483799 
2147483685 2147483652 2147483683 2147483684 2147483652 2147483683 2147483684 2147483694 2147483697 2147483703 2147483787 2147483793 2147483794 2147483797 2147483799 52 53 49 54 57 127 128 129 130 51 133 134 131 132 50 2147483694 2147483697 2147483703 2147483787 2147483793 2147483794 2147483797 2147483799 
2147483694 2147483652 2147483683 2147483684 2147483685 2147483652 2147483683 2147483684 2147483685 2147483793 2147483794 2147483799 3 13 9 6 277 278 275 276 2147483793 2147483794 2147483799 
2147483697 2147483683 2147483684 2147483685 2147483683 2147483684 2147483685 2147483793 2147483794 49 53 51 133 134 132 50 2147483793 2147483794 
2147483703 2147483683 2147483684 2147483685 2147483683 2147483684 2147483685 2147483793 2147483794 2147483796 2147483797 49 57 53 51 133 134 131 132 50 2147483793 2147483794 2147483796 2147483797 
2147483706 2147483663 2147483683 2147483684 2147483663 2147483683 2147483684 2147483793 2147483794 2147483796 2 5 8 253 254 251 252 2147483793 2147483794 2147483796 
2147483710 2147483670 2147483683 2147483670 2147483683 2147483770 2147483796 49 52 54 57 53 51 131 132 50 2147483770 2147483796 
2147483713 2147483663 2147483683 2147483684 2147483663 2147483683 2147483684 2147483793 2147483794 2147483796 22 24 23 269 270 267 268 2147483793 2147483794 2147483796 
2147483717 2147483663 2147483683 2147483684 2147483663 2147483683 2147483684 2147483718 2147483793 2147483794 2147483796 133 49 52 51 134 131 132 50 2147483718 2147483793 2147483794 2147483796 
2147483718 2147483663 2147483683 2147483684 2147483717 2147483663 2147483683 2147483684 2147483717 2147483793 2147483794 2147483796 49 52 51 133 134 131 132 50 2147483793 2147483794 2147483796 
2147483721 2147483663 2147483683 2147483684 2147483663 2147483683 2147483684 2147483793 2147483794 2147483796 27 32 26 24 23 269 270 267 268 2147483793 2147483794 2147483796 
2147483725 2147483663 2147483683 2147483684 2147483663 2147483683 2147483684 2147483796 2 5 254 251 252 2147483796 
2147483729 2147483673 2147483683 2147483673 2147483683 2147483770 2147483796 49 52 54 57 53 51 131 132 50 2147483770 2147483796 
2147483732 2147483663 2147483683 2147483663 2147483683 2147483796 49 57 53 134 131 132 2147483796 
2147483735 2147483674 2147483683 2147483674 2147483683 2147483796 49 57 53 51 131 132 2147483796 
2147483742 2147483663 2147483683 2147483663 2147483683 2147483796 49 57 53 134 131 132 2147483796 
2147483752 2147483664 2147483683 2147483664 2147483683 2147483770 2147483796 49 52 54 57 53 51 131 132 50 2147483770 2147483796 
2147483757 2147483683 2147483683 2147483791 2147483795 49 57 53 51 132 2147483791 2147483795 
2147483760 2147483683 2147483683 2147483770 2147483796 49 57 53 51 131 132 2147483770 2147483796 
2147483762 2147483683 2147483684 2147483683 2147483684 2147483799 2 5 251 252 2147483799 
2147483763 2147483683 2147483684 2147483683 2147483684 49 53 51 132 
2147483767 2147483657 2147483658 2147483683 2147483657 2147483658 2147483683 2147483770 49 52 54 57 53 51 133 132 50 2147483770 
2147483770 2147483657 2147483658 2147483664 2147483670 2147483673 2147483683 2147483710 2147483729 2147483752 2147483760 2147483767 2147483657 2147483658 2147483664 2147483670 2147483673 2147483683 2147483710 2147483729 2147483752 2147483760 2147483767 2147483779 2147483796 49 52 54 57 53 127 128 129 130 51 133 131 132 50 2147483779 2147483796 
2147483773 2147483657 2147483683 2147483657 2147483683 2147483791 49 57 53 51 133 132 2147483791 
2147483776 49 
2147483779 2147483657 2147483683 2147483770 2147483657 2147483683 2147483770 49 57 53 51 133 132 
2147483781 2147483683 2147483684 2147483683 2147483684 2147483799 49 57 53 51 131 132 2147483799 
2147483787 2147483652 2147483683 2147483684 2147483685 2147483652 2147483683 2147483684 2147483685 2147483793 2147483799 49 52 51 134 131 132 50 2147483793 2147483799 
2147483791 2147483657 2147483683 2147483757 2147483773 2147483657 2147483683 2147483757 2147483773 2147483795 49 53 52 54 57 127 128 129 130 51 133 132 2147483795 
2147483793 2147483652 2147483663 2147483683 2147483684 2147483685 2147483694 2147483697 2147483703 2147483706 2147483713 2147483717 2147483718 2147483721 2147483787 2147483652 2147483663 2147483683 2147483684 2147483685 2147483694 2147483697 2147483703 2147483706 2147483713 2147483717 2147483718 2147483721 2147483787 2147483794 2147483796 2147483797 2147483799 52 49 54 57 53 127 128 129 130 51 133 134 131 132 50 2147483794 2147483796 2147483797 2147483799 
2147483794 2147483652 2147483663 2147483683 2147483684 2147483685 2147483694 2147483697 2147483703 2147483706 2147483713 2147483717 2147483718 2147483721 2147483793 2147483652 2147483663 2147483683 2147483684 2147483685 2147483694 2147483697 2147483703 2147483706 2147483713 2147483717 2147483718 2147483721 2147483793 2147483796 2147483797 2147483799 52 49 54 57 53 127 128 129 130 51 133 134 131 132 50 2147483796 2147483797 2147483799 
2147483795 2147483683 2147483757 2147483791 2147483683 2147483757 2147483791 57 49 53 51 132 
2147483796 2147483663 2147483664 2147483670 2147483671 2147483673 2147483674 2147483675 2147483683 2147483684 2147483703 2147483706 2147483710 2147483713 2147483717 2147483718 2147483721 2147483725 2147483729 2147483732 2147483735 2147483742 2147483752 2147483760 2147483770 2147483793 2147483794 2147483663 2147483664 2147483670 2147483671 2147483673 2147483674 2147483675 2147483683 2147483684 2147483703 2147483706 2147483710 2147483713 2147483717 2147483718 2147483721 2147483725 2147483729 2147483732 2147483735 2147483742 2147483752 2147483760 2147483770 2147483793 2147483794 2147483800 2147483801 2147483802 2147483803 2147483804 2147483805 53 57 131 49 52 54 127 128 129 130 51 133 134 132 50 2147483800 2147483801 2147483802 2147483803 2147483804 2147483805 
2147483797 2147483683 2147483684 2147483685 2147483703 2147483793 2147483794 2147483683 2147483684 2147483685 2147483703 2147483793 2147483794 49 53 57 131 52 54 127 128 129 130 51 133 134 132 50 
2147483799 2147483652 2147483661 2147483683 2147483684 2147483685 2147483694 2147483762 2147483781 2147483787 2147483793 2147483794 2147483652 2147483661 2147483683 2147483684 2147483685 2147483694 2147483762 2147483781 2147483787 2147483793 2147483794 53 49 52 54 57 127 128 129 130 51 133 134 131 132 50 
2147483800 2147483671 2147483683 2147483796 2147483671 2147483683 2147483796 49 52 131 132 
2147483801 2147483683 2147483796 2147483683 2147483796 49 131 132 
2147483802 2147483683 2147483796 2147483683 2147483796 49 131 132 
2147483803 2147483675 2147483683 2147483796 2147483675 2147483683 2147483796 49 52 131 132 
2147483804 2147483683 2147483796 2147483683 2147483796 49 131 132 
2147483805 2147483674 2147483675 2147483683 2147483796 2147483674 2147483675 2147483683 2147483796 49 52 51 131 132 
