49 2147483649 2147483650 2147483651 2147483654 2147483655 2147483672 2147483674 2147483675 2147483677 2147483689 2147483690 2147483692 2147483693 2147483704 2147483705 2147483706 2147483707 2147483708 2147483709 2147483710 2147483714 2147483715 2147483716 2147483718 2147483729 2147483735 2147483737 2147483741 2147483742 2147483743 2147483745 2147483748 2147483749 2147483750 2147483752 2147483753 2147483754 2147483756 2147483757 2147483758 2147483760 2147483761 2147483762 2147483769 2147483772 
50 2147483648 2147483649 2147483650 2147483651 2147483654 2147483655 2147483672 2147483674 2147483675 2147483677 2147483689 2147483690 2147483691 2147483692 2147483693 2147483697 2147483700 2147483702 2147483704 2147483705 2147483706 2147483707 2147483708 2147483709 2147483710 2147483714 2147483715 2147483716 2147483725 2147483729 2147483730 2147483735 2147483737 2147483741 2147483748 2147483749 2147483750 2147483752 2147483753 2147483754 2147483756 2147483757 2147483758 2147483760 2147483761 2147483762 2147483769 2147483772 
51 2147483672 2147483674 2147483675 2147483677 2147483689 2147483690 2147483691 2147483692 2147483693 2147483735 2147483737 2147483769 
52 2147483650 2147483651 2147483654 2147483655 2147483672 2147483674 2147483675 2147483677 2147483689 2147483690 2147483692 2147483693 2147483700 2147483702 2147483704 2147483705 2147483706 2147483707 2147483708 2147483709 2147483769 2147483772 
53 2147483648 2147483649 2147483650 2147483651 2147483654 2147483655 2147483672 2147483674 2147483675 2147483677 2147483689 2147483690 2147483691 2147483692 2147483693 2147483697 2147483700 2147483702 2147483704 2147483705 2147483706 2147483707 2147483708 2147483709 2147483710 2147483714 2147483715 2147483716 2147483725 2147483729 2147483730 2147483735 2147483737 2147483741 2147483742 2147483743 2147483748 2147483749 2147483750 2147483752 2147483753 2147483754 2147483756 2147483757 2147483758 2147483760 2147483761 2147483762 2147483769 2147483772 
54 2147483650 2147483651 2147483654 2147483655 2147483672 2147483674 2147483675 2147483677 2147483689 2147483690 2147483691 2147483692 2147483693 2147483704 2147483705 2147483706 2147483707 2147483708 2147483709 2147483769 2147483772 
57 2147483648 2147483649 2147483650 2147483651 2147483654 2147483655 2147483672 2147483674 2147483675 2147483677 2147483689 2147483690 2147483691 2147483692 2147483693 2147483700 2147483702 2147483704 2147483705 2147483706 2147483707 2147483708 2147483709 2147483710 2147483714 2147483715 2147483716 2147483725 2147483730 2147483737 2147483741 2147483742 2147483743 2147483748 2147483749 2147483750 2147483752 2147483753 2147483754 2147483756 2147483757 2147483758 2147483760 2147483761 2147483762 2147483769 2147483772 
127 2147483654 2147483655 2147483672 2147483674 2147483675 2147483677 2147483689 2147483690 2147483692 2147483693 2147483769 2147483772 
128 2147483654 2147483655 2147483672 2147483674 2147483675 2147483677 2147483689 2147483690 2147483692 2147483693 2147483769 2147483772 
129 2147483654 2147483655 2147483672 2147483674 2147483675 2147483677 2147483689 2147483690 2147483692 2147483693 2147483769 2147483772 
130 2147483654 2147483655 2147483672 2147483674 2147483675 2147483677 2147483689 2147483690 2147483692 2147483693 2147483769 2147483772 
131 2147483648 2147483649 2147483654 2147483655 2147483672 2147483674 2147483675 2147483677 2147483689 2147483690 2147483692 2147483725 2147483729 2147483730 2147483735 2147483737 2147483769 
132 2147483648 2147483649 2147483654 2147483655 2147483672 2147483674 2147483675 2147483677 2147483689 2147483690 2147483692 2147483725 2147483729 2147483730 2147483735 2147483737 2147483769 
133 2147483648 2147483649 2147483650 2147483651 2147483654 2147483655 2147483672 2147483674 2147483675 2147483677 2147483689 2147483690 2147483691 2147483692 2147483693 2147483697 2147483700 2147483702 2147483704 2147483705 2147483706 2147483707 2147483708 2147483709 2147483710 2147483725 2147483729 2147483735 2147483737 2147483741 2147483742 2147483743 2147483769 2147483772 
134 2147483650 2147483651 2147483654 2147483655 2147483672 2147483674 2147483675 2147483677 2147483689 2147483690 2147483691 2147483692 2147483693 2147483697 2147483700 2147483702 2147483704 2147483705 2147483706 2147483707 2147483708 2147483709 2147483710 2147483735 2147483737 2147483769 
151 2147483774 2147483775 
152 
153 
154 
155 
156 
157 
158 
159 
160 
161 
162 
163 
164 
165 
166 
2147483648 2147483654 2147483655 2147483689 2147483692 2147483725 53 57 133 131 132 50 2147483654 2147483655 2147483689 2147483692 2147483725 
2147483649 2147483654 2147483655 2147483689 2147483692 2147483729 2147483730 53 49 57 133 131 132 50 2147483654 2147483655 2147483689 2147483692 2147483729 2147483730 
2147483650 2147483651 2147483689 2147483690 2147483692 2147483704 2147483705 2147483706 2147483707 2147483708 2147483709 2147483710 53 49 52 54 57 133 134 50 2147483651 2147483689 2147483690 2147483692 2147483704 2147483705 2147483706 2147483707 2147483708 2147483709 2147483710 
2147483651 2147483650 2147483650 2147483689 2147483690 2147483692 2147483704 2147483705 2147483706 2147483707 2147483708 2147483709 2147483710 57 49 52 54 53 133 134 50 2147483689 2147483690 2147483692 2147483704 2147483705 2147483706 2147483707 2147483708 2147483709 2147483710 
2147483654 2147483648 2147483649 2147483648 2147483649 2147483655 2147483689 2147483690 2147483692 2147483725 2147483729 2147483730 53 49 52 54 57 127 128 129 130 133 134 131 132 50 2147483655 2147483689 2147483690 2147483692 2147483725 2147483729 2147483730 
2147483655 2147483648 2147483649 2147483654 2147483648 2147483649 2147483654 2147483689 2147483690 2147483692 2147483725 2147483729 2147483730 53 49 52 54 57 127 128 129 130 133 134 131 132 50 2147483689 2147483690 2147483692 2147483725 2147483729 2147483730 
2147483672 2147483674 2147483675 2147483677 2147483689 2147483735 2147483737 2147483769 49 52 54 57 53 127 128 129 130 51 133 134 131 132 50 2147483674 2147483675 2147483677 2147483689 2147483735 2147483737 2147483769 
2147483674 2147483672 2147483672 2147483675 2147483677 2147483689 2147483735 2147483737 2147483769 53 49 52 54 57 127 128 129 130 51 133 134 131 132 50 2147483675 2147483677 2147483689 2147483735 2147483737 2147483769 
2147483675 2147483672 2147483674 2147483672 2147483674 2147483677 2147483689 2147483735 2147483737 2147483769 49 52 54 57 53 127 128 129 130 51 133 134 131 132 50 2147483677 2147483689 2147483735 2147483737 2147483769 
2147483677 2147483672 2147483674 2147483675 2147483672 2147483674 2147483675 2147483689 2147483735 2147483737 2147483769 53 57 49 52 54 127 128 129 130 51 133 134 131 132 50 2147483689 2147483735 2147483737 2147483769 
2147483689 2147483648 2147483649 2147483650 2147483651 2147483654 2147483655 2147483672 2147483674 2147483675 2147483677 2147483648 2147483649 2147483650 2147483651 2147483654 2147483655 2147483672 2147483674 2147483675 2147483677 2147483690 2147483691 2147483692 2147483693 2147483697 2147483700 2147483702 2147483704 2147483705 2147483706 2147483707 2147483708 2147483709 2147483710 2147483714 2147483715 2147483716 2147483725 2147483729 2147483730 2147483735 2147483737 2147483741 2147483748 2147483749 2147483750 2147483752 2147483753 2147483754 2147483756 2147483757 2147483758 2147483760 2147483761 2147483762 2147483769 2147483772 2147483774 2147483775 53 49 52 54 57 127 128 129 130 51 133 134 131 132 50 2147483690 2147483691 2147483692 2147483693 2147483697 2147483700 2147483702 2147483704 2147483705 2147483706 2147483707 2147483708 2147483709 2147483710 2147483714 2147483715 2147483716 2147483725 2147483729 2147483730 2147483735 2147483737 2147483741 2147483748 2147483749 2147483750 2147483752 2147483753 2147483754 2147483756 2147483757 2147483758 2147483760 2147483761 2147483762 2147483769 2147483772 2147483774 2147483775 
2147483690 2147483650 2147483651 2147483654 2147483655 2147483689 2147483650 2147483651 2147483654 2147483655 2147483689 2147483691 2147483692 2147483693 2147483697 2147483700 2147483702 2147483704 2147483705 2147483706 2147483707 2147483708 2147483709 2147483710 2147483774 2147483775 57 54 49 52 53 127 128 129 130 51 133 134 131 132 50 2147483691 2147483692 2147483693 2147483697 2147483700 2147483702 2147483704 2147483705 2147483706 2147483707 2147483708 2147483709 2147483710 2147483774 2147483775 
2147483691 2147483689 2147483690 2147483689 2147483690 2147483692 2147483693 54 57 53 51 133 134 50 2147483692 2147483693 
2147483692 2147483648 2147483649 2147483650 2147483651 2147483654 2147483655 2147483689 2147483690 2147483691 2147483648 2147483649 2147483650 2147483651 2147483654 2147483655 2147483689 2147483690 2147483691 2147483693 2147483697 2147483700 2147483702 2147483704 2147483705 2147483706 2147483707 2147483708 2147483709 2147483710 2147483725 2147483729 2147483774 2147483775 52 49 54 57 53 127 128 129 130 51 133 134 131 132 50 2147483693 2147483697 2147483700 2147483702 2147483704 2147483705 2147483706 2147483707 2147483708 2147483709 2147483710 2147483725 2147483729 2147483774 2147483775 
2147483693 2147483689 2147483690 2147483691 2147483692 2147483689 2147483690 2147483691 2147483692 2147483774 127 49 52 54 57 53 128 129 130 51 133 134 50 2147483774 
2147483697 2147483689 2147483690 2147483692 2147483689 2147483690 2147483692 53 133 134 50 
2147483700 2147483689 2147483690 2147483692 2147483689 2147483690 2147483692 2147483702 2147483775 57 52 53 133 134 50 2147483702 2147483775 
2147483702 2147483689 2147483690 2147483692 2147483700 2147483689 2147483690 2147483692 2147483700 53 52 57 133 134 50 
2147483704 2147483650 2147483651 2147483689 2147483690 2147483692 2147483650 2147483651 2147483689 2147483690 2147483692 2147483705 2147483706 2147483707 2147483708 2147483709 49 52 54 57 53 133 134 50 2147483705 2147483706 2147483707 2147483708 2147483709 
2147483705 2147483650 2147483651 2147483689 2147483690 2147483692 2147483704 2147483650 2147483651 2147483689 2147483690 2147483692 2147483704 2147483706 2147483707 2147483708 2147483709 49 52 54 57 53 133 134 50 2147483706 2147483707 2147483708 2147483709 
2147483706 2147483650 2147483651 2147483689 2147483690 2147483692 2147483704 2147483705 2147483650 2147483651 2147483689 2147483690 2147483692 2147483704 2147483705 49 52 54 57 53 133 134 50 
2147483707 2147483650 2147483651 2147483689 2147483690 2147483692 2147483704 2147483705 2147483650 2147483651 2147483689 2147483690 2147483692 2147483704 2147483705 49 52 54 57 53 133 134 50 
2147483708 2147483650 2147483651 2147483689 2147483690 2147483692 2147483704 2147483705 2147483650 2147483651 2147483689 2147483690 2147483692 2147483704 2147483705 49 52 54 57 53 133 134 50 
2147483709 2147483650 2147483651 2147483689 2147483690 2147483692 2147483704 2147483705 2147483650 2147483651 2147483689 2147483690 2147483692 2147483704 2147483705 49 52 54 57 53 133 134 50 
2147483710 2147483650 2147483651 2147483689 2147483690 2147483692 2147483650 2147483651 2147483689 2147483690 2147483692 49 57 53 133 134 50 
2147483714 2147483689 2147483689 2147483715 2147483716 53 49 57 50 2147483715 2147483716 
2147483715 2147483689 2147483714 2147483689 2147483714 2147483716 57 49 53 50 2147483716 
2147483716 2147483689 2147483714 2147483715 2147483689 2147483714 2147483715 49 57 53 50 
2147483718 49 
2147483725 2147483648 2147483654 2147483655 2147483689 2147483692 2147483648 2147483654 2147483655 2147483689 2147483692 57 53 133 131 132 50 
2147483729 2147483649 2147483654 2147483655 2147483689 2147483692 2147483649 2147483654 2147483655 2147483689 2147483692 49 53 133 131 132 50 
2147483730 2147483649 2147483654 2147483655 2147483689 2147483649 2147483654 2147483655 2147483689 57 53 131 132 50 
2147483735 2147483672 2147483674 2147483675 2147483677 2147483689 2147483672 2147483674 2147483675 2147483677 2147483689 2147483769 49 53 51 133 134 131 132 50 2147483769 
2147483737 2147483672 2147483674 2147483675 2147483677 2147483689 2147483672 2147483674 2147483675 2147483677 2147483689 2147483769 49 57 53 51 133 134 131 132 50 2147483769 
2147483741 2147483689 2147483689 2147483742 2147483743 2147483772 53 49 57 133 50 2147483742 2147483743 2147483772 
2147483742 2147483741 2147483741 2147483743 2147483772 57 49 53 133 2147483743 2147483772 
2147483743 2147483741 2147483742 2147483741 2147483742 2147483772 49 57 53 133 2147483772 
2147483745 49 
2147483748 2147483689 2147483689 2147483749 2147483750 53 49 57 50 2147483749 2147483750 
2147483749 2147483689 2147483748 2147483689 2147483748 2147483750 57 49 53 50 2147483750 
2147483750 2147483689 2147483748 2147483749 2147483689 2147483748 2147483749 49 57 53 50 
2147483752 2147483689 2147483689 2147483753 2147483754 53 49 57 50 2147483753 2147483754 
2147483753 2147483689 2147483752 2147483689 2147483752 2147483754 57 49 53 50 2147483754 
2147483754 2147483689 2147483752 2147483753 2147483689 2147483752 2147483753 49 57 53 50 
2147483756 2147483689 2147483689 2147483757 2147483758 53 49 57 50 2147483757 2147483758 
2147483757 2147483689 2147483756 2147483689 2147483756 2147483758 57 49 53 50 2147483758 
2147483758 2147483689 2147483756 2147483757 2147483689 2147483756 2147483757 49 57 53 50 
2147483760 2147483689 2147483689 2147483761 2147483762 53 49 57 50 2147483761 2147483762 
2147483761 2147483689 2147483760 2147483689 2147483760 2147483762 57 49 53 50 2147483762 
2147483762 2147483689 2147483760 2147483761 2147483689 2147483760 2147483761 49 57 53 50 
2147483769 2147483672 2147483674 2147483675 2147483677 2147483689 2147483735 2147483737 2147483672 2147483674 2147483675 2147483677 2147483689 2147483735 2147483737 49 52 54 57 53 127 128 129 130 51 133 134 131 132 50 
2147483772 2147483689 2147483741 2147483742 2147483743 2147483689 2147483741 2147483742 2147483743 49 53 52 54 57 127 128 129 130 133 50 
2147483774 2147483689 2147483690 2147483692 2147483693 2147483689 2147483690 2147483692 2147483693 151 
2147483775 2147483689 2147483690 2147483692 2147483700 2147483689 2147483690 2147483692 2147483700 151 
