2 2147483718 2147483739 
5 2147483718 2147483739 
8 2147483718 2147483739 
11 
18 
19 
22 2147483677 2147483708 2147483711 2147483729 2147483732 2147483809 
23 2147483677 2147483708 2147483711 2147483729 2147483732 2147483809 
24 2147483708 2147483711 2147483809 
25 2147483677 2147483708 2147483711 2147483729 2147483732 2147483809 
26 2147483708 2147483729 
27 2147483677 2147483708 2147483729 2147483809 
32 2147483708 2147483729 
49 2147483648 2147483650 2147483652 2147483653 2147483661 2147483663 2147483664 2147483672 2147483673 2147483674 2147483684 2147483698 2147483701 2147483705 2147483706 2147483707 2147483709 2147483710 2147483712 2147483714 2147483715 2147483716 2147483717 2147483720 2147483726 2147483727 2147483728 2147483730 2147483731 2147483733 2147483735 2147483736 2147483737 2147483738 2147483741 2147483750 2147483756 2147483757 2147483758 2147483759 2147483763 2147483772 2147483773 2147483774 2147483775 2147483776 2147483777 2147483778 2147483779 2147483781 2147483782 2147483786 2147483789 2147483793 2147483794 2147483795 2147483797 2147483799 2147483800 2147483801 2147483802 2147483803 2147483804 2147483805 2147483807 2147483811 2147483812 2147483815 
50 2147483648 2147483650 2147483653 2147483661 2147483664 2147483672 2147483673 2147483674 2147483684 2147483698 2147483701 2147483707 2147483709 2147483710 2147483712 2147483714 2147483715 2147483716 2147483717 2147483728 2147483730 2147483731 2147483733 2147483735 2147483736 2147483737 2147483738 2147483747 2147483756 2147483757 2147483758 2147483759 2147483763 2147483772 2147483773 2147483774 2147483775 2147483776 2147483777 2147483778 2147483779 2147483781 2147483782 2147483786 2147483789 2147483790 2147483793 2147483794 2147483795 2147483797 2147483799 2147483800 2147483801 2147483802 2147483803 2147483804 2147483805 2147483807 2147483811 2147483812 2147483815 
51 2147483648 2147483650 2147483652 2147483653 2147483661 2147483664 2147483672 2147483673 2147483674 2147483684 2147483701 2147483705 2147483706 2147483707 2147483709 2147483710 2147483712 2147483714 2147483715 2147483716 2147483717 2147483720 2147483736 2147483737 2147483738 2147483747 2147483757 2147483763 2147483772 2147483773 2147483774 2147483775 2147483776 2147483777 2147483778 2147483779 2147483781 2147483782 2147483786 2147483789 2147483790 2147483793 2147483794 2147483795 2147483797 2147483799 2147483800 2147483801 2147483802 2147483803 2147483804 2147483805 2147483807 2147483811 2147483812 2147483815 2147483817 2147483819 
52 2147483648 2147483650 2147483653 2147483661 2147483664 2147483672 2147483673 2147483674 2147483684 2147483698 2147483701 2147483707 2147483709 2147483710 2147483712 2147483714 2147483728 2147483730 2147483731 2147483733 2147483735 2147483747 2147483757 2147483763 2147483772 2147483773 2147483774 2147483775 2147483776 2147483777 2147483778 2147483779 2147483781 2147483782 2147483789 2147483797 2147483799 2147483800 2147483801 2147483802 2147483803 2147483804 2147483805 2147483807 2147483811 2147483812 2147483815 
53 2147483648 2147483650 2147483653 2147483661 2147483664 2147483672 2147483673 2147483674 2147483684 2147483698 2147483701 2147483707 2147483709 2147483710 2147483715 2147483716 2147483717 2147483728 2147483730 2147483731 2147483736 2147483737 2147483738 2147483747 2147483756 2147483757 2147483758 2147483759 2147483772 2147483773 2147483774 2147483775 2147483776 2147483777 2147483778 2147483779 2147483786 2147483789 2147483790 2147483793 2147483794 2147483795 2147483799 2147483800 2147483801 2147483802 2147483803 2147483804 2147483805 2147483807 2147483811 2147483815 2147483817 
54 2147483648 2147483650 2147483653 2147483661 2147483664 2147483672 2147483673 2147483674 2147483684 2147483698 2147483701 2147483707 2147483709 2147483710 2147483715 2147483716 2147483717 2147483728 2147483730 2147483731 2147483736 2147483737 2147483738 2147483747 2147483757 2147483763 2147483772 2147483773 2147483774 2147483775 2147483776 2147483777 2147483778 2147483779 2147483781 2147483782 2147483786 2147483789 2147483790 2147483799 2147483800 2147483801 2147483802 2147483803 2147483804 2147483805 2147483807 2147483811 2147483812 2147483815 2147483817 2147483819 
57 2147483648 2147483650 2147483653 2147483661 2147483664 2147483672 2147483673 2147483674 2147483684 2147483698 2147483701 2147483709 2147483710 2147483716 2147483717 2147483730 2147483731 2147483737 2147483738 2147483747 2147483756 2147483757 2147483758 2147483759 2147483772 2147483773 2147483774 2147483775 2147483776 2147483777 2147483778 2147483779 2147483781 2147483782 2147483789 2147483790 2147483793 2147483794 2147483795 2147483799 2147483800 2147483801 2147483802 2147483803 2147483804 2147483805 2147483807 2147483811 2147483815 2147483817 
61 
127 2147483648 2147483650 2147483653 2147483661 2147483664 2147483672 2147483673 2147483674 2147483698 2147483701 2147483747 2147483757 2147483799 2147483800 2147483801 2147483802 2147483803 2147483804 2147483811 2147483815 
128 2147483648 2147483650 2147483653 2147483661 2147483664 2147483672 2147483673 2147483674 2147483698 2147483701 2147483757 2147483799 2147483800 2147483801 2147483802 2147483803 2147483804 2147483811 2147483815 
129 2147483648 2147483650 2147483653 2147483661 2147483664 2147483672 2147483673 2147483674 2147483698 2147483701 2147483757 2147483799 2147483800 2147483801 2147483802 2147483803 2147483804 2147483811 2147483815 
130 2147483648 2147483650 2147483653 2147483661 2147483664 2147483672 2147483673 2147483674 2147483698 2147483701 2147483757 2147483799 2147483800 2147483801 2147483802 2147483803 2147483804 2147483811 2147483815 
131 2147483648 2147483650 2147483653 2147483661 2147483663 2147483664 2147483672 2147483673 2147483674 2147483684 2147483698 2147483701 2147483715 2147483716 2147483717 2147483726 2147483727 2147483728 2147483730 2147483731 2147483733 2147483735 2147483736 2147483737 2147483738 2147483741 2147483747 2147483756 2147483757 2147483758 2147483759 2147483763 2147483772 2147483773 2147483774 2147483775 2147483776 2147483777 2147483778 2147483779 2147483781 2147483782 2147483786 2147483789 2147483790 2147483793 2147483794 2147483795 2147483797 2147483799 2147483800 2147483801 2147483802 2147483803 2147483804 2147483805 2147483807 2147483811 2147483812 2147483815 
132 2147483648 2147483650 2147483652 2147483653 2147483661 2147483663 2147483664 2147483672 2147483673 2147483701 2147483705 2147483706 2147483707 2147483709 2147483710 2147483712 2147483714 2147483715 2147483716 2147483717 2147483720 2147483726 2147483727 2147483728 2147483730 2147483731 2147483733 2147483735 2147483736 2147483737 2147483738 2147483741 2147483747 2147483799 2147483800 2147483801 2147483802 2147483803 2147483804 2147483815 2147483817 2147483819 
133 2147483648 2147483650 2147483652 2147483653 2147483661 2147483663 2147483664 2147483672 2147483673 2147483674 2147483684 2147483698 2147483701 2147483705 2147483706 2147483707 2147483709 2147483710 2147483712 2147483714 2147483715 2147483716 2147483717 2147483720 2147483726 2147483727 2147483728 2147483730 2147483731 2147483733 2147483735 2147483736 2147483737 2147483738 2147483741 2147483747 2147483756 2147483757 2147483758 2147483759 2147483763 2147483772 2147483773 2147483774 2147483775 2147483776 2147483777 2147483778 2147483779 2147483781 2147483782 2147483786 2147483789 2147483790 2147483793 2147483794 2147483795 2147483799 2147483800 2147483801 2147483802 2147483803 2147483804 2147483805 2147483807 2147483811 2147483815 
134 2147483648 2147483650 2147483652 2147483653 2147483661 2147483663 2147483664 2147483701 2147483705 2147483706 2147483707 2147483709 2147483710 2147483712 2147483714 2147483715 2147483716 2147483717 2147483720 2147483726 2147483727 2147483728 2147483730 2147483731 2147483733 2147483735 2147483736 2147483737 2147483738 2147483741 2147483799 2147483800 2147483801 2147483802 2147483803 2147483804 
247 
248 
249 
250 
251 2147483718 2147483739 
252 2147483718 2147483739 
253 2147483718 2147483739 
254 2147483718 2147483739 
263 
264 
265 
266 
267 2147483677 2147483729 2147483732 2147483809 
268 2147483708 2147483711 2147483729 2147483732 
269 2147483677 2147483708 2147483711 2147483729 2147483732 2147483809 
270 2147483708 2147483711 2147483729 2147483732 
2147483648 2147483650 2147483652 2147483653 2147483701 2147483705 2147483706 2147483707 2147483708 2147483709 2147483710 2147483711 2147483712 2147483714 2147483715 2147483716 2147483717 2147483718 2147483720 2147483799 2147483800 2147483804 2147483817 2147483819 57 49 52 54 53 127 128 129 130 51 133 134 131 132 50 2147483650 2147483652 2147483653 2147483701 2147483705 2147483706 2147483707 2147483708 2147483709 2147483710 2147483711 2147483712 2147483714 2147483715 2147483716 2147483717 2147483718 2147483720 2147483799 2147483800 2147483804 2147483817 2147483819 
2147483650 2147483648 2147483648 2147483652 2147483653 2147483701 2147483705 2147483706 2147483707 2147483708 2147483709 2147483710 2147483711 2147483712 2147483714 2147483715 2147483716 2147483717 2147483718 2147483720 2147483799 2147483800 2147483804 49 52 54 57 53 127 128 129 130 51 133 134 131 132 50 2147483652 2147483653 2147483701 2147483705 2147483706 2147483707 2147483708 2147483709 2147483710 2147483711 2147483712 2147483714 2147483715 2147483716 2147483717 2147483718 2147483720 2147483799 2147483800 2147483804 
2147483652 2147483648 2147483650 2147483648 2147483650 2147483701 2147483799 49 51 133 134 132 2147483701 2147483799 
2147483653 2147483648 2147483650 2147483648 2147483650 2147483701 2147483707 2147483708 2147483709 2147483710 2147483711 2147483712 2147483714 2147483715 2147483716 2147483717 2147483718 2147483799 2147483800 49 52 54 57 53 127 128 129 130 51 133 134 131 132 50 2147483701 2147483707 2147483708 2147483709 2147483710 2147483711 2147483712 2147483714 2147483715 2147483716 2147483717 2147483718 2147483799 2147483800 
2147483661 2147483663 2147483664 2147483701 2147483726 2147483727 2147483728 2147483729 2147483730 2147483731 2147483732 2147483733 2147483735 2147483736 2147483737 2147483738 2147483739 2147483741 2147483801 2147483802 2147483803 2147483804 49 52 54 57 53 127 128 129 130 51 133 134 131 132 50 2147483663 2147483664 2147483701 2147483726 2147483727 2147483728 2147483729 2147483730 2147483731 2147483732 2147483733 2147483735 2147483736 2147483737 2147483738 2147483739 2147483741 2147483801 2147483802 2147483803 2147483804 
2147483663 2147483661 2147483661 2147483701 2147483801 2147483802 49 133 134 131 132 2147483701 2147483801 2147483802 
2147483664 2147483661 2147483661 2147483701 2147483728 2147483729 2147483730 2147483731 2147483732 2147483733 2147483735 2147483736 2147483737 2147483738 2147483739 2147483801 2147483802 2147483803 49 52 54 57 53 127 128 129 130 51 133 134 131 132 50 2147483701 2147483728 2147483729 2147483730 2147483731 2147483732 2147483733 2147483735 2147483736 2147483737 2147483738 2147483739 2147483801 2147483802 2147483803 
2147483672 2147483673 2147483698 2147483701 2147483747 2147483804 2147483815 57 49 52 54 53 127 128 129 130 51 133 131 132 50 2147483673 2147483698 2147483701 2147483747 2147483804 2147483815 
2147483673 2147483672 2147483672 2147483674 2147483677 2147483684 2147483698 2147483701 2147483747 2147483756 2147483757 2147483758 2147483759 2147483763 2147483772 2147483773 2147483774 2147483775 2147483776 2147483777 2147483778 2147483779 2147483781 2147483782 2147483786 2147483789 2147483790 2147483793 2147483794 2147483795 2147483797 2147483804 2147483805 2147483807 2147483809 2147483811 2147483812 2147483815 49 53 52 54 57 127 128 129 130 51 133 131 132 50 2147483674 2147483677 2147483684 2147483698 2147483701 2147483747 2147483756 2147483757 2147483758 2147483759 2147483763 2147483772 2147483773 2147483774 2147483775 2147483776 2147483777 2147483778 2147483779 2147483781 2147483782 2147483786 2147483789 2147483790 2147483793 2147483794 2147483795 2147483797 2147483804 2147483805 2147483807 2147483809 2147483811 2147483812 2147483815 
2147483674 2147483673 2147483673 2147483677 2147483684 2147483756 2147483757 2147483758 2147483759 2147483763 2147483772 2147483773 2147483774 2147483775 2147483776 2147483777 2147483778 2147483779 2147483781 2147483782 2147483786 2147483789 2147483790 2147483793 2147483794 2147483795 2147483797 2147483805 2147483807 2147483809 2147483811 2147483812 49 52 54 57 53 127 128 129 130 51 133 131 50 2147483677 2147483684 2147483756 2147483757 2147483758 2147483759 2147483763 2147483772 2147483773 2147483774 2147483775 2147483776 2147483777 2147483778 2147483779 2147483781 2147483782 2147483786 2147483789 2147483790 2147483793 2147483794 2147483795 2147483797 2147483805 2147483807 2147483809 2147483811 2147483812 
2147483677 2147483673 2147483674 2147483673 2147483674 2147483757 2147483809 2147483812 22 25 27 23 269 267 2147483757 2147483809 2147483812 
2147483684 2147483673 2147483674 2147483673 2147483674 2147483757 2147483772 2147483773 2147483774 2147483775 2147483776 2147483777 2147483778 2147483779 2147483789 2147483805 2147483807 2147483811 49 52 54 57 53 51 133 131 50 2147483757 2147483772 2147483773 2147483774 2147483775 2147483776 2147483777 2147483778 2147483779 2147483789 2147483805 2147483807 2147483811 
2147483698 2147483672 2147483673 2147483672 2147483673 49 53 52 54 57 127 128 129 130 133 131 50 
2147483701 2147483648 2147483650 2147483652 2147483653 2147483661 2147483663 2147483664 2147483672 2147483673 2147483648 2147483650 2147483652 2147483653 2147483661 2147483663 2147483664 2147483672 2147483673 2147483705 2147483706 2147483707 2147483708 2147483709 2147483710 2147483711 2147483712 2147483714 2147483715 2147483716 2147483717 2147483718 2147483720 2147483726 2147483727 2147483728 2147483729 2147483730 2147483731 2147483732 2147483733 2147483735 2147483736 2147483737 2147483738 2147483739 2147483741 2147483747 2147483799 2147483800 2147483801 2147483802 2147483803 2147483804 2147483815 2147483817 2147483819 57 49 52 54 53 127 128 129 130 51 133 134 131 132 50 2147483705 2147483706 2147483707 2147483708 2147483709 2147483710 2147483711 2147483712 2147483714 2147483715 2147483716 2147483717 2147483718 2147483720 2147483726 2147483727 2147483728 2147483729 2147483730 2147483731 2147483732 2147483733 2147483735 2147483736 2147483737 2147483738 2147483739 2147483741 2147483747 2147483799 2147483800 2147483801 2147483802 2147483803 2147483804 2147483815 2147483817 2147483819 
2147483705 2147483648 2147483650 2147483701 2147483648 2147483650 2147483701 2147483799 49 51 133 134 132 2147483799 
2147483706 2147483648 2147483650 2147483701 2147483648 2147483650 2147483701 2147483799 49 51 133 134 132 2147483799 
2147483707 2147483648 2147483650 2147483653 2147483701 2147483648 2147483650 2147483653 2147483701 2147483708 2147483709 2147483710 2147483799 53 49 52 54 51 133 134 132 50 2147483708 2147483709 2147483710 2147483799 
2147483708 2147483648 2147483650 2147483653 2147483701 2147483707 2147483648 2147483650 2147483653 2147483701 2147483707 2147483709 2147483710 2147483799 27 22 25 32 26 24 23 269 270 268 2147483709 2147483710 2147483799 
2147483709 2147483648 2147483650 2147483653 2147483701 2147483707 2147483708 2147483648 2147483650 2147483653 2147483701 2147483707 2147483708 2147483710 2147483799 52 49 54 57 53 51 133 134 132 50 2147483710 2147483799 
2147483710 2147483648 2147483650 2147483653 2147483701 2147483707 2147483708 2147483709 2147483648 2147483650 2147483653 2147483701 2147483707 2147483708 2147483709 2147483799 49 52 54 57 53 51 133 134 132 50 2147483799 
2147483711 2147483648 2147483650 2147483653 2147483701 2147483648 2147483650 2147483653 2147483701 2147483712 2147483799 22 25 24 23 269 270 268 2147483712 2147483799 
2147483712 2147483648 2147483650 2147483653 2147483701 2147483711 2147483648 2147483650 2147483653 2147483701 2147483711 2147483714 2147483799 49 52 51 133 134 132 50 2147483714 2147483799 
2147483714 2147483648 2147483650 2147483653 2147483701 2147483712 2147483648 2147483650 2147483653 2147483701 2147483712 2147483799 49 52 51 133 134 132 50 2147483799 
2147483715 2147483648 2147483650 2147483653 2147483701 2147483648 2147483650 2147483653 2147483701 2147483716 2147483717 2147483799 2147483800 53 49 54 51 133 134 131 132 50 2147483716 2147483717 2147483799 2147483800 
2147483716 2147483648 2147483650 2147483653 2147483701 2147483715 2147483648 2147483650 2147483653 2147483701 2147483715 2147483717 2147483799 2147483800 54 49 57 53 51 133 134 131 132 50 2147483717 2147483799 2147483800 
2147483717 2147483648 2147483650 2147483653 2147483701 2147483715 2147483716 2147483648 2147483650 2147483653 2147483701 2147483715 2147483716 2147483799 2147483800 49 54 57 53 51 133 134 131 132 50 2147483799 2147483800 
2147483718 2147483648 2147483650 2147483653 2147483701 2147483648 2147483650 2147483653 2147483701 2147483799 2147483800 2 5 8 253 254 251 252 2147483799 2147483800 
2147483720 2147483648 2147483650 2147483701 2147483648 2147483650 2147483701 2147483799 49 51 133 134 132 2147483799 
2147483726 2147483661 2147483701 2147483661 2147483701 2147483801 2147483802 49 133 134 131 132 2147483801 2147483802 
2147483727 2147483661 2147483701 2147483661 2147483701 2147483801 2147483802 49 133 134 131 132 2147483801 2147483802 
2147483728 2147483661 2147483664 2147483701 2147483661 2147483664 2147483701 2147483729 2147483730 2147483731 2147483801 2147483802 53 49 52 54 133 134 131 132 50 2147483729 2147483730 2147483731 2147483801 2147483802 
2147483729 2147483661 2147483664 2147483701 2147483728 2147483661 2147483664 2147483701 2147483728 2147483730 2147483731 2147483801 2147483802 27 22 25 32 26 23 269 270 267 268 2147483730 2147483731 2147483801 2147483802 
2147483730 2147483661 2147483664 2147483701 2147483728 2147483729 2147483661 2147483664 2147483701 2147483728 2147483729 2147483731 2147483801 2147483802 52 49 54 57 53 133 134 131 132 50 2147483731 2147483801 2147483802 
2147483731 2147483661 2147483664 2147483701 2147483728 2147483729 2147483730 2147483661 2147483664 2147483701 2147483728 2147483729 2147483730 2147483801 2147483802 49 52 54 57 53 133 134 131 132 50 2147483801 2147483802 
2147483732 2147483661 2147483664 2147483701 2147483661 2147483664 2147483701 2147483733 2147483801 2147483802 22 25 23 269 270 267 268 2147483733 2147483801 2147483802 
2147483733 2147483661 2147483664 2147483701 2147483732 2147483661 2147483664 2147483701 2147483732 2147483735 2147483801 2147483802 49 52 133 134 131 132 50 2147483735 2147483801 2147483802 
2147483735 2147483661 2147483664 2147483701 2147483733 2147483661 2147483664 2147483701 2147483733 2147483801 2147483802 49 52 133 134 131 132 50 2147483801 2147483802 
2147483736 2147483661 2147483664 2147483701 2147483661 2147483664 2147483701 2147483737 2147483738 2147483801 2147483802 2147483803 53 49 54 51 133 134 131 132 50 2147483737 2147483738 2147483801 2147483802 2147483803 
2147483737 2147483661 2147483664 2147483701 2147483736 2147483661 2147483664 2147483701 2147483736 2147483738 2147483801 2147483802 2147483803 54 49 57 53 51 133 134 131 132 50 2147483738 2147483801 2147483802 2147483803 
2147483738 2147483661 2147483664 2147483701 2147483736 2147483737 2147483661 2147483664 2147483701 2147483736 2147483737 2147483801 2147483802 2147483803 49 54 57 53 51 133 134 131 132 50 2147483801 2147483802 2147483803 
2147483739 2147483661 2147483664 2147483701 2147483661 2147483664 2147483701 2147483801 2147483802 2147483803 2 5 8 253 254 251 252 2147483801 2147483802 2147483803 
2147483741 2147483661 2147483701 2147483661 2147483701 2147483801 2147483802 49 133 134 131 132 2147483801 2147483802 
2147483747 2147483672 2147483673 2147483701 2147483672 2147483673 2147483701 2147483804 2147483815 127 52 54 57 53 51 133 131 132 50 2147483804 2147483815 
2147483750 49 
2147483756 2147483673 2147483674 2147483673 2147483674 2147483757 2147483758 2147483759 53 49 57 133 131 50 2147483757 2147483758 2147483759 
2147483757 2147483673 2147483674 2147483677 2147483684 2147483756 2147483673 2147483674 2147483677 2147483684 2147483756 2147483758 2147483759 2147483763 2147483772 2147483773 2147483774 2147483775 2147483776 2147483777 2147483778 2147483779 2147483781 2147483782 2147483786 2147483789 2147483790 2147483793 2147483794 2147483795 2147483805 2147483807 2147483809 2147483811 49 52 54 57 53 127 128 129 130 51 133 131 50 2147483758 2147483759 2147483763 2147483772 2147483773 2147483774 2147483775 2147483776 2147483777 2147483778 2147483779 2147483781 2147483782 2147483786 2147483789 2147483790 2147483793 2147483794 2147483795 2147483805 2147483807 2147483809 2147483811 
2147483758 2147483673 2147483674 2147483756 2147483757 2147483673 2147483674 2147483756 2147483757 2147483759 57 49 53 133 131 50 2147483759 
2147483759 2147483673 2147483674 2147483756 2147483757 2147483758 2147483673 2147483674 2147483756 2147483757 2147483758 49 57 53 133 131 50 
2147483763 2147483673 2147483674 2147483757 2147483673 2147483674 2147483757 2147483789 2147483807 2147483811 49 52 54 51 133 131 50 2147483789 2147483807 2147483811 
2147483772 2147483673 2147483674 2147483684 2147483757 2147483673 2147483674 2147483684 2147483757 2147483789 2147483805 2147483807 2147483811 49 52 54 57 53 51 133 131 50 2147483789 2147483805 2147483807 2147483811 
2147483773 2147483673 2147483674 2147483684 2147483757 2147483673 2147483674 2147483684 2147483757 2147483789 2147483805 2147483807 2147483811 49 52 54 57 53 51 133 131 50 2147483789 2147483805 2147483807 2147483811 
2147483774 2147483673 2147483674 2147483684 2147483757 2147483673 2147483674 2147483684 2147483757 2147483789 2147483805 2147483807 2147483811 49 52 54 57 53 51 133 131 50 2147483789 2147483805 2147483807 2147483811 
2147483775 2147483673 2147483674 2147483684 2147483757 2147483673 2147483674 2147483684 2147483757 2147483789 2147483805 2147483807 2147483811 49 52 54 57 53 51 133 131 50 2147483789 2147483805 2147483807 2147483811 
2147483776 2147483673 2147483674 2147483684 2147483757 2147483673 2147483674 2147483684 2147483757 2147483789 2147483805 2147483807 2147483811 49 52 54 57 53 51 133 131 50 2147483789 2147483805 2147483807 2147483811 
2147483777 2147483673 2147483674 2147483684 2147483757 2147483673 2147483674 2147483684 2147483757 2147483789 2147483805 2147483807 2147483811 49 52 54 57 53 51 133 131 50 2147483789 2147483805 2147483807 2147483811 
2147483778 2147483673 2147483674 2147483684 2147483757 2147483673 2147483674 2147483684 2147483757 2147483789 2147483805 2147483807 2147483811 49 52 54 57 53 51 133 131 50 2147483789 2147483805 2147483807 2147483811 
2147483779 2147483673 2147483674 2147483684 2147483757 2147483673 2147483674 2147483684 2147483757 2147483789 2147483805 2147483807 2147483811 49 52 54 57 53 51 133 131 50 2147483789 2147483805 2147483807 2147483811 
2147483781 2147483673 2147483674 2147483757 2147483673 2147483674 2147483757 2147483789 2147483805 2147483807 2147483811 49 52 54 57 51 133 131 50 2147483789 2147483805 2147483807 2147483811 
2147483782 2147483673 2147483674 2147483757 2147483673 2147483674 2147483757 2147483789 2147483805 2147483807 2147483811 49 52 54 57 51 133 131 50 2147483789 2147483805 2147483807 2147483811 
2147483786 2147483673 2147483674 2147483757 2147483673 2147483674 2147483757 2147483789 2147483790 2147483811 53 49 54 51 133 131 50 2147483789 2147483790 2147483811 
2147483789 2147483673 2147483674 2147483684 2147483757 2147483763 2147483772 2147483773 2147483774 2147483775 2147483776 2147483777 2147483778 2147483779 2147483781 2147483782 2147483786 2147483673 2147483674 2147483684 2147483757 2147483763 2147483772 2147483773 2147483774 2147483775 2147483776 2147483777 2147483778 2147483779 2147483781 2147483782 2147483786 2147483805 2147483807 2147483811 52 57 49 54 53 51 133 131 50 2147483805 2147483807 2147483811 
2147483790 2147483673 2147483674 2147483757 2147483786 2147483673 2147483674 2147483757 2147483786 2147483811 54 57 53 51 133 131 50 2147483811 
2147483793 2147483673 2147483674 2147483757 2147483673 2147483674 2147483757 2147483794 2147483795 2147483811 57 49 53 51 133 131 50 2147483794 2147483795 2147483811 
2147483794 2147483673 2147483674 2147483757 2147483793 2147483673 2147483674 2147483757 2147483793 2147483795 2147483811 53 49 57 51 133 131 50 2147483795 2147483811 
2147483795 2147483673 2147483674 2147483757 2147483793 2147483794 2147483673 2147483674 2147483757 2147483793 2147483794 2147483811 49 57 53 51 133 131 50 2147483811 
2147483797 2147483673 2147483674 2147483673 2147483674 2147483809 2147483811 49 52 51 131 50 2147483809 2147483811 
2147483799 2147483648 2147483650 2147483652 2147483653 2147483701 2147483705 2147483706 2147483707 2147483708 2147483709 2147483710 2147483711 2147483712 2147483714 2147483715 2147483716 2147483717 2147483718 2147483720 2147483648 2147483650 2147483652 2147483653 2147483701 2147483705 2147483706 2147483707 2147483708 2147483709 2147483710 2147483711 2147483712 2147483714 2147483715 2147483716 2147483717 2147483718 2147483720 2147483800 2147483804 49 52 54 57 53 127 128 129 130 51 133 134 131 132 50 2147483800 2147483804 
2147483800 2147483648 2147483650 2147483653 2147483701 2147483715 2147483716 2147483717 2147483718 2147483799 2147483648 2147483650 2147483653 2147483701 2147483715 2147483716 2147483717 2147483718 2147483799 49 52 54 57 53 127 128 129 130 51 133 134 131 132 50 
2147483801 2147483661 2147483663 2147483664 2147483701 2147483726 2147483727 2147483728 2147483729 2147483730 2147483731 2147483732 2147483733 2147483735 2147483736 2147483737 2147483738 2147483739 2147483741 2147483661 2147483663 2147483664 2147483701 2147483726 2147483727 2147483728 2147483729 2147483730 2147483731 2147483732 2147483733 2147483735 2147483736 2147483737 2147483738 2147483739 2147483741 2147483802 2147483803 2147483804 49 52 54 57 53 127 128 129 130 51 133 134 131 132 50 2147483802 2147483803 2147483804 
2147483802 2147483661 2147483663 2147483664 2147483701 2147483726 2147483727 2147483728 2147483729 2147483730 2147483731 2147483732 2147483733 2147483735 2147483736 2147483737 2147483738 2147483739 2147483741 2147483801 2147483661 2147483663 2147483664 2147483701 2147483726 2147483727 2147483728 2147483729 2147483730 2147483731 2147483732 2147483733 2147483735 2147483736 2147483737 2147483738 2147483739 2147483741 2147483801 2147483803 2147483804 49 52 54 57 53 127 128 129 130 51 133 134 131 132 50 2147483803 2147483804 
2147483803 2147483661 2147483664 2147483701 2147483736 2147483737 2147483738 2147483739 2147483801 2147483802 2147483661 2147483664 2147483701 2147483736 2147483737 2147483738 2147483739 2147483801 2147483802 49 52 54 57 53 127 128 129 130 51 133 134 131 132 50 
2147483804 2147483648 2147483650 2147483661 2147483672 2147483673 2147483701 2147483747 2147483799 2147483801 2147483802 2147483648 2147483650 2147483661 2147483672 2147483673 2147483701 2147483747 2147483799 2147483801 2147483802 2147483815 54 49 52 57 53 127 128 129 130 51 133 134 131 132 50 2147483815 
2147483805 2147483673 2147483674 2147483684 2147483757 2147483772 2147483773 2147483774 2147483775 2147483776 2147483777 2147483778 2147483779 2147483781 2147483782 2147483789 2147483673 2147483674 2147483684 2147483757 2147483772 2147483773 2147483774 2147483775 2147483776 2147483777 2147483778 2147483779 2147483781 2147483782 2147483789 2147483807 2147483811 49 52 54 57 53 51 133 131 50 2147483807 2147483811 
2147483807 2147483673 2147483674 2147483684 2147483757 2147483763 2147483772 2147483773 2147483774 2147483775 2147483776 2147483777 2147483778 2147483779 2147483781 2147483782 2147483789 2147483805 2147483673 2147483674 2147483684 2147483757 2147483763 2147483772 2147483773 2147483774 2147483775 2147483776 2147483777 2147483778 2147483779 2147483781 2147483782 2147483789 2147483805 2147483811 49 52 54 57 53 51 133 131 50 2147483811 
2147483809 2147483673 2147483674 2147483677 2147483757 2147483797 2147483673 2147483674 2147483677 2147483757 2147483797 2147483811 2147483812 22 25 27 24 23 269 267 2147483811 2147483812 
2147483811 2147483673 2147483674 2147483684 2147483757 2147483763 2147483772 2147483773 2147483774 2147483775 2147483776 2147483777 2147483778 2147483779 2147483781 2147483782 2147483786 2147483789 2147483790 2147483793 2147483794 2147483795 2147483797 2147483805 2147483807 2147483809 2147483673 2147483674 2147483684 2147483757 2147483763 2147483772 2147483773 2147483774 2147483775 2147483776 2147483777 2147483778 2147483779 2147483781 2147483782 2147483786 2147483789 2147483790 2147483793 2147483794 2147483795 2147483797 2147483805 2147483807 2147483809 2147483812 49 52 54 57 53 127 128 129 130 51 133 131 50 2147483812 
2147483812 2147483673 2147483674 2147483677 2147483809 2147483811 2147483673 2147483674 2147483677 2147483809 2147483811 49 52 54 51 131 50 
2147483815 2147483672 2147483673 2147483701 2147483747 2147483804 2147483672 2147483673 2147483701 2147483747 2147483804 49 52 54 57 53 127 128 129 130 51 133 131 132 50 
2147483817 2147483648 2147483701 2147483648 2147483701 54 57 53 51 132 
2147483819 2147483648 2147483701 2147483648 2147483701 54 51 132 
