49 2147483648 2147483655 
50 
51 
52 2147483648 2147483655 
53 2147483648 2147483655 
54 2147483648 2147483655 
57 2147483648 2147483655 
127 2147483648 2147483655 
128 2147483648 2147483655 
129 2147483648 2147483655 
130 2147483648 2147483655 
131 
132 
133 
134 
151 
152 
153 
154 
155 
156 
157 
158 
159 
160 
161 
162 
163 
164 
165 
166 
2147483648 2147483653 2147483654 2147483655 2147483659 49 53 52 54 57 127 128 129 130 2147483653 2147483654 2147483655 2147483659 
2147483653 2147483648 2147483648 
2147483654 2147483648 2147483648 
2147483655 2147483648 2147483648 49 53 52 54 57 127 128 129 130 
2147483657 
2147483659 2147483648 2147483648 
