2,1,2,-1,0,1,0,0,0,
5,1,5,-1,0,1,0,0,0,
8,1,8,-1,0,1,0,0,0,
11,1,11,-1,0,1,0,0,255,
18,1,18,-1,0,1,0,0,255,
19,1,19,-1,0,1,0,0,0,
22,1,22,-1,0,1,0,0,0,
23,1,23,-1,0,1,0,0,0,
24,1,24,-1,0,1,0,0,157,
25,1,25,-1,0,1,0,0,0,
26,1,26,-1,0,1,0,0,0,
27,1,27,-1,0,1,0,0,0,
32,1,32,-1,0,1,0,0,0,
49,1,49,-1,0,1,0,0,0,
50,1,50,-1,0,1,0,0,0,
51,1,51,-1,0,1,0,0,0,
52,1,52,-1,0,1,0,0,0,
53,1,53,-1,0,1,0,0,0,
54,1,54,-1,0,1,0,0,0,
57,1,57,-1,0,1,0,0,0,
61,1,61,-1,0,1,0,0,255,
127,1,127,-1,0,1,0,0,38,
128,1,128,-1,0,1,0,0,0,
129,1,129,-1,0,1,0,0,0,
130,1,130,-1,0,1,0,0,0,
131,1,131,-1,0,1,0,0,0,
132,1,132,-1,0,1,0,0,0,
133,1,133,-1,0,1,0,0,0,
134,1,134,-1,0,1,0,0,0,
247,1,247,-1,0,1,0,0,0,
248,1,248,-1,0,1,0,0,0,
249,1,249,-1,0,1,0,0,0,
250,1,250,-1,0,1,0,0,0,
251,1,251,-1,0,1,0,0,0,
252,1,252,-1,0,1,0,0,0,
253,1,253,-1,0,1,0,0,0,
254,1,254,-1,0,1,0,0,0,
263,1,263,-1,0,1,0,0,0,
264,1,264,-1,0,1,0,0,0,
265,1,265,-1,0,1,0,0,255,
266,1,266,-1,0,1,0,0,0,
267,1,267,-1,0,1,0,0,0,
268,1,268,-1,0,1,0,0,0,
269,1,269,-1,0,1,0,0,0,
270,1,270,-1,0,1,0,0,0,
2147483648,0,0,0.0249329,16,0,1,0,0,51 133 134 131 132 50
2147483651,0,0,0.0130098,15,0,1,0,0,51 133 134 131 132 50
2147483652,0,0,0.000593877,7,0,1,0,0,51 133 134 131 132 50
2147483653,0,0,0.000600081,7,0,1,0,0,51 133 134 131 132 50
2147483654,0,0,0.0108496,14,0,1,0,0,51 133 134 131 132 50
2147483655,0,0,0.0118757,15,0,1,0,0,51 133 134 131 132 50
2147483656,0,0,0.0126859,16,0,1,0,0,51 133 134 131 132 50
2147483662,0,0,0.0677658,17,0,1,0,0,51 133 134 131 132 50
2147483663,0,0,0.018831,4,0,1,0,0,51 133 134 131 132 50
2147483669,0,0,0.248571,13,0,1,0,0,51 133 134 131 132 50
2147483677,0,0,0.162958,2,0,1,0,0,51 133 134 131 132 50
2147483678,0,0,0.497744,2,0,1,0,0,51 133 134 131 132 50
2147483687,0,0,4.90505e-07,2,0,1,0,0,53 49 52 54 57 127 128 129 130 51 133 134 131 132 50
2147483689,0,0,0.162957,2,0,1,0,0,51 133 134 131 132 50
2147483690,0,0,0.497743,2,0,1,0,0,51 133 134 131 132 50
2147483700,0,0,4.90509e-07,2,0,1,0,0,53 49 52 54 57 127 128 129 130 51 133 134 131 132 50
2147483702,0,0,0.162957,2,0,1,0,0,51 133 134 131 132 50
2147483703,0,0,0.497742,2,0,1,0,0,51 133 134 131 132 50
2147483712,0,0,4.90514e-07,2,0,1,0,0,53 49 52 54 57 127 128 129 130 51 133 134 131 132 50
2147483713,0,0,0.522629,1,0,1,0,0,53 49 52 54 57 127 128 129 130 51 133 134 131 132 50
2147483714,0,0,0.522629,1,0,1,0,0,53 49 52 54 57 127 128 129 130 51 133 134 131 132 50
2147483730,0,0,7.35764e-07,2,0,1,0,0,53 49 52 54 57 127 128 129 130 51 133 134 131 132 50
2147483733,0,0,1.47153e-06,2,0,1,0,0,53 49 52 54 57 127 128 129 130 51 133 134 131 132 50
2147483744,0,0,16.8802,1,0,1,0,0,49 57 52 54 127 128 129 130 51 133 134 131 132 50
2147483746,0,0,0.522564,1,0,1,0,0,53 49 52 54 57 127 128 129 130 51 133 134 131 132 50
2147483750,0,0,6.37583e-05,2,0,1,0,0,53 49 52 54 57 127 128 129 130 51 133 134 131 132 50
2147483753,0,0,0.0478639,3,0,1,0,0,51 133 134 131 132 50
2147483759,0,0,0.0163077,2,0,1,0,0,51 133 134 131 132 50
2147483760,0,0,0.0498109,2,0,1,0,0,51 133 134 131 132 50
2147483769,0,0,4.90865e-08,2,0,1,0,0,53 49 52 54 57 127 128 129 130 51 133 134 131 132 50
2147483770,0,0,0.0523013,1,0,1,0,0,53 49 52 54 57 127 128 129 130 51 133 134 131 132 50
2147483771,0,0,0.0523013,1,0,1,0,0,53 49 52 54 57 127 128 129 130 51 133 134 131 132 50
2147483772,0,0,0.0523013,1,0,1,0,0,53 49 52 54 57 127 128 129 130 51 133 134 131 132 50
2147483773,0,0,0.0523013,1,0,1,0,0,53 49 52 54 57 127 128 129 130 51 133 134 131 132 50
2147483784,0,0,4.90857e-08,2,0,1,0,0,53 49 52 54 57 127 128 129 130 51 133 134 131 132 50
2147483787,0,0,1.22715e-07,2,0,1,0,0,53 49 52 54 57 127 128 129 130 51 133 134 131 132 50
2147483792,0,0,6.64487e-05,1,0,1,0,0,53 49 52 54 57 127 128 129 130 51 133 134 131 132 50
2147483793,0,0,6.64487e-05,1,0,1,0,0,53 49 52 54 57 127 128 129 130 51 133 134 131 132 50
2147483796,0,0,0.00332733,16,0,1,0,0,51 133 134 131 132 50
2147483801,0,0,0.00446428,1,0,1,0,0,49 52 54 57 127 128 129 130 51 133 134 131 132 50
2147483803,0,0,0.0874792,1,0,1,0,0,49 52 54 57 127 128 129 130 51 133 134 131 132 50
2147483804,0,0,inf,1,0,1,0,0,22 25 27 32 26 263 264 265 266 24 23 269 270 267 268
2147483806,0,0,0.044177,1,0,1,0,0,53 49 52 54 57 127 128 129 130 51 133 134 131 132 50
2147483807,0,0,0.000450098,15,0,1,0,0,51 133 134 131 132 50
2147483808,0,0,0.000450715,15,0,1,0,0,51 133 134 131 132 50
2147483811,0,0,0.0422313,1,0,1,0,0,49 52 54 57 127 128 129 130 51 133 134 131 132 50
2147483816,0,0,0.842887,1,0,1,0,0,49 52 54 57 127 128 129 130 51 133 134 131 132 50
2147483819,0,0,2.38918,2,0,1,0,0,22 25 27 32 26 263 264 265 266 24 23 269 270 267 268
2147483821,0,0,0.421443,1,0,1,0,0,49 52 54 57 127 128 129 130 51 133 134 131 132 50
2147483826,0,0,0.407395,1,0,1,0,0,49 52 54 127 128 129 130 51 133 134 131 132 50
2147483829,0,0,0.178382,4,0,1,0,0,51 133 134 131 132 50
2147483832,0,0,0.421443,1,0,1,0,0,49 52 54 57 127 128 129 130 51 133 134 131 132 50
2147483834,0,0,0.851486,8,0,1,0,0,51 133 134 131 132 50
2147483841,0,0,0.00644874,15,0,1,0,0,51 133 134 131 132 50
2147483845,0,0,inf,1,0,1,0,0,49 52 54 57 53 127 128 129 130 51 133 134 131 132 50
2147483847,0,0,inf,1,0,1,0,0,2 11 19 61 18 247 248 249 250 5 8 253 254 251 252
2147483849,0,0,0.65474,1,0,1,0,0,49 52 54 57 53 127 128 129 130 51 133 134 131 132 50
2147483850,0,0,inf,1,0,1,0,0,49 52 54 57 53 127 128 129 130 51 133 134 131 132 50
2147483867,0,0,inf,1,0,1,0,0,49 52 54 57 53 127 128 129 130 51 133 134 131 132 50
2147483869,0,0,inf,1,0,1,0,0,2 11 19 61 18 247 248 249 250 5 8 253 254 251 252
2147483871,0,0,0.654739,1,0,1,0,0,49 52 54 57 53 127 128 129 130 51 133 134 131 132 50
2147483872,0,0,inf,1,0,1,0,0,49 52 54 57 53 127 128 129 130 51 133 134 131 132 50
2147483873,0,0,0.834055,2,0,1,0,0,49 54 52 127 128 129 130 51 133 134 131 132 50
2147483874,0,0,inf,2,0,1,0,0,49 52 54 57 53 127 128 129 130 51 133 134 131 132 50
2147483888,0,0,inf,1,0,1,0,0,49 52 54 57 53 127 128 129 130 51 133 134 131 132 50
2147483890,0,0,inf,1,0,1,0,0,2 11 19 61 18 247 248 249 250 5 8 253 254 251 252
2147483892,0,0,0.654738,1,0,1,0,0,49 52 54 57 53 127 128 129 130 51 133 134 131 132 50
2147483893,0,0,inf,1,0,1,0,0,49 52 54 57 53 127 128 129 130 51 133 134 131 132 50
2147483895,0,0,0.842882,2,0,1,0,0,49 52 54 57 53 127 128 129 130 51 133 134 131 132 50
2147483896,0,0,inf,1,0,1,0,0,49 52 54 57 53 127 128 129 130 51 133 134 131 132 50
2147483906,0,0,0.4629,1,0,1,0,0,51 133 134 131 132 50
2147483907,0,0,0.685777,2,0,1,0,0,51 133 134 131 132 50
2147483908,0,0,0.342889,1,0,1,0,0,51 133 134 131 132 50
2147483909,0,0,0.37406,1,0,1,0,0,49 127 128 129 130 51 133 134 131 132 50
2147483913,0,0,0.407392,1,0,1,0,0,49 52 54 127 128 129 130 51 133 134 131 132 50
2147483915,0,0,0.42144,1,0,1,0,0,49 52 54 57 127 128 129 130 51 133 134 131 132 50
2147483920,0,0,13.0631,1,0,1,0,0,49 52 54 57 127 128 129 130 51 133 134 131 132 50
2147483922,0,0,26.3874,1,0,1,0,0,22 25 27 32 26 263 264 265 266 24 23 269 270 267 268
2147483924,0,0,6.53153,1,0,1,0,255,49 52 54 57 127 128 129 130 51 133 134 131 132 50
2147483926,0,0,13.1937,1,0,1,0,0,22 25 27 32 26 263 264 265 266 24 23 269 270 267 268
2147483928,0,0,9.79729,1,0,1,0,0,49 52 54 57 127 128 129 130 51 133 134 131 132 50
2147483931,0,0,9.47071,1,0,1,0,0,49 52 54 127 128 129 130 51 133 134 131 132 50
2147483933,0,0,13.063,1,0,1,0,0,49 52 54 57 127 128 129 130 51 133 134 131 132 50
2147483938,0,0,0.421389,1,0,1,0,0,49 52 54 57 127 128 129 130 51 133 134 131 132 50
2147483940,0,0,0.411416,2,0,1,0,0,51 133 134 131 132 50
2147483941,0,0,0.407343,1,0,1,0,0,49 52 54 127 128 129 130 51 133 134 131 132 50
2147483944,0,0,0.407342,1,0,1,0,0,49 52 54 127 128 129 130 51 133 134 131 132 50
2147483964,0,0,0.0498109,2,0,1,0,255,51 133 134 131 132 50
2147483968,0,0,0.00660794,15,0,1,0,0,51 133 134 131 132 50
2147483969,0,0,0.00682978,15,0,1,0,0,51 133 134 131 132 50
2147483973,0,0,inf,1,0,1,0,0,49 52 54 57 53 127 128 129 130 51 133 134 131 132 50
2147483975,0,0,inf,1,0,1,0,0,2 11 19 61 18 247 248 249 250 5 8 253 254 251 252
2147483977,0,0,0.0655221,1,0,1,0,0,49 52 54 57 53 127 128 129 130 51 133 134 131 132 50
2147483978,0,0,inf,1,0,1,0,0,49 52 54 57 53 127 128 129 130 51 133 134 131 132 50
2147483982,0,0,0.00705221,15,0,1,0,0,51 133 134 131 132 50
2147483987,0,0,inf,1,0,1,0,0,49 52 54 57 53 127 128 129 130 51 133 134 131 132 50
2147483989,0,0,inf,1,0,1,0,0,2 11 19 61 18 247 248 249 250 5 8 253 254 251 252
2147483991,0,0,0.0655221,1,0,1,0,0,49 52 54 57 53 127 128 129 130 51 133 134 131 132 50
2147483992,0,0,inf,1,0,1,0,255,49 52 54 57 53 127 128 129 130 51 133 134 131 132 50
2147483993,0,0,inf,2,0,1,0,0,49 52 54 57 53 127 128 129 130 51 133 134 131 132 50
2147484001,0,0,0.0487622,1,0,1,0,0,51 133 134 131 132 50
2147484002,0,0,0.0343141,1,0,1,0,0,51 133 134 131 132 50
2147484003,0,0,0.0374336,1,0,1,0,0,49 127 128 129 130 51 133 134 131 132 50
2147484014,0,0,0.0874209,1,0,1,0,0,49 52 54 57 127 128 129 130 51 133 134 131 132 50
2147484026,0,0,0.00440601,1,0,1,0,255,49 52 54 57 127 128 129 130 51 133 134 131 132 50
2147484027,0,0,inf,1,0,1,0,0,49 52 54 57 53 127 128 129 130 51 133 134 131 132 50
2147484028,0,0,0.0881202,1,0,1,0,0,49 52 54 57 127 128 129 130 51 133 134 131 132 50
2147484029,0,0,0.0859324,1,0,1,0,0,49 57 52 54 127 128 129 130 51 133 134 131 132 50
2147484030,0,0,0.0850816,1,0,1,0,0,49 52 54 127 128 129 130 51 133 134 131 132 50
2147484031,0,0,0.0859324,1,0,1,0,0,49 57 52 54 127 128 129 130 51 133 134 131 132 50
2147484032,0,0,0.0850816,1,0,1,0,0,49 52 54 127 128 129 130 51 133 134 131 132 50
2147484033,0,0,0.0881202,1,0,1,0,0,49 52 54 57 127 128 129 130 51 133 134 131 132 50
2147484034,0,0,inf,1,0,1,0,0,49 52 54 57 53 127 128 129 130 51 133 134 131 132 50
2147484037,0,0,0.452615,4,0,1,0,0,49 53 52 54 57 127 128 129 130 51 133 134 131 132 50
2147484039,0,0,0.452614,4,0,1,0,0,49 53 52 54 57 127 128 129 130 51 133 134 131 132 50
2147484041,0,0,0.452614,4,0,1,0,0,49 53 52 54 57 127 128 129 130 51 133 134 131 132 50
2147484043,0,0,21.661,4,0,1,0,0,51 133 134 131 132 50
2147484045,0,0,5.86233e-06,37,0,1,0,0,51 133 134 131 132 50
2147484050,0,0,0.0444066,4,0,1,0,0,49 53 52 54 57 127 128 129 130 51 133 134 131 132 50
2147484051,0,0,0.0452947,4,0,1,0,0,49 53 52 54 57 127 128 129 130 51 133 134 131 132 50
