2 
5 
8 
11 
18 
19 
22 2147483785 2147483844 2147483941 
23 
24 
25 2147483785 2147483844 2147483941 
26 2147483785 2147483844 2147483907 2147483941 
27 2147483785 2147483844 2147483941 
32 2147483785 2147483844 2147483907 2147483941 
49 2147483648 2147483651 2147483655 2147483659 2147483662 2147483663 2147483664 2147483666 2147483687 2147483688 2147483692 2147483693 2147483697 2147483699 2147483703 2147483704 2147483706 2147483721 2147483740 2147483741 2147483742 2147483743 2147483806 2147483811 2147483813 2147483998 2147483999 
50 
51 
52 2147483648 2147483651 2147483655 2147483659 2147483662 2147483663 2147483664 2147483666 2147483687 2147483688 2147483692 2147483693 2147483697 2147483699 2147483703 2147483704 2147483706 2147483721 2147483740 2147483741 2147483742 2147483743 2147483780 2147483806 2147483811 2147483813 2147483839 2147483998 2147483999 
53 2147483648 2147483651 2147483652 2147483655 2147483656 2147483659 2147483662 2147483663 2147483664 2147483666 2147483667 2147483687 2147483688 2147483689 2147483692 2147483693 2147483694 2147483697 2147483698 2147483699 2147483700 2147483703 2147483704 2147483706 2147483707 2147483721 2147483740 2147483741 2147483742 2147483743 2147483744 2147483752 2147483757 2147483764 2147483773 2147483780 2147483794 2147483803 2147483806 2147483810 2147483811 2147483813 2147483819 2147483822 2147483825 2147483830 2147483833 2147483839 2147483852 2147483864 2147483867 2147483879 2147483882 2147483908 2147483909 2147483920 2147483921 2147483922 2147483924 2147483925 2147483928 2147483936 2147483959 2147483971 2147483998 2147483999 
54 2147483648 2147483651 2147483655 2147483659 2147483662 2147483663 2147483664 2147483666 2147483687 2147483688 2147483689 2147483692 2147483693 2147483694 2147483697 2147483699 2147483700 2147483703 2147483704 2147483706 2147483721 2147483740 2147483741 2147483742 2147483743 2147483780 2147483806 2147483811 2147483813 2147483839 2147483908 2147483921 2147483925 2147483998 2147483999 
57 2147483648 2147483651 2147483652 2147483655 2147483656 2147483659 2147483662 2147483663 2147483664 2147483666 2147483687 2147483688 2147483689 2147483692 2147483693 2147483694 2147483697 2147483699 2147483700 2147483703 2147483704 2147483706 2147483721 2147483740 2147483741 2147483742 2147483743 2147483757 2147483773 2147483780 2147483806 2147483811 2147483813 2147483833 2147483839 2147483908 2147483920 2147483921 2147483922 2147483925 2147483928 2147483936 2147483998 2147483999 
61 
127 2147483648 2147483651 2147483655 2147483659 2147483662 2147483663 2147483664 2147483666 2147483687 2147483688 2147483692 2147483693 2147483697 2147483699 2147483703 2147483704 2147483706 2147483721 2147483740 2147483741 2147483742 2147483743 2147483780 2147483806 2147483811 2147483813 2147483839 2147483998 2147483999 
128 2147483648 2147483651 2147483655 2147483659 2147483662 2147483663 2147483664 2147483666 2147483687 2147483688 2147483692 2147483693 2147483697 2147483699 2147483703 2147483704 2147483706 2147483721 2147483740 2147483741 2147483742 2147483743 2147483806 2147483811 2147483813 2147483998 2147483999 
129 2147483648 2147483651 2147483655 2147483659 2147483662 2147483663 2147483664 2147483666 2147483687 2147483688 2147483692 2147483693 2147483697 2147483699 2147483703 2147483704 2147483706 2147483721 2147483740 2147483741 2147483742 2147483743 2147483806 2147483811 2147483813 2147483998 2147483999 
130 2147483648 2147483651 2147483655 2147483659 2147483662 2147483663 2147483664 2147483666 2147483687 2147483688 2147483692 2147483693 2147483697 2147483699 2147483703 2147483704 2147483706 2147483721 2147483740 2147483741 2147483742 2147483743 2147483806 2147483811 2147483813 2147483998 2147483999 
131 
132 
133 
134 
151 2147483719 2147483734 
152 2147483719 2147483734 
153 2147483719 2147483734 
154 2147483719 2147483734 
155 2147483719 2147483734 
156 2147483719 2147483734 
157 2147483719 2147483734 
158 2147483719 2147483734 
159 2147483719 2147483734 
160 2147483719 2147483734 
161 2147483719 2147483734 
162 2147483719 2147483734 
163 2147483719 2147483734 
164 2147483719 2147483734 
165 2147483719 2147483734 
166 2147483719 2147483734 
247 
248 
249 
250 
251 
252 
253 
254 
263 2147483785 2147483844 2147483941 
264 2147483785 2147483844 2147483941 
265 2147483785 2147483844 2147483941 
266 2147483785 2147483844 2147483941 
267 
268 
269 
270 
2147483648 2147483999 53 49 52 54 57 127 128 129 130 2147483999 
2147483651 2147483652 2147483743 2147483971 2147483999 53 49 52 54 57 127 128 129 130 2147483652 2147483743 2147483971 2147483999 
2147483652 2147483651 2147483651 57 53 
2147483655 2147483656 2147483743 2147483959 2147483999 53 49 52 54 57 127 128 129 130 2147483656 2147483743 2147483959 2147483999 
2147483656 2147483655 2147483655 57 53 
2147483659 2147483999 53 49 52 54 57 127 128 129 130 2147483999 
2147483662 2147483663 2147483664 2147483665 2147483666 2147483667 2147483677 2147483681 2147483684 2147483740 2147483752 2147483757 2147483759 2147483762 2147483764 2147483769 2147483771 2147483773 2147483775 2147483780 2147483785 2147483790 2147483792 2147483999 53 49 52 54 57 127 128 129 130 2147483663 2147483664 2147483665 2147483666 2147483667 2147483677 2147483681 2147483684 2147483740 2147483752 2147483757 2147483759 2147483762 2147483764 2147483769 2147483771 2147483773 2147483775 2147483780 2147483785 2147483790 2147483792 2147483999 
2147483663 2147483662 2147483662 2147483664 2147483665 2147483666 2147483667 2147483740 2147483757 2147483759 2147483762 2147483764 2147483771 2147483773 2147483775 2147483780 2147483785 49 54 52 57 53 127 128 129 130 2147483664 2147483665 2147483666 2147483667 2147483740 2147483757 2147483759 2147483762 2147483764 2147483771 2147483773 2147483775 2147483780 2147483785 
2147483664 2147483662 2147483663 2147483662 2147483663 2147483665 2147483666 2147483667 2147483762 2147483764 2147483771 2147483773 2147483775 2147483780 2147483785 52 49 54 57 53 127 128 129 130 2147483665 2147483666 2147483667 2147483762 2147483764 2147483771 2147483773 2147483775 2147483780 2147483785 
2147483665 2147483662 2147483663 2147483664 2147483662 2147483663 2147483664 2147483764 2147483764 
2147483666 2147483662 2147483663 2147483664 2147483662 2147483663 2147483664 2147483667 2147483771 2147483773 2147483775 2147483780 2147483785 49 127 52 54 57 53 128 129 130 2147483667 2147483771 2147483773 2147483775 2147483780 2147483785 
2147483667 2147483662 2147483663 2147483664 2147483666 2147483662 2147483663 2147483664 2147483666 2147483773 2147483775 53 2147483773 2147483775 
2147483677 2147483662 2147483662 2147483785 2147483790 2147483999 2147483785 2147483790 2147483999 
2147483681 2147483662 2147483662 2147483785 2147483792 2147483999 2147483785 2147483792 2147483999 
2147483684 2147483662 2147483662 2147483769 2147483999 2147483769 2147483999 
2147483687 2147483688 2147483689 2147483741 2147483879 2147483882 2147483999 53 49 52 54 57 127 128 129 130 2147483688 2147483689 2147483741 2147483879 2147483882 2147483999 
2147483688 2147483687 2147483687 2147483689 2147483741 2147483882 49 54 52 57 53 127 128 129 130 2147483689 2147483741 2147483882 
2147483689 2147483687 2147483688 2147483687 2147483688 54 57 53 
2147483692 2147483693 2147483694 2147483741 2147483864 2147483867 2147483999 53 49 52 54 57 127 128 129 130 2147483693 2147483694 2147483741 2147483864 2147483867 2147483999 
2147483693 2147483692 2147483692 2147483694 2147483741 2147483867 49 54 52 57 53 127 128 129 130 2147483694 2147483741 2147483867 
2147483694 2147483692 2147483693 2147483692 2147483693 54 57 53 
2147483697 2147483698 2147483699 2147483700 2147483703 2147483704 2147483705 2147483706 2147483707 2147483715 2147483741 2147483811 2147483813 2147483817 2147483819 2147483822 2147483825 2147483830 2147483833 2147483835 2147483839 2147483844 2147483849 2147483852 2147483999 53 49 52 54 57 127 128 129 130 2147483698 2147483699 2147483700 2147483703 2147483704 2147483705 2147483706 2147483707 2147483715 2147483741 2147483811 2147483813 2147483817 2147483819 2147483822 2147483825 2147483830 2147483833 2147483835 2147483839 2147483844 2147483849 2147483852 2147483999 
2147483698 2147483697 2147483697 2147483741 2147483811 2147483813 53 2147483741 2147483811 2147483813 
2147483699 2147483697 2147483697 2147483700 2147483741 2147483852 49 54 52 57 53 127 128 129 130 2147483700 2147483741 2147483852 
2147483700 2147483697 2147483699 2147483697 2147483699 54 57 53 
2147483703 2147483697 2147483697 2147483704 2147483705 2147483706 2147483707 2147483741 2147483819 2147483822 2147483825 2147483830 2147483833 2147483835 2147483839 2147483844 49 54 52 57 53 127 128 129 130 2147483704 2147483705 2147483706 2147483707 2147483741 2147483819 2147483822 2147483825 2147483830 2147483833 2147483835 2147483839 2147483844 
2147483704 2147483697 2147483703 2147483697 2147483703 2147483705 2147483706 2147483707 2147483741 2147483822 2147483825 2147483830 2147483833 2147483835 2147483839 2147483844 49 52 54 57 53 127 128 129 130 2147483705 2147483706 2147483707 2147483741 2147483822 2147483825 2147483830 2147483833 2147483835 2147483839 2147483844 
2147483705 2147483697 2147483703 2147483704 2147483697 2147483703 2147483704 2147483741 2147483825 2147483741 2147483825 
2147483706 2147483697 2147483703 2147483704 2147483697 2147483703 2147483704 2147483707 2147483741 2147483830 2147483833 2147483835 2147483839 2147483844 49 127 52 54 57 53 128 129 130 2147483707 2147483741 2147483830 2147483833 2147483835 2147483839 2147483844 
2147483707 2147483697 2147483703 2147483704 2147483706 2147483697 2147483703 2147483704 2147483706 2147483833 2147483835 53 2147483833 2147483835 
2147483715 2147483697 2147483697 2147483844 2147483849 2147483999 2147483844 2147483849 2147483999 
2147483719 2147483740 2147483741 2147483742 2147483743 2147483895 2147483897 2147483899 151 152 153 154 155 156 157 158 159 160 161 162 163 164 165 166 2147483740 2147483741 2147483742 2147483743 2147483895 2147483897 2147483899 
2147483720 2147483740 2147483741 2147483742 2147483743 2147483900 2147483903 2147483905 2147483998 2147483740 2147483741 2147483742 2147483743 2147483900 2147483903 2147483905 2147483998 
2147483721 2147483727 2147483742 2147483932 2147483936 2147483941 2147483946 2147483999 53 49 52 54 57 127 128 129 130 2147483727 2147483742 2147483932 2147483936 2147483941 2147483946 2147483999 
2147483727 2147483721 2147483721 2147483941 2147483946 2147483999 2147483941 2147483946 2147483999 
2147483734 2147483741 2147483743 2147483914 2147483916 2147483918 2147483998 151 152 153 154 155 156 157 158 159 160 161 162 163 164 165 166 2147483741 2147483743 2147483914 2147483916 2147483918 2147483998 
2147483735 2147483741 2147483743 2147483920 2147483998 2147483741 2147483743 2147483920 2147483998 
2147483736 2147483741 2147483925 2147483741 2147483925 
2147483737 2147483741 2147483928 2147483741 2147483928 
2147483740 2147483662 2147483663 2147483719 2147483720 2147483662 2147483663 2147483719 2147483720 2147483741 2147483742 2147483743 2147483744 2147483745 2147483747 2147483748 2147483752 2147483757 2147483759 2147483794 2147483795 2147483797 2147483801 2147483806 2147483892 2147483895 2147483897 2147483899 2147483900 2147483903 2147483905 2147483906 2147483907 2147483908 2147483998 53 57 49 52 54 127 128 129 130 2147483741 2147483742 2147483743 2147483744 2147483745 2147483747 2147483748 2147483752 2147483757 2147483759 2147483794 2147483795 2147483797 2147483801 2147483806 2147483892 2147483895 2147483897 2147483899 2147483900 2147483903 2147483905 2147483906 2147483907 2147483908 2147483998 
2147483741 2147483687 2147483688 2147483692 2147483693 2147483697 2147483698 2147483699 2147483703 2147483704 2147483705 2147483706 2147483719 2147483720 2147483734 2147483735 2147483736 2147483737 2147483740 2147483687 2147483688 2147483692 2147483693 2147483697 2147483698 2147483699 2147483703 2147483704 2147483705 2147483706 2147483719 2147483720 2147483734 2147483735 2147483736 2147483737 2147483740 2147483742 2147483743 2147483744 2147483745 2147483747 2147483748 2147483794 2147483795 2147483797 2147483801 2147483803 2147483804 2147483806 2147483810 2147483811 2147483813 2147483817 2147483819 2147483822 2147483825 2147483830 2147483852 2147483864 2147483867 2147483879 2147483882 2147483892 2147483895 2147483897 2147483899 2147483900 2147483903 2147483905 2147483906 2147483907 2147483908 2147483909 2147483910 2147483911 2147483914 2147483916 2147483918 2147483919 2147483920 2147483921 2147483922 2147483923 2147483924 2147483925 2147483928 2147483998 53 57 49 52 54 127 128 129 130 2147483742 2147483743 2147483744 2147483745 2147483747 2147483748 2147483794 2147483795 2147483797 2147483801 2147483803 2147483804 2147483806 2147483810 2147483811 2147483813 2147483817 2147483819 2147483822 2147483825 2147483830 2147483852 2147483864 2147483867 2147483879 2147483882 2147483892 2147483895 2147483897 2147483899 2147483900 2147483903 2147483905 2147483906 2147483907 2147483908 2147483909 2147483910 2147483911 2147483914 2147483916 2147483918 2147483919 2147483920 2147483921 2147483922 2147483923 2147483924 2147483925 2147483928 2147483998 
2147483742 2147483719 2147483720 2147483721 2147483740 2147483741 2147483719 2147483720 2147483721 2147483740 2147483741 2147483743 2147483744 2147483745 2147483892 2147483895 2147483897 2147483899 2147483900 2147483903 2147483905 2147483906 2147483932 2147483998 54 57 49 52 53 127 128 129 130 2147483743 2147483744 2147483745 2147483892 2147483895 2147483897 2147483899 2147483900 2147483903 2147483905 2147483906 2147483932 2147483998 
2147483743 2147483651 2147483655 2147483719 2147483720 2147483734 2147483735 2147483740 2147483741 2147483742 2147483651 2147483655 2147483719 2147483720 2147483734 2147483735 2147483740 2147483741 2147483742 2147483744 2147483745 2147483892 2147483895 2147483897 2147483899 2147483900 2147483903 2147483905 2147483906 2147483907 2147483908 2147483909 2147483910 2147483911 2147483914 2147483916 2147483918 2147483919 2147483920 2147483921 2147483922 2147483959 2147483971 2147483998 53 52 49 54 57 127 128 129 130 2147483744 2147483745 2147483892 2147483895 2147483897 2147483899 2147483900 2147483903 2147483905 2147483906 2147483907 2147483908 2147483909 2147483910 2147483911 2147483914 2147483916 2147483918 2147483919 2147483920 2147483921 2147483922 2147483959 2147483971 2147483998 
2147483744 2147483740 2147483741 2147483742 2147483743 2147483740 2147483741 2147483742 2147483743 53 
2147483745 2147483740 2147483741 2147483742 2147483743 2147483740 2147483741 2147483742 2147483743 
2147483747 2147483740 2147483741 2147483740 2147483741 
2147483748 2147483740 2147483741 2147483740 2147483741 
2147483752 2147483662 2147483740 2147483662 2147483740 53 
2147483757 2147483662 2147483663 2147483740 2147483662 2147483663 2147483740 2147483759 57 53 2147483759 
2147483759 2147483662 2147483663 2147483740 2147483757 2147483662 2147483663 2147483740 2147483757 
2147483762 2147483662 2147483663 2147483664 2147483662 2147483663 2147483664 
2147483764 2147483662 2147483663 2147483664 2147483665 2147483662 2147483663 2147483664 2147483665 53 
2147483769 2147483662 2147483684 2147483662 2147483684 2147483999 2147483999 
2147483771 2147483662 2147483663 2147483664 2147483666 2147483662 2147483663 2147483664 2147483666 
2147483773 2147483662 2147483663 2147483664 2147483666 2147483667 2147483662 2147483663 2147483664 2147483666 2147483667 2147483775 57 53 2147483775 
2147483775 2147483662 2147483663 2147483664 2147483666 2147483667 2147483773 2147483662 2147483663 2147483664 2147483666 2147483667 2147483773 
2147483780 2147483662 2147483663 2147483664 2147483666 2147483662 2147483663 2147483664 2147483666 2147483785 52 54 57 53 127 2147483785 
2147483785 2147483662 2147483663 2147483664 2147483666 2147483677 2147483681 2147483780 2147483662 2147483663 2147483664 2147483666 2147483677 2147483681 2147483780 2147483790 2147483792 2147483999 22 25 27 32 26 263 264 265 266 2147483790 2147483792 2147483999 
2147483790 2147483662 2147483677 2147483785 2147483662 2147483677 2147483785 2147483999 2147483999 
2147483792 2147483662 2147483681 2147483785 2147483662 2147483681 2147483785 2147483999 2147483999 
2147483794 2147483740 2147483741 2147483740 2147483741 53 
2147483795 2147483740 2147483741 2147483740 2147483741 2147483797 2147483806 2147483797 2147483806 
2147483797 2147483740 2147483741 2147483795 2147483740 2147483741 2147483795 2147483806 2147483806 
2147483801 2147483740 2147483741 2147483740 2147483741 2147483806 2147483806 
2147483803 2147483741 2147483741 2147483806 53 2147483806 
2147483804 2147483741 2147483741 2147483806 2147483806 
2147483806 2147483740 2147483741 2147483795 2147483797 2147483801 2147483803 2147483804 2147483740 2147483741 2147483795 2147483797 2147483801 2147483803 2147483804 49 52 54 57 53 127 128 129 130 
2147483810 2147483741 2147483741 53 
2147483811 2147483697 2147483698 2147483741 2147483697 2147483698 2147483741 2147483813 2147483817 49 52 54 57 53 127 128 129 130 2147483813 2147483817 
2147483813 2147483697 2147483698 2147483741 2147483811 2147483697 2147483698 2147483741 2147483811 2147483817 49 52 54 57 53 127 128 129 130 2147483817 
2147483817 2147483697 2147483741 2147483811 2147483813 2147483697 2147483741 2147483811 2147483813 
2147483819 2147483697 2147483703 2147483741 2147483697 2147483703 2147483741 53 
2147483822 2147483697 2147483703 2147483704 2147483741 2147483697 2147483703 2147483704 2147483741 53 
2147483825 2147483697 2147483703 2147483704 2147483705 2147483741 2147483697 2147483703 2147483704 2147483705 2147483741 53 
2147483830 2147483697 2147483703 2147483704 2147483706 2147483741 2147483697 2147483703 2147483704 2147483706 2147483741 53 
2147483833 2147483697 2147483703 2147483704 2147483706 2147483707 2147483697 2147483703 2147483704 2147483706 2147483707 2147483835 57 53 2147483835 
2147483835 2147483697 2147483703 2147483704 2147483706 2147483707 2147483833 2147483697 2147483703 2147483704 2147483706 2147483707 2147483833 
2147483839 2147483697 2147483703 2147483704 2147483706 2147483697 2147483703 2147483704 2147483706 2147483844 52 54 57 53 127 2147483844 
2147483844 2147483697 2147483703 2147483704 2147483706 2147483715 2147483839 2147483697 2147483703 2147483704 2147483706 2147483715 2147483839 2147483849 2147483999 22 25 27 32 26 263 264 265 266 2147483849 2147483999 
2147483849 2147483697 2147483715 2147483844 2147483697 2147483715 2147483844 2147483999 2147483999 
2147483852 2147483697 2147483699 2147483741 2147483697 2147483699 2147483741 53 
2147483864 2147483692 2147483741 2147483692 2147483741 53 
2147483867 2147483692 2147483693 2147483741 2147483692 2147483693 2147483741 53 
2147483879 2147483687 2147483741 2147483687 2147483741 53 
2147483882 2147483687 2147483688 2147483741 2147483687 2147483688 2147483741 53 
2147483892 2147483740 2147483741 2147483742 2147483743 2147483740 2147483741 2147483742 2147483743 
2147483895 2147483719 2147483740 2147483741 2147483742 2147483743 2147483719 2147483740 2147483741 2147483742 2147483743 
2147483897 2147483719 2147483740 2147483741 2147483742 2147483743 2147483719 2147483740 2147483741 2147483742 2147483743 
2147483899 2147483719 2147483740 2147483741 2147483742 2147483743 2147483719 2147483740 2147483741 2147483742 2147483743 
2147483900 2147483720 2147483740 2147483741 2147483742 2147483743 2147483720 2147483740 2147483741 2147483742 2147483743 
2147483903 2147483720 2147483740 2147483741 2147483742 2147483743 2147483720 2147483740 2147483741 2147483742 2147483743 
2147483905 2147483720 2147483740 2147483741 2147483742 2147483743 2147483720 2147483740 2147483741 2147483742 2147483743 2147483998 2147483998 
2147483906 2147483740 2147483741 2147483742 2147483743 2147483740 2147483741 2147483742 2147483743 
2147483907 2147483740 2147483741 2147483743 2147483740 2147483741 2147483743 2147483908 2147483998 32 26 2147483908 2147483998 
2147483908 2147483740 2147483741 2147483743 2147483907 2147483740 2147483741 2147483743 2147483907 2147483998 54 57 53 2147483998 
2147483909 2147483741 2147483743 2147483741 2147483743 2147483998 53 2147483998 
2147483910 2147483741 2147483743 2147483741 2147483743 2147483998 2147483998 
2147483911 2147483741 2147483743 2147483741 2147483743 2147483998 2147483998 
2147483914 2147483734 2147483741 2147483743 2147483734 2147483741 2147483743 2147483998 2147483998 
2147483916 2147483734 2147483741 2147483743 2147483734 2147483741 2147483743 2147483998 2147483998 
2147483918 2147483734 2147483741 2147483743 2147483734 2147483741 2147483743 2147483998 2147483998 
2147483919 2147483741 2147483743 2147483741 2147483743 2147483998 2147483998 
2147483920 2147483735 2147483741 2147483743 2147483735 2147483741 2147483743 2147483998 57 53 2147483998 
2147483921 2147483741 2147483743 2147483741 2147483743 2147483922 54 57 53 2147483922 
2147483922 2147483741 2147483743 2147483921 2147483741 2147483743 2147483921 57 53 
2147483923 2147483741 2147483741 
2147483924 2147483741 2147483741 53 
2147483925 2147483736 2147483741 2147483736 2147483741 54 57 53 
2147483928 2147483737 2147483741 2147483737 2147483741 57 53 
2147483932 2147483721 2147483742 2147483721 2147483742 
2147483936 2147483721 2147483721 2147483941 57 53 2147483941 
2147483941 2147483721 2147483727 2147483936 2147483721 2147483727 2147483936 2147483946 2147483999 22 25 27 32 26 263 264 265 266 2147483946 2147483999 
2147483946 2147483721 2147483727 2147483941 2147483721 2147483727 2147483941 2147483999 2147483999 
2147483959 2147483655 2147483743 2147483655 2147483743 53 
2147483971 2147483651 2147483743 2147483651 2147483743 53 
2147483998 2147483720 2147483734 2147483735 2147483740 2147483741 2147483742 2147483743 2147483905 2147483907 2147483908 2147483909 2147483910 2147483911 2147483914 2147483916 2147483918 2147483919 2147483920 2147483720 2147483734 2147483735 2147483740 2147483741 2147483742 2147483743 2147483905 2147483907 2147483908 2147483909 2147483910 2147483911 2147483914 2147483916 2147483918 2147483919 2147483920 49 52 54 57 53 127 128 129 130 
2147483999 2147483648 2147483651 2147483655 2147483659 2147483662 2147483677 2147483681 2147483684 2147483687 2147483692 2147483697 2147483715 2147483721 2147483727 2147483769 2147483785 2147483790 2147483792 2147483844 2147483849 2147483941 2147483946 2147483648 2147483651 2147483655 2147483659 2147483662 2147483677 2147483681 2147483684 2147483687 2147483692 2147483697 2147483715 2147483721 2147483727 2147483769 2147483785 2147483790 2147483792 2147483844 2147483849 2147483941 2147483946 53 49 52 54 57 127 128 129 130 
