2 
5 
8 
11 
18 
19 
22 2147483689 
23 
24 
25 2147483689 
26 2147483689 
27 2147483689 
32 2147483689 
49 2147483648 2147483649 2147483650 2147483655 2147483661 2147483665 2147483666 2147483677 2147483678 2147483686 2147483688 2147483721 2147483770 2147483771 
50 
51 
52 2147483648 2147483649 2147483650 2147483655 2147483661 2147483665 2147483666 2147483677 2147483678 2147483686 2147483688 2147483721 2147483726 2147483770 2147483771 
53 2147483648 2147483649 2147483650 2147483655 2147483661 2147483665 2147483666 2147483670 2147483677 2147483678 2147483686 2147483688 2147483695 2147483720 2147483721 2147483724 2147483725 2147483726 2147483740 2147483769 2147483770 2147483771 
54 2147483648 2147483649 2147483650 2147483655 2147483661 2147483665 2147483666 2147483670 2147483677 2147483678 2147483686 2147483688 2147483721 2147483725 2147483726 2147483769 2147483770 2147483771 
57 2147483648 2147483649 2147483650 2147483655 2147483661 2147483665 2147483666 2147483670 2147483677 2147483678 2147483686 2147483688 2147483721 2147483724 2147483725 2147483726 2147483769 2147483770 2147483771 
61 
127 2147483648 2147483649 2147483650 2147483655 2147483661 2147483665 2147483666 2147483677 2147483678 2147483686 2147483688 2147483721 2147483770 2147483771 
128 2147483648 2147483649 2147483650 2147483655 2147483661 2147483665 2147483666 2147483677 2147483678 2147483686 2147483688 2147483721 2147483770 2147483771 
129 2147483648 2147483649 2147483650 2147483655 2147483661 2147483665 2147483666 2147483677 2147483678 2147483686 2147483688 2147483721 2147483770 2147483771 
130 2147483648 2147483649 2147483650 2147483655 2147483661 2147483665 2147483666 2147483677 2147483678 2147483686 2147483688 2147483721 2147483770 2147483771 
131 
132 
133 
134 
151 
152 
153 
154 
155 
156 
157 
158 
159 
160 
161 
162 
163 
164 
165 
166 
247 
248 
249 
250 
251 
252 
253 
254 
263 2147483689 
264 2147483689 
265 2147483689 
266 2147483689 
267 
268 
269 
270 
2147483648 2147483649 2147483650 2147483655 2147483661 2147483665 2147483666 2147483670 2147483677 2147483678 2147483681 2147483682 2147483685 2147483686 2147483688 2147483689 2147483694 2147483695 2147483697 2147483699 2147483702 2147483703 2147483707 2147483708 2147483711 2147483712 2147483713 2147483720 2147483721 2147483724 2147483725 2147483726 2147483740 2147483766 2147483767 2147483769 2147483770 2147483771 49 52 54 57 53 127 128 129 130 2147483649 2147483650 2147483655 2147483661 2147483665 2147483666 2147483670 2147483677 2147483678 2147483681 2147483682 2147483685 2147483686 2147483688 2147483689 2147483694 2147483695 2147483697 2147483699 2147483702 2147483703 2147483707 2147483708 2147483711 2147483712 2147483713 2147483720 2147483721 2147483724 2147483725 2147483726 2147483740 2147483766 2147483767 2147483769 2147483770 2147483771 
2147483649 2147483648 2147483648 2147483650 2147483686 2147483688 2147483689 2147483694 2147483695 2147483697 2147483766 57 49 52 54 53 127 128 129 130 2147483650 2147483686 2147483688 2147483689 2147483694 2147483695 2147483697 2147483766 
2147483650 2147483648 2147483649 2147483648 2147483649 2147483686 2147483688 2147483689 2147483694 2147483695 2147483697 2147483766 54 49 52 57 53 127 128 129 130 2147483686 2147483688 2147483689 2147483694 2147483695 2147483697 2147483766 
2147483655 2147483648 2147483648 2147483771 53 49 52 54 57 127 128 129 130 2147483771 
2147483661 2147483648 2147483648 2147483771 53 49 52 54 57 127 128 129 130 2147483771 
2147483665 2147483648 2147483648 2147483666 2147483670 2147483686 2147483688 2147483720 2147483721 2147483724 2147483725 2147483726 2147483769 2147483770 49 52 54 57 53 127 128 129 130 2147483666 2147483670 2147483686 2147483688 2147483720 2147483721 2147483724 2147483725 2147483726 2147483769 2147483770 
2147483666 2147483648 2147483665 2147483648 2147483665 2147483670 2147483686 2147483688 2147483720 2147483721 2147483724 2147483725 2147483726 2147483769 2147483770 49 52 54 57 53 127 128 129 130 2147483670 2147483686 2147483688 2147483720 2147483721 2147483724 2147483725 2147483726 2147483769 2147483770 
2147483670 2147483648 2147483665 2147483666 2147483648 2147483665 2147483666 2147483686 2147483688 2147483721 2147483724 2147483770 54 57 53 2147483686 2147483688 2147483721 2147483724 2147483770 
2147483677 2147483648 2147483648 2147483678 2147483686 2147483740 2147483771 53 49 52 54 57 127 128 129 130 2147483678 2147483686 2147483740 2147483771 
2147483678 2147483648 2147483677 2147483648 2147483677 2147483681 2147483686 2147483740 2147483771 49 52 54 57 53 127 128 129 130 2147483681 2147483686 2147483740 2147483771 
2147483681 2147483648 2147483678 2147483648 2147483678 2147483771 2147483771 
2147483682 2147483648 2147483648 2147483686 2147483686 
2147483685 2147483648 2147483648 2147483771 2147483771 
2147483686 2147483648 2147483649 2147483650 2147483665 2147483666 2147483670 2147483677 2147483678 2147483682 2147483648 2147483649 2147483650 2147483665 2147483666 2147483670 2147483677 2147483678 2147483682 2147483688 2147483689 2147483694 2147483695 2147483697 2147483699 2147483702 2147483703 2147483707 2147483708 2147483711 2147483712 2147483713 2147483720 2147483721 2147483724 2147483725 2147483726 2147483740 2147483766 2147483767 2147483769 2147483770 53 49 52 54 57 127 128 129 130 2147483688 2147483689 2147483694 2147483695 2147483697 2147483699 2147483702 2147483703 2147483707 2147483708 2147483711 2147483712 2147483713 2147483720 2147483721 2147483724 2147483725 2147483726 2147483740 2147483766 2147483767 2147483769 2147483770 
2147483688 2147483648 2147483649 2147483650 2147483665 2147483666 2147483670 2147483686 2147483648 2147483649 2147483650 2147483665 2147483666 2147483670 2147483686 2147483689 2147483694 2147483695 2147483697 2147483699 2147483702 2147483703 2147483707 2147483708 2147483711 2147483712 2147483713 2147483720 2147483721 2147483724 2147483725 2147483726 2147483766 2147483767 2147483769 2147483770 54 49 52 57 53 127 128 129 130 2147483689 2147483694 2147483695 2147483697 2147483699 2147483702 2147483703 2147483707 2147483708 2147483711 2147483712 2147483713 2147483720 2147483721 2147483724 2147483725 2147483726 2147483766 2147483767 2147483769 2147483770 
2147483689 2147483648 2147483649 2147483650 2147483686 2147483688 2147483648 2147483649 2147483650 2147483686 2147483688 2147483694 2147483695 2147483697 2147483699 2147483702 2147483703 2147483766 2147483770 25 22 27 32 26 263 264 265 266 2147483694 2147483695 2147483697 2147483699 2147483702 2147483703 2147483766 2147483770 
2147483694 2147483648 2147483649 2147483650 2147483686 2147483688 2147483689 2147483648 2147483649 2147483650 2147483686 2147483688 2147483689 2147483695 2147483695 
2147483695 2147483648 2147483649 2147483650 2147483686 2147483688 2147483689 2147483694 2147483648 2147483649 2147483650 2147483686 2147483688 2147483689 2147483694 53 
2147483697 2147483648 2147483649 2147483650 2147483686 2147483688 2147483689 2147483648 2147483649 2147483650 2147483686 2147483688 2147483689 2147483766 2147483766 
2147483699 2147483648 2147483686 2147483688 2147483689 2147483648 2147483686 2147483688 2147483689 2147483766 2147483766 
2147483702 2147483648 2147483686 2147483688 2147483689 2147483648 2147483686 2147483688 2147483689 2147483703 2147483703 
2147483703 2147483648 2147483686 2147483688 2147483689 2147483702 2147483648 2147483686 2147483688 2147483689 2147483702 
2147483707 2147483648 2147483686 2147483688 2147483648 2147483686 2147483688 2147483711 2147483711 
2147483708 2147483648 2147483686 2147483688 2147483648 2147483686 2147483688 2147483711 2147483767 2147483711 2147483767 
2147483711 2147483648 2147483686 2147483688 2147483707 2147483708 2147483648 2147483686 2147483688 2147483707 2147483708 2147483767 2147483770 2147483767 2147483770 
2147483712 2147483648 2147483686 2147483688 2147483648 2147483686 2147483688 2147483713 2147483770 2147483713 2147483770 
2147483713 2147483648 2147483686 2147483688 2147483712 2147483648 2147483686 2147483688 2147483712 
2147483720 2147483648 2147483665 2147483666 2147483686 2147483688 2147483648 2147483665 2147483666 2147483686 2147483688 2147483721 2147483769 2147483770 53 2147483721 2147483769 2147483770 
2147483721 2147483648 2147483665 2147483666 2147483670 2147483686 2147483688 2147483720 2147483648 2147483665 2147483666 2147483670 2147483686 2147483688 2147483720 2147483724 2147483725 2147483726 2147483769 2147483770 53 49 52 54 57 127 128 129 130 2147483724 2147483725 2147483726 2147483769 2147483770 
2147483724 2147483648 2147483665 2147483666 2147483670 2147483686 2147483688 2147483721 2147483648 2147483665 2147483666 2147483670 2147483686 2147483688 2147483721 2147483725 2147483726 2147483770 57 53 2147483725 2147483726 2147483770 
2147483725 2147483648 2147483665 2147483666 2147483686 2147483688 2147483721 2147483724 2147483648 2147483665 2147483666 2147483686 2147483688 2147483721 2147483724 2147483726 2147483770 54 57 53 2147483726 2147483770 
2147483726 2147483648 2147483665 2147483666 2147483686 2147483688 2147483721 2147483724 2147483725 2147483648 2147483665 2147483666 2147483686 2147483688 2147483721 2147483724 2147483725 2147483770 52 54 57 53 2147483770 
2147483740 2147483648 2147483677 2147483678 2147483686 2147483648 2147483677 2147483678 2147483686 53 
2147483766 2147483648 2147483649 2147483650 2147483686 2147483688 2147483689 2147483697 2147483699 2147483648 2147483649 2147483650 2147483686 2147483688 2147483689 2147483697 2147483699 
2147483767 2147483648 2147483686 2147483688 2147483708 2147483711 2147483648 2147483686 2147483688 2147483708 2147483711 
2147483769 2147483648 2147483665 2147483666 2147483686 2147483688 2147483720 2147483721 2147483648 2147483665 2147483666 2147483686 2147483688 2147483720 2147483721 2147483770 54 57 53 2147483770 
2147483770 2147483648 2147483665 2147483666 2147483670 2147483686 2147483688 2147483689 2147483711 2147483712 2147483720 2147483721 2147483724 2147483725 2147483726 2147483769 2147483648 2147483665 2147483666 2147483670 2147483686 2147483688 2147483689 2147483711 2147483712 2147483720 2147483721 2147483724 2147483725 2147483726 2147483769 49 54 57 52 53 127 128 129 130 
2147483771 2147483648 2147483655 2147483661 2147483677 2147483678 2147483681 2147483685 2147483648 2147483655 2147483661 2147483677 2147483678 2147483681 2147483685 49 53 52 54 57 127 128 129 130 
