22 
23 
24 
25 
26 
27 
32 
49 
50 
51 
52 
53 2147483668 2147483687 
54 
57 2147483687 
127 
128 
129 
130 
131 
132 
133 
134 
263 
264 
265 
266 
267 
268 
269 
270 
2147483648 2147483667 2147483668 2147483675 2147483678 2147483680 2147483687 2147483709 2147483712 2147483714 2147483667 2147483668 2147483675 2147483678 2147483680 2147483687 2147483709 2147483712 2147483714 
2147483667 2147483648 2147483648 2147483668 2147483675 2147483678 2147483680 2147483687 2147483691 2147483697 2147483698 2147483701 2147483709 2147483712 2147483714 2147483715 2147483716 2147483668 2147483675 2147483678 2147483680 2147483687 2147483691 2147483697 2147483698 2147483701 2147483709 2147483712 2147483714 2147483715 2147483716 
2147483668 2147483648 2147483667 2147483648 2147483667 2147483675 2147483678 2147483680 2147483687 2147483691 2147483697 2147483698 2147483701 2147483709 2147483712 2147483714 53 2147483675 2147483678 2147483680 2147483687 2147483691 2147483697 2147483698 2147483701 2147483709 2147483712 2147483714 
2147483675 2147483648 2147483667 2147483668 2147483648 2147483667 2147483668 2147483678 2147483687 2147483712 2147483714 2147483678 2147483687 2147483712 2147483714 
2147483678 2147483648 2147483667 2147483668 2147483675 2147483648 2147483667 2147483668 2147483675 2147483680 2147483687 2147483709 2147483712 2147483714 2147483680 2147483687 2147483709 2147483712 2147483714 
2147483680 2147483648 2147483667 2147483668 2147483678 2147483648 2147483667 2147483668 2147483678 2147483687 2147483709 2147483712 2147483714 2147483687 2147483709 2147483712 2147483714 
2147483687 2147483648 2147483667 2147483668 2147483675 2147483678 2147483680 2147483648 2147483667 2147483668 2147483675 2147483678 2147483680 2147483709 2147483712 2147483714 57 53 2147483709 2147483712 2147483714 
2147483691 2147483667 2147483668 2147483667 2147483668 2147483714 2147483716 2147483714 2147483716 
2147483697 2147483667 2147483668 2147483667 2147483668 2147483698 2147483701 2147483714 2147483698 2147483701 2147483714 
2147483698 2147483667 2147483668 2147483697 2147483667 2147483668 2147483697 2147483714 2147483714 
2147483701 2147483667 2147483668 2147483697 2147483667 2147483668 2147483697 2147483714 2147483716 2147483714 2147483716 
2147483709 2147483648 2147483667 2147483668 2147483678 2147483680 2147483687 2147483648 2147483667 2147483668 2147483678 2147483680 2147483687 2147483712 2147483714 2147483712 2147483714 
2147483712 2147483648 2147483667 2147483668 2147483675 2147483678 2147483680 2147483687 2147483709 2147483648 2147483667 2147483668 2147483675 2147483678 2147483680 2147483687 2147483709 2147483714 2147483714 
2147483714 2147483648 2147483667 2147483668 2147483675 2147483678 2147483680 2147483687 2147483691 2147483697 2147483698 2147483701 2147483709 2147483712 2147483648 2147483667 2147483668 2147483675 2147483678 2147483680 2147483687 2147483691 2147483697 2147483698 2147483701 2147483709 2147483712 
2147483715 2147483667 2147483667 2147483716 2147483716 
2147483716 2147483667 2147483691 2147483701 2147483715 2147483667 2147483691 2147483701 2147483715 
