22 2147483664 
23 
24 
25 2147483664 
26 2147483664 
27 2147483664 
32 2147483664 
49 2147483650 2147483652 2147483656 2147483657 2147483662 2147483663 2147483702 
50 
51 
52 2147483650 2147483652 2147483656 2147483657 2147483662 2147483663 2147483702 
53 2147483649 2147483650 2147483652 2147483655 2147483656 2147483657 2147483659 2147483660 2147483662 2147483663 2147483702 
54 2147483650 2147483652 2147483656 2147483657 2147483662 2147483663 2147483702 
57 2147483650 2147483652 2147483655 2147483656 2147483657 2147483660 2147483662 2147483663 2147483702 
127 2147483650 2147483652 2147483656 2147483657 2147483662 2147483663 2147483702 
128 2147483650 2147483652 2147483656 2147483657 2147483662 2147483663 2147483702 
129 2147483650 2147483652 2147483656 2147483657 2147483662 2147483663 2147483702 
130 2147483650 2147483652 2147483656 2147483657 2147483662 2147483663 2147483702 
131 
132 
133 
134 
263 2147483664 
264 2147483664 
265 2147483664 
266 2147483664 
267 
268 
269 
270 
2147483649 2147483650 2147483651 2147483652 2147483655 2147483662 2147483663 2147483664 2147483667 2147483684 2147483690 2147483694 2147483702 53 2147483650 2147483651 2147483652 2147483655 2147483662 2147483663 2147483664 2147483667 2147483684 2147483690 2147483694 2147483702 
2147483650 2147483649 2147483649 2147483651 2147483652 2147483655 2147483656 2147483657 2147483659 2147483660 2147483662 2147483663 2147483664 2147483667 2147483670 2147483671 2147483672 2147483675 2147483676 2147483679 2147483683 2147483684 2147483690 2147483694 2147483698 2147483699 2147483702 49 52 54 57 53 127 128 129 130 2147483651 2147483652 2147483655 2147483656 2147483657 2147483659 2147483660 2147483662 2147483663 2147483664 2147483667 2147483670 2147483671 2147483672 2147483675 2147483676 2147483679 2147483683 2147483684 2147483690 2147483694 2147483698 2147483699 2147483702 
2147483651 2147483649 2147483650 2147483649 2147483650 2147483655 2147483662 2147483702 2147483655 2147483662 2147483702 
2147483652 2147483649 2147483650 2147483649 2147483650 2147483655 2147483656 2147483657 2147483662 2147483663 2147483664 2147483667 2147483670 2147483671 2147483672 2147483675 2147483684 49 52 54 57 53 127 128 129 130 2147483655 2147483656 2147483657 2147483662 2147483663 2147483664 2147483667 2147483670 2147483671 2147483672 2147483675 2147483684 
2147483655 2147483649 2147483650 2147483651 2147483652 2147483649 2147483650 2147483651 2147483652 2147483662 2147483663 2147483664 2147483667 2147483684 2147483690 2147483694 2147483702 57 53 2147483662 2147483663 2147483664 2147483667 2147483684 2147483690 2147483694 2147483702 
2147483656 2147483650 2147483652 2147483650 2147483652 2147483657 2147483659 2147483660 2147483662 2147483663 2147483664 2147483671 2147483672 2147483675 2147483676 2147483679 2147483683 2147483702 49 52 54 57 53 127 128 129 130 2147483657 2147483659 2147483660 2147483662 2147483663 2147483664 2147483671 2147483672 2147483675 2147483676 2147483679 2147483683 2147483702 
2147483657 2147483650 2147483652 2147483656 2147483650 2147483652 2147483656 2147483659 2147483660 2147483662 2147483663 2147483664 2147483675 2147483676 2147483679 2147483683 2147483702 49 52 54 57 53 127 128 129 130 2147483659 2147483660 2147483662 2147483663 2147483664 2147483675 2147483676 2147483679 2147483683 2147483702 
2147483659 2147483650 2147483656 2147483657 2147483650 2147483656 2147483657 2147483660 2147483662 2147483702 53 2147483660 2147483662 2147483702 
2147483660 2147483650 2147483656 2147483657 2147483659 2147483650 2147483656 2147483657 2147483659 2147483662 2147483702 57 53 2147483662 2147483702 
2147483662 2147483649 2147483650 2147483651 2147483652 2147483655 2147483656 2147483657 2147483659 2147483660 2147483649 2147483650 2147483651 2147483652 2147483655 2147483656 2147483657 2147483659 2147483660 2147483663 2147483664 2147483667 2147483670 2147483671 2147483672 2147483675 2147483676 2147483679 2147483683 2147483684 2147483690 2147483694 2147483698 2147483699 2147483701 2147483702 53 49 52 54 57 127 128 129 130 2147483663 2147483664 2147483667 2147483670 2147483671 2147483672 2147483675 2147483676 2147483679 2147483683 2147483684 2147483690 2147483694 2147483698 2147483699 2147483701 2147483702 
2147483663 2147483649 2147483650 2147483652 2147483655 2147483656 2147483657 2147483662 2147483649 2147483650 2147483652 2147483655 2147483656 2147483657 2147483662 2147483664 2147483667 2147483670 2147483671 2147483672 2147483675 2147483676 2147483679 2147483684 2147483690 57 49 52 54 53 127 128 129 130 2147483664 2147483667 2147483670 2147483671 2147483672 2147483675 2147483676 2147483679 2147483684 2147483690 
2147483664 2147483649 2147483650 2147483652 2147483655 2147483656 2147483657 2147483662 2147483663 2147483649 2147483650 2147483652 2147483655 2147483656 2147483657 2147483662 2147483663 2147483667 2147483670 2147483671 2147483672 2147483675 2147483676 2147483679 2147483684 2147483690 27 22 25 32 26 263 264 265 266 2147483667 2147483670 2147483671 2147483672 2147483675 2147483676 2147483679 2147483684 2147483690 
2147483667 2147483649 2147483650 2147483652 2147483655 2147483662 2147483663 2147483664 2147483649 2147483650 2147483652 2147483655 2147483662 2147483663 2147483664 2147483684 2147483684 
2147483670 2147483650 2147483652 2147483662 2147483663 2147483664 2147483650 2147483652 2147483662 2147483663 2147483664 2147483684 2147483684 
2147483671 2147483650 2147483652 2147483656 2147483662 2147483663 2147483664 2147483650 2147483652 2147483656 2147483662 2147483663 2147483664 
2147483672 2147483650 2147483652 2147483656 2147483662 2147483663 2147483664 2147483650 2147483652 2147483656 2147483662 2147483663 2147483664 
2147483675 2147483650 2147483652 2147483656 2147483657 2147483662 2147483663 2147483664 2147483650 2147483652 2147483656 2147483657 2147483662 2147483663 2147483664 
2147483676 2147483650 2147483656 2147483657 2147483662 2147483663 2147483664 2147483650 2147483656 2147483657 2147483662 2147483663 2147483664 2147483679 2147483679 
2147483679 2147483650 2147483656 2147483657 2147483662 2147483663 2147483664 2147483676 2147483650 2147483656 2147483657 2147483662 2147483663 2147483664 2147483676 
2147483683 2147483650 2147483656 2147483657 2147483662 2147483650 2147483656 2147483657 2147483662 2147483702 2147483702 
2147483684 2147483649 2147483650 2147483652 2147483655 2147483662 2147483663 2147483664 2147483667 2147483670 2147483649 2147483650 2147483652 2147483655 2147483662 2147483663 2147483664 2147483667 2147483670 2147483690 2147483690 
2147483690 2147483649 2147483650 2147483655 2147483662 2147483663 2147483664 2147483684 2147483649 2147483650 2147483655 2147483662 2147483663 2147483664 2147483684 
2147483694 2147483649 2147483650 2147483655 2147483662 2147483649 2147483650 2147483655 2147483662 2147483702 2147483702 
2147483698 2147483650 2147483662 2147483650 2147483662 2147483702 2147483702 
2147483699 2147483650 2147483662 2147483650 2147483662 2147483702 2147483702 
2147483701 2147483662 2147483662 
2147483702 2147483649 2147483650 2147483651 2147483655 2147483656 2147483657 2147483659 2147483660 2147483662 2147483683 2147483694 2147483698 2147483699 2147483649 2147483650 2147483651 2147483655 2147483656 2147483657 2147483659 2147483660 2147483662 2147483683 2147483694 2147483698 2147483699 53 49 52 54 57 127 128 129 130 
