2 
5 
8 
11 
18 
19 
49 2147483649 2147483650 2147483654 2147483655 2147483656 2147483673 2147483712 
50 
51 
52 2147483649 2147483650 2147483654 2147483655 2147483656 2147483673 2147483712 
53 2147483648 2147483649 2147483650 2147483654 2147483655 2147483656 2147483673 2147483674 2147483676 2147483685 2147483712 
54 2147483649 2147483650 2147483654 2147483655 2147483656 2147483673 2147483712 
57 2147483648 2147483649 2147483650 2147483654 2147483655 2147483656 2147483673 2147483712 
61 
127 2147483649 2147483650 2147483654 2147483655 2147483656 2147483673 2147483712 
128 2147483649 2147483650 2147483654 2147483655 2147483656 2147483673 2147483712 
129 2147483649 2147483650 2147483654 2147483655 2147483656 2147483673 2147483712 
130 2147483649 2147483650 2147483654 2147483655 2147483656 2147483673 2147483712 
131 
132 
133 
134 
247 
248 
249 
250 
251 
252 
253 
254 
2147483648 2147483649 2147483650 2147483673 2147483674 2147483676 2147483677 57 53 2147483649 2147483650 2147483673 2147483674 2147483676 2147483677 
2147483649 2147483648 2147483648 2147483650 2147483653 2147483654 2147483655 2147483656 2147483662 2147483663 2147483664 2147483669 2147483672 2147483673 2147483674 2147483676 2147483677 2147483685 2147483689 2147483691 2147483693 2147483694 2147483696 2147483710 2147483712 49 52 54 57 53 127 128 129 130 2147483650 2147483653 2147483654 2147483655 2147483656 2147483662 2147483663 2147483664 2147483669 2147483672 2147483673 2147483674 2147483676 2147483677 2147483685 2147483689 2147483691 2147483693 2147483694 2147483696 2147483710 2147483712 
2147483650 2147483648 2147483649 2147483648 2147483649 2147483653 2147483654 2147483655 2147483656 2147483662 2147483663 2147483669 2147483673 2147483674 2147483676 2147483677 2147483685 2147483689 2147483691 2147483693 2147483694 2147483696 2147483710 2147483712 49 52 54 57 53 127 128 129 130 2147483653 2147483654 2147483655 2147483656 2147483662 2147483663 2147483669 2147483673 2147483674 2147483676 2147483677 2147483685 2147483689 2147483691 2147483693 2147483694 2147483696 2147483710 2147483712 
2147483653 2147483649 2147483650 2147483649 2147483650 2147483712 2147483712 
2147483654 2147483649 2147483650 2147483649 2147483650 2147483655 2147483656 2147483662 2147483673 2147483685 2147483689 2147483691 2147483693 2147483694 2147483696 2147483710 2147483712 49 52 54 57 53 127 128 129 130 2147483655 2147483656 2147483662 2147483673 2147483685 2147483689 2147483691 2147483693 2147483694 2147483696 2147483710 2147483712 
2147483655 2147483649 2147483650 2147483654 2147483649 2147483650 2147483654 2147483656 2147483673 2147483685 2147483689 2147483710 57 49 52 54 53 127 128 129 130 2147483656 2147483673 2147483685 2147483689 2147483710 
2147483656 2147483649 2147483650 2147483654 2147483655 2147483649 2147483650 2147483654 2147483655 2147483673 2147483685 2147483689 2147483710 54 49 52 57 53 127 128 129 130 2147483673 2147483685 2147483689 2147483710 
2147483662 2147483649 2147483650 2147483654 2147483649 2147483650 2147483654 2147483712 2147483712 
2147483663 2147483649 2147483650 2147483649 2147483650 2147483673 2147483673 
2147483664 2147483649 2147483649 2147483673 2147483673 
2147483669 2147483649 2147483650 2147483649 2147483650 2147483712 2147483712 
2147483672 2147483649 2147483649 2147483712 2147483712 
2147483673 2147483648 2147483649 2147483650 2147483654 2147483655 2147483656 2147483663 2147483664 2147483648 2147483649 2147483650 2147483654 2147483655 2147483656 2147483663 2147483664 2147483674 2147483676 2147483677 2147483685 2147483689 2147483691 2147483693 2147483694 2147483696 2147483709 2147483710 2147483712 53 49 52 54 57 127 128 129 130 2147483674 2147483676 2147483677 2147483685 2147483689 2147483691 2147483693 2147483694 2147483696 2147483709 2147483710 2147483712 
2147483674 2147483648 2147483649 2147483650 2147483673 2147483648 2147483649 2147483650 2147483673 53 
2147483676 2147483648 2147483649 2147483650 2147483673 2147483648 2147483649 2147483650 2147483673 2147483677 53 2147483677 
2147483677 2147483648 2147483649 2147483650 2147483673 2147483676 2147483648 2147483649 2147483650 2147483673 2147483676 
2147483685 2147483649 2147483650 2147483654 2147483655 2147483656 2147483673 2147483649 2147483650 2147483654 2147483655 2147483656 2147483673 53 
2147483689 2147483649 2147483650 2147483654 2147483655 2147483656 2147483673 2147483649 2147483650 2147483654 2147483655 2147483656 2147483673 2147483710 2147483710 
2147483691 2147483649 2147483650 2147483654 2147483673 2147483649 2147483650 2147483654 2147483673 2147483710 2147483710 
2147483693 2147483649 2147483650 2147483654 2147483673 2147483649 2147483650 2147483654 2147483673 2147483694 2147483694 
2147483694 2147483649 2147483650 2147483654 2147483673 2147483693 2147483649 2147483650 2147483654 2147483673 2147483693 
2147483696 2147483649 2147483650 2147483654 2147483673 2147483649 2147483650 2147483654 2147483673 
2147483709 2147483673 2147483673 
2147483710 2147483649 2147483650 2147483654 2147483655 2147483656 2147483673 2147483689 2147483691 2147483649 2147483650 2147483654 2147483655 2147483656 2147483673 2147483689 2147483691 
2147483712 2147483649 2147483650 2147483653 2147483654 2147483662 2147483669 2147483672 2147483673 2147483649 2147483650 2147483653 2147483654 2147483662 2147483669 2147483672 2147483673 53 49 52 54 57 127 128 129 130 
