49 2147483648 2147483649 
50 
51 
52 2147483648 2147483649 
53 2147483648 2147483649 2147483653 2147483654 
54 2147483648 2147483649 
57 2147483648 2147483649 
127 2147483648 2147483649 
128 2147483648 2147483649 
129 2147483648 2147483649 
130 2147483648 2147483649 
131 
132 
133 
134 
151 2147483650 2147483651 2147483652 
152 2147483650 2147483651 2147483652 
153 2147483650 2147483651 2147483652 
154 2147483650 2147483651 2147483652 
155 2147483650 2147483651 2147483652 
156 2147483650 2147483651 2147483652 
157 2147483650 2147483651 2147483652 
158 2147483650 2147483651 2147483652 
159 2147483650 2147483651 2147483652 
160 2147483650 2147483651 2147483652 
161 2147483650 2147483651 2147483652 
162 2147483650 2147483651 2147483652 
163 2147483650 2147483651 2147483652 
164 2147483650 2147483651 2147483652 
165 2147483650 2147483651 2147483652 
166 2147483650 2147483651 2147483652 
2147483648 2147483649 2147483650 2147483651 2147483652 2147483653 2147483654 53 49 52 54 57 127 128 129 130 2147483649 2147483650 2147483651 2147483652 2147483653 2147483654 
2147483649 2147483648 2147483648 2147483650 2147483651 2147483652 2147483653 57 49 52 54 53 127 128 129 130 2147483650 2147483651 2147483652 2147483653 
2147483650 2147483648 2147483649 2147483648 2147483649 2147483651 2147483652 2147483653 151 152 153 154 155 156 157 158 159 160 161 162 163 164 165 166 2147483651 2147483652 2147483653 
2147483651 2147483648 2147483649 2147483650 2147483648 2147483649 2147483650 2147483652 2147483653 152 151 153 154 155 156 157 158 159 160 161 162 163 164 165 166 2147483652 2147483653 
2147483652 2147483648 2147483649 2147483650 2147483651 2147483648 2147483649 2147483650 2147483651 2147483653 153 151 152 154 155 156 157 158 159 160 161 162 163 164 165 166 2147483653 
2147483653 2147483648 2147483649 2147483650 2147483651 2147483652 2147483648 2147483649 2147483650 2147483651 2147483652 53 
2147483654 2147483648 2147483648 53 
