22 2147483673 2147483697 
23 
24 
25 2147483673 2147483692 2147483697 2147483719 
26 2147483673 2147483692 2147483697 2147483719 
27 2147483673 2147483692 2147483697 2147483719 
32 2147483673 2147483692 2147483697 2147483719 
49 2147483654 2147483658 2147483671 2147483672 2147483679 2147483714 2147483730 2147483731 
50 
51 
52 2147483654 2147483658 2147483672 2147483691 2147483731 
53 2147483654 2147483658 2147483672 2147483691 2147483731 
54 2147483654 2147483658 2147483671 2147483672 2147483679 2147483691 2147483714 2147483730 2147483731 
57 2147483654 2147483658 2147483672 2147483691 2147483731 
127 2147483654 2147483658 2147483672 2147483731 
128 2147483654 2147483658 2147483672 2147483731 
129 2147483654 2147483658 2147483672 2147483731 
130 2147483654 2147483658 2147483672 2147483731 
131 
132 
133 
134 
263 2147483673 2147483692 2147483697 
264 2147483673 2147483697 
265 2147483673 2147483697 
266 2147483673 2147483697 
267 
268 
269 
270 
2147483648 2147483671 2147483672 2147483673 2147483671 2147483672 2147483673 
2147483654 2147483672 2147483673 2147483719 2147483731 53 49 52 54 57 127 128 129 130 2147483672 2147483673 2147483719 2147483731 
2147483658 2147483664 2147483672 2147483673 2147483687 2147483691 2147483692 2147483697 2147483702 2147483731 53 49 52 54 57 127 128 129 130 2147483664 2147483672 2147483673 2147483687 2147483691 2147483692 2147483697 2147483702 2147483731 
2147483664 2147483658 2147483658 2147483697 2147483702 2147483731 2147483697 2147483702 2147483731 
2147483671 2147483648 2147483648 2147483672 2147483673 2147483676 2147483679 2147483682 2147483683 2147483706 2147483708 2147483714 2147483730 49 54 2147483672 2147483673 2147483676 2147483679 2147483682 2147483683 2147483706 2147483708 2147483714 2147483730 
2147483672 2147483648 2147483654 2147483658 2147483671 2147483648 2147483654 2147483658 2147483671 2147483673 2147483676 2147483679 2147483682 2147483683 2147483687 2147483691 2147483692 2147483697 2147483706 2147483708 2147483714 2147483719 2147483730 57 49 54 52 53 127 128 129 130 2147483673 2147483676 2147483679 2147483682 2147483683 2147483687 2147483691 2147483692 2147483697 2147483706 2147483708 2147483714 2147483719 2147483730 
2147483673 2147483648 2147483654 2147483658 2147483671 2147483672 2147483648 2147483654 2147483658 2147483671 2147483672 2147483676 2147483679 2147483682 2147483683 2147483687 2147483691 2147483692 2147483697 2147483706 2147483708 2147483714 2147483719 2147483730 27 25 22 32 26 263 264 265 266 2147483676 2147483679 2147483682 2147483683 2147483687 2147483691 2147483692 2147483697 2147483706 2147483708 2147483714 2147483719 2147483730 
2147483676 2147483671 2147483672 2147483673 2147483671 2147483672 2147483673 
2147483679 2147483671 2147483672 2147483673 2147483671 2147483672 2147483673 2147483682 2147483683 2147483730 49 54 2147483682 2147483683 2147483730 
2147483682 2147483671 2147483672 2147483673 2147483679 2147483671 2147483672 2147483673 2147483679 2147483730 2147483730 
2147483683 2147483671 2147483672 2147483673 2147483679 2147483671 2147483672 2147483673 2147483679 2147483730 2147483730 
2147483687 2147483658 2147483672 2147483673 2147483658 2147483672 2147483673 
2147483691 2147483658 2147483672 2147483673 2147483658 2147483672 2147483673 2147483692 2147483697 52 54 57 53 2147483692 2147483697 
2147483692 2147483658 2147483672 2147483673 2147483691 2147483658 2147483672 2147483673 2147483691 2147483697 25 27 32 26 263 2147483697 
2147483697 2147483658 2147483664 2147483672 2147483673 2147483691 2147483692 2147483658 2147483664 2147483672 2147483673 2147483691 2147483692 2147483702 2147483731 22 25 27 32 26 263 264 265 266 2147483702 2147483731 
2147483702 2147483658 2147483664 2147483697 2147483658 2147483664 2147483697 2147483731 2147483731 
2147483706 2147483671 2147483672 2147483673 2147483671 2147483672 2147483673 
2147483708 2147483671 2147483672 2147483673 2147483671 2147483672 2147483673 2147483714 2147483714 
2147483714 2147483671 2147483672 2147483673 2147483708 2147483671 2147483672 2147483673 2147483708 2147483730 49 54 2147483730 
2147483719 2147483654 2147483672 2147483673 2147483654 2147483672 2147483673 25 27 32 26 
2147483730 2147483671 2147483672 2147483673 2147483679 2147483682 2147483683 2147483714 2147483671 2147483672 2147483673 2147483679 2147483682 2147483683 2147483714 49 54 
2147483731 2147483654 2147483658 2147483664 2147483697 2147483702 2147483654 2147483658 2147483664 2147483697 2147483702 49 53 52 54 57 127 128 129 130 
