22 2147483762 
23 
24 
25 2147483762 
26 2147483698 2147483731 2147483762 2147483777 
27 2147483762 2147483777 
32 2147483762 2147483777 
49 2147483649 2147483669 2147483675 2147483676 2147483677 2147483680 2147483690 2147483780 2147483781 
50 
51 
52 2147483649 2147483669 2147483675 2147483676 2147483677 2147483680 2147483690 2147483715 2147483748 2147483778 2147483779 2147483780 2147483781 
53 2147483649 2147483669 2147483675 2147483676 2147483677 2147483680 2147483683 2147483684 2147483690 2147483692 2147483716 2147483717 2147483725 2147483749 2147483750 2147483765 2147483767 2147483774 2147483778 2147483779 2147483780 2147483781 
54 2147483649 2147483669 2147483675 2147483676 2147483677 2147483680 2147483690 2147483780 2147483781 
57 2147483649 2147483669 2147483675 2147483676 2147483677 2147483680 2147483684 2147483690 2147483692 2147483717 2147483725 2147483750 2147483780 2147483781 
127 2147483649 2147483669 2147483675 2147483676 2147483677 2147483680 2147483690 2147483780 2147483781 
128 2147483649 2147483669 2147483675 2147483676 2147483677 2147483680 2147483690 2147483780 2147483781 
129 2147483649 2147483669 2147483675 2147483676 2147483677 2147483680 2147483690 2147483780 2147483781 
130 2147483649 2147483669 2147483675 2147483676 2147483677 2147483680 2147483690 2147483780 2147483781 
131 
132 
133 
134 
263 2147483762 
264 2147483762 
265 2147483762 
266 2147483762 
267 
268 
269 
270 
2147483648 2147483675 2147483676 2147483677 2147483690 2147483675 2147483676 2147483677 2147483690 
2147483649 2147483651 2147483662 2147483675 2147483676 2147483677 2147483690 2147483692 2147483694 2147483695 2147483696 2147483698 2147483706 2147483715 2147483716 2147483717 2147483725 2147483727 2147483728 2147483729 2147483731 2147483739 2147483748 2147483749 2147483750 2147483778 2147483779 53 49 52 54 57 127 128 129 130 2147483651 2147483662 2147483675 2147483676 2147483677 2147483690 2147483692 2147483694 2147483695 2147483696 2147483698 2147483706 2147483715 2147483716 2147483717 2147483725 2147483727 2147483728 2147483729 2147483731 2147483739 2147483748 2147483749 2147483750 2147483778 2147483779 
2147483651 2147483649 2147483649 2147483675 2147483676 2147483677 2147483690 2147483778 2147483675 2147483676 2147483677 2147483690 2147483778 
2147483654 2147483675 2147483676 2147483677 2147483690 2147483675 2147483676 2147483677 2147483690 
2147483657 2147483688 2147483781 2147483688 2147483781 
2147483660 2147483690 2147483781 2147483690 2147483781 
2147483662 2147483649 2147483649 2147483675 2147483676 2147483677 2147483690 2147483779 2147483675 2147483676 2147483677 2147483690 2147483779 
2147483665 2147483675 2147483676 2147483677 2147483690 2147483675 2147483676 2147483677 2147483690 
2147483668 2147483690 2147483781 2147483690 2147483781 
2147483669 2147483675 2147483676 2147483767 2147483768 2147483774 2147483777 2147483780 54 49 52 57 53 127 128 129 130 2147483675 2147483676 2147483767 2147483768 2147483774 2147483777 2147483780 
2147483675 2147483648 2147483649 2147483651 2147483654 2147483662 2147483665 2147483669 2147483648 2147483649 2147483651 2147483654 2147483662 2147483665 2147483669 2147483676 2147483677 2147483680 2147483681 2147483683 2147483684 2147483690 2147483692 2147483694 2147483695 2147483696 2147483698 2147483706 2147483715 2147483716 2147483717 2147483725 2147483727 2147483728 2147483729 2147483731 2147483739 2147483748 2147483749 2147483750 2147483758 2147483762 2147483764 2147483765 2147483767 2147483768 2147483774 2147483777 2147483778 2147483779 2147483780 53 49 52 54 57 127 128 129 130 2147483676 2147483677 2147483680 2147483681 2147483683 2147483684 2147483690 2147483692 2147483694 2147483695 2147483696 2147483698 2147483706 2147483715 2147483716 2147483717 2147483725 2147483727 2147483728 2147483729 2147483731 2147483739 2147483748 2147483749 2147483750 2147483758 2147483762 2147483764 2147483765 2147483767 2147483768 2147483774 2147483777 2147483778 2147483779 2147483780 
2147483676 2147483648 2147483649 2147483651 2147483654 2147483662 2147483665 2147483669 2147483675 2147483648 2147483649 2147483651 2147483654 2147483662 2147483665 2147483669 2147483675 2147483677 2147483680 2147483681 2147483683 2147483684 2147483690 2147483692 2147483694 2147483695 2147483696 2147483698 2147483706 2147483715 2147483716 2147483717 2147483725 2147483727 2147483728 2147483729 2147483731 2147483739 2147483748 2147483749 2147483750 2147483758 2147483762 2147483764 2147483765 2147483767 2147483768 2147483774 2147483777 2147483778 2147483779 2147483780 53 54 57 49 52 127 128 129 130 2147483677 2147483680 2147483681 2147483683 2147483684 2147483690 2147483692 2147483694 2147483695 2147483696 2147483698 2147483706 2147483715 2147483716 2147483717 2147483725 2147483727 2147483728 2147483729 2147483731 2147483739 2147483748 2147483749 2147483750 2147483758 2147483762 2147483764 2147483765 2147483767 2147483768 2147483774 2147483777 2147483778 2147483779 2147483780 
2147483677 2147483648 2147483649 2147483651 2147483654 2147483662 2147483665 2147483675 2147483676 2147483648 2147483649 2147483651 2147483654 2147483662 2147483665 2147483675 2147483676 2147483680 2147483681 2147483683 2147483684 2147483690 2147483692 2147483694 2147483695 2147483696 2147483698 2147483706 2147483715 2147483716 2147483717 2147483725 2147483727 2147483728 2147483729 2147483731 2147483739 2147483748 2147483749 2147483750 2147483778 2147483779 53 52 54 57 49 127 128 129 130 2147483680 2147483681 2147483683 2147483684 2147483690 2147483692 2147483694 2147483695 2147483696 2147483698 2147483706 2147483715 2147483716 2147483717 2147483725 2147483727 2147483728 2147483729 2147483731 2147483739 2147483748 2147483749 2147483750 2147483778 2147483779 
2147483680 2147483675 2147483676 2147483677 2147483675 2147483676 2147483677 2147483681 2147483683 2147483684 53 49 52 54 57 127 128 129 130 2147483681 2147483683 2147483684 
2147483681 2147483675 2147483676 2147483677 2147483680 2147483675 2147483676 2147483677 2147483680 
2147483683 2147483675 2147483676 2147483677 2147483680 2147483675 2147483676 2147483677 2147483680 2147483684 53 2147483684 
2147483684 2147483675 2147483676 2147483677 2147483680 2147483683 2147483675 2147483676 2147483677 2147483680 2147483683 57 53 
2147483688 2147483657 2147483657 2147483781 2147483781 
2147483690 2147483648 2147483649 2147483651 2147483654 2147483660 2147483662 2147483665 2147483668 2147483675 2147483676 2147483677 2147483648 2147483649 2147483651 2147483654 2147483660 2147483662 2147483665 2147483668 2147483675 2147483676 2147483677 2147483692 2147483694 2147483695 2147483696 2147483698 2147483706 2147483715 2147483716 2147483717 2147483725 2147483727 2147483728 2147483729 2147483731 2147483739 2147483748 2147483749 2147483750 2147483778 2147483779 2147483781 49 52 54 57 53 127 128 129 130 2147483692 2147483694 2147483695 2147483696 2147483698 2147483706 2147483715 2147483716 2147483717 2147483725 2147483727 2147483728 2147483729 2147483731 2147483739 2147483748 2147483749 2147483750 2147483778 2147483779 2147483781 
2147483692 2147483649 2147483675 2147483676 2147483677 2147483690 2147483649 2147483675 2147483676 2147483677 2147483690 57 53 
2147483694 2147483649 2147483675 2147483676 2147483677 2147483690 2147483649 2147483675 2147483676 2147483677 2147483690 
2147483695 2147483649 2147483675 2147483676 2147483677 2147483690 2147483649 2147483675 2147483676 2147483677 2147483690 2147483696 2147483696 
2147483696 2147483649 2147483675 2147483676 2147483677 2147483690 2147483695 2147483649 2147483675 2147483676 2147483677 2147483690 2147483695 2147483698 2147483698 
2147483698 2147483649 2147483675 2147483676 2147483677 2147483690 2147483696 2147483649 2147483675 2147483676 2147483677 2147483690 2147483696 26 
2147483706 2147483649 2147483675 2147483676 2147483677 2147483690 2147483649 2147483675 2147483676 2147483677 2147483690 
2147483715 2147483649 2147483675 2147483676 2147483677 2147483690 2147483649 2147483675 2147483676 2147483677 2147483690 2147483778 52 2147483778 
2147483716 2147483649 2147483675 2147483676 2147483677 2147483690 2147483649 2147483675 2147483676 2147483677 2147483690 2147483717 53 2147483717 
2147483717 2147483649 2147483675 2147483676 2147483677 2147483690 2147483716 2147483649 2147483675 2147483676 2147483677 2147483690 2147483716 57 53 
2147483725 2147483649 2147483675 2147483676 2147483677 2147483690 2147483649 2147483675 2147483676 2147483677 2147483690 57 53 
2147483727 2147483649 2147483675 2147483676 2147483677 2147483690 2147483649 2147483675 2147483676 2147483677 2147483690 
2147483728 2147483649 2147483675 2147483676 2147483677 2147483690 2147483649 2147483675 2147483676 2147483677 2147483690 2147483729 2147483729 
2147483729 2147483649 2147483675 2147483676 2147483677 2147483690 2147483728 2147483649 2147483675 2147483676 2147483677 2147483690 2147483728 2147483731 2147483731 
2147483731 2147483649 2147483675 2147483676 2147483677 2147483690 2147483729 2147483649 2147483675 2147483676 2147483677 2147483690 2147483729 26 
2147483739 2147483649 2147483675 2147483676 2147483677 2147483690 2147483649 2147483675 2147483676 2147483677 2147483690 
2147483748 2147483649 2147483675 2147483676 2147483677 2147483690 2147483649 2147483675 2147483676 2147483677 2147483690 2147483779 52 2147483779 
2147483749 2147483649 2147483675 2147483676 2147483677 2147483690 2147483649 2147483675 2147483676 2147483677 2147483690 2147483750 53 2147483750 
2147483750 2147483649 2147483675 2147483676 2147483677 2147483690 2147483749 2147483649 2147483675 2147483676 2147483677 2147483690 2147483749 57 53 
2147483758 2147483675 2147483676 2147483675 2147483676 2147483762 2147483762 
2147483762 2147483675 2147483676 2147483758 2147483675 2147483676 2147483758 2147483765 2147483780 22 25 27 32 26 263 264 265 266 2147483765 2147483780 
2147483764 2147483675 2147483676 2147483675 2147483676 2147483780 2147483780 
2147483765 2147483675 2147483676 2147483762 2147483675 2147483676 2147483762 53 
2147483767 2147483669 2147483675 2147483676 2147483669 2147483675 2147483676 2147483780 53 2147483780 
2147483768 2147483669 2147483675 2147483676 2147483669 2147483675 2147483676 2147483777 2147483780 2147483777 2147483780 
2147483774 2147483669 2147483675 2147483676 2147483669 2147483675 2147483676 2147483780 53 2147483780 
2147483777 2147483669 2147483675 2147483676 2147483768 2147483669 2147483675 2147483676 2147483768 2147483780 27 32 26 2147483780 
2147483778 2147483649 2147483651 2147483675 2147483676 2147483677 2147483690 2147483715 2147483649 2147483651 2147483675 2147483676 2147483677 2147483690 2147483715 52 53 
2147483779 2147483649 2147483662 2147483675 2147483676 2147483677 2147483690 2147483748 2147483649 2147483662 2147483675 2147483676 2147483677 2147483690 2147483748 52 53 
2147483780 2147483669 2147483675 2147483676 2147483762 2147483764 2147483767 2147483768 2147483774 2147483777 2147483669 2147483675 2147483676 2147483762 2147483764 2147483767 2147483768 2147483774 2147483777 49 53 57 52 54 127 128 129 130 
2147483781 2147483657 2147483660 2147483668 2147483688 2147483690 2147483657 2147483660 2147483668 2147483688 2147483690 53 49 52 54 57 127 128 129 130 
