22 
23 
24 
25 
26 
27 
32 
49 2147483648 2147483654 2147483657 2147483662 2147483666 2147483670 2147483671 2147483726 2147483727 
50 
51 
52 2147483648 2147483654 2147483657 2147483662 2147483666 2147483670 2147483671 2147483726 2147483727 
53 2147483648 2147483654 2147483657 2147483662 2147483666 2147483670 2147483671 2147483687 2147483688 2147483689 2147483691 2147483703 2147483705 2147483726 2147483727 
54 2147483648 2147483654 2147483657 2147483662 2147483666 2147483670 2147483671 2147483726 2147483727 
57 2147483648 2147483654 2147483657 2147483662 2147483666 2147483670 2147483671 2147483689 2147483703 2147483705 2147483726 2147483727 
127 2147483648 2147483654 2147483657 2147483662 2147483666 2147483670 2147483671 2147483726 2147483727 
128 2147483648 2147483654 2147483657 2147483662 2147483666 2147483670 2147483671 2147483726 2147483727 
129 2147483648 2147483654 2147483657 2147483662 2147483666 2147483670 2147483671 2147483726 2147483727 
130 2147483648 2147483654 2147483657 2147483662 2147483666 2147483670 2147483671 2147483726 2147483727 
131 
132 
133 
134 
151 2147483652 
152 2147483652 
153 2147483652 
154 2147483652 
155 2147483652 
156 2147483652 
157 2147483652 
158 2147483652 
159 2147483652 
160 2147483652 
161 2147483652 
162 2147483652 
163 2147483652 
164 2147483652 
165 2147483652 
166 2147483652 
263 
264 
265 
266 
267 
268 
269 
270 
2147483648 2147483727 53 49 52 54 57 127 128 129 130 2147483727 
2147483652 2147483670 2147483671 2147483675 2147483677 2147483679 151 152 153 154 155 156 157 158 159 160 161 162 163 164 165 166 2147483670 2147483671 2147483675 2147483677 2147483679 
2147483653 2147483657 2147483670 2147483671 2147483680 2147483683 2147483685 2147483725 2147483657 2147483670 2147483671 2147483680 2147483683 2147483685 2147483725 
2147483654 2147483727 53 49 52 54 57 127 128 129 130 2147483727 
2147483657 2147483653 2147483653 2147483670 2147483671 2147483683 2147483685 2147483686 2147483687 2147483725 53 49 52 54 57 127 128 129 130 2147483670 2147483671 2147483683 2147483685 2147483686 2147483687 2147483725 
2147483661 2147483670 2147483688 2147483689 2147483670 2147483688 2147483689 
2147483662 2147483727 53 49 52 54 57 127 128 129 130 2147483727 
2147483666 2147483670 2147483703 2147483726 57 49 52 54 53 127 128 129 130 2147483670 2147483703 2147483726 
2147483670 2147483652 2147483653 2147483657 2147483661 2147483666 2147483652 2147483653 2147483657 2147483661 2147483666 2147483671 2147483672 2147483675 2147483677 2147483679 2147483680 2147483683 2147483685 2147483686 2147483687 2147483688 2147483689 2147483690 2147483691 2147483692 2147483699 2147483703 2147483705 2147483725 2147483726 53 49 52 54 57 127 128 129 130 2147483671 2147483672 2147483675 2147483677 2147483679 2147483680 2147483683 2147483685 2147483686 2147483687 2147483688 2147483689 2147483690 2147483691 2147483692 2147483699 2147483703 2147483705 2147483725 2147483726 
2147483671 2147483652 2147483653 2147483657 2147483670 2147483652 2147483653 2147483657 2147483670 2147483672 2147483675 2147483677 2147483679 2147483680 2147483683 2147483685 2147483686 2147483725 57 49 52 54 53 127 128 129 130 2147483672 2147483675 2147483677 2147483679 2147483680 2147483683 2147483685 2147483686 2147483725 
2147483672 2147483670 2147483671 2147483670 2147483671 
2147483675 2147483652 2147483670 2147483671 2147483652 2147483670 2147483671 
2147483677 2147483652 2147483670 2147483671 2147483652 2147483670 2147483671 
2147483679 2147483652 2147483670 2147483671 2147483652 2147483670 2147483671 
2147483680 2147483653 2147483670 2147483671 2147483653 2147483670 2147483671 
2147483683 2147483653 2147483657 2147483670 2147483671 2147483653 2147483657 2147483670 2147483671 
2147483685 2147483653 2147483657 2147483670 2147483671 2147483653 2147483657 2147483670 2147483671 2147483725 2147483725 
2147483686 2147483657 2147483670 2147483671 2147483657 2147483670 2147483671 
2147483687 2147483657 2147483670 2147483657 2147483670 53 
2147483688 2147483661 2147483670 2147483661 2147483670 2147483689 53 2147483689 
2147483689 2147483661 2147483670 2147483688 2147483661 2147483670 2147483688 57 53 
2147483690 2147483670 2147483670 2147483691 2147483691 
2147483691 2147483670 2147483690 2147483670 2147483690 53 
2147483692 2147483670 2147483670 
2147483699 2147483670 2147483670 
2147483703 2147483666 2147483670 2147483666 2147483670 2147483726 57 53 2147483726 
2147483705 2147483670 2147483670 2147483726 57 53 2147483726 
2147483725 2147483653 2147483657 2147483670 2147483671 2147483685 2147483653 2147483657 2147483670 2147483671 2147483685 
2147483726 2147483666 2147483670 2147483703 2147483705 2147483666 2147483670 2147483703 2147483705 49 57 52 54 53 127 128 129 130 
2147483727 2147483648 2147483654 2147483662 2147483648 2147483654 2147483662 49 53 52 54 57 127 128 129 130 
