49 2147483650 2147483652 2147483663 2147483666 2147483682 2147483689 2147483707 2147483708 2147483728 2147483730 2147483731 2147483733 2147483735 2147483736 
50 
51 
52 2147483650 2147483652 2147483663 2147483666 2147483682 2147483689 2147483707 2147483708 2147483728 2147483731 2147483733 2147483735 2147483736 
53 2147483650 2147483652 2147483663 2147483666 2147483682 2147483689 2147483690 2147483692 2147483703 2147483707 2147483708 2147483716 2147483728 2147483731 2147483733 2147483735 2147483736 
54 2147483650 2147483652 2147483663 2147483666 2147483682 2147483689 2147483707 2147483708 2147483728 2147483730 2147483731 2147483733 2147483735 2147483736 
57 2147483650 2147483652 2147483663 2147483666 2147483682 2147483689 2147483707 2147483708 2147483728 2147483731 2147483733 2147483735 2147483736 
127 2147483650 2147483652 2147483663 2147483666 2147483682 2147483689 2147483707 2147483708 2147483728 2147483731 2147483733 2147483735 2147483736 
128 2147483650 2147483652 2147483663 2147483666 2147483682 2147483689 2147483707 2147483708 2147483728 2147483731 2147483733 2147483735 2147483736 
129 2147483650 2147483652 2147483663 2147483666 2147483682 2147483689 2147483707 2147483708 2147483728 2147483731 2147483733 2147483735 2147483736 
130 2147483650 2147483652 2147483663 2147483666 2147483682 2147483689 2147483707 2147483708 2147483728 2147483731 2147483733 2147483735 2147483736 
131 
132 
133 
134 
2147483649 2147483689 2147483730 2147483689 2147483730 
2147483650 2147483662 2147483663 2147483665 2147483666 2147483689 2147483703 2147483707 2147483708 2147483716 2147483730 2147483731 2147483733 2147483734 49 52 54 57 53 127 128 129 130 2147483662 2147483663 2147483665 2147483666 2147483689 2147483703 2147483707 2147483708 2147483716 2147483730 2147483731 2147483733 2147483734 
2147483652 2147483654 2147483689 2147483728 49 52 54 57 53 127 128 129 130 2147483654 2147483689 2147483728 
2147483654 2147483652 2147483652 2147483689 2147483728 2147483689 2147483728 
2147483662 2147483650 2147483650 2147483689 2147483731 2147483734 2147483689 2147483731 2147483734 
2147483663 2147483650 2147483650 2147483665 2147483666 2147483689 2147483707 2147483708 2147483716 2147483731 2147483733 2147483734 49 52 54 57 53 127 128 129 130 2147483665 2147483666 2147483689 2147483707 2147483708 2147483716 2147483731 2147483733 2147483734 
2147483665 2147483650 2147483663 2147483650 2147483663 2147483689 2147483707 2147483708 2147483731 2147483734 2147483689 2147483707 2147483708 2147483731 2147483734 
2147483666 2147483650 2147483663 2147483650 2147483663 2147483689 2147483707 2147483708 2147483716 2147483731 2147483733 2147483734 49 52 54 57 53 127 128 129 130 2147483689 2147483707 2147483708 2147483716 2147483731 2147483733 2147483734 
2147483678 2147483689 2147483689 
2147483682 2147483684 2147483689 2147483735 2147483736 49 52 54 57 53 127 128 129 130 2147483684 2147483689 2147483735 2147483736 
2147483684 2147483682 2147483682 2147483689 2147483735 2147483736 2147483689 2147483735 2147483736 
2147483688 2147483689 2147483735 2147483689 2147483735 
2147483689 2147483649 2147483650 2147483652 2147483654 2147483662 2147483663 2147483665 2147483666 2147483678 2147483682 2147483684 2147483688 2147483649 2147483650 2147483652 2147483654 2147483662 2147483663 2147483665 2147483666 2147483678 2147483682 2147483684 2147483688 2147483690 2147483692 2147483703 2147483707 2147483708 2147483716 2147483728 2147483730 2147483731 2147483733 2147483734 2147483735 2147483736 53 49 52 54 57 127 128 129 130 2147483690 2147483692 2147483703 2147483707 2147483708 2147483716 2147483728 2147483730 2147483731 2147483733 2147483734 2147483735 2147483736 
2147483690 2147483689 2147483689 53 
2147483692 2147483689 2147483689 53 
2147483703 2147483650 2147483689 2147483650 2147483689 2147483731 53 2147483731 
2147483707 2147483650 2147483663 2147483665 2147483666 2147483689 2147483650 2147483663 2147483665 2147483666 2147483689 2147483708 2147483716 2147483731 2147483733 2147483734 49 52 54 57 53 127 128 129 130 2147483708 2147483716 2147483731 2147483733 2147483734 
2147483708 2147483650 2147483663 2147483665 2147483666 2147483689 2147483707 2147483650 2147483663 2147483665 2147483666 2147483689 2147483707 2147483716 2147483731 2147483733 2147483734 49 52 54 57 53 127 128 129 130 2147483716 2147483731 2147483733 2147483734 
2147483716 2147483650 2147483663 2147483666 2147483689 2147483707 2147483708 2147483650 2147483663 2147483666 2147483689 2147483707 2147483708 2147483731 2147483733 53 2147483731 2147483733 
2147483722 
2147483728 2147483652 2147483654 2147483689 2147483652 2147483654 2147483689 53 49 52 54 57 127 128 129 130 
2147483730 2147483649 2147483650 2147483689 2147483649 2147483650 2147483689 2147483731 49 54 2147483731 
2147483731 2147483650 2147483662 2147483663 2147483665 2147483666 2147483689 2147483703 2147483707 2147483708 2147483716 2147483730 2147483650 2147483662 2147483663 2147483665 2147483666 2147483689 2147483703 2147483707 2147483708 2147483716 2147483730 2147483733 2147483734 49 52 54 57 53 127 128 129 130 2147483733 2147483734 
2147483733 2147483650 2147483663 2147483666 2147483689 2147483707 2147483708 2147483716 2147483731 2147483650 2147483663 2147483666 2147483689 2147483707 2147483708 2147483716 2147483731 2147483734 49 52 54 57 53 127 128 129 130 2147483734 
2147483734 2147483650 2147483662 2147483663 2147483665 2147483666 2147483689 2147483707 2147483708 2147483731 2147483733 2147483650 2147483662 2147483663 2147483665 2147483666 2147483689 2147483707 2147483708 2147483731 2147483733 
2147483735 2147483682 2147483684 2147483688 2147483689 2147483682 2147483684 2147483688 2147483689 2147483736 49 53 52 54 57 127 128 129 130 2147483736 
2147483736 2147483682 2147483684 2147483689 2147483735 2147483682 2147483684 2147483689 2147483735 53 49 52 54 57 127 128 129 130 
