22 2147483676 
23 
24 
25 2147483676 
26 2147483676 
27 2147483676 
32 2147483676 
49 
50 
51 
52 
53 2147483666 2147483669 2147483671 
54 
57 2147483666 2147483669 
127 
128 
129 
130 
131 
132 
133 
134 
151 2147483655 2147483674 
152 2147483655 2147483674 
153 2147483655 2147483674 
154 2147483655 2147483674 
155 2147483655 2147483674 
156 2147483655 2147483674 
157 2147483655 2147483674 
158 2147483655 2147483674 
159 2147483655 2147483674 
160 2147483655 2147483674 
161 2147483655 2147483674 
162 2147483655 2147483674 
163 2147483655 2147483674 
164 2147483655 2147483674 
165 2147483655 2147483674 
166 2147483655 2147483674 
263 2147483676 
264 2147483676 
265 2147483676 
266 2147483676 
267 
268 
269 
270 
2147483649 2147483655 2147483661 2147483662 2147483664 2147483665 2147483666 2147483674 2147483676 2147483655 2147483661 2147483662 2147483664 2147483665 2147483666 2147483674 2147483676 
2147483655 2147483649 2147483649 2147483658 2147483659 2147483660 2147483661 2147483662 2147483664 2147483665 2147483666 2147483668 2147483669 2147483671 2147483672 2147483674 2147483676 2147483677 151 152 153 154 155 156 157 158 159 160 161 162 163 164 165 166 2147483658 2147483659 2147483660 2147483661 2147483662 2147483664 2147483665 2147483666 2147483668 2147483669 2147483671 2147483672 2147483674 2147483676 2147483677 
2147483658 2147483655 2147483655 2147483674 2147483676 2147483674 2147483676 
2147483659 2147483655 2147483655 2147483674 2147483676 2147483674 2147483676 
2147483660 2147483655 2147483655 2147483674 2147483676 2147483674 2147483676 
2147483661 2147483649 2147483655 2147483649 2147483655 2147483662 2147483674 2147483676 2147483662 2147483674 2147483676 
2147483662 2147483649 2147483655 2147483661 2147483649 2147483655 2147483661 2147483674 2147483676 2147483674 2147483676 
2147483664 2147483649 2147483655 2147483649 2147483655 2147483665 2147483674 2147483676 2147483665 2147483674 2147483676 
2147483665 2147483649 2147483655 2147483664 2147483649 2147483655 2147483664 2147483674 2147483674 
2147483666 2147483649 2147483655 2147483649 2147483655 2147483674 2147483676 57 53 2147483674 2147483676 
2147483668 2147483655 2147483655 2147483669 2147483674 2147483676 2147483669 2147483674 2147483676 
2147483669 2147483655 2147483668 2147483655 2147483668 2147483674 2147483676 57 53 2147483674 2147483676 
2147483671 2147483655 2147483655 2147483674 2147483677 53 2147483674 2147483677 
2147483672 2147483655 2147483655 2147483674 2147483674 
2147483674 2147483649 2147483655 2147483658 2147483659 2147483660 2147483661 2147483662 2147483664 2147483665 2147483666 2147483668 2147483669 2147483671 2147483672 2147483649 2147483655 2147483658 2147483659 2147483660 2147483661 2147483662 2147483664 2147483665 2147483666 2147483668 2147483669 2147483671 2147483672 2147483676 2147483677 151 152 153 154 155 156 157 158 159 160 161 162 163 164 165 166 2147483676 2147483677 
2147483676 2147483649 2147483655 2147483658 2147483659 2147483660 2147483661 2147483662 2147483664 2147483666 2147483668 2147483669 2147483674 2147483649 2147483655 2147483658 2147483659 2147483660 2147483661 2147483662 2147483664 2147483666 2147483668 2147483669 2147483674 26 32 22 25 27 263 264 265 266 
2147483677 2147483655 2147483671 2147483674 2147483655 2147483671 2147483674 
