2 
5 
8 
11 
18 
19 
49 2147483648 2147483649 2147483650 2147483655 2147483656 2147483657 2147483661 2147483665 2147483666 2147483667 2147483694 2147483703 2147483709 2147483802 
50 
51 
52 2147483648 2147483649 2147483650 2147483655 2147483656 2147483657 2147483661 2147483665 2147483666 2147483667 2147483694 2147483703 2147483709 2147483802 
53 2147483648 2147483649 2147483650 2147483655 2147483656 2147483657 2147483661 2147483665 2147483666 2147483667 2147483694 2147483703 2147483704 2147483705 2147483707 2147483709 2147483714 2147483726 2147483746 2147483756 2147483768 2147483769 2147483774 2147483802 
54 2147483648 2147483649 2147483650 2147483655 2147483656 2147483657 2147483661 2147483665 2147483666 2147483667 2147483694 2147483703 2147483709 2147483739 2147483802 
57 2147483648 2147483649 2147483650 2147483655 2147483656 2147483657 2147483661 2147483665 2147483666 2147483667 2147483694 2147483703 2147483709 2147483739 2147483756 2147483769 2147483774 2147483802 
61 
127 2147483648 2147483649 2147483650 2147483655 2147483656 2147483657 2147483661 2147483665 2147483666 2147483667 2147483694 2147483703 2147483709 2147483802 
128 2147483648 2147483649 2147483650 2147483655 2147483656 2147483657 2147483661 2147483665 2147483666 2147483667 2147483694 2147483703 2147483709 2147483802 
129 2147483648 2147483649 2147483650 2147483655 2147483656 2147483657 2147483661 2147483665 2147483666 2147483667 2147483694 2147483703 2147483709 2147483802 
130 2147483648 2147483649 2147483650 2147483655 2147483656 2147483657 2147483661 2147483665 2147483666 2147483667 2147483694 2147483703 2147483709 2147483802 
131 
132 
133 
134 
247 
248 
249 
250 
251 
252 
253 
254 
2147483648 2147483649 2147483650 2147483655 2147483656 2147483657 2147483661 2147483665 2147483666 2147483667 2147483703 2147483707 2147483709 2147483713 2147483714 2147483716 2147483718 2147483720 2147483721 2147483725 2147483726 2147483730 2147483732 2147483734 2147483735 2147483736 2147483739 2147483745 2147483746 2147483750 2147483752 2147483754 2147483755 2147483756 2147483759 2147483798 2147483799 2147483800 49 53 57 52 54 127 128 129 130 2147483649 2147483650 2147483655 2147483656 2147483657 2147483661 2147483665 2147483666 2147483667 2147483703 2147483707 2147483709 2147483713 2147483714 2147483716 2147483718 2147483720 2147483721 2147483725 2147483726 2147483730 2147483732 2147483734 2147483735 2147483736 2147483739 2147483745 2147483746 2147483750 2147483752 2147483754 2147483755 2147483756 2147483759 2147483798 2147483799 2147483800 
2147483649 2147483648 2147483648 2147483650 2147483703 2147483709 2147483713 2147483714 2147483716 2147483798 49 53 57 52 54 127 128 129 130 2147483650 2147483703 2147483709 2147483713 2147483714 2147483716 2147483798 
2147483650 2147483648 2147483649 2147483648 2147483649 2147483655 2147483656 2147483657 2147483661 2147483664 2147483665 2147483666 2147483667 2147483674 2147483675 2147483676 2147483686 2147483689 2147483703 2147483709 2147483713 2147483714 2147483716 2147483718 2147483720 2147483721 2147483725 2147483726 2147483730 2147483732 2147483734 2147483735 2147483736 2147483739 2147483745 2147483746 2147483750 2147483752 2147483754 2147483755 2147483756 2147483759 2147483798 2147483799 2147483800 2147483802 49 52 54 57 53 127 128 129 130 2147483655 2147483656 2147483657 2147483661 2147483664 2147483665 2147483666 2147483667 2147483674 2147483675 2147483676 2147483686 2147483689 2147483703 2147483709 2147483713 2147483714 2147483716 2147483718 2147483720 2147483721 2147483725 2147483726 2147483730 2147483732 2147483734 2147483735 2147483736 2147483739 2147483745 2147483746 2147483750 2147483752 2147483754 2147483755 2147483756 2147483759 2147483798 2147483799 2147483800 2147483802 
2147483655 2147483648 2147483650 2147483648 2147483650 2147483656 2147483657 2147483661 2147483664 2147483665 2147483666 2147483667 2147483674 2147483675 2147483686 2147483703 2147483725 2147483726 2147483730 2147483732 2147483734 2147483735 2147483736 2147483739 2147483745 2147483746 2147483750 2147483752 2147483754 2147483755 2147483756 2147483759 2147483799 2147483800 2147483802 49 52 54 57 53 127 128 129 130 2147483656 2147483657 2147483661 2147483664 2147483665 2147483666 2147483667 2147483674 2147483675 2147483686 2147483703 2147483725 2147483726 2147483730 2147483732 2147483734 2147483735 2147483736 2147483739 2147483745 2147483746 2147483750 2147483752 2147483754 2147483755 2147483756 2147483759 2147483799 2147483800 2147483802 
2147483656 2147483648 2147483650 2147483655 2147483648 2147483650 2147483655 2147483657 2147483703 2147483725 2147483726 2147483730 2147483799 57 49 52 54 53 127 128 129 130 2147483657 2147483703 2147483725 2147483726 2147483730 2147483799 
2147483657 2147483648 2147483650 2147483655 2147483656 2147483648 2147483650 2147483655 2147483656 2147483703 2147483725 2147483726 2147483730 2147483799 54 49 52 57 53 127 128 129 130 2147483703 2147483725 2147483726 2147483730 2147483799 
2147483661 2147483648 2147483650 2147483655 2147483648 2147483650 2147483655 2147483665 2147483666 2147483667 2147483703 2147483734 2147483735 2147483736 2147483739 2147483745 2147483746 2147483750 2147483752 2147483754 2147483755 2147483756 2147483800 49 52 54 57 53 127 128 129 130 2147483665 2147483666 2147483667 2147483703 2147483734 2147483735 2147483736 2147483739 2147483745 2147483746 2147483750 2147483752 2147483754 2147483755 2147483756 2147483800 
2147483664 2147483650 2147483655 2147483650 2147483655 2147483802 2147483802 
2147483665 2147483648 2147483650 2147483655 2147483661 2147483648 2147483650 2147483655 2147483661 2147483666 2147483667 2147483674 2147483675 2147483676 2147483694 2147483697 2147483700 2147483703 2147483745 2147483746 2147483750 2147483752 2147483754 2147483755 2147483756 2147483759 2147483767 2147483768 2147483769 2147483774 2147483800 2147483802 49 52 54 57 53 127 128 129 130 2147483666 2147483667 2147483674 2147483675 2147483676 2147483694 2147483697 2147483700 2147483703 2147483745 2147483746 2147483750 2147483752 2147483754 2147483755 2147483756 2147483759 2147483767 2147483768 2147483769 2147483774 2147483800 2147483802 
2147483666 2147483648 2147483650 2147483655 2147483661 2147483665 2147483648 2147483650 2147483655 2147483661 2147483665 2147483667 2147483703 2147483745 2147483746 2147483750 2147483800 57 49 52 54 53 127 128 129 130 2147483667 2147483703 2147483745 2147483746 2147483750 2147483800 
2147483667 2147483648 2147483650 2147483655 2147483661 2147483665 2147483666 2147483648 2147483650 2147483655 2147483661 2147483665 2147483666 2147483703 2147483745 2147483746 2147483750 2147483800 54 49 52 57 53 127 128 129 130 2147483703 2147483745 2147483746 2147483750 2147483800 
2147483674 2147483650 2147483655 2147483665 2147483650 2147483655 2147483665 2147483802 2147483802 
2147483675 2147483650 2147483655 2147483665 2147483650 2147483655 2147483665 2147483703 2147483703 
2147483676 2147483650 2147483665 2147483650 2147483665 2147483703 2147483703 
2147483686 2147483650 2147483655 2147483650 2147483655 2147483802 2147483802 
2147483689 2147483650 2147483650 2147483802 2147483802 
2147483694 2147483665 2147483665 2147483774 2147483802 53 49 52 54 57 127 128 129 130 2147483774 2147483802 
2147483697 2147483665 2147483665 
2147483700 2147483665 2147483665 2147483802 2147483802 
2147483703 2147483648 2147483649 2147483650 2147483655 2147483656 2147483657 2147483661 2147483665 2147483666 2147483667 2147483675 2147483676 2147483648 2147483649 2147483650 2147483655 2147483656 2147483657 2147483661 2147483665 2147483666 2147483667 2147483675 2147483676 2147483704 2147483705 2147483707 2147483709 2147483713 2147483714 2147483716 2147483718 2147483720 2147483721 2147483725 2147483726 2147483730 2147483732 2147483734 2147483735 2147483736 2147483739 2147483745 2147483746 2147483750 2147483752 2147483754 2147483755 2147483756 2147483759 2147483798 2147483799 2147483800 53 49 52 54 57 127 128 129 130 2147483704 2147483705 2147483707 2147483709 2147483713 2147483714 2147483716 2147483718 2147483720 2147483721 2147483725 2147483726 2147483730 2147483732 2147483734 2147483735 2147483736 2147483739 2147483745 2147483746 2147483750 2147483752 2147483754 2147483755 2147483756 2147483759 2147483798 2147483799 2147483800 
2147483704 2147483703 2147483703 2147483705 53 2147483705 
2147483705 2147483703 2147483704 2147483703 2147483704 53 
2147483707 2147483648 2147483703 2147483648 2147483703 53 
2147483709 2147483648 2147483649 2147483650 2147483703 2147483648 2147483649 2147483650 2147483703 2147483713 2147483714 2147483716 2147483798 49 54 52 57 53 127 128 129 130 2147483713 2147483714 2147483716 2147483798 
2147483713 2147483648 2147483649 2147483650 2147483703 2147483709 2147483648 2147483649 2147483650 2147483703 2147483709 2147483714 2147483714 
2147483714 2147483648 2147483649 2147483650 2147483703 2147483709 2147483713 2147483648 2147483649 2147483650 2147483703 2147483709 2147483713 53 
2147483716 2147483648 2147483649 2147483650 2147483703 2147483709 2147483648 2147483649 2147483650 2147483703 2147483709 2147483798 2147483798 
2147483718 2147483648 2147483650 2147483703 2147483648 2147483650 2147483703 2147483798 2147483798 
2147483720 2147483648 2147483650 2147483703 2147483648 2147483650 2147483703 2147483721 2147483721 
2147483721 2147483648 2147483650 2147483703 2147483720 2147483648 2147483650 2147483703 2147483720 
2147483725 2147483648 2147483650 2147483655 2147483656 2147483657 2147483703 2147483648 2147483650 2147483655 2147483656 2147483657 2147483703 2147483726 2147483726 
2147483726 2147483648 2147483650 2147483655 2147483656 2147483657 2147483703 2147483725 2147483648 2147483650 2147483655 2147483656 2147483657 2147483703 2147483725 53 
2147483730 2147483648 2147483650 2147483655 2147483656 2147483657 2147483703 2147483648 2147483650 2147483655 2147483656 2147483657 2147483703 2147483799 2147483799 
2147483732 2147483648 2147483650 2147483655 2147483703 2147483648 2147483650 2147483655 2147483703 2147483799 2147483799 
2147483734 2147483648 2147483650 2147483655 2147483661 2147483703 2147483648 2147483650 2147483655 2147483661 2147483703 2147483735 2147483735 
2147483735 2147483648 2147483650 2147483655 2147483661 2147483703 2147483734 2147483648 2147483650 2147483655 2147483661 2147483703 2147483734 
2147483736 2147483648 2147483650 2147483655 2147483661 2147483703 2147483648 2147483650 2147483655 2147483661 2147483703 
2147483739 2147483648 2147483650 2147483655 2147483661 2147483703 2147483648 2147483650 2147483655 2147483661 2147483703 54 57 
2147483745 2147483648 2147483650 2147483655 2147483661 2147483665 2147483666 2147483667 2147483703 2147483648 2147483650 2147483655 2147483661 2147483665 2147483666 2147483667 2147483703 2147483746 2147483746 
2147483746 2147483648 2147483650 2147483655 2147483661 2147483665 2147483666 2147483667 2147483703 2147483745 2147483648 2147483650 2147483655 2147483661 2147483665 2147483666 2147483667 2147483703 2147483745 53 
2147483750 2147483648 2147483650 2147483655 2147483661 2147483665 2147483666 2147483667 2147483703 2147483648 2147483650 2147483655 2147483661 2147483665 2147483666 2147483667 2147483703 2147483800 2147483800 
2147483752 2147483648 2147483650 2147483655 2147483661 2147483665 2147483703 2147483648 2147483650 2147483655 2147483661 2147483665 2147483703 2147483800 2147483800 
2147483754 2147483648 2147483650 2147483655 2147483661 2147483665 2147483703 2147483648 2147483650 2147483655 2147483661 2147483665 2147483703 2147483755 2147483755 
2147483755 2147483648 2147483650 2147483655 2147483661 2147483665 2147483703 2147483754 2147483648 2147483650 2147483655 2147483661 2147483665 2147483703 2147483754 
2147483756 2147483648 2147483650 2147483655 2147483661 2147483665 2147483703 2147483648 2147483650 2147483655 2147483661 2147483665 2147483703 2147483759 57 53 2147483759 
2147483759 2147483648 2147483650 2147483655 2147483665 2147483703 2147483756 2147483648 2147483650 2147483655 2147483665 2147483703 2147483756 
2147483767 2147483665 2147483665 2147483768 2147483769 2147483768 2147483769 
2147483768 2147483665 2147483767 2147483665 2147483767 2147483769 53 2147483769 
2147483769 2147483665 2147483767 2147483768 2147483665 2147483767 2147483768 57 53 
2147483774 2147483665 2147483694 2147483665 2147483694 57 53 
2147483798 2147483648 2147483649 2147483650 2147483703 2147483709 2147483716 2147483718 2147483648 2147483649 2147483650 2147483703 2147483709 2147483716 2147483718 
2147483799 2147483648 2147483650 2147483655 2147483656 2147483657 2147483703 2147483730 2147483732 2147483648 2147483650 2147483655 2147483656 2147483657 2147483703 2147483730 2147483732 
2147483800 2147483648 2147483650 2147483655 2147483661 2147483665 2147483666 2147483667 2147483703 2147483750 2147483752 2147483648 2147483650 2147483655 2147483661 2147483665 2147483666 2147483667 2147483703 2147483750 2147483752 
2147483802 2147483650 2147483655 2147483664 2147483665 2147483674 2147483686 2147483689 2147483694 2147483700 2147483650 2147483655 2147483664 2147483665 2147483674 2147483686 2147483689 2147483694 2147483700 49 53 52 54 57 127 128 129 130 
