22 
23 
24 
25 
26 
27 
32 
49 2147483655 2147483656 
50 
51 
52 2147483655 2147483656 
53 2147483654 2147483655 2147483656 
54 2147483655 2147483656 
57 2147483655 2147483656 
127 2147483655 2147483656 
128 2147483655 2147483656 
129 2147483655 2147483656 
130 2147483655 2147483656 
131 
132 
133 
134 
151 2147483673 
152 2147483673 
153 2147483673 
154 2147483673 
155 2147483673 
156 2147483673 
157 2147483673 
158 2147483673 
159 2147483673 
160 2147483673 
161 2147483673 
162 2147483673 
163 2147483673 
164 2147483673 
165 2147483673 
166 2147483673 
263 
264 
265 
266 
267 
268 
269 
270 
2147483648 2147483649 2147483650 2147483651 2147483654 2147483655 2147483656 2147483649 2147483650 2147483651 2147483654 2147483655 2147483656 
2147483649 2147483648 2147483648 2147483650 2147483651 2147483652 2147483654 2147483655 2147483656 2147483663 2147483665 2147483669 2147483672 2147483650 2147483651 2147483652 2147483654 2147483655 2147483656 2147483663 2147483665 2147483669 2147483672 
2147483650 2147483648 2147483649 2147483648 2147483649 2147483651 2147483654 2147483655 2147483656 2147483651 2147483654 2147483655 2147483656 
2147483651 2147483648 2147483649 2147483650 2147483648 2147483649 2147483650 2147483654 2147483655 2147483656 2147483665 2147483672 2147483654 2147483655 2147483656 2147483665 2147483672 
2147483652 2147483649 2147483649 2147483654 2147483655 2147483656 2147483663 2147483672 2147483654 2147483655 2147483656 2147483663 2147483672 
2147483654 2147483648 2147483649 2147483650 2147483651 2147483652 2147483648 2147483649 2147483650 2147483651 2147483652 2147483655 2147483656 2147483663 2147483665 2147483669 2147483672 53 2147483655 2147483656 2147483663 2147483665 2147483669 2147483672 
2147483655 2147483648 2147483649 2147483650 2147483651 2147483652 2147483654 2147483648 2147483649 2147483650 2147483651 2147483652 2147483654 2147483656 2147483663 2147483665 2147483669 2147483672 2147483673 54 53 49 52 57 127 128 129 130 2147483656 2147483663 2147483665 2147483669 2147483672 2147483673 
2147483656 2147483648 2147483649 2147483650 2147483651 2147483652 2147483654 2147483655 2147483648 2147483649 2147483650 2147483651 2147483652 2147483654 2147483655 2147483663 2147483665 2147483669 2147483672 2147483673 2147483675 53 49 52 54 57 127 128 129 130 2147483663 2147483665 2147483669 2147483672 2147483673 2147483675 
2147483663 2147483649 2147483652 2147483654 2147483655 2147483656 2147483649 2147483652 2147483654 2147483655 2147483656 2147483669 2147483672 2147483669 2147483672 
2147483665 2147483649 2147483651 2147483654 2147483655 2147483656 2147483649 2147483651 2147483654 2147483655 2147483656 2147483672 2147483672 
2147483669 2147483649 2147483654 2147483655 2147483656 2147483663 2147483649 2147483654 2147483655 2147483656 2147483663 2147483672 2147483672 
2147483672 2147483649 2147483651 2147483652 2147483654 2147483655 2147483656 2147483663 2147483665 2147483669 2147483649 2147483651 2147483652 2147483654 2147483655 2147483656 2147483663 2147483665 2147483669 
2147483673 2147483655 2147483656 2147483655 2147483656 2147483675 151 152 153 154 155 156 157 158 159 160 161 162 163 164 165 166 2147483675 
2147483675 2147483656 2147483673 2147483656 2147483673 
