22,1,22,-1,0,1,0,0,0,
23,1,23,-1,0,1,0,0,0,
24,1,24,-1,0,1,0,0,0,
25,1,25,-1,0,1,0,0,0,
26,1,26,-1,0,1,0,0,0,
27,1,27,-1,0,1,0,0,0,
32,1,32,-1,0,1,0,0,0,
49,1,49,-1,0,1,0,0,0,
50,1,50,-1,0,1,0,0,0,
51,1,51,-1,0,1,0,0,0,
52,1,52,-1,0,1,0,0,0,
53,1,53,-1,0,1,0,0,0,
54,1,54,-1,0,1,0,0,0,
57,1,57,-1,0,1,0,0,0,
127,1,127,-1,0,1,0,0,0,
128,1,128,-1,0,1,0,0,255,
129,1,129,-1,0,1,0,0,0,
130,1,130,-1,0,1,0,0,0,
131,1,131,-1,0,1,0,0,0,
132,1,132,-1,0,1,0,0,0,
133,1,133,-1,0,1,0,0,0,
134,1,134,-1,0,1,0,0,0,
263,1,263,-1,0,1,0,0,0,
264,1,264,-1,0,1,0,0,0,
265,1,265,-1,0,1,0,0,0,
266,1,266,-1,0,1,0,0,0,
267,1,267,-1,0,1,0,0,0,
268,1,268,-1,0,1,0,0,0,
269,1,269,-1,0,1,0,0,0,
270,1,270,-1,0,1,0,0,0,
2147483648,0,0,0.00042206,2,0,1,0,0,51 133 134 131 132 50
2147483665,0,0,1.02779e-12,2,0,1,0,0,51 133 134 131 132 50
2147483668,0,0,0.00534525,1,0,1,0,0,53 49 52 54 57 127 128 129 130 51 133 134 131 132 50
2147483671,0,0,9.71867e-09,1,0,1,0,0,53 49 52 54 57 127 128 129 130 51 133 134 131 132 50
2147483672,0,0,0.0115297,3,0,1,0,0,51 133 134 131 132 50
2147483673,0,0,0.00503626,3,0,1,0,255,51 133 134 131 132 50
2147483674,0,0,0.00499999,3,0,1,0,0,24 23 269 270 267 268
2147483675,0,0,0.00431034,1,0,1,0,0,49 52 54 57 127 128 129 130 51 133 134 131 132 50
2147483677,0,0,0.0110328,3,0,1,0,0,24 23 269 270 267 268
2147483680,0,0,0.00431034,1,0,1,0,0,49 52 54 57 127 128 129 130 51 133 134 131 132 50
2147483682,0,0,0.0114401,3,0,1,0,0,24 23 269 270 267 268
2147483686,0,0,0.0390624,1,0,1,0,0,49 127 128 129 130 51 133 134 131 132 50
2147483689,0,0,4.15176e-08,1,0,1,0,0,54 52 57 53 127 128 129 130 51 133 134 131 132 50
2147483691,0,0,6.45006e-08,1,0,1,0,0,49 53 52 54 57 127 128 129 130 51 133 134 131 132 50
2147483692,0,0,4.25747e-08,1,0,1,0,0,49 52 54 57 127 128 129 130 51 133 134 131 132 50
2147483693,0,0,4.75268e-08,1,0,1,0,0,51 133 134 131 132 50
2147483694,0,0,3.34448e-08,1,0,1,0,0,51 133 134 131 132 50
2147483695,0,0,3.64852e-08,1,0,1,0,0,49 127 128 129 130 51 133 134 131 132 50
2147483697,0,0,0.00111809,5,0,1,0,0,51 133 134 131 132 50
2147483698,0,0,0.000186322,3,0,1,0,0,51 133 134 131 132 50
2147483702,0,0,2.59566e-18,1,0,1,0,0,49 53 52 54 57 127 128 129 130 51 133 134 131 132 50
2147483710,0,0,1.11344e-12,1,0,1,0,0,54 49 52 127 128 129 130 51 133 134 131 132 50
2147483723,0,0,0.103689,4,0,1,0,0,24 23 269 270 267 268
2147483725,0,0,3.41808e-08,7,0,1,0,0,51 133 134 131 132 50
