2 
5 
8 
11 
18 
19 
22 2147483674 2147483676 2147483773 
23 
24 
25 2147483674 2147483676 2147483773 
26 2147483674 2147483676 2147483773 
27 2147483674 2147483676 2147483773 
32 2147483674 2147483676 2147483773 
49 2147483648 2147483651 2147483652 2147483653 2147483654 2147483672 2147483675 2147483775 
50 
51 
52 2147483648 2147483651 2147483652 2147483653 2147483654 2147483672 2147483675 2147483685 2147483775 
53 2147483648 2147483651 2147483652 2147483653 2147483654 2147483672 2147483675 2147483677 2147483679 2147483682 2147483685 2147483693 2147483721 2147483725 2147483760 2147483764 2147483767 2147483770 2147483775 
54 2147483648 2147483651 2147483652 2147483653 2147483654 2147483655 2147483672 2147483675 2147483685 2147483693 2147483775 
57 2147483648 2147483651 2147483652 2147483653 2147483654 2147483655 2147483672 2147483675 2147483679 2147483682 2147483685 2147483693 2147483775 
61 
127 2147483648 2147483651 2147483652 2147483653 2147483654 2147483672 2147483675 2147483685 2147483775 
128 2147483648 2147483651 2147483652 2147483653 2147483654 2147483672 2147483675 2147483685 2147483775 
129 2147483648 2147483651 2147483652 2147483653 2147483654 2147483672 2147483675 2147483775 
130 2147483648 2147483651 2147483652 2147483653 2147483654 2147483672 2147483675 2147483775 
131 
132 
133 
134 
151 
152 
153 
154 
155 
156 
157 
158 
159 
160 
161 
162 
163 
164 
165 
166 
247 
248 
249 
250 
251 
252 
253 
254 
263 2147483674 2147483676 2147483773 
264 2147483674 2147483676 2147483773 
265 2147483674 2147483676 2147483773 
266 2147483674 2147483676 2147483773 
267 
268 
269 
270 
2147483648 2147483672 2147483674 2147483675 2147483676 2147483679 2147483680 2147483682 2147483684 2147483685 2147483773 53 49 52 54 57 127 128 129 130 2147483672 2147483674 2147483675 2147483676 2147483679 2147483680 2147483682 2147483684 2147483685 2147483773 
2147483651 2147483675 2147483676 2147483699 53 49 52 54 57 127 128 129 130 2147483675 2147483676 2147483699 
2147483652 2147483675 2147483676 2147483704 53 49 52 54 57 127 128 129 130 2147483675 2147483676 2147483704 
2147483653 2147483675 2147483676 2147483709 53 49 52 54 57 127 128 129 130 2147483675 2147483676 2147483709 
2147483654 2147483675 2147483676 2147483714 53 49 52 54 57 127 128 129 130 2147483675 2147483676 2147483714 
2147483655 2147483675 2147483676 54 57 2147483675 2147483676 
2147483656 2147483745 2147483745 
2147483657 2147483751 2147483751 
2147483664 2147483730 2147483775 2147483730 2147483775 
2147483669 2147483736 2147483775 2147483736 2147483775 
2147483671 2147483672 2147483674 2147483675 2147483676 2147483677 2147483773 2147483672 2147483674 2147483675 2147483676 2147483677 2147483773 
2147483672 2147483648 2147483671 2147483648 2147483671 2147483674 2147483675 2147483676 2147483677 2147483679 2147483680 2147483682 2147483683 2147483684 2147483685 2147483687 2147483691 2147483693 2147483695 2147483760 2147483764 2147483767 2147483770 2147483773 57 53 49 52 54 127 128 129 130 2147483674 2147483675 2147483676 2147483677 2147483679 2147483680 2147483682 2147483683 2147483684 2147483685 2147483687 2147483691 2147483693 2147483695 2147483760 2147483764 2147483767 2147483770 2147483773 
2147483674 2147483648 2147483671 2147483672 2147483648 2147483671 2147483672 2147483675 2147483676 2147483677 2147483679 2147483680 2147483682 2147483683 2147483684 2147483685 2147483687 2147483691 2147483693 2147483695 2147483773 25 27 22 32 26 263 264 265 266 2147483675 2147483676 2147483677 2147483679 2147483680 2147483682 2147483683 2147483684 2147483685 2147483687 2147483691 2147483693 2147483695 2147483773 
2147483675 2147483648 2147483651 2147483652 2147483653 2147483654 2147483655 2147483671 2147483672 2147483674 2147483648 2147483651 2147483652 2147483653 2147483654 2147483655 2147483671 2147483672 2147483674 2147483676 2147483677 2147483679 2147483680 2147483682 2147483683 2147483684 2147483685 2147483687 2147483691 2147483693 2147483695 2147483699 2147483704 2147483709 2147483714 2147483721 2147483722 2147483725 2147483760 2147483761 2147483762 2147483764 2147483765 2147483767 2147483768 2147483770 2147483771 2147483772 2147483773 127 57 53 49 52 54 128 129 130 2147483676 2147483677 2147483679 2147483680 2147483682 2147483683 2147483684 2147483685 2147483687 2147483691 2147483693 2147483695 2147483699 2147483704 2147483709 2147483714 2147483721 2147483722 2147483725 2147483760 2147483761 2147483762 2147483764 2147483765 2147483767 2147483768 2147483770 2147483771 2147483772 2147483773 
2147483676 2147483648 2147483651 2147483652 2147483653 2147483654 2147483655 2147483671 2147483672 2147483674 2147483675 2147483648 2147483651 2147483652 2147483653 2147483654 2147483655 2147483671 2147483672 2147483674 2147483675 2147483677 2147483679 2147483680 2147483682 2147483683 2147483684 2147483685 2147483687 2147483691 2147483693 2147483695 2147483699 2147483704 2147483709 2147483714 2147483721 2147483722 2147483725 2147483760 2147483761 2147483762 2147483764 2147483765 2147483767 2147483768 2147483770 2147483771 2147483772 2147483773 264 27 22 25 32 26 263 265 266 2147483677 2147483679 2147483680 2147483682 2147483683 2147483684 2147483685 2147483687 2147483691 2147483693 2147483695 2147483699 2147483704 2147483709 2147483714 2147483721 2147483722 2147483725 2147483760 2147483761 2147483762 2147483764 2147483765 2147483767 2147483768 2147483770 2147483771 2147483772 2147483773 
2147483677 2147483671 2147483672 2147483674 2147483675 2147483676 2147483671 2147483672 2147483674 2147483675 2147483676 2147483773 53 2147483773 
2147483679 2147483648 2147483672 2147483674 2147483675 2147483676 2147483648 2147483672 2147483674 2147483675 2147483676 2147483773 57 53 2147483773 
2147483680 2147483648 2147483672 2147483674 2147483675 2147483676 2147483648 2147483672 2147483674 2147483675 2147483676 2147483773 2147483773 
2147483682 2147483648 2147483672 2147483674 2147483675 2147483676 2147483648 2147483672 2147483674 2147483675 2147483676 2147483773 57 53 2147483773 
2147483683 2147483672 2147483674 2147483675 2147483676 2147483672 2147483674 2147483675 2147483676 2147483773 2147483773 
2147483684 2147483648 2147483672 2147483674 2147483675 2147483676 2147483648 2147483672 2147483674 2147483675 2147483676 2147483773 2147483773 
2147483685 2147483648 2147483672 2147483674 2147483675 2147483676 2147483648 2147483672 2147483674 2147483675 2147483676 2147483773 52 54 57 53 127 128 2147483773 
2147483687 2147483672 2147483674 2147483675 2147483676 2147483672 2147483674 2147483675 2147483676 
2147483688 
2147483691 2147483672 2147483674 2147483675 2147483676 2147483672 2147483674 2147483675 2147483676 
2147483693 2147483672 2147483674 2147483675 2147483676 2147483672 2147483674 2147483675 2147483676 2147483695 54 57 53 2147483695 
2147483695 2147483672 2147483674 2147483675 2147483676 2147483693 2147483672 2147483674 2147483675 2147483676 2147483693 
2147483699 2147483651 2147483675 2147483676 2147483651 2147483675 2147483676 
2147483704 2147483652 2147483675 2147483676 2147483652 2147483675 2147483676 
2147483709 2147483653 2147483675 2147483676 2147483653 2147483675 2147483676 
2147483714 2147483654 2147483675 2147483676 2147483654 2147483675 2147483676 
2147483721 2147483675 2147483676 2147483675 2147483676 2147483722 53 2147483722 
2147483722 2147483675 2147483676 2147483721 2147483675 2147483676 2147483721 
2147483725 2147483675 2147483676 2147483675 2147483676 53 
2147483730 2147483664 2147483664 2147483775 2147483775 
2147483732 2147483733 2147483775 2147483733 2147483775 
2147483733 2147483732 2147483732 2147483734 2147483775 2147483734 2147483775 
2147483734 2147483733 2147483733 2147483775 2147483775 
2147483735 2147483775 2147483775 
2147483736 2147483669 2147483669 2147483775 2147483775 
2147483738 2147483775 2147483775 
2147483739 2147483740 2147483775 2147483740 2147483775 
2147483740 2147483739 2147483739 2147483741 2147483775 2147483741 2147483775 
2147483741 2147483740 2147483740 2147483775 2147483775 
2147483742 2147483775 2147483775 
2147483743 
2147483745 2147483656 2147483656 
2147483747 2147483748 2147483748 
2147483748 2147483747 2147483747 2147483749 2147483749 
2147483749 2147483748 2147483748 
2147483750 
2147483751 2147483657 2147483657 
2147483754 
2147483755 2147483756 2147483756 
2147483756 2147483755 2147483755 2147483757 2147483757 
2147483757 2147483756 2147483756 
2147483758 
2147483760 2147483672 2147483675 2147483676 2147483672 2147483675 2147483676 53 
2147483761 2147483675 2147483676 2147483675 2147483676 
2147483762 2147483675 2147483676 2147483675 2147483676 
2147483764 2147483672 2147483675 2147483676 2147483672 2147483675 2147483676 53 
2147483765 2147483675 2147483676 2147483675 2147483676 
2147483767 2147483672 2147483675 2147483676 2147483672 2147483675 2147483676 53 
2147483768 2147483675 2147483676 2147483675 2147483676 
2147483770 2147483672 2147483675 2147483676 2147483672 2147483675 2147483676 53 
2147483771 2147483675 2147483676 2147483675 2147483676 
2147483772 2147483675 2147483676 2147483675 2147483676 
2147483773 2147483648 2147483671 2147483672 2147483674 2147483675 2147483676 2147483677 2147483679 2147483680 2147483682 2147483683 2147483684 2147483685 2147483648 2147483671 2147483672 2147483674 2147483675 2147483676 2147483677 2147483679 2147483680 2147483682 2147483683 2147483684 2147483685 27 22 25 32 26 263 264 265 266 
2147483775 2147483664 2147483669 2147483730 2147483732 2147483733 2147483734 2147483735 2147483736 2147483738 2147483739 2147483740 2147483741 2147483742 2147483664 2147483669 2147483730 2147483732 2147483733 2147483734 2147483735 2147483736 2147483738 2147483739 2147483740 2147483741 2147483742 49 53 52 54 57 127 128 129 130 
