2 
5 
8 
11 
18 
19 
22 2147483799 
23 
24 
25 2147483799 
26 2147483799 
27 2147483799 
32 2147483799 
49 2147483648 2147483651 2147483660 2147483664 2147483668 2147483675 2147483808 
50 
51 
52 2147483648 2147483651 2147483660 2147483664 2147483668 2147483675 2147483808 
53 2147483648 2147483651 2147483660 2147483664 2147483668 2147483675 2147483676 2147483678 2147483680 2147483684 2147483688 2147483713 2147483794 2147483808 
54 2147483648 2147483651 2147483660 2147483664 2147483668 2147483675 2147483794 2147483808 
57 2147483648 2147483651 2147483660 2147483664 2147483668 2147483675 2147483676 2147483680 2147483684 2147483688 2147483713 2147483794 2147483808 
61 
127 2147483648 2147483651 2147483660 2147483664 2147483668 2147483675 2147483808 
128 2147483648 2147483651 2147483660 2147483664 2147483668 2147483675 2147483808 
129 2147483648 2147483651 2147483660 2147483664 2147483668 2147483675 2147483808 
130 2147483648 2147483651 2147483660 2147483664 2147483668 2147483675 2147483808 
131 
132 
133 
134 
151 2147483650 2147483672 
152 2147483650 2147483672 
153 2147483650 2147483672 
154 2147483650 2147483672 
155 2147483650 2147483672 
156 2147483650 2147483672 
157 2147483650 2147483672 
158 2147483650 2147483672 
159 2147483650 2147483672 
160 2147483650 2147483672 
161 2147483650 2147483672 
162 2147483650 2147483672 
163 2147483650 2147483672 
164 2147483650 2147483672 
165 2147483650 2147483672 
166 2147483650 2147483672 
247 
248 
249 
250 
251 
252 
253 
254 
263 2147483799 
264 2147483799 
265 2147483799 
266 2147483799 
267 
268 
269 
270 
2147483648 2147483650 2147483651 2147483675 2147483678 2147483680 2147483682 2147483683 2147483684 2147483686 2147483687 2147483688 2147483690 2147483691 2147483692 2147483695 2147483697 2147483699 2147483700 2147483790 53 57 49 52 54 127 128 129 130 2147483650 2147483651 2147483675 2147483678 2147483680 2147483682 2147483683 2147483684 2147483686 2147483687 2147483688 2147483690 2147483691 2147483692 2147483695 2147483697 2147483699 2147483700 2147483790 
2147483650 2147483648 2147483648 2147483675 2147483695 2147483697 2147483699 151 152 153 154 155 156 157 158 159 160 161 162 163 164 165 166 2147483675 2147483695 2147483697 2147483699 
2147483651 2147483648 2147483648 2147483657 2147483675 2147483790 2147483794 2147483799 2147483804 2147483808 53 49 52 54 57 127 128 129 130 2147483657 2147483675 2147483790 2147483794 2147483799 2147483804 2147483808 
2147483657 2147483651 2147483651 2147483799 2147483804 2147483808 2147483799 2147483804 2147483808 
2147483660 2147483675 2147483781 2147483808 53 49 52 54 57 127 128 129 130 2147483675 2147483781 2147483808 
2147483663 2147483675 2147483704 2147483707 2147483708 2147483675 2147483704 2147483707 2147483708 
2147483664 2147483675 2147483772 2147483808 53 49 52 54 57 127 128 129 130 2147483675 2147483772 2147483808 
2147483667 2147483675 2147483709 2147483710 2147483711 2147483712 2147483675 2147483709 2147483710 2147483711 2147483712 
2147483668 2147483675 2147483763 2147483808 53 49 52 54 57 127 128 129 130 2147483675 2147483763 2147483808 
2147483672 2147483675 2147483726 2147483728 2147483730 151 152 153 154 155 156 157 158 159 160 161 162 163 164 165 166 2147483675 2147483726 2147483728 2147483730 
2147483675 2147483648 2147483650 2147483651 2147483660 2147483663 2147483664 2147483667 2147483668 2147483672 2147483648 2147483650 2147483651 2147483660 2147483663 2147483664 2147483667 2147483668 2147483672 2147483676 2147483678 2147483680 2147483682 2147483683 2147483684 2147483686 2147483687 2147483688 2147483690 2147483691 2147483692 2147483695 2147483697 2147483699 2147483700 2147483703 2147483704 2147483707 2147483708 2147483709 2147483710 2147483711 2147483712 2147483713 2147483715 2147483716 2147483718 2147483721 2147483723 2147483726 2147483728 2147483730 2147483731 2147483734 2147483737 2147483739 2147483740 2147483741 2147483747 2147483753 2147483755 2147483759 2147483763 2147483772 2147483781 2147483790 2147483794 2147483799 53 57 49 52 54 127 128 129 130 2147483676 2147483678 2147483680 2147483682 2147483683 2147483684 2147483686 2147483687 2147483688 2147483690 2147483691 2147483692 2147483695 2147483697 2147483699 2147483700 2147483703 2147483704 2147483707 2147483708 2147483709 2147483710 2147483711 2147483712 2147483713 2147483715 2147483716 2147483718 2147483721 2147483723 2147483726 2147483728 2147483730 2147483731 2147483734 2147483737 2147483739 2147483740 2147483741 2147483747 2147483753 2147483755 2147483759 2147483763 2147483772 2147483781 2147483790 2147483794 2147483799 
2147483676 2147483675 2147483675 57 53 
2147483678 2147483648 2147483675 2147483648 2147483675 53 
2147483680 2147483648 2147483675 2147483648 2147483675 57 53 
2147483682 2147483648 2147483675 2147483648 2147483675 
2147483683 2147483648 2147483675 2147483648 2147483675 
2147483684 2147483648 2147483675 2147483648 2147483675 57 53 
2147483686 2147483648 2147483675 2147483648 2147483675 
2147483687 2147483648 2147483675 2147483648 2147483675 
2147483688 2147483648 2147483675 2147483648 2147483675 57 53 
2147483690 2147483648 2147483675 2147483648 2147483675 
2147483691 2147483648 2147483675 2147483648 2147483675 
2147483692 2147483648 2147483675 2147483648 2147483675 
2147483695 2147483648 2147483650 2147483675 2147483648 2147483650 2147483675 
2147483697 2147483648 2147483650 2147483675 2147483648 2147483650 2147483675 
2147483699 2147483648 2147483650 2147483675 2147483648 2147483650 2147483675 
2147483700 2147483648 2147483675 2147483648 2147483675 
2147483703 2147483675 2147483675 
2147483704 2147483663 2147483675 2147483663 2147483675 
2147483707 2147483663 2147483675 2147483663 2147483675 
2147483708 2147483663 2147483675 2147483663 2147483675 
2147483709 2147483667 2147483675 2147483667 2147483675 
2147483710 2147483667 2147483675 2147483667 2147483675 
2147483711 2147483667 2147483675 2147483667 2147483675 
2147483712 2147483667 2147483675 2147483667 2147483675 
2147483713 2147483675 2147483675 57 53 
2147483715 2147483675 2147483675 
2147483716 2147483675 2147483675 2147483718 2147483718 
2147483718 2147483675 2147483716 2147483675 2147483716 2147483721 2147483721 
2147483721 2147483675 2147483718 2147483675 2147483718 
2147483723 2147483675 2147483675 
2147483726 2147483672 2147483675 2147483672 2147483675 
2147483728 2147483672 2147483675 2147483672 2147483675 
2147483730 2147483672 2147483675 2147483672 2147483675 
2147483731 2147483675 2147483675 2147483734 2147483737 2147483734 2147483737 
2147483734 2147483675 2147483731 2147483675 2147483731 2147483737 2147483737 
2147483737 2147483675 2147483731 2147483734 2147483675 2147483731 2147483734 2147483739 2147483740 2147483741 2147483747 2147483753 2147483755 2147483759 2147483739 2147483740 2147483741 2147483747 2147483753 2147483755 2147483759 
2147483739 2147483675 2147483737 2147483675 2147483737 
2147483740 2147483675 2147483737 2147483675 2147483737 2147483741 2147483747 2147483741 2147483747 
2147483741 2147483675 2147483737 2147483740 2147483675 2147483737 2147483740 
2147483747 2147483675 2147483737 2147483740 2147483675 2147483737 2147483740 
2147483753 2147483675 2147483737 2147483675 2147483737 2147483755 2147483755 
2147483755 2147483675 2147483737 2147483753 2147483675 2147483737 2147483753 
2147483759 2147483675 2147483737 2147483675 2147483737 
2147483763 2147483668 2147483675 2147483668 2147483675 
2147483772 2147483664 2147483675 2147483664 2147483675 
2147483781 2147483660 2147483675 2147483660 2147483675 
2147483790 2147483648 2147483651 2147483675 2147483648 2147483651 2147483675 
2147483794 2147483651 2147483675 2147483651 2147483675 2147483799 54 57 53 2147483799 
2147483799 2147483651 2147483657 2147483675 2147483794 2147483651 2147483657 2147483675 2147483794 2147483804 2147483808 22 25 27 32 26 263 264 265 266 2147483804 2147483808 
2147483804 2147483651 2147483657 2147483799 2147483651 2147483657 2147483799 2147483808 2147483808 
2147483808 2147483651 2147483657 2147483660 2147483664 2147483668 2147483799 2147483804 2147483651 2147483657 2147483660 2147483664 2147483668 2147483799 2147483804 49 53 52 54 57 127 128 129 130 
