22 2147483653 
23 
24 
25 2147483653 
26 2147483653 2147483665 
27 2147483653 
32 2147483653 
49 2147483648 2147483649 2147483650 2147483651 2147483652 2147483654 2147483675 2147483677 
50 
51 
52 2147483648 2147483649 2147483650 2147483651 2147483652 2147483654 2147483675 2147483677 
53 2147483648 2147483649 2147483650 2147483651 2147483652 2147483654 2147483659 2147483675 2147483677 2147483678 
54 2147483648 2147483649 2147483650 2147483651 2147483652 2147483654 2147483670 2147483675 2147483677 
57 2147483648 2147483649 2147483650 2147483651 2147483652 2147483654 2147483659 2147483670 2147483675 2147483677 2147483678 
127 2147483648 2147483649 2147483650 2147483651 2147483652 2147483654 2147483675 2147483677 
128 2147483648 2147483649 2147483650 2147483651 2147483652 2147483654 2147483675 2147483677 
129 2147483648 2147483649 2147483650 2147483651 2147483652 2147483654 2147483675 2147483677 
130 2147483648 2147483649 2147483650 2147483651 2147483652 2147483654 2147483675 2147483677 
131 
132 
133 
134 
263 2147483653 
264 2147483653 
265 2147483653 
266 2147483653 
267 
268 
269 
270 
2147483648 2147483649 2147483650 2147483651 2147483652 2147483653 2147483654 2147483659 2147483661 2147483662 2147483663 2147483665 53 49 52 54 57 127 128 129 130 2147483649 2147483650 2147483651 2147483652 2147483653 2147483654 2147483659 2147483661 2147483662 2147483663 2147483665 
2147483649 2147483648 2147483648 2147483650 2147483651 2147483652 2147483653 2147483654 2147483659 53 57 49 52 54 127 128 129 130 2147483650 2147483651 2147483652 2147483653 2147483654 2147483659 
2147483650 2147483648 2147483649 2147483648 2147483649 2147483651 2147483652 2147483653 2147483654 2147483659 2147483661 2147483662 2147483663 2147483665 2147483670 53 49 52 54 57 127 128 129 130 2147483651 2147483652 2147483653 2147483654 2147483659 2147483661 2147483662 2147483663 2147483665 2147483670 
2147483651 2147483648 2147483649 2147483650 2147483648 2147483649 2147483650 2147483652 2147483653 2147483654 2147483659 2147483661 2147483662 2147483663 2147483665 2147483670 57 49 52 54 53 127 128 129 130 2147483652 2147483653 2147483654 2147483659 2147483661 2147483662 2147483663 2147483665 2147483670 
2147483652 2147483648 2147483649 2147483650 2147483651 2147483648 2147483649 2147483650 2147483651 2147483653 2147483654 2147483659 2147483661 2147483662 2147483663 2147483665 2147483670 52 54 49 57 53 127 128 129 130 2147483653 2147483654 2147483659 2147483661 2147483662 2147483663 2147483665 2147483670 
2147483653 2147483648 2147483649 2147483650 2147483651 2147483652 2147483648 2147483649 2147483650 2147483651 2147483652 2147483654 2147483659 2147483661 2147483662 2147483663 2147483665 2147483670 25 22 27 32 26 263 264 265 266 2147483654 2147483659 2147483661 2147483662 2147483663 2147483665 2147483670 
2147483654 2147483648 2147483649 2147483650 2147483651 2147483652 2147483653 2147483648 2147483649 2147483650 2147483651 2147483652 2147483653 2147483659 2147483661 2147483662 2147483663 2147483665 2147483670 2147483675 2147483677 127 49 52 54 57 53 128 129 130 2147483659 2147483661 2147483662 2147483663 2147483665 2147483670 2147483675 2147483677 
2147483659 2147483648 2147483649 2147483650 2147483651 2147483652 2147483653 2147483654 2147483648 2147483649 2147483650 2147483651 2147483652 2147483653 2147483654 57 53 
2147483661 2147483648 2147483650 2147483651 2147483652 2147483653 2147483654 2147483648 2147483650 2147483651 2147483652 2147483653 2147483654 
2147483662 2147483648 2147483650 2147483651 2147483652 2147483653 2147483654 2147483648 2147483650 2147483651 2147483652 2147483653 2147483654 2147483663 2147483663 
2147483663 2147483648 2147483650 2147483651 2147483652 2147483653 2147483654 2147483662 2147483648 2147483650 2147483651 2147483652 2147483653 2147483654 2147483662 2147483665 2147483665 
2147483665 2147483648 2147483650 2147483651 2147483652 2147483653 2147483654 2147483663 2147483648 2147483650 2147483651 2147483652 2147483653 2147483654 2147483663 26 
2147483670 2147483650 2147483651 2147483652 2147483653 2147483654 2147483650 2147483651 2147483652 2147483653 2147483654 54 57 
2147483675 2147483654 2147483654 2147483677 2147483678 53 49 52 54 57 127 128 129 130 2147483677 2147483678 
2147483677 2147483654 2147483675 2147483654 2147483675 2147483678 53 57 49 52 54 127 128 129 130 2147483678 
2147483678 2147483675 2147483677 2147483675 2147483677 57 53 
