22 2147483651 
23 
24 
25 2147483651 
26 2147483651 
27 2147483651 
32 2147483651 
49 2147483648 2147483665 
50 
51 
52 2147483648 2147483665 
53 2147483648 2147483665 
54 2147483648 2147483665 
57 2147483648 2147483665 
127 2147483648 2147483665 
128 2147483648 2147483665 
129 2147483648 2147483665 
130 2147483648 2147483665 
131 
132 
133 
134 
151 2147483649 2147483650 2147483656 2147483660 
152 2147483649 2147483650 2147483656 2147483660 
153 2147483649 2147483650 2147483656 2147483660 
154 2147483649 2147483650 2147483656 2147483660 
155 2147483649 2147483650 2147483656 2147483660 
156 2147483649 2147483650 2147483656 2147483660 
157 2147483649 2147483650 2147483656 2147483660 
158 2147483649 2147483650 2147483656 2147483660 
159 2147483649 2147483650 2147483656 2147483660 
160 2147483649 2147483650 2147483656 2147483660 
161 2147483649 2147483650 2147483656 2147483660 
162 2147483649 2147483650 2147483656 2147483660 
163 2147483649 2147483650 2147483656 2147483660 
164 2147483649 2147483650 2147483656 2147483660 
165 2147483649 2147483650 2147483656 2147483660 
166 2147483649 2147483650 2147483656 2147483660 
263 2147483651 
264 2147483651 
265 2147483651 
266 2147483651 
267 
268 
269 
270 
2147483648 2147483649 2147483650 2147483665 53 49 52 54 57 127 128 129 130 2147483649 2147483650 2147483665 
2147483649 2147483648 2147483648 2147483650 2147483651 2147483652 2147483653 2147483656 151 152 153 154 155 156 157 158 159 160 161 162 163 164 165 166 2147483650 2147483651 2147483652 2147483653 2147483656 
2147483650 2147483648 2147483649 2147483648 2147483649 2147483651 2147483652 2147483653 2147483656 2147483660 151 152 153 154 155 156 157 158 159 160 161 162 163 164 165 166 2147483651 2147483652 2147483653 2147483656 2147483660 
2147483651 2147483649 2147483650 2147483649 2147483650 2147483652 2147483653 2147483656 2147483660 26 22 25 27 32 263 264 265 266 2147483652 2147483653 2147483656 2147483660 
2147483652 2147483649 2147483650 2147483651 2147483649 2147483650 2147483651 
2147483653 2147483649 2147483650 2147483651 2147483649 2147483650 2147483651 
2147483656 2147483649 2147483650 2147483651 2147483649 2147483650 2147483651 2147483660 152 151 153 154 155 156 157 158 159 160 161 162 163 164 165 166 2147483660 
2147483659 2147483660 2147483660 
2147483660 2147483650 2147483651 2147483656 2147483659 2147483650 2147483651 2147483656 2147483659 151 152 153 154 155 156 157 158 159 160 161 162 163 164 165 166 
2147483665 2147483648 2147483648 49 53 52 54 57 127 128 129 130 
