22,1,22,-1,0,1,0,0,0,
23,1,23,-1,0,1,0,0,0,
24,1,24,-1,0,1,0,0,0,
25,1,25,-1,0,1,0,0,0,
26,1,26,-1,0,1,0,0,0,
27,1,27,-1,0,1,0,0,0,
32,1,32,-1,0,1,0,0,0,
49,1,49,-1,0,1,0,0,0,
50,1,50,-1,0,1,0,0,0,
51,1,51,-1,0,1,0,0,0,
52,1,52,-1,0,1,0,0,0,
53,1,53,-1,0,1,0,0,0,
54,1,54,-1,0,1,0,0,0,
57,1,57,-1,0,1,0,0,0,
127,1,127,-1,0,1,0,0,0,
128,1,128,-1,0,1,0,0,0,
129,1,129,-1,0,1,0,0,0,
130,1,130,-1,0,1,0,0,0,
131,1,131,-1,0,1,0,0,0,
132,1,132,-1,0,1,0,0,0,
133,1,133,-1,0,1,0,0,0,
134,1,134,-1,0,1,0,0,0,
263,1,263,-1,0,1,0,0,0,
264,1,264,-1,0,1,0,0,0,
265,1,265,-1,0,1,0,0,0,
266,1,266,-1,0,1,0,0,0,
267,1,267,-1,0,1,0,0,0,
268,1,268,-1,0,1,0,0,0,
269,1,269,-1,0,1,0,0,0,
270,1,270,-1,0,1,0,0,0,
2147483651,0,0,0.012731,1,0,1,0,0,49 52 54 57 53 127 128 129 130 51 133 134 131 132 50
2147483653,0,0,0.0109365,2,0,1,0,0,49 52 54 57 53 127 128 129 130 51 133 134 131 132 50
2147483654,0,0,0.0111139,2,0,1,0,0,49 52 54 57 53 127 128 129 130 51 133 134 131 132 50
2147483655,0,0,0.0112973,2,0,1,0,0,49 52 54 57 53 127 128 129 130 51 133 134 131 132 50
2147483656,0,0,0.0114867,2,0,1,0,0,49 52 54 57 53 127 128 129 130 51 133 134 131 132 50
2147483657,0,0,0.0116827,2,0,1,0,0,49 52 54 57 53 127 128 129 130 51 133 134 131 132 50
2147483658,0,0,0.0118854,2,0,1,0,0,49 52 54 57 53 127 128 129 130 51 133 134 131 132 50
2147483659,0,0,0.0993031,4,0,1,0,0,49 52 54 57 53 127 128 129 130 51 133 134 131 132 50
2147483666,0,0,0.0130621,2,0,1,0,0,53 49 52 54 57 127 128 129 130 51 133 134 131 132 50
2147483667,0,0,0.0495896,1,0,1,0,0,57 49 52 54 127 128 129 130 51 133 134 131 132 50
2147483669,0,0,0.00420833,1,0,1,0,0,25 22 263 264 265 266 24 23 269 270 267 268
2147483670,0,0,inf,1,0,1,0,0,22 25 27 32 26 263 264 265 266 24 23 269 270 267 268
2147483671,0,0,0.543324,1,0,1,0,0,49 52 54 57 53 127 128 129 130 51 133 134 131 132 50
2147483692,0,0,0.241477,2,0,1,0,0,22 25 27 32 26 263 264 265 266 24 23 269 270 267 268
2147483695,0,0,0.240814,5,0,1,0,0,22 25 27 32 26 263 264 265 266 24 23 269 270 267 268
2147483698,0,0,inf,3,0,1,0,0,22 25 27 32 26 263 264 265 266 24 23 269 270 267 268
2147483702,0,0,inf,3,0,1,0,0,22 25 27 32 26 263 264 265 266 24 23 269 270 267 268
2147483706,0,0,0.274379,4,0,1,0,0,22 25 27 32 26 263 264 265 266 24 23 269 270 267 268
2147483708,0,0,inf,1,0,1,0,59,22 25 27 32 26 263 264 265 266 24 23 269 270 267 268
2147483710,0,0,inf,3,0,1,0,255,22 25 27 32 26 263 264 265 266 24 23 269 270 267 268
2147483712,0,0,inf,3,0,1,0,2,22 25 27 32 26 263 264 265 266 24 23 269 270 267 268
2147483714,0,0,inf,3,0,1,0,33,22 25 27 32 26 263 264 265 266 24 23 269 270 267 268
2147483717,0,0,0.190335,3,0,1,0,0,22 25 27 32 26 263 264 265 266 24 23 269 270 267 268
2147483724,0,0,inf,1,0,1,0,0,22 25 27 32 26 263 264 265 266 24 23 269 270 267 268
2147483725,0,0,inf,1,0,1,0,0,22 25 27 32 26 263 264 265 266 24 23 269 270 267 268
2147483726,0,0,inf,1,0,1,0,0,22 25 27 32 26 263 264 265 266 24 23 269 270 267 268
2147483727,0,0,inf,1,0,1,0,0,22 25 27 32 26 263 264 265 266 24 23 269 270 267 268
2147483728,0,0,inf,1,0,1,0,0,22 25 27 32 26 263 264 265 266 24 23 269 270 267 268
2147483751,0,0,0.241477,2,0,1,0,0,22 25 27 32 26 263 264 265 266 24 23 269 270 267 268
2147483754,0,0,0.190557,5,0,1,0,0,22 25 27 32 26 263 264 265 266 24 23 269 270 267 268
2147483757,0,0,inf,3,0,1,0,0,22 25 27 32 26 263 264 265 266 24 23 269 270 267 268
2147483761,0,0,inf,3,0,1,0,0,22 25 27 32 26 263 264 265 266 24 23 269 270 267 268
2147483765,0,0,0.208149,4,0,1,0,0,22 25 27 32 26 263 264 265 266 24 23 269 270 267 268
2147483767,0,0,0.137392,1,0,1,0,0,22 25 27 32 26 263 264 265 266 24 23 269 270 267 268
2147483768,0,0,inf,2,0,1,0,0,49 52 54 57 53 127 128 129 130 51 133 134 131 132 50
2147483770,0,0,0.37727,3,0,1,0,0,22 25 27 32 26 263 264 265 266 24 23 269 270 267 268
2147483771,0,0,inf,2,0,1,0,0,49 52 54 57 53 127 128 129 130 51 133 134 131 132 50
2147483773,0,0,0.373535,3,0,1,0,0,22 25 27 32 26 263 264 265 266 24 23 269 270 267 268
2147483774,0,0,inf,2,0,1,0,0,49 52 54 57 53 127 128 129 130 51 133 134 131 132 50
2147483776,0,0,0.37727,3,0,1,0,0,22 25 27 32 26 263 264 265 266 24 23 269 270 267 268
2147483777,0,0,inf,2,0,1,0,0,49 52 54 57 53 127 128 129 130 51 133 134 131 132 50
2147483779,0,0,inf,2,0,1,0,0,49 52 54 57 53 127 128 129 130 51 133 134 131 132 50
2147483781,0,0,0.153095,3,0,1,0,0,22 25 27 32 26 263 264 265 266 24 23 269 270 267 268
2147483782,0,0,inf,2,0,1,0,0,49 52 54 57 53 127 128 129 130 51 133 134 131 132 50
2147483785,0,0,inf,2,0,1,0,255,49 52 54 57 53 127 128 129 130 51 133 134 131 132 50
2147483788,0,0,inf,2,0,1,0,255,49 52 54 57 53 127 128 129 130 51 133 134 131 132 50
2147483791,0,0,0.106048,3,0,1,0,0,49 52 54 57 53 127 128 129 130 51 133 134 131 132 50
2147483792,0,0,0.177059,3,0,1,0,0,49 52 54 57 53 127 128 129 130 51 133 134 131 132 50
2147483793,0,0,0.270097,3,0,1,0,0,49 52 54 57 53 127 128 129 130 51 133 134 131 132 50
2147483794,0,0,0.00677184,1,0,1,0,51,49 52 54 57 53 127 128 129 130 51 133 134 131 132 50
2147483799,0,0,0.00352654,3,0,1,0,0,54 49 52 127 128 129 130 51 133 134 131 132 50
2147483800,0,0,0.121971,1,0,1,0,0,49 52 54 57 53 127 128 129 130 51 133 134 131 132 50
2147483802,0,0,0.114934,1,0,1,0,0,49 52 54 57 53 127 128 129 130 51 133 134 131 132 50
2147483804,0,0,0.108665,1,0,1,0,0,49 52 54 57 53 127 128 129 130 51 133 134 131 132 50
2147483806,0,0,0.103044,1,0,1,0,0,49 52 54 57 53 127 128 129 130 51 133 134 131 132 50
2147483808,0,0,0.168829,4,0,1,0,0,49 52 54 57 53 127 128 129 130 51 133 134 131 132 50
2147483809,0,0,0.181108,1,0,1,0,0,49 52 54 57 53 127 128 129 130 51 133 134 131 132 50
2147483810,0,0,0.104852,2,0,1,0,0,49 52 54 57 53 127 128 129 130 51 133 134 131 132 50
2147483811,0,0,0.157278,1,0,1,0,0,49 52 54 57 53 127 128 129 130 51 133 134 131 132 50
2147483812,0,0,0.209704,3,0,1,0,0,49 52 54 57 53 127 128 129 130 51 133 134 131 132 50
2147483813,0,0,0.181108,2,0,1,0,0,49 52 54 57 53 127 128 129 130 51 133 134 131 132 50
2147483814,0,0,0.175137,2,0,1,0,0,49 52 54 57 53 127 128 129 130 51 133 134 131 132 50
2147483815,0,0,0.244941,5,0,1,0,0,49 52 54 57 53 127 128 129 130 51 133 134 131 132 50
2147483816,0,0,0.10376,2,0,1,0,0,49 52 54 57 53 127 128 129 130 51 133 134 131 132 50
2147483817,0,0,0.0667772,1,0,1,0,0,49 52 54 57 53 127 128 129 130 51 133 134 131 132 50
2147483818,0,0,0.121971,1,0,1,0,0,49 52 54 57 53 127 128 129 130 51 133 134 131 132 50
2147483820,0,0,0.114934,1,0,1,0,0,49 52 54 57 53 127 128 129 130 51 133 134 131 132 50
2147483822,0,0,0.108665,1,0,1,0,0,49 52 54 57 53 127 128 129 130 51 133 134 131 132 50
2147483824,0,0,0.103044,1,0,1,0,0,49 52 54 57 53 127 128 129 130 51 133 134 131 132 50
2147483826,0,0,0.143323,4,0,1,0,0,49 52 54 57 53 127 128 129 130 51 133 134 131 132 50
2147483827,0,0,0.181108,1,0,1,0,0,49 52 54 57 53 127 128 129 130 51 133 134 131 132 50
2147483828,0,0,0.090554,2,0,1,0,0,49 52 54 57 53 127 128 129 130 51 133 134 131 132 50
2147483829,0,0,0.157278,1,0,1,0,0,49 52 54 57 53 127 128 129 130 51 133 134 131 132 50
2147483830,0,0,0.209704,3,0,1,0,0,49 52 54 57 53 127 128 129 130 51 133 134 131 132 50
2147483831,0,0,0.181108,2,0,1,0,0,49 52 54 57 53 127 128 129 130 51 133 134 131 132 50
2147483832,0,0,0.175137,2,0,1,0,0,49 52 54 57 53 127 128 129 130 51 133 134 131 132 50
2147483833,0,0,0.218123,5,0,1,0,0,49 52 54 57 53 127 128 129 130 51 133 134 131 132 50
2147483834,0,0,0.0897382,2,0,1,0,0,49 52 54 57 53 127 128 129 130 51 133 134 131 132 50
2147483835,0,0,0.0588824,1,0,1,0,0,49 52 54 57 53 127 128 129 130 51 133 134 131 132 50
