2,1,2,-1,0,1,0,0,0,
5,1,5,-1,0,1,0,0,0,
8,1,8,-1,0,1,0,0,0,
11,1,11,-1,0,1,0,0,0,
18,1,18,-1,0,1,0,0,0,
19,1,19,-1,0,1,0,0,0,
22,1,22,-1,0,1,0,0,0,
23,1,23,-1,0,1,0,0,0,
24,1,24,-1,0,1,0,0,0,
25,1,25,-1,0,1,0,0,0,
26,1,26,-1,0,1,0,0,0,
27,1,27,-1,0,1,0,0,0,
32,1,32,-1,0,1,0,0,0,
49,1,49,-1,0,1,0,0,0,
50,1,50,-1,0,1,0,0,0,
51,1,51,-1,0,1,0,0,0,
52,1,52,-1,0,1,0,0,0,
53,1,53,-1,0,1,0,0,0,
54,1,54,-1,0,1,0,0,0,
57,1,57,-1,0,1,0,0,0,
61,1,61,-1,0,1,0,0,0,
127,1,127,-1,0,1,0,0,0,
128,1,128,-1,0,1,0,0,0,
129,1,129,-1,0,1,0,0,0,
130,1,130,-1,0,1,0,0,0,
131,1,131,-1,0,1,0,0,0,
132,1,132,-1,0,1,0,0,0,
133,1,133,-1,0,1,0,0,0,
134,1,134,-1,0,1,0,0,0,
151,1,151,-1,0,1,0,0,0,
152,1,152,-1,0,1,0,0,0,
153,1,153,-1,0,1,0,0,0,
154,1,154,-1,0,1,0,0,0,
155,1,155,-1,0,1,0,0,0,
156,1,156,-1,0,1,0,0,0,
157,1,157,-1,0,1,0,0,0,
158,1,158,-1,0,1,0,0,0,
159,1,159,-1,0,1,0,0,0,
160,1,160,-1,0,1,0,0,0,
161,1,161,-1,0,1,0,0,0,
162,1,162,-1,0,1,0,0,0,
163,1,163,-1,0,1,0,0,0,
164,1,164,-1,0,1,0,0,0,
165,1,165,-1,0,1,0,0,0,
166,1,166,-1,0,1,0,0,0,
247,1,247,-1,0,1,0,0,0,
248,1,248,-1,0,1,0,0,0,
249,1,249,-1,0,1,0,0,0,
250,1,250,-1,0,1,0,0,0,
251,1,251,-1,0,1,0,0,0,
252,1,252,-1,0,1,0,0,0,
253,1,253,-1,0,1,0,0,0,
254,1,254,-1,0,1,0,0,0,
263,1,263,-1,0,1,0,0,0,
264,1,264,-1,0,1,0,0,0,
265,1,265,-1,0,1,0,0,0,
266,1,266,-1,0,1,0,0,0,
267,1,267,-1,0,1,0,0,255,
268,1,268,-1,0,1,0,0,0,
269,1,269,-1,0,1,0,0,0,
270,1,270,-1,0,1,0,0,0,
2147483648,0,0,0.000384115,2,0,1,0,128,22 25 27 32 26 263 264 265 266 24 23 269 270 267 268
2147483649,0,0,0.000535865,2,0,1,0,0,49 52 54 57 53 127 128 129 130 51 133 134 131 132 50
2147483650,0,0,0.000707544,6,0,1,0,0,263 22 264 265 266 24 23 269 270 267 268
2147483651,0,0,0.000333827,5,0,1,0,0,49 52 54 57 53 127 128 129 130 51 133 134 131 132 50
2147483652,0,0,0.000336275,5,0,1,0,0,49 52 54 57 53 127 128 129 130 51 133 134 131 132 50
2147483653,0,0,0.000268067,4,0,1,0,0,49 52 54 57 53 127 128 129 130 51 133 134 131 132 50
2147483654,0,0,0.000197709,8,0,1,0,0,49 52 54 57 53 127 128 129 130 51 133 134 131 132 50
2147483655,0,0,0.000612861,4,0,1,0,0,22 25 27 32 26 263 264 265 266 24 23 269 270 267 268
2147483656,0,0,0.000242607,5,0,1,0,0,49 52 54 57 53 127 128 129 130 51 133 134 131 132 50
2147483657,0,0,0.000255354,4,0,1,0,0,49 52 54 57 53 127 128 129 130 51 133 134 131 132 50
2147483658,0,0,0.000153815,8,0,1,0,0,49 52 54 57 53 127 128 129 130 51 133 134 131 132 50
2147483659,0,0,0.000549335,5,0,1,0,0,2 11 19 61 18 247 248 249 250 5 8 253 254 251 252
2147483661,0,0,0.00304773,1,0,1,0,0,22 25 27 32 26 263 264 265 266 24 23 269 270 267 268
2147483663,0,0,0.00167756,2,0,1,0,0,22 25 27 32 26 263 264 265 266 24 23 269 270 267 268
2147483666,0,0,0.00209991,2,0,1,0,0,22 25 27 32 26 263 264 265 266 24 23 269 270 267 268
2147483669,0,0,0.000777599,2,0,1,0,0,22 25 27 32 26 263 264 265 266 24 23 269 270 267 268
2147483672,0,0,0.000382879,2,0,1,0,0,22 25 27 32 26 263 264 265 266 24 23 269 270 267 268
2147483675,0,0,0.00167756,2,0,1,0,0,22 25 27 32 26 263 264 265 266 24 23 269 270 267 268
2147483678,0,0,0.000619711,2,0,1,0,0,22 25 27 32 26 263 264 265 266 24 23 269 270 267 268
2147483681,0,0,0.000303935,2,0,1,0,0,22 25 27 32 26 263 264 265 266 24 23 269 270 267 268
2147483684,0,0,0.000941599,1,0,1,0,0,22 25 27 32 26 263 264 265 266 24 23 269 270 267 268
2147483686,0,0,0.00125126,2,0,1,0,0,22 25 27 32 26 263 264 265 266 24 23 269 270 267 268
2147483689,0,0,0.000619711,2,0,1,0,0,22 25 27 32 26 263 264 265 266 24 23 269 270 267 268
2147483692,0,0,0.00100654,2,0,1,0,0,22 25 27 32 26 263 264 265 266 24 23 269 270 267 268
2147483695,0,0,0.000501295,2,0,1,0,0,22 25 27 32 26 263 264 265 266 24 23 269 270 267 268
2147483699,0,0,0.00152029,1,0,1,0,0,22 25 27 32 26 263 264 265 266 24 23 269 270 267 268
2147483701,0,0,0.000836807,2,0,1,0,0,22 25 27 32 26 263 264 265 266 24 23 269 270 267 268
2147483704,0,0,0.00104601,2,0,1,0,0,22 25 27 32 26 263 264 265 266 24 23 269 270 267 268
2147483707,0,0,0.000382879,2,0,1,0,0,22 25 27 32 26 263 264 265 266 24 23 269 270 267 268
2147483710,0,0,0.000185519,2,0,1,0,0,22 25 27 32 26 263 264 265 266 24 23 269 270 267 268
2147483713,0,0,0.000836807,2,0,1,0,0,22 25 27 32 26 263 264 265 266 24 23 269 270 267 268
2147483716,0,0,0.000303935,2,0,1,0,0,22 25 27 32 26 263 264 265 266 24 23 269 270 267 268
2147483719,0,0,0.000149994,2,0,1,0,0,22 25 27 32 26 263 264 265 266 24 23 269 270 267 268
2147483721,0,0,0.000468953,1,0,1,0,0,22 25 27 32 26 263 264 265 266 24 23 269 270 267 268
2147483723,0,0,0.000619711,2,0,1,0,0,22 25 27 32 26 263 264 265 266 24 23 269 270 267 268
2147483726,0,0,0.000303935,2,0,1,0,0,22 25 27 32 26 263 264 265 266 24 23 269 270 267 268
2147483729,0,0,0.000501295,2,0,1,0,0,22 25 27 32 26 263 264 265 266 24 23 269 270 267 268
2147483732,0,0,0.000244727,2,0,1,0,0,22 25 27 32 26 263 264 265 266 24 23 269 270 267 268
2147483734,0,0,0.000586343,10,0,1,0,0,53 49 52 54 57 127 128 129 130 51 133 134 131 132 50
2147483737,0,0,0.000608264,8,0,1,0,0,52 49 127 128 129 130 51 133 134 131 132 50
2147483739,0,0,0.00356005,2,0,1,0,0,264 22 265 266 24 23 269 270 267 268
2147483740,0,0,0.000311016,4,0,1,0,0,2 11 19 61 18 247 248 249 250 5 8 253 254 251 252
2147483744,0,0,0.00806452,2,0,1,0,0,49 52 54 57 53 127 128 129 130 51 133 134 131 132 50
2147483746,0,0,0.00347222,1,0,0,0,1,151 152 153 154 155 156 157 158 159 160 161 162 163 164 165 166
2147483749,0,0,inf,1,0,1,0,0,22 25 27 32 26 263 264 265 266 24 23 269 270 267 268
2147483752,0,0,0.00320513,1,0,1,0,0,22 25 27 32 26 263 264 265 266 24 23 269 270 267 268
2147483755,0,0,0.00328947,1,0,1,0,0,22 25 27 32 26 263 264 265 266 24 23 269 270 267 268
2147483757,0,0,0.00347222,1,0,1,0,0,22 25 27 32 26 263 264 265 266 24 23 269 270 267 268
2147483760,0,0,0.00762195,2,0,1,0,0,49 52 54 57 53 127 128 129 130 51 133 134 131 132 50
2147483762,0,0,inf,1,0,1,0,0,22 25 27 32 26 263 264 265 266 24 23 269 270 267 268
2147483765,0,0,0.00166102,1,0,1,0,0,22 25 27 32 26 263 264 265 266 24 23 269 270 267 268
2147483766,0,0,0.0075,2,0,1,0,0,49 52 54 57 53 127 128 129 130 51 133 134 131 132 50
2147483768,0,0,inf,1,0,1,0,0,22 25 27 32 26 263 264 265 266 24 23 269 270 267 268
2147483771,0,0,0.000993687,2,0,1,0,0,2 11 19 61 18 247 248 249 250 5 8 253 254 251 252
2147483837,0,0,0.000884784,56,0,1,0,0,22 25 27 32 26 263 264 265 266 24 23 269 270 267 268
2147483850,0,0,0.000932101,5,0,1,0,0,57 49 52 54 127 128 129 130 51 133 134 131 132 50
2147483852,0,0,0.00119028,3,0,1,0,0,54 49 52 127 128 129 130 51 133 134 131 132 50
2147483855,0,0,0.00356706,4,0,1,0,0,49 52 54 57 53 127 128 129 130 51 133 134 131 132 50
2147483858,0,0,0.00354854,2,0,1,0,0,49 52 54 57 53 127 128 129 130 51 133 134 131 132 50
