22,1,22,-1,0,1,0,0,0,
23,1,23,-1,0,1,0,0,0,
24,1,24,-1,0,1,0,0,0,
25,1,25,-1,0,1,0,0,0,
26,1,26,-1,0,1,0,0,0,
27,1,27,-1,0,1,0,0,0,
32,1,32,-1,0,1,0,0,0,
49,1,49,-1,0,1,0,0,0,
50,1,50,-1,0,1,0,0,0,
51,1,51,-1,0,1,0,0,0,
52,1,52,-1,0,1,0,0,0,
53,1,53,-1,0,1,0,0,0,
54,1,54,-1,0,1,0,0,0,
57,1,57,-1,0,1,0,0,0,
127,1,127,-1,0,1,0,0,0,
128,1,128,-1,0,1,0,0,0,
129,1,129,-1,0,1,0,0,0,
130,1,130,-1,0,1,0,0,0,
131,1,131,-1,0,1,0,0,0,
132,1,132,-1,0,1,0,0,0,
133,1,133,-1,0,1,0,0,0,
134,1,134,-1,0,1,0,0,0,
263,1,263,-1,0,1,0,0,0,
264,1,264,-1,0,1,0,0,0,
265,1,265,-1,0,1,0,0,0,
266,1,266,-1,0,1,0,0,0,
267,1,267,-1,0,1,0,0,0,
268,1,268,-1,0,1,0,0,0,
269,1,269,-1,0,1,0,0,0,
270,1,270,-1,0,1,0,0,0,
2147483834,0,0,0.00516946,1,0,1,0,0,53 49 52 54 57 127 128 129 130 51 133 134 131 132 50
2147483835,0,0,0.000598785,3,0,1,0,0,32 22 25 27 263 264 265 266 24 23 269 270 267 268
2147483836,0,0,0.00207239,3,0,1,0,0,27 22 25 263 264 265 266 24 23 269 270 267 268
2147483837,0,0,0.000593638,3,0,1,0,0,25 22 263 264 265 266 24 23 269 270 267 268
2147483843,0,0,inf,1,0,1,0,0,49 52 54 57 53 127 128 129 130 51 133 134 131 132 50
2147483862,0,0,inf,1,0,1,0,0,49 52 54 57 53 127 128 129 130 51 133 134 131 132 50
2147483866,0,0,0.00133904,2,0,1,0,0,49 52 54 57 53 127 128 129 130 51 133 134 131 132 50
2147483869,0,0,0.00146637,2,0,1,0,0,49 52 54 57 53 127 128 129 130 51 133 134 131 132 50
2147483871,0,0,0.000961538,1,0,1,0,0,49 52 54 57 53 127 128 129 130 51 133 134 131 132 50
2147483879,0,0,0.00280969,1,0,1,0,0,49 52 54 57 53 127 128 129 130 51 133 134 131 132 50
2147483881,0,0,0.00469467,1,0,1,0,0,49 52 54 57 53 127 128 129 130 51 133 134 131 132 50
2147483884,0,0,0.000545322,11,0,1,0,0,22 25 27 32 26 263 264 265 266 24 23 269 270 267 268
2147483885,0,0,0.00131263,3,0,1,0,0,49 52 54 57 53 127 128 129 130 51 133 134 131 132 50
2147483889,0,0,0.000607168,10,0,1,0,0,22 25 27 32 26 263 264 265 266 24 23 269 270 267 268
2147483890,0,0,0.00403129,1,0,1,0,0,49 52 54 57 53 127 128 129 130 51 133 134 131 132 50
2147483893,0,0,inf,1,0,1,0,0,49 52 54 57 53 127 128 129 130 51 133 134 131 132 50
2147483895,0,0,0.00353218,1,0,1,0,0,49 52 54 57 53 127 128 129 130 51 133 134 131 132 50
2147483898,0,0,0.000472511,9,0,1,0,0,22 25 27 32 26 263 264 265 266 24 23 269 270 267 268
2147483900,0,0,inf,1,0,1,0,0,49 52 54 57 53 127 128 129 130 51 133 134 131 132 50
2147483902,0,0,0.00314304,1,0,1,0,0,49 52 54 57 53 127 128 129 130 51 133 134 131 132 50
2147483905,0,0,0.000477232,9,0,1,0,0,22 25 27 32 26 263 264 265 266 24 23 269 270 267 268
2147483907,0,0,inf,1,0,1,0,0,49 52 54 57 53 127 128 129 130 51 133 134 131 132 50
2147483909,0,0,0.00283114,1,0,1,0,0,49 52 54 57 53 127 128 129 130 51 133 134 131 132 50
2147483912,0,0,0.000482049,9,0,1,0,0,22 25 27 32 26 263 264 265 266 24 23 269 270 267 268
2147483914,0,0,inf,1,0,1,0,0,49 52 54 57 53 127 128 129 130 51 133 134 131 132 50
2147483916,0,0,0.00257555,1,0,1,0,0,49 52 54 57 53 127 128 129 130 51 133 134 131 132 50
2147483919,0,0,0.000486964,9,0,1,0,0,22 25 27 32 26 263 264 265 266 24 23 269 270 267 268
2147483921,0,0,inf,1,0,1,0,0,49 52 54 57 53 127 128 129 130 51 133 134 131 132 50
2147483923,0,0,0.00236229,1,0,1,0,0,49 52 54 57 53 127 128 129 130 51 133 134 131 132 50
2147483926,0,0,0.00049198,9,0,1,0,0,22 25 27 32 26 263 264 265 266 24 23 269 270 267 268
2147483928,0,0,inf,1,0,1,0,0,49 52 54 57 53 127 128 129 130 51 133 134 131 132 50
2147483930,0,0,0.00218164,1,0,1,0,0,49 52 54 57 53 127 128 129 130 51 133 134 131 132 50
2147483933,0,0,0.000497101,9,0,1,0,0,22 25 27 32 26 263 264 265 266 24 23 269 270 267 268
2147483935,0,0,inf,1,0,1,0,0,49 52 54 57 53 127 128 129 130 51 133 134 131 132 50
2147483937,0,0,0.00202666,1,0,1,0,0,49 52 54 57 53 127 128 129 130 51 133 134 131 132 50
2147483940,0,0,0.000502329,9,0,1,0,0,22 25 27 32 26 263 264 265 266 24 23 269 270 267 268
2147483942,0,0,inf,1,0,1,0,0,49 52 54 57 53 127 128 129 130 51 133 134 131 132 50
2147483944,0,0,0.00189224,1,0,1,0,0,49 52 54 57 53 127 128 129 130 51 133 134 131 132 50
2147483947,0,0,0.000507669,9,0,1,0,0,22 25 27 32 26 263 264 265 266 24 23 269 270 267 268
2147483949,0,0,inf,1,0,1,0,0,49 52 54 57 53 127 128 129 130 51 133 134 131 132 50
2147483951,0,0,0.00177454,1,0,1,0,0,49 52 54 57 53 127 128 129 130 51 133 134 131 132 50
2147483954,0,0,0.000513123,9,0,1,0,0,22 25 27 32 26 263 264 265 266 24 23 269 270 267 268
2147483956,0,0,inf,1,0,1,0,14,49 52 54 57 53 127 128 129 130 51 133 134 131 132 50
2147483958,0,0,0.00167063,1,0,1,0,0,49 52 54 57 53 127 128 129 130 51 133 134 131 132 50
2147483961,0,0,0.000518696,9,0,1,0,0,22 25 27 32 26 263 264 265 266 24 23 269 270 267 268
2147483963,0,0,inf,1,0,1,0,0,49 52 54 57 53 127 128 129 130 51 133 134 131 132 50
2147483965,0,0,0.00125864,1,0,1,0,0,49 52 54 57 53 127 128 129 130 51 133 134 131 132 50
2147483968,0,0,0.000524391,9,0,1,0,0,22 25 27 32 26 263 264 265 266 24 23 269 270 267 268
2147483970,0,0,0.00331142,1,0,1,0,0,49 52 54 57 53 127 128 129 130 51 133 134 131 132 50
2147483972,0,0,inf,1,0,1,0,0,49 52 54 57 53 127 128 129 130 51 133 134 131 132 50
2147483975,0,0,0.000530213,9,0,1,0,0,22 25 27 32 26 263 264 265 266 24 23 269 270 267 268
2147483977,0,0,inf,1,0,1,0,0,49 52 54 57 53 127 128 129 130 51 133 134 131 132 50
2147483981,0,0,inf,1,0,1,0,0,49 52 54 57 53 127 128 129 130 51 133 134 131 132 50
2147483983,0,0,0.00319723,1,0,1,0,0,49 52 54 57 53 127 128 129 130 51 133 134 131 132 50
2147483986,0,0,0.000469296,9,0,1,0,0,22 25 27 32 26 263 264 265 266 24 23 269 270 267 268
2147483989,0,0,0.0010183,5,0,1,0,0,49 52 54 57 53 127 128 129 130 51 133 134 131 132 50
2147483992,0,0,inf,1,0,1,0,0,49 52 54 57 53 127 128 129 130 51 133 134 131 132 50
2147484001,0,0,0.0010413,1,0,1,0,0,49 52 54 57 53 127 128 129 130 51 133 134 131 132 50
2147484005,0,0,0.00139995,3,0,1,0,0,49 52 54 57 53 127 128 129 130 51 133 134 131 132 50
2147484007,0,0,0.000841605,8,0,1,0,0,49 52 54 57 53 127 128 129 130 51 133 134 131 132 50
2147484010,0,0,inf,1,0,1,0,0,49 52 54 57 53 127 128 129 130 51 133 134 131 132 50
2147484012,0,0,0.00344933,1,0,1,0,0,49 52 54 57 53 127 128 129 130 51 133 134 131 132 50
2147484015,0,0,0.000536093,8,0,1,0,0,22 25 27 32 26 263 264 265 266 24 23 269 270 267 268
2147484017,0,0,0.000706347,3,0,1,0,0,49 52 54 57 53 127 128 129 130 51 133 134 131 132 50
2147484021,0,0,0.000706002,5,0,1,0,0,22 25 27 32 26 263 264 265 266 24 23 269 270 267 268
2147484023,0,0,0.00360976,1,0,1,0,0,49 52 54 57 53 127 128 129 130 51 133 134 131 132 50
2147484026,0,0,inf,1,0,1,0,0,49 52 54 57 53 127 128 129 130 51 133 134 131 132 50
2147484028,0,0,0.00360976,1,0,1,0,0,49 52 54 57 53 127 128 129 130 51 133 134 131 132 50
2147484031,0,0,0.000547581,4,0,1,0,0,22 25 27 32 26 263 264 265 266 24 23 269 270 267 268
2147484034,0,0,inf,1,0,1,0,0,49 52 54 57 53 127 128 129 130 51 133 134 131 132 50
2147484036,0,0,0.00369571,1,0,1,0,0,49 52 54 57 53 127 128 129 130 51 133 134 131 132 50
2147484039,0,0,0.000557701,4,0,1,0,0,22 25 27 32 26 263 264 265 266 24 23 269 270 267 268
2147484042,0,0,inf,1,0,1,0,0,49 52 54 57 53 127 128 129 130 51 133 134 131 132 50
2147484047,0,0,0.000568202,4,0,1,0,0,22 25 27 32 26 263 264 265 266 24 23 269 270 267 268
2147484050,0,0,inf,1,0,1,0,0,49 52 54 57 53 127 128 129 130 51 133 134 131 132 50
2147484052,0,0,0.00431166,1,0,1,0,0,49 52 54 57 53 127 128 129 130 51 133 134 131 132 50
2147484055,0,0,0.000579106,4,0,1,0,0,22 25 27 32 26 263 264 265 266 24 23 269 270 267 268
2147484057,0,0,0.00529158,2,0,1,0,0,49 52 54 57 53 127 128 129 130 51 133 134 131 132 50
2147484060,0,0,0.000588996,4,0,1,0,0,22 25 27 32 26 263 264 265 266 24 23 269 270 267 268
2147484061,0,0,0.000598714,20,0,1,0,0,22 25 27 32 26 263 264 265 266 24 23 269 270 267 268
2147484063,0,0,0.000508354,13,0,1,0,0,22 25 27 32 26 263 264 265 266 24 23 269 270 267 268
2147484107,0,0,0.000531381,8,0,1,0,0,22 25 27 32 26 263 264 265 266 24 23 269 270 267 268
