22 
23 
24 
25 2147483691 2147483693 
26 2147483688 2147483690 2147483691 2147483693 
27 2147483690 2147483691 2147483693 
32 2147483688 2147483690 2147483691 2147483693 
49 2147483685 2147483686 2147483834 2147483835 2147483838 2147483839 2147483845 2147483846 
50 
51 
52 2147483685 2147483686 2147483834 2147483835 2147483838 2147483839 2147483845 2147483846 
53 2147483685 2147483686 2147483702 2147483704 2147483711 2147483713 2147483725 2147483727 2147483736 2147483738 2147483750 2147483752 2147483761 2147483763 2147483829 2147483834 2147483835 2147483838 2147483839 2147483845 2147483846 
54 2147483685 2147483686 2147483834 2147483835 2147483838 2147483839 2147483845 2147483846 
57 2147483685 2147483686 2147483704 2147483713 2147483727 2147483738 2147483752 2147483763 2147483834 2147483835 2147483838 2147483839 2147483845 2147483846 
127 2147483685 2147483686 2147483834 2147483835 2147483838 2147483839 2147483845 2147483846 
128 2147483685 2147483686 2147483834 2147483835 2147483838 2147483839 2147483845 2147483846 
129 2147483685 2147483686 2147483834 2147483835 2147483838 2147483839 2147483845 2147483846 
130 2147483685 2147483686 2147483834 2147483835 2147483838 2147483839 2147483845 2147483846 
131 
132 
133 
134 
263 2147483693 
264 
265 
266 
267 
268 
269 
270 
2147483685 2147483686 2147483687 2147483688 2147483690 2147483691 2147483693 2147483699 2147483700 2147483701 2147483702 2147483704 2147483706 2147483707 2147483708 2147483709 2147483710 2147483711 2147483713 2147483715 2147483719 2147483720 2147483721 2147483722 2147483723 2147483724 2147483725 2147483727 2147483729 2147483730 2147483731 2147483732 2147483733 2147483734 2147483735 2147483736 2147483738 2147483740 2147483744 2147483745 2147483746 2147483747 2147483748 2147483749 2147483750 2147483752 2147483754 2147483755 2147483756 2147483757 2147483758 2147483759 2147483760 2147483761 2147483763 2147483765 2147483768 2147483769 2147483770 2147483773 2147483774 2147483775 2147483776 2147483777 2147483778 2147483779 2147483780 2147483781 2147483782 2147483783 2147483784 2147483785 2147483786 2147483787 2147483788 2147483791 2147483792 2147483793 2147483794 2147483795 2147483796 2147483797 2147483798 2147483799 2147483800 2147483801 2147483802 2147483803 2147483804 2147483805 2147483806 2147483807 2147483808 2147483809 2147483810 2147483811 2147483812 2147483813 2147483814 2147483815 2147483816 2147483817 2147483818 2147483819 2147483820 2147483821 2147483822 2147483823 2147483824 2147483825 2147483826 2147483827 2147483828 2147483829 2147483832 2147483834 2147483835 2147483838 2147483839 2147483840 2147483841 2147483843 2147483844 2147483845 2147483846 53 49 52 54 57 127 128 129 130 2147483686 2147483687 2147483688 2147483690 2147483691 2147483693 2147483699 2147483700 2147483701 2147483702 2147483704 2147483706 2147483707 2147483708 2147483709 2147483710 2147483711 2147483713 2147483715 2147483719 2147483720 2147483721 2147483722 2147483723 2147483724 2147483725 2147483727 2147483729 2147483730 2147483731 2147483732 2147483733 2147483734 2147483735 2147483736 2147483738 2147483740 2147483744 2147483745 2147483746 2147483747 2147483748 2147483749 2147483750 2147483752 2147483754 2147483755 2147483756 2147483757 2147483758 2147483759 2147483760 2147483761 2147483763 2147483765 2147483768 2147483769 2147483770 2147483773 2147483774 2147483775 2147483776 2147483777 2147483778 2147483779 2147483780 2147483781 2147483782 2147483783 2147483784 2147483785 2147483786 2147483787 2147483788 2147483791 2147483792 2147483793 2147483794 2147483795 2147483796 2147483797 2147483798 2147483799 2147483800 2147483801 2147483802 2147483803 2147483804 2147483805 2147483806 2147483807 2147483808 2147483809 2147483810 2147483811 2147483812 2147483813 2147483814 2147483815 2147483816 2147483817 2147483818 2147483819 2147483820 2147483821 2147483822 2147483823 2147483824 2147483825 2147483826 2147483827 2147483828 2147483829 2147483832 2147483834 2147483835 2147483838 2147483839 2147483840 2147483841 2147483843 2147483844 2147483845 2147483846 
2147483686 2147483685 2147483685 2147483687 2147483688 2147483690 2147483691 2147483693 2147483699 2147483700 2147483701 2147483702 2147483704 2147483706 2147483707 2147483708 2147483709 2147483710 2147483711 2147483713 2147483715 2147483719 2147483720 2147483721 2147483722 2147483723 2147483724 2147483725 2147483727 2147483729 2147483730 2147483731 2147483732 2147483733 2147483734 2147483735 2147483736 2147483738 2147483740 2147483744 2147483745 2147483746 2147483747 2147483748 2147483749 2147483750 2147483752 2147483754 2147483755 2147483756 2147483757 2147483758 2147483759 2147483760 2147483761 2147483763 2147483765 2147483768 2147483769 2147483770 2147483773 2147483774 2147483775 2147483776 2147483777 2147483778 2147483779 2147483780 2147483781 2147483782 2147483783 2147483784 2147483785 2147483786 2147483787 2147483788 2147483791 2147483792 2147483793 2147483794 2147483795 2147483796 2147483797 2147483798 2147483799 2147483800 2147483801 2147483802 2147483803 2147483804 2147483805 2147483806 2147483807 2147483808 2147483809 2147483810 2147483811 2147483812 2147483813 2147483814 2147483815 2147483816 2147483817 2147483818 2147483819 2147483820 2147483821 2147483822 2147483823 2147483824 2147483825 2147483826 2147483827 2147483828 2147483832 2147483834 2147483835 2147483838 2147483839 2147483840 2147483841 2147483843 2147483844 2147483845 2147483846 57 49 52 54 53 127 128 129 130 2147483687 2147483688 2147483690 2147483691 2147483693 2147483699 2147483700 2147483701 2147483702 2147483704 2147483706 2147483707 2147483708 2147483709 2147483710 2147483711 2147483713 2147483715 2147483719 2147483720 2147483721 2147483722 2147483723 2147483724 2147483725 2147483727 2147483729 2147483730 2147483731 2147483732 2147483733 2147483734 2147483735 2147483736 2147483738 2147483740 2147483744 2147483745 2147483746 2147483747 2147483748 2147483749 2147483750 2147483752 2147483754 2147483755 2147483756 2147483757 2147483758 2147483759 2147483760 2147483761 2147483763 2147483765 2147483768 2147483769 2147483770 2147483773 2147483774 2147483775 2147483776 2147483777 2147483778 2147483779 2147483780 2147483781 2147483782 2147483783 2147483784 2147483785 2147483786 2147483787 2147483788 2147483791 2147483792 2147483793 2147483794 2147483795 2147483796 2147483797 2147483798 2147483799 2147483800 2147483801 2147483802 2147483803 2147483804 2147483805 2147483806 2147483807 2147483808 2147483809 2147483810 2147483811 2147483812 2147483813 2147483814 2147483815 2147483816 2147483817 2147483818 2147483819 2147483820 2147483821 2147483822 2147483823 2147483824 2147483825 2147483826 2147483827 2147483828 2147483832 2147483834 2147483835 2147483838 2147483839 2147483840 2147483841 2147483843 2147483844 2147483845 2147483846 
2147483687 2147483685 2147483686 2147483685 2147483686 2147483688 2147483690 2147483691 2147483688 2147483690 2147483691 
2147483688 2147483685 2147483686 2147483687 2147483685 2147483686 2147483687 2147483690 2147483691 2147483693 32 26 2147483690 2147483691 2147483693 
2147483690 2147483685 2147483686 2147483687 2147483688 2147483685 2147483686 2147483687 2147483688 2147483691 2147483693 27 32 26 2147483691 2147483693 
2147483691 2147483685 2147483686 2147483687 2147483688 2147483690 2147483685 2147483686 2147483687 2147483688 2147483690 2147483693 25 27 32 26 2147483693 
2147483693 2147483685 2147483686 2147483688 2147483690 2147483691 2147483685 2147483686 2147483688 2147483690 2147483691 25 27 32 26 263 
2147483699 2147483685 2147483686 2147483685 2147483686 2147483834 2147483835 2147483840 2147483834 2147483835 2147483840 
2147483700 2147483685 2147483686 2147483685 2147483686 2147483701 2147483702 2147483704 2147483834 2147483835 2147483840 2147483701 2147483702 2147483704 2147483834 2147483835 2147483840 
2147483701 2147483685 2147483686 2147483700 2147483685 2147483686 2147483700 2147483834 2147483835 2147483840 2147483834 2147483835 2147483840 
2147483702 2147483685 2147483686 2147483700 2147483685 2147483686 2147483700 2147483704 2147483834 2147483835 2147483840 53 2147483704 2147483834 2147483835 2147483840 
2147483704 2147483685 2147483686 2147483700 2147483702 2147483685 2147483686 2147483700 2147483702 2147483834 2147483835 57 53 2147483834 2147483835 
2147483706 2147483685 2147483686 2147483685 2147483686 2147483707 2147483834 2147483835 2147483707 2147483834 2147483835 
2147483707 2147483685 2147483686 2147483706 2147483685 2147483686 2147483706 2147483708 2147483709 2147483710 2147483711 2147483834 2147483835 2147483708 2147483709 2147483710 2147483711 2147483834 2147483835 
2147483708 2147483685 2147483686 2147483707 2147483685 2147483686 2147483707 2147483834 2147483835 2147483834 2147483835 
2147483709 2147483685 2147483686 2147483707 2147483685 2147483686 2147483707 2147483710 2147483711 2147483713 2147483834 2147483835 2147483710 2147483711 2147483713 2147483834 2147483835 
2147483710 2147483685 2147483686 2147483707 2147483709 2147483685 2147483686 2147483707 2147483709 2147483834 2147483835 2147483834 2147483835 
2147483711 2147483685 2147483686 2147483707 2147483709 2147483685 2147483686 2147483707 2147483709 2147483713 2147483834 2147483835 53 2147483713 2147483834 2147483835 
2147483713 2147483685 2147483686 2147483709 2147483711 2147483685 2147483686 2147483709 2147483711 2147483834 2147483835 57 53 2147483834 2147483835 
2147483715 2147483685 2147483686 2147483685 2147483686 2147483834 2147483835 2147483840 2147483834 2147483835 2147483840 
2147483719 2147483685 2147483686 2147483685 2147483686 2147483838 2147483839 2147483840 2147483838 2147483839 2147483840 
2147483720 2147483685 2147483686 2147483685 2147483686 2147483838 2147483839 2147483840 2147483838 2147483839 2147483840 
2147483721 2147483685 2147483686 2147483685 2147483686 2147483838 2147483839 2147483840 2147483838 2147483839 2147483840 
2147483722 2147483685 2147483686 2147483685 2147483686 2147483723 2147483724 2147483725 2147483727 2147483838 2147483839 2147483840 2147483723 2147483724 2147483725 2147483727 2147483838 2147483839 2147483840 
2147483723 2147483685 2147483686 2147483722 2147483685 2147483686 2147483722 2147483838 2147483839 2147483840 2147483838 2147483839 2147483840 
2147483724 2147483685 2147483686 2147483722 2147483685 2147483686 2147483722 2147483838 2147483839 2147483840 2147483838 2147483839 2147483840 
2147483725 2147483685 2147483686 2147483722 2147483685 2147483686 2147483722 2147483727 2147483838 2147483839 2147483840 53 2147483727 2147483838 2147483839 2147483840 
2147483727 2147483685 2147483686 2147483722 2147483725 2147483685 2147483686 2147483722 2147483725 2147483838 2147483839 57 53 2147483838 2147483839 
2147483729 2147483685 2147483686 2147483685 2147483686 2147483730 2147483838 2147483839 2147483730 2147483838 2147483839 
2147483730 2147483685 2147483686 2147483729 2147483685 2147483686 2147483729 2147483731 2147483732 2147483733 2147483734 2147483735 2147483736 2147483838 2147483839 2147483731 2147483732 2147483733 2147483734 2147483735 2147483736 2147483838 2147483839 
2147483731 2147483685 2147483686 2147483730 2147483685 2147483686 2147483730 2147483838 2147483839 2147483838 2147483839 
2147483732 2147483685 2147483686 2147483730 2147483685 2147483686 2147483730 2147483838 2147483839 2147483838 2147483839 
2147483733 2147483685 2147483686 2147483730 2147483685 2147483686 2147483730 2147483734 2147483735 2147483736 2147483738 2147483838 2147483839 2147483734 2147483735 2147483736 2147483738 2147483838 2147483839 
2147483734 2147483685 2147483686 2147483730 2147483733 2147483685 2147483686 2147483730 2147483733 2147483838 2147483839 2147483838 2147483839 
2147483735 2147483685 2147483686 2147483730 2147483733 2147483685 2147483686 2147483730 2147483733 2147483838 2147483839 2147483838 2147483839 
2147483736 2147483685 2147483686 2147483730 2147483733 2147483685 2147483686 2147483730 2147483733 2147483738 2147483838 2147483839 53 2147483738 2147483838 2147483839 
2147483738 2147483685 2147483686 2147483733 2147483736 2147483685 2147483686 2147483733 2147483736 2147483838 2147483839 57 53 2147483838 2147483839 
2147483740 2147483685 2147483686 2147483685 2147483686 2147483838 2147483839 2147483840 2147483838 2147483839 2147483840 
2147483744 2147483685 2147483686 2147483685 2147483686 2147483840 2147483845 2147483846 2147483840 2147483845 2147483846 
2147483745 2147483685 2147483686 2147483685 2147483686 2147483840 2147483845 2147483846 2147483840 2147483845 2147483846 
2147483746 2147483685 2147483686 2147483685 2147483686 2147483840 2147483845 2147483846 2147483840 2147483845 2147483846 
2147483747 2147483685 2147483686 2147483685 2147483686 2147483748 2147483749 2147483750 2147483752 2147483840 2147483845 2147483846 2147483748 2147483749 2147483750 2147483752 2147483840 2147483845 2147483846 
2147483748 2147483685 2147483686 2147483747 2147483685 2147483686 2147483747 2147483840 2147483845 2147483846 2147483840 2147483845 2147483846 
2147483749 2147483685 2147483686 2147483747 2147483685 2147483686 2147483747 2147483840 2147483845 2147483846 2147483840 2147483845 2147483846 
2147483750 2147483685 2147483686 2147483747 2147483685 2147483686 2147483747 2147483752 2147483840 2147483845 2147483846 53 2147483752 2147483840 2147483845 2147483846 
2147483752 2147483685 2147483686 2147483747 2147483750 2147483685 2147483686 2147483747 2147483750 2147483845 2147483846 57 53 2147483845 2147483846 
2147483754 2147483685 2147483686 2147483685 2147483686 2147483755 2147483845 2147483846 2147483755 2147483845 2147483846 
2147483755 2147483685 2147483686 2147483754 2147483685 2147483686 2147483754 2147483756 2147483757 2147483758 2147483759 2147483760 2147483761 2147483845 2147483846 2147483756 2147483757 2147483758 2147483759 2147483760 2147483761 2147483845 2147483846 
2147483756 2147483685 2147483686 2147483755 2147483685 2147483686 2147483755 2147483845 2147483846 2147483845 2147483846 
2147483757 2147483685 2147483686 2147483755 2147483685 2147483686 2147483755 2147483845 2147483846 2147483845 2147483846 
2147483758 2147483685 2147483686 2147483755 2147483685 2147483686 2147483755 2147483759 2147483760 2147483761 2147483763 2147483845 2147483846 2147483759 2147483760 2147483761 2147483763 2147483845 2147483846 
2147483759 2147483685 2147483686 2147483755 2147483758 2147483685 2147483686 2147483755 2147483758 2147483845 2147483846 2147483845 2147483846 
2147483760 2147483685 2147483686 2147483755 2147483758 2147483685 2147483686 2147483755 2147483758 2147483845 2147483846 2147483845 2147483846 
2147483761 2147483685 2147483686 2147483755 2147483758 2147483685 2147483686 2147483755 2147483758 2147483763 2147483845 2147483846 53 2147483763 2147483845 2147483846 
2147483763 2147483685 2147483686 2147483758 2147483761 2147483685 2147483686 2147483758 2147483761 2147483845 2147483846 57 53 2147483845 2147483846 
2147483765 2147483685 2147483686 2147483685 2147483686 2147483840 2147483845 2147483846 2147483840 2147483845 2147483846 
2147483768 2147483685 2147483686 2147483685 2147483686 2147483769 2147483770 2147483773 2147483769 2147483770 2147483773 
2147483769 2147483685 2147483686 2147483768 2147483685 2147483686 2147483768 2147483770 2147483773 2147483770 2147483773 
2147483770 2147483685 2147483686 2147483768 2147483769 2147483685 2147483686 2147483768 2147483769 
2147483773 2147483685 2147483686 2147483768 2147483769 2147483685 2147483686 2147483768 2147483769 2147483774 2147483774 
2147483774 2147483685 2147483686 2147483773 2147483685 2147483686 2147483773 
2147483775 2147483685 2147483686 2147483685 2147483686 2147483776 2147483776 
2147483776 2147483685 2147483686 2147483775 2147483685 2147483686 2147483775 2147483777 2147483777 
2147483777 2147483685 2147483686 2147483776 2147483685 2147483686 2147483776 2147483778 2147483778 
2147483778 2147483685 2147483686 2147483777 2147483685 2147483686 2147483777 
2147483779 2147483685 2147483686 2147483685 2147483686 2147483780 2147483781 2147483780 2147483781 
2147483780 2147483685 2147483686 2147483779 2147483685 2147483686 2147483779 
2147483781 2147483685 2147483686 2147483779 2147483685 2147483686 2147483779 2147483782 2147483782 
2147483782 2147483685 2147483686 2147483781 2147483685 2147483686 2147483781 
2147483783 2147483685 2147483686 2147483685 2147483686 2147483784 2147483785 2147483784 2147483785 
2147483784 2147483685 2147483686 2147483783 2147483685 2147483686 2147483783 
2147483785 2147483685 2147483686 2147483783 2147483685 2147483686 2147483783 2147483786 2147483786 
2147483786 2147483685 2147483686 2147483785 2147483685 2147483686 2147483785 
2147483787 2147483685 2147483686 2147483685 2147483686 
2147483788 2147483685 2147483686 2147483685 2147483686 2147483841 2147483841 
2147483791 2147483685 2147483686 2147483685 2147483686 2147483841 2147483841 
2147483792 2147483685 2147483686 2147483685 2147483686 
2147483793 2147483685 2147483686 2147483685 2147483686 2147483795 2147483795 
2147483794 2147483685 2147483686 2147483685 2147483686 
2147483795 2147483685 2147483686 2147483793 2147483685 2147483686 2147483793 
2147483796 2147483685 2147483686 2147483685 2147483686 2147483843 2147483843 
2147483797 2147483685 2147483686 2147483685 2147483686 2147483843 2147483843 
2147483798 2147483685 2147483686 2147483685 2147483686 2147483799 2147483799 
2147483799 2147483685 2147483686 2147483798 2147483685 2147483686 2147483798 
2147483800 2147483685 2147483686 2147483685 2147483686 
2147483801 2147483685 2147483686 2147483685 2147483686 
2147483802 2147483685 2147483686 2147483685 2147483686 2147483803 2147483804 2147483803 2147483804 
2147483803 2147483685 2147483686 2147483802 2147483685 2147483686 2147483802 
2147483804 2147483685 2147483686 2147483802 2147483685 2147483686 2147483802 
2147483805 2147483685 2147483686 2147483685 2147483686 2147483806 2147483807 2147483806 2147483807 
2147483806 2147483685 2147483686 2147483805 2147483685 2147483686 2147483805 
2147483807 2147483685 2147483686 2147483805 2147483685 2147483686 2147483805 
2147483808 2147483685 2147483686 2147483685 2147483686 2147483844 2147483844 
2147483809 2147483685 2147483686 2147483685 2147483686 2147483844 2147483844 
2147483810 2147483685 2147483686 2147483685 2147483686 2147483811 2147483812 2147483811 2147483812 
2147483811 2147483685 2147483686 2147483810 2147483685 2147483686 2147483810 
2147483812 2147483685 2147483686 2147483810 2147483685 2147483686 2147483810 
2147483813 2147483685 2147483686 2147483685 2147483686 2147483814 2147483815 2147483814 2147483815 
2147483814 2147483685 2147483686 2147483813 2147483685 2147483686 2147483813 
2147483815 2147483685 2147483686 2147483813 2147483685 2147483686 2147483813 
2147483816 2147483685 2147483686 2147483685 2147483686 2147483817 2147483818 2147483817 2147483818 
2147483817 2147483685 2147483686 2147483816 2147483685 2147483686 2147483816 
2147483818 2147483685 2147483686 2147483816 2147483685 2147483686 2147483816 
2147483819 2147483685 2147483686 2147483685 2147483686 2147483844 2147483844 
2147483820 2147483685 2147483686 2147483685 2147483686 2147483844 2147483844 
2147483821 2147483685 2147483686 2147483685 2147483686 2147483822 2147483822 
2147483822 2147483685 2147483686 2147483821 2147483685 2147483686 2147483821 
2147483823 2147483685 2147483686 2147483685 2147483686 
2147483824 2147483685 2147483686 2147483685 2147483686 2147483825 2147483825 
2147483825 2147483685 2147483686 2147483824 2147483685 2147483686 2147483824 
2147483826 2147483685 2147483686 2147483685 2147483686 
2147483827 2147483685 2147483686 2147483685 2147483686 
2147483828 2147483685 2147483686 2147483685 2147483686 
2147483829 2147483685 2147483685 53 
2147483832 2147483685 2147483686 2147483685 2147483686 2147483834 2147483835 2147483840 2147483834 2147483835 2147483840 
2147483834 2147483685 2147483686 2147483699 2147483700 2147483701 2147483702 2147483704 2147483706 2147483707 2147483708 2147483709 2147483710 2147483711 2147483713 2147483715 2147483832 2147483685 2147483686 2147483699 2147483700 2147483701 2147483702 2147483704 2147483706 2147483707 2147483708 2147483709 2147483710 2147483711 2147483713 2147483715 2147483832 2147483835 2147483840 49 52 54 57 53 127 128 129 130 2147483835 2147483840 
2147483835 2147483685 2147483686 2147483699 2147483700 2147483701 2147483702 2147483704 2147483706 2147483707 2147483708 2147483709 2147483710 2147483711 2147483713 2147483715 2147483832 2147483834 2147483685 2147483686 2147483699 2147483700 2147483701 2147483702 2147483704 2147483706 2147483707 2147483708 2147483709 2147483710 2147483711 2147483713 2147483715 2147483832 2147483834 2147483840 49 52 54 57 53 127 128 129 130 2147483840 
2147483838 2147483685 2147483686 2147483719 2147483720 2147483721 2147483722 2147483723 2147483724 2147483725 2147483727 2147483729 2147483730 2147483731 2147483732 2147483733 2147483734 2147483735 2147483736 2147483738 2147483740 2147483685 2147483686 2147483719 2147483720 2147483721 2147483722 2147483723 2147483724 2147483725 2147483727 2147483729 2147483730 2147483731 2147483732 2147483733 2147483734 2147483735 2147483736 2147483738 2147483740 2147483839 2147483840 49 52 54 57 53 127 128 129 130 2147483839 2147483840 
2147483839 2147483685 2147483686 2147483719 2147483720 2147483721 2147483722 2147483723 2147483724 2147483725 2147483727 2147483729 2147483730 2147483731 2147483732 2147483733 2147483734 2147483735 2147483736 2147483738 2147483740 2147483838 2147483685 2147483686 2147483719 2147483720 2147483721 2147483722 2147483723 2147483724 2147483725 2147483727 2147483729 2147483730 2147483731 2147483732 2147483733 2147483734 2147483735 2147483736 2147483738 2147483740 2147483838 2147483840 49 52 54 57 53 127 128 129 130 2147483840 
2147483840 2147483685 2147483686 2147483699 2147483700 2147483701 2147483702 2147483715 2147483719 2147483720 2147483721 2147483722 2147483723 2147483724 2147483725 2147483740 2147483744 2147483745 2147483746 2147483747 2147483748 2147483749 2147483750 2147483765 2147483832 2147483834 2147483835 2147483838 2147483839 2147483685 2147483686 2147483699 2147483700 2147483701 2147483702 2147483715 2147483719 2147483720 2147483721 2147483722 2147483723 2147483724 2147483725 2147483740 2147483744 2147483745 2147483746 2147483747 2147483748 2147483749 2147483750 2147483765 2147483832 2147483834 2147483835 2147483838 2147483839 2147483845 2147483846 2147483845 2147483846 
2147483841 2147483685 2147483686 2147483788 2147483791 2147483685 2147483686 2147483788 2147483791 
2147483843 2147483685 2147483686 2147483796 2147483797 2147483685 2147483686 2147483796 2147483797 
2147483844 2147483685 2147483686 2147483808 2147483809 2147483819 2147483820 2147483685 2147483686 2147483808 2147483809 2147483819 2147483820 
2147483845 2147483685 2147483686 2147483744 2147483745 2147483746 2147483747 2147483748 2147483749 2147483750 2147483752 2147483754 2147483755 2147483756 2147483757 2147483758 2147483759 2147483760 2147483761 2147483763 2147483765 2147483840 2147483685 2147483686 2147483744 2147483745 2147483746 2147483747 2147483748 2147483749 2147483750 2147483752 2147483754 2147483755 2147483756 2147483757 2147483758 2147483759 2147483760 2147483761 2147483763 2147483765 2147483840 2147483846 49 52 54 57 53 127 128 129 130 2147483846 
2147483846 2147483685 2147483686 2147483744 2147483745 2147483746 2147483747 2147483748 2147483749 2147483750 2147483752 2147483754 2147483755 2147483756 2147483757 2147483758 2147483759 2147483760 2147483761 2147483763 2147483765 2147483840 2147483845 2147483685 2147483686 2147483744 2147483745 2147483746 2147483747 2147483748 2147483749 2147483750 2147483752 2147483754 2147483755 2147483756 2147483757 2147483758 2147483759 2147483760 2147483761 2147483763 2147483765 2147483840 2147483845 49 52 54 57 53 127 128 129 130 
