2 
5 
8 
11 
18 
19 
22 2147483652 2147483859 2147483861 
23 
24 
25 2147483652 2147483696 2147483859 2147483861 
26 2147483652 2147483696 2147483751 2147483798 2147483859 2147483861 
27 2147483652 2147483696 2147483798 2147483859 2147483861 
32 2147483652 2147483696 2147483798 2147483859 2147483861 
49 2147483648 2147483650 2147483651 2147483654 2147483668 2147483670 2147483673 2147483674 2147483698 2147483700 2147483715 2147483738 2147483801 
50 
51 
52 2147483648 2147483650 2147483651 2147483654 2147483668 2147483670 2147483673 2147483674 2147483698 2147483700 2147483715 2147483718 2147483719 2147483738 2147483801 2147483804 2147483805 
53 2147483648 2147483650 2147483651 2147483654 2147483657 2147483659 2147483665 2147483667 2147483668 2147483670 2147483673 2147483674 2147483698 2147483700 2147483715 2147483718 2147483719 2147483738 2147483757 2147483767 2147483784 2147483786 2147483791 2147483801 2147483804 2147483805 2147483842 2147483851 2147483852 
54 2147483648 2147483650 2147483651 2147483654 2147483657 2147483665 2147483668 2147483670 2147483673 2147483674 2147483698 2147483700 2147483715 2147483718 2147483719 2147483738 2147483757 2147483784 2147483801 2147483804 2147483805 2147483851 
57 2147483648 2147483650 2147483651 2147483654 2147483657 2147483659 2147483665 2147483667 2147483668 2147483670 2147483673 2147483674 2147483698 2147483700 2147483715 2147483718 2147483719 2147483738 2147483757 2147483784 2147483801 2147483804 2147483805 2147483851 
61 
127 2147483648 2147483650 2147483651 2147483654 2147483668 2147483670 2147483673 2147483674 2147483698 2147483700 2147483715 2147483738 2147483801 
128 2147483648 2147483650 2147483651 2147483654 2147483668 2147483670 2147483673 2147483674 2147483698 2147483700 2147483715 2147483738 2147483801 
129 2147483648 2147483650 2147483651 2147483654 2147483668 2147483670 2147483673 2147483674 2147483698 2147483700 2147483715 2147483738 2147483801 
130 2147483648 2147483650 2147483651 2147483654 2147483668 2147483670 2147483673 2147483674 2147483698 2147483700 2147483715 2147483738 2147483801 
131 
132 
133 
134 
247 
248 
249 
250 
251 
252 
253 
254 
263 2147483652 2147483859 2147483861 
264 2147483652 2147483859 2147483861 
265 2147483652 2147483859 2147483861 
266 2147483652 2147483859 2147483861 
267 
268 
269 
270 
2147483648 2147483649 2147483650 2147483651 2147483652 2147483654 2147483657 2147483658 2147483659 2147483665 2147483666 2147483667 2147483668 2147483670 2147483671 2147483672 2147483673 2147483674 2147483677 2147483678 2147483682 2147483683 2147483684 2147483686 2147483690 2147483695 2147483696 2147483698 2147483700 2147483701 2147483708 2147483711 2147483713 2147483715 2147483718 2147483719 2147483720 2147483721 2147483722 2147483723 2147483724 2147483725 2147483726 2147483727 2147483728 2147483733 2147483734 2147483738 2147483740 2147483745 2147483746 2147483747 2147483748 2147483749 2147483751 2147483753 2147483757 2147483758 2147483761 2147483763 2147483764 2147483767 2147483770 2147483775 2147483778 2147483784 2147483785 2147483786 2147483787 2147483791 2147483793 2147483798 2147483799 2147483801 2147483804 2147483805 2147483806 2147483807 2147483808 2147483809 2147483810 2147483811 2147483812 2147483813 2147483814 2147483816 2147483818 2147483824 2147483827 2147483833 2147483839 2147483840 2147483841 2147483844 2147483847 2147483857 2147483858 2147483859 2147483861 2147483862 2147483863 2147483864 49 52 54 57 53 127 128 129 130 2147483649 2147483650 2147483651 2147483652 2147483654 2147483657 2147483658 2147483659 2147483665 2147483666 2147483667 2147483668 2147483670 2147483671 2147483672 2147483673 2147483674 2147483677 2147483678 2147483682 2147483683 2147483684 2147483686 2147483690 2147483695 2147483696 2147483698 2147483700 2147483701 2147483708 2147483711 2147483713 2147483715 2147483718 2147483719 2147483720 2147483721 2147483722 2147483723 2147483724 2147483725 2147483726 2147483727 2147483728 2147483733 2147483734 2147483738 2147483740 2147483745 2147483746 2147483747 2147483748 2147483749 2147483751 2147483753 2147483757 2147483758 2147483761 2147483763 2147483764 2147483767 2147483770 2147483775 2147483778 2147483784 2147483785 2147483786 2147483787 2147483791 2147483793 2147483798 2147483799 2147483801 2147483804 2147483805 2147483806 2147483807 2147483808 2147483809 2147483810 2147483811 2147483812 2147483813 2147483814 2147483816 2147483818 2147483824 2147483827 2147483833 2147483839 2147483840 2147483841 2147483844 2147483847 2147483857 2147483858 2147483859 2147483861 2147483862 2147483863 2147483864 
2147483649 2147483648 2147483648 2147483651 2147483698 2147483651 2147483698 
2147483650 2147483648 2147483648 2147483651 2147483652 2147483654 2147483657 2147483658 2147483659 2147483665 2147483666 2147483667 2147483698 2147483700 2147483708 2147483711 2147483713 2147483753 2147483757 2147483758 2147483761 2147483763 2147483764 2147483767 2147483770 2147483775 2147483778 2147483784 2147483785 2147483786 2147483787 2147483791 2147483793 2147483798 2147483799 2147483857 2147483858 2147483861 54 49 52 57 53 127 128 129 130 2147483651 2147483652 2147483654 2147483657 2147483658 2147483659 2147483665 2147483666 2147483667 2147483698 2147483700 2147483708 2147483711 2147483713 2147483753 2147483757 2147483758 2147483761 2147483763 2147483764 2147483767 2147483770 2147483775 2147483778 2147483784 2147483785 2147483786 2147483787 2147483791 2147483793 2147483798 2147483799 2147483857 2147483858 2147483861 
2147483651 2147483648 2147483649 2147483650 2147483648 2147483649 2147483650 2147483652 2147483654 2147483657 2147483658 2147483659 2147483665 2147483666 2147483667 2147483668 2147483670 2147483671 2147483672 2147483673 2147483674 2147483677 2147483678 2147483682 2147483683 2147483684 2147483686 2147483690 2147483695 2147483698 2147483700 2147483701 2147483708 2147483711 2147483713 2147483715 2147483718 2147483719 2147483720 2147483721 2147483722 2147483723 2147483724 2147483725 2147483726 2147483727 2147483728 2147483733 2147483734 2147483738 2147483740 2147483745 2147483746 2147483747 2147483748 2147483749 2147483751 2147483753 2147483757 2147483758 2147483761 2147483763 2147483764 2147483767 2147483770 2147483775 2147483778 2147483784 2147483785 2147483786 2147483787 2147483791 2147483793 2147483798 2147483799 2147483801 2147483804 2147483805 2147483806 2147483807 2147483808 2147483809 2147483810 2147483811 2147483812 2147483813 2147483814 2147483816 2147483818 2147483824 2147483827 2147483833 2147483839 2147483840 2147483857 2147483858 2147483859 2147483861 2147483862 2147483863 2147483864 49 52 54 57 53 127 128 129 130 2147483652 2147483654 2147483657 2147483658 2147483659 2147483665 2147483666 2147483667 2147483668 2147483670 2147483671 2147483672 2147483673 2147483674 2147483677 2147483678 2147483682 2147483683 2147483684 2147483686 2147483690 2147483695 2147483698 2147483700 2147483701 2147483708 2147483711 2147483713 2147483715 2147483718 2147483719 2147483720 2147483721 2147483722 2147483723 2147483724 2147483725 2147483726 2147483727 2147483728 2147483733 2147483734 2147483738 2147483740 2147483745 2147483746 2147483747 2147483748 2147483749 2147483751 2147483753 2147483757 2147483758 2147483761 2147483763 2147483764 2147483767 2147483770 2147483775 2147483778 2147483784 2147483785 2147483786 2147483787 2147483791 2147483793 2147483798 2147483799 2147483801 2147483804 2147483805 2147483806 2147483807 2147483808 2147483809 2147483810 2147483811 2147483812 2147483813 2147483814 2147483816 2147483818 2147483824 2147483827 2147483833 2147483839 2147483840 2147483857 2147483858 2147483859 2147483861 2147483862 2147483863 2147483864 
2147483652 2147483648 2147483650 2147483651 2147483648 2147483650 2147483651 2147483654 2147483657 2147483658 2147483659 2147483665 2147483666 2147483667 2147483668 2147483670 2147483671 2147483672 2147483673 2147483674 2147483677 2147483678 2147483682 2147483683 2147483684 2147483686 2147483690 2147483695 2147483696 2147483698 2147483700 2147483708 2147483711 2147483713 2147483715 2147483718 2147483719 2147483720 2147483721 2147483722 2147483723 2147483724 2147483725 2147483726 2147483727 2147483728 2147483733 2147483734 2147483738 2147483740 2147483745 2147483746 2147483747 2147483748 2147483749 2147483751 2147483753 2147483757 2147483758 2147483761 2147483763 2147483764 2147483767 2147483770 2147483775 2147483778 2147483784 2147483785 2147483786 2147483787 2147483791 2147483793 2147483798 2147483799 2147483801 2147483804 2147483805 2147483806 2147483807 2147483808 2147483809 2147483810 2147483811 2147483812 2147483813 2147483814 2147483816 2147483818 2147483824 2147483827 2147483833 2147483839 2147483840 2147483841 2147483844 2147483847 2147483857 2147483858 2147483859 2147483861 2147483862 2147483863 2147483864 22 25 27 32 26 263 264 265 266 2147483654 2147483657 2147483658 2147483659 2147483665 2147483666 2147483667 2147483668 2147483670 2147483671 2147483672 2147483673 2147483674 2147483677 2147483678 2147483682 2147483683 2147483684 2147483686 2147483690 2147483695 2147483696 2147483698 2147483700 2147483708 2147483711 2147483713 2147483715 2147483718 2147483719 2147483720 2147483721 2147483722 2147483723 2147483724 2147483725 2147483726 2147483727 2147483728 2147483733 2147483734 2147483738 2147483740 2147483745 2147483746 2147483747 2147483748 2147483749 2147483751 2147483753 2147483757 2147483758 2147483761 2147483763 2147483764 2147483767 2147483770 2147483775 2147483778 2147483784 2147483785 2147483786 2147483787 2147483791 2147483793 2147483798 2147483799 2147483801 2147483804 2147483805 2147483806 2147483807 2147483808 2147483809 2147483810 2147483811 2147483812 2147483813 2147483814 2147483816 2147483818 2147483824 2147483827 2147483833 2147483839 2147483840 2147483841 2147483844 2147483847 2147483857 2147483858 2147483859 2147483861 2147483862 2147483863 2147483864 
2147483654 2147483648 2147483650 2147483651 2147483652 2147483648 2147483650 2147483651 2147483652 2147483670 2147483671 2147483672 2147483673 2147483674 2147483677 2147483698 2147483700 2147483701 2147483708 2147483711 2147483713 2147483715 2147483718 2147483719 2147483720 2147483721 2147483722 2147483723 2147483724 2147483725 2147483726 2147483727 2147483728 2147483733 2147483734 2147483738 2147483740 2147483747 2147483749 2147483761 2147483857 2147483859 2147483861 49 52 54 57 53 127 128 129 130 2147483670 2147483671 2147483672 2147483673 2147483674 2147483677 2147483698 2147483700 2147483701 2147483708 2147483711 2147483713 2147483715 2147483718 2147483719 2147483720 2147483721 2147483722 2147483723 2147483724 2147483725 2147483726 2147483727 2147483728 2147483733 2147483734 2147483738 2147483740 2147483747 2147483749 2147483761 2147483857 2147483859 2147483861 
2147483657 2147483648 2147483650 2147483651 2147483652 2147483648 2147483650 2147483651 2147483652 2147483658 2147483659 2147483698 2147483700 2147483753 2147483757 2147483758 2147483761 2147483763 2147483764 2147483767 2147483857 2147483858 54 57 53 2147483658 2147483659 2147483698 2147483700 2147483753 2147483757 2147483758 2147483761 2147483763 2147483764 2147483767 2147483857 2147483858 
2147483658 2147483648 2147483650 2147483651 2147483652 2147483657 2147483648 2147483650 2147483651 2147483652 2147483657 2147483698 2147483761 2147483698 2147483761 
2147483659 2147483648 2147483650 2147483651 2147483652 2147483657 2147483648 2147483650 2147483651 2147483652 2147483657 2147483698 2147483757 2147483758 2147483761 2147483763 2147483764 2147483767 2147483858 57 53 2147483698 2147483757 2147483758 2147483761 2147483763 2147483764 2147483767 2147483858 
2147483665 2147483648 2147483650 2147483651 2147483652 2147483648 2147483650 2147483651 2147483652 2147483666 2147483667 2147483698 2147483784 2147483785 2147483791 2147483861 54 57 53 2147483666 2147483667 2147483698 2147483784 2147483785 2147483791 2147483861 
2147483666 2147483648 2147483650 2147483651 2147483652 2147483665 2147483648 2147483650 2147483651 2147483652 2147483665 2147483698 2147483861 2147483698 2147483861 
2147483667 2147483648 2147483650 2147483651 2147483652 2147483665 2147483648 2147483650 2147483651 2147483652 2147483665 2147483698 2147483784 2147483785 2147483791 2147483861 57 53 2147483698 2147483784 2147483785 2147483791 2147483861 
2147483668 2147483648 2147483651 2147483652 2147483648 2147483651 2147483652 2147483698 2147483801 2147483804 2147483805 2147483806 2147483807 2147483808 2147483809 2147483810 2147483861 49 52 54 57 53 127 128 129 130 2147483698 2147483801 2147483804 2147483805 2147483806 2147483807 2147483808 2147483809 2147483810 2147483861 
2147483670 2147483648 2147483651 2147483652 2147483654 2147483648 2147483651 2147483652 2147483654 2147483698 2147483700 2147483715 2147483718 2147483719 2147483720 2147483721 2147483722 2147483723 2147483724 2147483861 49 52 54 57 53 127 128 129 130 2147483698 2147483700 2147483715 2147483718 2147483719 2147483720 2147483721 2147483722 2147483723 2147483724 2147483861 
2147483671 2147483648 2147483651 2147483652 2147483654 2147483648 2147483651 2147483652 2147483654 2147483672 2147483673 2147483698 2147483700 2147483733 2147483734 2147483861 2147483672 2147483673 2147483698 2147483700 2147483733 2147483734 2147483861 
2147483672 2147483648 2147483651 2147483652 2147483654 2147483671 2147483648 2147483651 2147483652 2147483654 2147483671 2147483698 2147483861 2147483698 2147483861 
2147483673 2147483648 2147483651 2147483652 2147483654 2147483671 2147483648 2147483651 2147483652 2147483654 2147483671 2147483674 2147483677 2147483678 2147483698 2147483733 2147483738 2147483740 2147483745 2147483746 2147483747 2147483748 2147483749 2147483859 2147483861 54 49 52 57 53 127 128 129 130 2147483674 2147483677 2147483678 2147483698 2147483733 2147483738 2147483740 2147483745 2147483746 2147483747 2147483748 2147483749 2147483859 2147483861 
2147483674 2147483648 2147483651 2147483652 2147483654 2147483673 2147483648 2147483651 2147483652 2147483654 2147483673 2147483677 2147483678 2147483698 2147483738 2147483740 2147483745 2147483746 2147483747 2147483748 2147483749 2147483859 2147483861 49 52 54 57 53 127 128 129 130 2147483677 2147483678 2147483698 2147483738 2147483740 2147483745 2147483746 2147483747 2147483748 2147483749 2147483859 2147483861 
2147483677 2147483648 2147483651 2147483652 2147483654 2147483673 2147483674 2147483648 2147483651 2147483652 2147483654 2147483673 2147483674 2147483678 2147483698 2147483738 2147483740 2147483745 2147483746 2147483747 2147483748 2147483749 2147483859 2147483861 2147483678 2147483698 2147483738 2147483740 2147483745 2147483746 2147483747 2147483748 2147483749 2147483859 2147483861 
2147483678 2147483648 2147483651 2147483652 2147483673 2147483674 2147483677 2147483648 2147483651 2147483652 2147483673 2147483674 2147483677 2147483698 2147483738 2147483745 2147483746 2147483747 2147483748 2147483749 2147483859 2147483861 2147483698 2147483738 2147483745 2147483746 2147483747 2147483748 2147483749 2147483859 2147483861 
2147483682 2147483648 2147483651 2147483652 2147483648 2147483651 2147483652 2147483683 2147483684 2147483686 2147483690 2147483698 2147483816 2147483818 2147483824 2147483827 2147483833 2147483861 2147483862 2147483863 2147483864 2147483683 2147483684 2147483686 2147483690 2147483698 2147483816 2147483818 2147483824 2147483827 2147483833 2147483861 2147483862 2147483863 2147483864 
2147483683 2147483648 2147483651 2147483652 2147483682 2147483648 2147483651 2147483652 2147483682 2147483684 2147483686 2147483690 2147483698 2147483816 2147483818 2147483824 2147483827 2147483833 2147483861 2147483862 2147483863 2147483864 2147483684 2147483686 2147483690 2147483698 2147483816 2147483818 2147483824 2147483827 2147483833 2147483861 2147483862 2147483863 2147483864 
2147483684 2147483648 2147483651 2147483652 2147483682 2147483683 2147483648 2147483651 2147483652 2147483682 2147483683 2147483686 2147483690 2147483698 2147483818 2147483824 2147483827 2147483861 2147483862 2147483863 2147483686 2147483690 2147483698 2147483818 2147483824 2147483827 2147483861 2147483862 2147483863 
2147483686 2147483648 2147483651 2147483652 2147483682 2147483683 2147483684 2147483648 2147483651 2147483652 2147483682 2147483683 2147483684 2147483690 2147483698 2147483827 2147483861 2147483862 2147483863 2147483690 2147483698 2147483827 2147483861 2147483862 2147483863 
2147483690 2147483648 2147483651 2147483652 2147483682 2147483683 2147483684 2147483686 2147483648 2147483651 2147483652 2147483682 2147483683 2147483684 2147483686 2147483698 2147483824 2147483827 2147483861 2147483862 2147483863 2147483698 2147483824 2147483827 2147483861 2147483862 2147483863 
2147483695 2147483648 2147483651 2147483652 2147483648 2147483651 2147483652 2147483696 2147483698 2147483839 2147483840 2147483841 2147483844 2147483861 2147483696 2147483698 2147483839 2147483840 2147483841 2147483844 2147483861 
2147483696 2147483648 2147483652 2147483695 2147483648 2147483652 2147483695 2147483698 2147483839 2147483841 2147483844 2147483847 2147483849 2147483851 2147483852 2147483861 25 27 32 26 2147483698 2147483839 2147483841 2147483844 2147483847 2147483849 2147483851 2147483852 2147483861 
2147483698 2147483648 2147483649 2147483650 2147483651 2147483652 2147483654 2147483657 2147483658 2147483659 2147483665 2147483666 2147483667 2147483668 2147483670 2147483671 2147483672 2147483673 2147483674 2147483677 2147483678 2147483682 2147483683 2147483684 2147483686 2147483690 2147483695 2147483696 2147483648 2147483649 2147483650 2147483651 2147483652 2147483654 2147483657 2147483658 2147483659 2147483665 2147483666 2147483667 2147483668 2147483670 2147483671 2147483672 2147483673 2147483674 2147483677 2147483678 2147483682 2147483683 2147483684 2147483686 2147483690 2147483695 2147483696 2147483700 2147483701 2147483708 2147483711 2147483713 2147483715 2147483718 2147483719 2147483720 2147483721 2147483722 2147483723 2147483724 2147483725 2147483726 2147483727 2147483728 2147483733 2147483734 2147483738 2147483740 2147483745 2147483746 2147483747 2147483748 2147483749 2147483751 2147483753 2147483757 2147483758 2147483761 2147483763 2147483764 2147483767 2147483770 2147483775 2147483778 2147483784 2147483785 2147483786 2147483787 2147483791 2147483793 2147483798 2147483799 2147483801 2147483804 2147483805 2147483806 2147483807 2147483808 2147483809 2147483810 2147483811 2147483812 2147483813 2147483814 2147483816 2147483818 2147483824 2147483827 2147483833 2147483839 2147483840 2147483841 2147483842 2147483844 2147483847 2147483849 2147483851 2147483852 2147483857 2147483858 2147483859 2147483861 2147483862 2147483863 2147483864 53 57 49 52 54 127 128 129 130 2147483700 2147483701 2147483708 2147483711 2147483713 2147483715 2147483718 2147483719 2147483720 2147483721 2147483722 2147483723 2147483724 2147483725 2147483726 2147483727 2147483728 2147483733 2147483734 2147483738 2147483740 2147483745 2147483746 2147483747 2147483748 2147483749 2147483751 2147483753 2147483757 2147483758 2147483761 2147483763 2147483764 2147483767 2147483770 2147483775 2147483778 2147483784 2147483785 2147483786 2147483787 2147483791 2147483793 2147483798 2147483799 2147483801 2147483804 2147483805 2147483806 2147483807 2147483808 2147483809 2147483810 2147483811 2147483812 2147483813 2147483814 2147483816 2147483818 2147483824 2147483827 2147483833 2147483839 2147483840 2147483841 2147483842 2147483844 2147483847 2147483849 2147483851 2147483852 2147483857 2147483858 2147483859 2147483861 2147483862 2147483863 2147483864 
2147483700 2147483648 2147483650 2147483651 2147483652 2147483654 2147483657 2147483670 2147483671 2147483698 2147483648 2147483650 2147483651 2147483652 2147483654 2147483657 2147483670 2147483671 2147483698 2147483701 2147483708 2147483711 2147483713 2147483715 2147483718 2147483719 2147483720 2147483721 2147483722 2147483723 2147483724 2147483725 2147483726 2147483727 2147483728 2147483753 2147483761 2147483857 2147483861 49 52 54 57 53 127 128 129 130 2147483701 2147483708 2147483711 2147483713 2147483715 2147483718 2147483719 2147483720 2147483721 2147483722 2147483723 2147483724 2147483725 2147483726 2147483727 2147483728 2147483753 2147483761 2147483857 2147483861 
2147483701 2147483648 2147483651 2147483654 2147483698 2147483700 2147483648 2147483651 2147483654 2147483698 2147483700 
2147483708 2147483648 2147483650 2147483651 2147483652 2147483654 2147483698 2147483700 2147483648 2147483650 2147483651 2147483652 2147483654 2147483698 2147483700 2147483761 2147483857 2147483761 2147483857 
2147483711 2147483648 2147483650 2147483651 2147483652 2147483654 2147483698 2147483700 2147483648 2147483650 2147483651 2147483652 2147483654 2147483698 2147483700 2147483761 2147483857 2147483761 2147483857 
2147483713 2147483648 2147483650 2147483651 2147483652 2147483654 2147483698 2147483700 2147483648 2147483650 2147483651 2147483652 2147483654 2147483698 2147483700 2147483861 2147483861 
2147483715 2147483648 2147483651 2147483652 2147483654 2147483670 2147483698 2147483700 2147483648 2147483651 2147483652 2147483654 2147483670 2147483698 2147483700 2147483718 2147483719 2147483861 52 49 54 57 53 127 128 129 130 2147483718 2147483719 2147483861 
2147483718 2147483648 2147483651 2147483652 2147483654 2147483670 2147483698 2147483700 2147483715 2147483648 2147483651 2147483652 2147483654 2147483670 2147483698 2147483700 2147483715 2147483861 52 54 57 53 2147483861 
2147483719 2147483648 2147483651 2147483652 2147483654 2147483670 2147483698 2147483700 2147483715 2147483648 2147483651 2147483652 2147483654 2147483670 2147483698 2147483700 2147483715 2147483861 52 54 57 53 2147483861 
2147483720 2147483648 2147483651 2147483652 2147483654 2147483670 2147483698 2147483700 2147483648 2147483651 2147483652 2147483654 2147483670 2147483698 2147483700 2147483861 2147483861 
2147483721 2147483648 2147483651 2147483652 2147483654 2147483670 2147483698 2147483700 2147483648 2147483651 2147483652 2147483654 2147483670 2147483698 2147483700 2147483722 2147483723 2147483861 2147483722 2147483723 2147483861 
2147483722 2147483648 2147483651 2147483652 2147483654 2147483670 2147483698 2147483700 2147483721 2147483648 2147483651 2147483652 2147483654 2147483670 2147483698 2147483700 2147483721 2147483861 2147483861 
2147483723 2147483648 2147483651 2147483652 2147483654 2147483670 2147483698 2147483700 2147483721 2147483648 2147483651 2147483652 2147483654 2147483670 2147483698 2147483700 2147483721 2147483861 2147483861 
2147483724 2147483648 2147483651 2147483652 2147483654 2147483670 2147483698 2147483700 2147483648 2147483651 2147483652 2147483654 2147483670 2147483698 2147483700 2147483861 2147483861 
2147483725 2147483648 2147483651 2147483652 2147483654 2147483698 2147483700 2147483648 2147483651 2147483652 2147483654 2147483698 2147483700 2147483726 2147483727 2147483861 2147483726 2147483727 2147483861 
2147483726 2147483648 2147483651 2147483652 2147483654 2147483698 2147483700 2147483725 2147483648 2147483651 2147483652 2147483654 2147483698 2147483700 2147483725 2147483861 2147483861 
2147483727 2147483648 2147483651 2147483652 2147483654 2147483698 2147483700 2147483725 2147483648 2147483651 2147483652 2147483654 2147483698 2147483700 2147483725 2147483861 2147483861 
2147483728 2147483648 2147483651 2147483652 2147483654 2147483698 2147483700 2147483648 2147483651 2147483652 2147483654 2147483698 2147483700 2147483861 2147483861 
2147483733 2147483648 2147483651 2147483652 2147483654 2147483671 2147483673 2147483698 2147483648 2147483651 2147483652 2147483654 2147483671 2147483673 2147483698 2147483734 2147483861 2147483734 2147483861 
2147483734 2147483648 2147483651 2147483652 2147483654 2147483671 2147483698 2147483733 2147483648 2147483651 2147483652 2147483654 2147483671 2147483698 2147483733 2147483861 2147483861 
2147483738 2147483648 2147483651 2147483652 2147483654 2147483673 2147483674 2147483677 2147483678 2147483698 2147483648 2147483651 2147483652 2147483654 2147483673 2147483674 2147483677 2147483678 2147483698 2147483740 2147483745 2147483746 2147483747 2147483748 2147483749 2147483859 2147483861 57 49 52 54 53 127 128 129 130 2147483740 2147483745 2147483746 2147483747 2147483748 2147483749 2147483859 2147483861 
2147483740 2147483648 2147483651 2147483652 2147483654 2147483673 2147483674 2147483677 2147483698 2147483738 2147483648 2147483651 2147483652 2147483654 2147483673 2147483674 2147483677 2147483698 2147483738 2147483747 2147483749 2147483859 2147483861 2147483747 2147483749 2147483859 2147483861 
2147483745 2147483648 2147483651 2147483652 2147483673 2147483674 2147483677 2147483678 2147483698 2147483738 2147483648 2147483651 2147483652 2147483673 2147483674 2147483677 2147483678 2147483698 2147483738 2147483747 2147483749 2147483859 2147483861 2147483747 2147483749 2147483859 2147483861 
2147483746 2147483648 2147483651 2147483652 2147483673 2147483674 2147483677 2147483678 2147483698 2147483738 2147483648 2147483651 2147483652 2147483673 2147483674 2147483677 2147483678 2147483698 2147483738 2147483747 2147483749 2147483859 2147483861 2147483747 2147483749 2147483859 2147483861 
2147483747 2147483648 2147483651 2147483652 2147483654 2147483673 2147483674 2147483677 2147483678 2147483698 2147483738 2147483740 2147483745 2147483746 2147483648 2147483651 2147483652 2147483654 2147483673 2147483674 2147483677 2147483678 2147483698 2147483738 2147483740 2147483745 2147483746 2147483749 2147483859 2147483861 2147483749 2147483859 2147483861 
2147483748 2147483648 2147483651 2147483652 2147483673 2147483674 2147483677 2147483678 2147483698 2147483738 2147483648 2147483651 2147483652 2147483673 2147483674 2147483677 2147483678 2147483698 2147483738 2147483749 2147483859 2147483861 2147483749 2147483859 2147483861 
2147483749 2147483648 2147483651 2147483652 2147483654 2147483673 2147483674 2147483677 2147483678 2147483698 2147483738 2147483740 2147483745 2147483746 2147483747 2147483748 2147483648 2147483651 2147483652 2147483654 2147483673 2147483674 2147483677 2147483678 2147483698 2147483738 2147483740 2147483745 2147483746 2147483747 2147483748 2147483859 2147483861 2147483859 2147483861 
2147483751 2147483648 2147483651 2147483652 2147483698 2147483648 2147483651 2147483652 2147483698 2147483861 26 2147483861 
2147483753 2147483648 2147483650 2147483651 2147483652 2147483657 2147483698 2147483700 2147483648 2147483650 2147483651 2147483652 2147483657 2147483698 2147483700 2147483761 2147483761 
2147483757 2147483648 2147483650 2147483651 2147483652 2147483657 2147483659 2147483698 2147483648 2147483650 2147483651 2147483652 2147483657 2147483659 2147483698 2147483758 2147483761 2147483763 2147483764 2147483767 2147483858 54 57 53 2147483758 2147483761 2147483763 2147483764 2147483767 2147483858 
2147483758 2147483648 2147483650 2147483651 2147483652 2147483657 2147483659 2147483698 2147483757 2147483648 2147483650 2147483651 2147483652 2147483657 2147483659 2147483698 2147483757 2147483761 2147483761 
2147483761 2147483648 2147483650 2147483651 2147483652 2147483654 2147483657 2147483658 2147483659 2147483698 2147483700 2147483708 2147483711 2147483753 2147483757 2147483758 2147483648 2147483650 2147483651 2147483652 2147483654 2147483657 2147483658 2147483659 2147483698 2147483700 2147483708 2147483711 2147483753 2147483757 2147483758 2147483763 2147483857 2147483763 2147483857 
2147483763 2147483648 2147483650 2147483651 2147483652 2147483657 2147483659 2147483698 2147483757 2147483761 2147483648 2147483650 2147483651 2147483652 2147483657 2147483659 2147483698 2147483757 2147483761 
2147483764 2147483648 2147483650 2147483651 2147483652 2147483657 2147483659 2147483698 2147483757 2147483648 2147483650 2147483651 2147483652 2147483657 2147483659 2147483698 2147483757 
2147483767 2147483648 2147483650 2147483651 2147483652 2147483657 2147483659 2147483698 2147483757 2147483648 2147483650 2147483651 2147483652 2147483657 2147483659 2147483698 2147483757 53 
2147483770 2147483648 2147483650 2147483651 2147483652 2147483698 2147483648 2147483650 2147483651 2147483652 2147483698 2147483778 2147483861 2147483778 2147483861 
2147483775 2147483648 2147483650 2147483651 2147483652 2147483698 2147483648 2147483650 2147483651 2147483652 2147483698 2147483778 2147483861 2147483778 2147483861 
2147483778 2147483648 2147483650 2147483651 2147483652 2147483698 2147483770 2147483775 2147483648 2147483650 2147483651 2147483652 2147483698 2147483770 2147483775 2147483861 2147483861 
2147483784 2147483648 2147483650 2147483651 2147483652 2147483665 2147483667 2147483698 2147483648 2147483650 2147483651 2147483652 2147483665 2147483667 2147483698 2147483785 2147483791 2147483861 54 57 53 2147483785 2147483791 2147483861 
2147483785 2147483648 2147483650 2147483651 2147483652 2147483665 2147483667 2147483698 2147483784 2147483648 2147483650 2147483651 2147483652 2147483665 2147483667 2147483698 2147483784 2147483861 2147483861 
2147483786 2147483648 2147483650 2147483651 2147483652 2147483698 2147483648 2147483650 2147483651 2147483652 2147483698 2147483787 2147483861 53 2147483787 2147483861 
2147483787 2147483648 2147483650 2147483651 2147483652 2147483698 2147483786 2147483648 2147483650 2147483651 2147483652 2147483698 2147483786 2147483861 2147483861 
2147483791 2147483648 2147483650 2147483651 2147483652 2147483665 2147483667 2147483698 2147483784 2147483648 2147483650 2147483651 2147483652 2147483665 2147483667 2147483698 2147483784 2147483861 53 2147483861 
2147483793 2147483648 2147483650 2147483651 2147483652 2147483698 2147483648 2147483650 2147483651 2147483652 2147483698 2147483861 2147483861 
2147483798 2147483648 2147483650 2147483651 2147483652 2147483698 2147483648 2147483650 2147483651 2147483652 2147483698 2147483799 2147483861 27 32 26 2147483799 2147483861 
2147483799 2147483648 2147483650 2147483651 2147483652 2147483698 2147483798 2147483648 2147483650 2147483651 2147483652 2147483698 2147483798 2147483861 2147483861 
2147483801 2147483648 2147483651 2147483652 2147483668 2147483698 2147483648 2147483651 2147483652 2147483668 2147483698 2147483804 2147483805 2147483861 52 49 54 57 53 127 128 129 130 2147483804 2147483805 2147483861 
2147483804 2147483648 2147483651 2147483652 2147483668 2147483698 2147483801 2147483648 2147483651 2147483652 2147483668 2147483698 2147483801 2147483861 52 54 57 53 2147483861 
2147483805 2147483648 2147483651 2147483652 2147483668 2147483698 2147483801 2147483648 2147483651 2147483652 2147483668 2147483698 2147483801 2147483861 52 54 57 53 2147483861 
2147483806 2147483648 2147483651 2147483652 2147483668 2147483698 2147483648 2147483651 2147483652 2147483668 2147483698 2147483861 2147483861 
2147483807 2147483648 2147483651 2147483652 2147483668 2147483698 2147483648 2147483651 2147483652 2147483668 2147483698 2147483808 2147483809 2147483861 2147483808 2147483809 2147483861 
2147483808 2147483648 2147483651 2147483652 2147483668 2147483698 2147483807 2147483648 2147483651 2147483652 2147483668 2147483698 2147483807 2147483861 2147483861 
2147483809 2147483648 2147483651 2147483652 2147483668 2147483698 2147483807 2147483648 2147483651 2147483652 2147483668 2147483698 2147483807 2147483861 2147483861 
2147483810 2147483648 2147483651 2147483652 2147483668 2147483698 2147483648 2147483651 2147483652 2147483668 2147483698 2147483861 2147483861 
2147483811 2147483648 2147483651 2147483652 2147483698 2147483648 2147483651 2147483652 2147483698 2147483812 2147483813 2147483861 2147483812 2147483813 2147483861 
2147483812 2147483648 2147483651 2147483652 2147483698 2147483811 2147483648 2147483651 2147483652 2147483698 2147483811 2147483861 2147483861 
2147483813 2147483648 2147483651 2147483652 2147483698 2147483811 2147483648 2147483651 2147483652 2147483698 2147483811 2147483861 2147483861 
2147483814 2147483648 2147483651 2147483652 2147483698 2147483648 2147483651 2147483652 2147483698 2147483861 2147483861 
2147483816 2147483648 2147483651 2147483652 2147483682 2147483683 2147483698 2147483648 2147483651 2147483652 2147483682 2147483683 2147483698 2147483861 2147483863 2147483861 2147483863 
2147483818 2147483648 2147483651 2147483652 2147483682 2147483683 2147483684 2147483698 2147483648 2147483651 2147483652 2147483682 2147483683 2147483684 2147483698 2147483827 2147483861 2147483862 2147483863 2147483827 2147483861 2147483862 2147483863 
2147483824 2147483648 2147483651 2147483652 2147483682 2147483683 2147483684 2147483690 2147483698 2147483648 2147483651 2147483652 2147483682 2147483683 2147483684 2147483690 2147483698 2147483827 2147483861 2147483863 2147483827 2147483861 2147483863 
2147483827 2147483648 2147483651 2147483652 2147483682 2147483683 2147483684 2147483686 2147483690 2147483698 2147483818 2147483824 2147483648 2147483651 2147483652 2147483682 2147483683 2147483684 2147483686 2147483690 2147483698 2147483818 2147483824 2147483861 2147483862 2147483863 2147483861 2147483862 2147483863 
2147483833 2147483648 2147483651 2147483652 2147483682 2147483683 2147483698 2147483648 2147483651 2147483652 2147483682 2147483683 2147483698 2147483861 2147483861 
2147483839 2147483648 2147483651 2147483652 2147483695 2147483696 2147483698 2147483648 2147483651 2147483652 2147483695 2147483696 2147483698 2147483840 2147483841 2147483861 2147483840 2147483841 2147483861 
2147483840 2147483648 2147483651 2147483652 2147483695 2147483698 2147483839 2147483648 2147483651 2147483652 2147483695 2147483698 2147483839 2147483841 2147483861 2147483841 2147483861 
2147483841 2147483648 2147483652 2147483695 2147483696 2147483698 2147483839 2147483840 2147483648 2147483652 2147483695 2147483696 2147483698 2147483839 2147483840 2147483861 2147483861 
2147483842 2147483698 2147483698 53 
2147483844 2147483648 2147483652 2147483695 2147483696 2147483698 2147483648 2147483652 2147483695 2147483696 2147483698 2147483847 2147483849 2147483861 2147483847 2147483849 2147483861 
2147483847 2147483648 2147483652 2147483696 2147483698 2147483844 2147483648 2147483652 2147483696 2147483698 2147483844 2147483849 2147483861 2147483849 2147483861 
2147483849 2147483696 2147483698 2147483844 2147483847 2147483696 2147483698 2147483844 2147483847 2147483851 2147483861 2147483851 2147483861 
2147483851 2147483696 2147483698 2147483849 2147483696 2147483698 2147483849 2147483852 2147483861 54 57 53 2147483852 2147483861 
2147483852 2147483696 2147483698 2147483851 2147483696 2147483698 2147483851 2147483861 53 2147483861 
2147483857 2147483648 2147483650 2147483651 2147483652 2147483654 2147483657 2147483698 2147483700 2147483708 2147483711 2147483761 2147483648 2147483650 2147483651 2147483652 2147483654 2147483657 2147483698 2147483700 2147483708 2147483711 2147483761 
2147483858 2147483648 2147483650 2147483651 2147483652 2147483657 2147483659 2147483698 2147483757 2147483648 2147483650 2147483651 2147483652 2147483657 2147483659 2147483698 2147483757 
2147483859 2147483648 2147483651 2147483652 2147483654 2147483673 2147483674 2147483677 2147483678 2147483698 2147483738 2147483740 2147483745 2147483746 2147483747 2147483748 2147483749 2147483648 2147483651 2147483652 2147483654 2147483673 2147483674 2147483677 2147483678 2147483698 2147483738 2147483740 2147483745 2147483746 2147483747 2147483748 2147483749 2147483861 22 25 27 32 26 263 264 265 266 2147483861 
2147483861 2147483648 2147483650 2147483651 2147483652 2147483654 2147483665 2147483666 2147483667 2147483668 2147483670 2147483671 2147483672 2147483673 2147483674 2147483677 2147483678 2147483682 2147483683 2147483684 2147483686 2147483690 2147483695 2147483696 2147483698 2147483700 2147483713 2147483715 2147483718 2147483719 2147483720 2147483721 2147483722 2147483723 2147483724 2147483725 2147483726 2147483727 2147483728 2147483733 2147483734 2147483738 2147483740 2147483745 2147483746 2147483747 2147483748 2147483749 2147483751 2147483770 2147483775 2147483778 2147483784 2147483785 2147483786 2147483787 2147483791 2147483793 2147483798 2147483799 2147483801 2147483804 2147483805 2147483806 2147483807 2147483808 2147483809 2147483810 2147483811 2147483812 2147483813 2147483814 2147483816 2147483818 2147483824 2147483827 2147483833 2147483839 2147483840 2147483841 2147483844 2147483847 2147483849 2147483851 2147483852 2147483859 2147483648 2147483650 2147483651 2147483652 2147483654 2147483665 2147483666 2147483667 2147483668 2147483670 2147483671 2147483672 2147483673 2147483674 2147483677 2147483678 2147483682 2147483683 2147483684 2147483686 2147483690 2147483695 2147483696 2147483698 2147483700 2147483713 2147483715 2147483718 2147483719 2147483720 2147483721 2147483722 2147483723 2147483724 2147483725 2147483726 2147483727 2147483728 2147483733 2147483734 2147483738 2147483740 2147483745 2147483746 2147483747 2147483748 2147483749 2147483751 2147483770 2147483775 2147483778 2147483784 2147483785 2147483786 2147483787 2147483791 2147483793 2147483798 2147483799 2147483801 2147483804 2147483805 2147483806 2147483807 2147483808 2147483809 2147483810 2147483811 2147483812 2147483813 2147483814 2147483816 2147483818 2147483824 2147483827 2147483833 2147483839 2147483840 2147483841 2147483844 2147483847 2147483849 2147483851 2147483852 2147483859 2147483862 2147483863 2147483864 264 22 25 27 32 26 263 265 266 2147483862 2147483863 2147483864 
2147483862 2147483648 2147483651 2147483652 2147483682 2147483683 2147483684 2147483686 2147483690 2147483698 2147483818 2147483827 2147483861 2147483648 2147483651 2147483652 2147483682 2147483683 2147483684 2147483686 2147483690 2147483698 2147483818 2147483827 2147483861 2147483863 2147483863 
2147483863 2147483648 2147483651 2147483652 2147483682 2147483683 2147483684 2147483686 2147483690 2147483698 2147483816 2147483818 2147483824 2147483827 2147483861 2147483862 2147483648 2147483651 2147483652 2147483682 2147483683 2147483684 2147483686 2147483690 2147483698 2147483816 2147483818 2147483824 2147483827 2147483861 2147483862 
2147483864 2147483648 2147483651 2147483652 2147483682 2147483683 2147483698 2147483861 2147483648 2147483651 2147483652 2147483682 2147483683 2147483698 2147483861 
