22 
23 
24 
25 
26 2147483659 2147483660 2147483661 
27 2147483661 
32 2147483659 2147483661 
49 2147483648 2147483649 2147483653 2147483654 
50 
51 
52 2147483648 2147483649 2147483653 2147483654 
53 2147483648 2147483649 2147483653 2147483654 2147483675 
54 2147483648 2147483649 2147483653 2147483654 2147483675 
57 2147483648 2147483649 2147483653 2147483654 2147483675 
127 2147483648 2147483649 2147483653 2147483654 
128 2147483648 2147483649 2147483653 2147483654 
129 2147483648 2147483649 2147483653 2147483654 
130 2147483648 2147483649 2147483653 2147483654 
131 
132 
133 
134 
151 
152 
153 
154 
155 
156 
157 
158 
159 
160 
161 
162 
163 
164 
165 
166 
263 
264 
265 
266 
267 
268 
269 
270 
2147483648 2147483649 2147483653 2147483654 2147483658 2147483659 2147483660 2147483661 2147483662 2147483664 2147483665 2147483666 2147483667 2147483669 2147483671 2147483672 2147483673 49 52 54 57 53 127 128 129 130 2147483649 2147483653 2147483654 2147483658 2147483659 2147483660 2147483661 2147483662 2147483664 2147483665 2147483666 2147483667 2147483669 2147483671 2147483672 2147483673 
2147483649 2147483648 2147483648 2147483653 2147483669 53 49 52 54 57 127 128 129 130 2147483653 2147483669 
2147483653 2147483648 2147483649 2147483648 2147483649 2147483654 2147483658 2147483659 2147483660 2147483661 2147483662 2147483664 2147483665 2147483666 2147483667 2147483669 2147483671 2147483672 2147483673 57 49 52 54 53 127 128 129 130 2147483654 2147483658 2147483659 2147483660 2147483661 2147483662 2147483664 2147483665 2147483666 2147483667 2147483669 2147483671 2147483672 2147483673 
2147483654 2147483648 2147483653 2147483648 2147483653 2147483658 2147483659 2147483660 54 49 52 57 53 127 128 129 130 2147483658 2147483659 2147483660 
2147483658 2147483648 2147483653 2147483654 2147483648 2147483653 2147483654 2147483659 2147483660 2147483661 2147483659 2147483660 2147483661 
2147483659 2147483648 2147483653 2147483654 2147483658 2147483648 2147483653 2147483654 2147483658 2147483660 2147483661 32 26 2147483660 2147483661 
2147483660 2147483648 2147483653 2147483654 2147483658 2147483659 2147483648 2147483653 2147483654 2147483658 2147483659 2147483661 26 2147483661 
2147483661 2147483648 2147483653 2147483658 2147483659 2147483660 2147483648 2147483653 2147483658 2147483659 2147483660 27 32 26 
2147483662 2147483648 2147483653 2147483648 2147483653 
2147483664 2147483648 2147483653 2147483648 2147483653 
2147483665 2147483648 2147483653 2147483648 2147483653 
2147483666 2147483648 2147483653 2147483648 2147483653 
2147483667 2147483648 2147483653 2147483648 2147483653 
2147483669 2147483648 2147483649 2147483653 2147483648 2147483649 2147483653 
2147483671 2147483648 2147483653 2147483648 2147483653 
2147483672 2147483648 2147483653 2147483648 2147483653 
2147483673 2147483648 2147483653 2147483648 2147483653 
2147483675 54 57 53 
2147483680 
