2 
5 
8 
11 
18 
19 
22 2147483679 
23 
24 
25 2147483679 
26 2147483679 
27 2147483679 
32 2147483679 
49 2147483649 2147483656 2147483657 2147483658 2147483659 2147483660 2147483661 
50 
51 
52 2147483649 2147483656 2147483657 2147483658 2147483659 2147483660 2147483661 
53 2147483649 2147483655 2147483656 2147483657 2147483658 2147483659 2147483660 2147483661 2147483674 
54 2147483649 2147483656 2147483657 2147483658 2147483659 2147483660 2147483661 2147483674 
57 2147483649 2147483655 2147483656 2147483657 2147483658 2147483659 2147483660 2147483661 2147483674 
61 
127 2147483649 2147483656 2147483657 2147483658 2147483659 2147483660 2147483661 
128 2147483649 2147483656 2147483657 2147483658 2147483659 2147483660 2147483661 
129 2147483649 2147483656 2147483657 2147483658 2147483659 2147483660 2147483661 
130 2147483649 2147483656 2147483657 2147483658 2147483659 2147483660 2147483661 
131 
132 
133 
134 
151 
152 
153 
154 
155 
156 
157 
158 
159 
160 
161 
162 
163 
164 
165 
166 
247 
248 
249 
250 
251 
252 
253 
254 
263 2147483679 
264 2147483679 
265 2147483679 
266 2147483679 
267 
268 
269 
270 
2147483649 2147483656 2147483657 2147483658 2147483659 2147483660 2147483661 2147483672 2147483674 2147483676 2147483679 49 52 54 57 53 127 128 129 130 2147483656 2147483657 2147483658 2147483659 2147483660 2147483661 2147483672 2147483674 2147483676 2147483679 
2147483655 2147483656 2147483657 2147483658 2147483659 2147483660 2147483661 2147483663 2147483664 2147483668 2147483669 2147483679 53 57 2147483656 2147483657 2147483658 2147483659 2147483660 2147483661 2147483663 2147483664 2147483668 2147483669 2147483679 
2147483656 2147483649 2147483655 2147483649 2147483655 2147483657 2147483658 2147483659 2147483660 2147483661 2147483663 2147483664 2147483668 2147483669 2147483672 2147483674 2147483676 2147483679 57 49 52 54 53 127 128 129 130 2147483657 2147483658 2147483659 2147483660 2147483661 2147483663 2147483664 2147483668 2147483669 2147483672 2147483674 2147483676 2147483679 
2147483657 2147483649 2147483655 2147483656 2147483649 2147483655 2147483656 2147483658 2147483659 2147483660 2147483661 2147483663 2147483664 2147483668 2147483669 2147483672 2147483674 2147483679 54 49 52 57 53 127 128 129 130 2147483658 2147483659 2147483660 2147483661 2147483663 2147483664 2147483668 2147483669 2147483672 2147483674 2147483679 
2147483658 2147483649 2147483655 2147483656 2147483657 2147483649 2147483655 2147483656 2147483657 2147483659 2147483660 2147483661 2147483663 2147483664 2147483668 2147483669 2147483672 2147483674 2147483679 52 127 49 54 57 53 128 129 130 2147483659 2147483660 2147483661 2147483663 2147483664 2147483668 2147483669 2147483672 2147483674 2147483679 
2147483659 2147483649 2147483655 2147483656 2147483657 2147483658 2147483649 2147483655 2147483656 2147483657 2147483658 2147483660 2147483661 2147483663 2147483664 2147483668 2147483669 2147483672 2147483674 2147483679 127 128 49 52 54 57 53 129 130 2147483660 2147483661 2147483663 2147483664 2147483668 2147483669 2147483672 2147483674 2147483679 
2147483660 2147483649 2147483655 2147483656 2147483657 2147483658 2147483659 2147483649 2147483655 2147483656 2147483657 2147483658 2147483659 2147483661 2147483663 2147483664 2147483668 2147483669 2147483672 2147483674 2147483676 2147483679 128 49 52 54 57 53 127 129 130 2147483661 2147483663 2147483664 2147483668 2147483669 2147483672 2147483674 2147483676 2147483679 
2147483661 2147483649 2147483655 2147483656 2147483657 2147483658 2147483659 2147483660 2147483649 2147483655 2147483656 2147483657 2147483658 2147483659 2147483660 2147483668 2147483669 2147483672 2147483674 2147483679 49 52 54 57 53 127 128 129 130 2147483668 2147483669 2147483672 2147483674 2147483679 
2147483663 2147483655 2147483656 2147483657 2147483658 2147483659 2147483660 2147483655 2147483656 2147483657 2147483658 2147483659 2147483660 2147483664 2147483679 2147483664 2147483679 
2147483664 2147483655 2147483656 2147483657 2147483658 2147483659 2147483660 2147483663 2147483655 2147483656 2147483657 2147483658 2147483659 2147483660 2147483663 2147483679 2147483679 
2147483668 2147483655 2147483656 2147483657 2147483658 2147483659 2147483660 2147483661 2147483655 2147483656 2147483657 2147483658 2147483659 2147483660 2147483661 
2147483669 2147483655 2147483656 2147483657 2147483658 2147483659 2147483660 2147483661 2147483655 2147483656 2147483657 2147483658 2147483659 2147483660 2147483661 
2147483672 2147483649 2147483656 2147483657 2147483658 2147483659 2147483660 2147483661 2147483649 2147483656 2147483657 2147483658 2147483659 2147483660 2147483661 2147483674 2147483674 
2147483674 2147483649 2147483656 2147483657 2147483658 2147483659 2147483660 2147483661 2147483672 2147483649 2147483656 2147483657 2147483658 2147483659 2147483660 2147483661 2147483672 54 57 53 
2147483676 2147483649 2147483656 2147483660 2147483649 2147483656 2147483660 2147483679 2147483679 
2147483679 2147483649 2147483655 2147483656 2147483657 2147483658 2147483659 2147483660 2147483661 2147483663 2147483664 2147483676 2147483649 2147483655 2147483656 2147483657 2147483658 2147483659 2147483660 2147483661 2147483663 2147483664 2147483676 22 25 27 32 26 263 264 265 266 
