2 2147483696 2147483719 
5 
8 
11 2147483696 
18 
19 
22 2147483706 2147483724 2147483727 
23 2147483706 2147483724 2147483727 
24 2147483706 2147483724 
25 2147483706 
26 2147483706 
27 2147483706 
32 2147483706 
49 2147483671 2147483675 2147483676 2147483685 2147483687 2147483694 2147483698 2147483699 2147483700 2147483708 2147483721 2147483722 2147483726 2147483728 2147483731 2147483733 2147483735 2147483736 
50 2147483663 2147483671 2147483675 2147483676 2147483685 2147483687 2147483700 2147483701 2147483708 2147483709 2147483722 2147483726 2147483728 2147483731 2147483733 2147483735 
51 2147483663 2147483671 2147483675 2147483676 2147483685 2147483687 2147483691 2147483692 2147483694 2147483700 2147483701 2147483708 2147483709 2147483721 2147483722 2147483726 2147483728 2147483731 2147483733 2147483735 
52 2147483671 2147483676 2147483685 2147483687 2147483694 2147483698 2147483699 2147483700 2147483708 2147483721 2147483722 2147483728 2147483731 2147483733 2147483735 
53 2147483663 2147483671 2147483676 2147483685 2147483687 2147483691 2147483692 2147483700 2147483701 2147483708 2147483709 2147483717 2147483722 2147483728 2147483731 2147483733 2147483735 
54 2147483663 2147483671 2147483676 2147483685 2147483687 2147483700 2147483701 2147483708 2147483722 2147483728 2147483731 2147483733 2147483735 
57 2147483663 2147483671 2147483676 2147483685 2147483687 2147483691 2147483692 2147483700 2147483708 2147483709 2147483717 2147483722 2147483728 2147483731 2147483733 2147483735 
61 
127 2147483671 2147483676 2147483685 2147483687 2147483700 2147483708 2147483722 2147483728 2147483731 2147483733 2147483735 
128 2147483671 2147483676 2147483685 2147483687 2147483700 2147483708 2147483722 2147483728 2147483731 2147483733 2147483735 
129 2147483671 2147483676 2147483685 2147483687 2147483700 2147483708 2147483722 2147483728 2147483731 2147483733 2147483735 
130 2147483671 2147483676 2147483685 2147483687 2147483700 2147483708 2147483722 2147483728 2147483731 2147483733 2147483735 
131 2147483663 2147483671 2147483675 2147483676 2147483685 2147483687 2147483691 2147483692 2147483694 2147483700 2147483701 2147483708 2147483709 2147483721 2147483722 2147483726 2147483728 2147483731 2147483733 2147483735 2147483736 
132 2147483663 2147483671 2147483675 2147483676 2147483685 2147483687 2147483691 2147483692 2147483694 2147483698 2147483699 2147483700 2147483701 2147483708 2147483709 2147483717 2147483721 2147483722 2147483726 2147483728 2147483731 2147483733 2147483735 2147483736 
133 2147483663 2147483671 2147483675 2147483676 2147483685 2147483687 2147483691 2147483692 2147483694 2147483698 2147483699 2147483700 2147483701 2147483708 2147483709 2147483717 2147483721 2147483722 2147483728 2147483731 2147483733 2147483735 2147483736 
134 2147483663 2147483671 2147483675 2147483676 2147483700 2147483701 2147483708 2147483709 2147483717 2147483722 2147483726 2147483728 2147483731 2147483733 2147483736 
247 
248 
249 
250 
251 
252 2147483696 
253 2147483696 
254 
263 2147483706 
264 2147483706 
265 2147483706 
266 2147483706 
267 2147483706 2147483724 2147483727 
268 2147483706 2147483724 2147483727 
269 2147483706 2147483724 2147483727 
270 2147483706 2147483724 2147483727 
2147483663 2147483671 2147483676 2147483700 2147483701 2147483706 2147483722 2147483728 54 133 57 53 51 134 131 132 50 2147483671 2147483676 2147483700 2147483701 2147483706 2147483722 2147483728 
2147483671 2147483663 2147483663 2147483675 2147483676 2147483700 2147483701 2147483706 2147483708 2147483709 2147483717 2147483722 2147483724 2147483726 2147483727 2147483728 2147483731 2147483733 2147483736 50 49 52 54 57 53 127 128 129 130 51 133 134 131 132 2147483675 2147483676 2147483700 2147483701 2147483706 2147483708 2147483709 2147483717 2147483722 2147483724 2147483726 2147483727 2147483728 2147483731 2147483733 2147483736 
2147483675 2147483671 2147483671 2147483676 2147483708 2147483728 2147483731 2147483733 49 51 133 134 131 132 50 2147483676 2147483708 2147483728 2147483731 2147483733 
2147483676 2147483663 2147483671 2147483675 2147483663 2147483671 2147483675 2147483700 2147483701 2147483706 2147483708 2147483709 2147483722 2147483724 2147483726 2147483728 2147483731 2147483733 54 50 49 52 57 53 127 128 129 130 51 133 134 131 132 2147483700 2147483701 2147483706 2147483708 2147483709 2147483722 2147483724 2147483726 2147483728 2147483731 2147483733 
2147483685 2147483687 2147483691 2147483692 2147483694 2147483721 2147483731 2147483733 2147483735 57 53 49 52 54 127 128 129 130 51 133 131 132 50 2147483687 2147483691 2147483692 2147483694 2147483721 2147483731 2147483733 2147483735 
2147483687 2147483685 2147483685 2147483691 2147483692 2147483694 2147483721 2147483731 2147483733 2147483735 49 54 52 57 53 127 128 129 130 51 133 131 132 50 2147483691 2147483692 2147483694 2147483721 2147483731 2147483733 2147483735 
2147483691 2147483685 2147483687 2147483685 2147483687 2147483692 2147483731 2147483733 53 57 51 133 131 132 2147483692 2147483731 2147483733 
2147483692 2147483685 2147483687 2147483691 2147483685 2147483687 2147483691 2147483731 2147483733 57 53 51 133 131 132 2147483731 2147483733 
2147483694 2147483685 2147483687 2147483685 2147483687 2147483721 2147483731 2147483733 49 52 51 133 131 132 2147483721 2147483731 2147483733 
2147483696 2147483721 2147483731 2147483733 2 11 253 252 2147483721 2147483731 2147483733 
2147483698 2147483699 2147483731 2147483733 49 52 133 132 2147483699 2147483731 2147483733 
2147483699 2147483698 2147483698 2147483731 2147483733 49 52 133 132 2147483731 2147483733 
2147483700 2147483663 2147483671 2147483676 2147483663 2147483671 2147483676 2147483701 2147483706 2147483722 2147483724 2147483728 54 49 52 57 53 127 128 129 130 51 133 134 131 132 50 2147483701 2147483706 2147483722 2147483724 2147483728 
2147483701 2147483663 2147483671 2147483676 2147483700 2147483663 2147483671 2147483676 2147483700 2147483706 2147483722 2147483728 53 54 51 133 134 131 132 50 2147483706 2147483722 2147483728 
2147483706 2147483663 2147483671 2147483676 2147483700 2147483701 2147483663 2147483671 2147483676 2147483700 2147483701 2147483722 2147483724 2147483726 2147483728 2147483731 22 25 27 32 26 263 264 265 266 24 23 269 270 267 268 2147483722 2147483724 2147483726 2147483728 2147483731 
2147483708 2147483671 2147483675 2147483676 2147483671 2147483675 2147483676 2147483709 2147483727 2147483728 2147483731 2147483733 51 49 52 54 57 53 127 128 129 130 133 134 131 132 50 2147483709 2147483727 2147483728 2147483731 2147483733 
2147483709 2147483671 2147483676 2147483708 2147483671 2147483676 2147483708 2147483728 2147483731 2147483733 57 53 51 133 134 131 132 50 2147483728 2147483731 2147483733 
2147483717 2147483671 2147483671 2147483731 2147483733 57 53 133 134 132 2147483731 2147483733 
2147483719 2 
2147483721 2147483685 2147483687 2147483694 2147483696 2147483685 2147483687 2147483694 2147483696 2147483731 2147483733 49 52 51 133 131 132 2147483731 2147483733 
2147483722 2147483663 2147483671 2147483676 2147483700 2147483701 2147483706 2147483663 2147483671 2147483676 2147483700 2147483701 2147483706 2147483724 2147483726 2147483728 2147483731 2147483733 49 134 52 54 57 53 127 128 129 130 51 133 131 132 50 2147483724 2147483726 2147483728 2147483731 2147483733 
2147483724 2147483671 2147483676 2147483700 2147483706 2147483722 2147483671 2147483676 2147483700 2147483706 2147483722 2147483728 22 24 23 269 270 267 268 2147483728 
2147483726 2147483671 2147483676 2147483706 2147483722 2147483671 2147483676 2147483706 2147483722 2147483728 50 49 51 134 131 132 2147483728 
2147483727 2147483671 2147483708 2147483671 2147483708 2147483728 2147483731 2147483733 22 23 269 270 267 268 2147483728 2147483731 2147483733 
2147483728 2147483663 2147483671 2147483675 2147483676 2147483700 2147483701 2147483706 2147483708 2147483709 2147483722 2147483724 2147483726 2147483727 2147483663 2147483671 2147483675 2147483676 2147483700 2147483701 2147483706 2147483708 2147483709 2147483722 2147483724 2147483726 2147483727 2147483731 2147483733 2147483736 57 53 49 52 54 127 128 129 130 51 133 134 131 132 50 2147483731 2147483733 2147483736 
2147483731 2147483671 2147483675 2147483676 2147483685 2147483687 2147483691 2147483692 2147483694 2147483696 2147483698 2147483699 2147483706 2147483708 2147483709 2147483717 2147483721 2147483722 2147483727 2147483728 2147483671 2147483675 2147483676 2147483685 2147483687 2147483691 2147483692 2147483694 2147483696 2147483698 2147483699 2147483706 2147483708 2147483709 2147483717 2147483721 2147483722 2147483727 2147483728 2147483733 2147483735 2147483736 53 134 49 52 54 57 127 128 129 130 51 133 131 132 50 2147483733 2147483735 2147483736 
2147483733 2147483671 2147483675 2147483676 2147483685 2147483687 2147483691 2147483692 2147483694 2147483696 2147483698 2147483699 2147483708 2147483709 2147483717 2147483721 2147483722 2147483727 2147483728 2147483731 2147483671 2147483675 2147483676 2147483685 2147483687 2147483691 2147483692 2147483694 2147483696 2147483698 2147483699 2147483708 2147483709 2147483717 2147483721 2147483722 2147483727 2147483728 2147483731 2147483735 2147483736 54 53 49 52 57 127 128 129 130 51 133 134 131 132 50 2147483735 2147483736 
2147483735 2147483685 2147483687 2147483731 2147483733 2147483685 2147483687 2147483731 2147483733 49 52 54 57 53 127 128 129 130 51 133 131 132 50 
2147483736 2147483671 2147483728 2147483731 2147483733 2147483671 2147483728 2147483731 2147483733 49 133 134 131 132 
