22,1,22,-1,0,1,0,0,0,
23,1,23,-1,0,1,0,0,0,
24,1,24,-1,0,1,0,0,0,
25,1,25,-1,0,1,0,0,0,
26,1,26,-1,0,1,0,0,0,
27,1,27,-1,0,1,0,0,0,
32,1,32,-1,0,1,0,0,128,
49,1,49,-1,0,1,0,0,0,
50,1,50,-1,0,1,0,0,128,
51,1,51,-1,0,1,0,0,0,
52,1,52,-1,0,1,0,0,0,
53,1,53,-1,0,1,0,0,0,
54,1,54,-1,0,1,0,0,0,
57,1,57,-1,0,1,0,0,0,
127,1,127,-1,0,1,0,0,0,
128,1,128,-1,0,1,0,0,0,
129,1,129,-1,0,1,0,0,0,
130,1,130,-1,0,1,0,0,0,
131,1,131,-1,0,1,0,0,0,
132,1,132,-1,0,1,0,0,0,
133,1,133,-1,0,1,0,0,0,
134,1,134,-1,0,1,0,0,0,
151,1,151,-1,0,1,0,0,0,
152,1,152,-1,0,1,0,0,0,
153,1,153,-1,0,1,0,0,0,
154,1,154,-1,0,1,0,0,0,
155,1,155,-1,0,1,0,0,0,
156,1,156,-1,0,1,0,0,0,
157,1,157,-1,0,1,0,0,0,
158,1,158,-1,0,1,0,0,0,
159,1,159,-1,0,1,0,0,0,
160,1,160,-1,0,1,0,0,0,
161,1,161,-1,0,1,0,0,0,
162,1,162,-1,0,1,0,0,0,
163,1,163,-1,0,1,0,0,0,
164,1,164,-1,0,1,0,0,0,
165,1,165,-1,0,1,0,0,0,
166,1,166,-1,0,1,0,0,0,
263,1,263,-1,0,1,0,0,0,
264,1,264,-1,0,1,0,0,0,
265,1,265,-1,0,1,0,0,0,
266,1,266,-1,0,1,0,0,0,
267,1,267,-1,0,1,0,0,0,
268,1,268,-1,0,1,0,0,0,
269,1,269,-1,0,1,0,0,0,
270,1,270,-1,0,1,0,0,127,
2147483654,0,0,0.0504357,6,0,1,0,0,268
2147483658,0,0,0.341527,2,0,1,0,0,264 265 266 268
2147483661,0,0,0.00129173,1,0,1,0,0,132
2147483669,0,0,0.00462746,3,0,1,0,0,132
2147483671,0,0,0.00152108,1,0,1,0,0,264 265 266 268
2147483674,0,0,inf,1,0,1,0,0,25 27 26 263 264 265 266 24 23 270 267 268
2147483675,0,0,0.0280183,1,0,0,1,0,156 157 158 159 160 161 162 163 164 165 166
2147483676,0,0,0.302353,6,0,1,0,0,132
2147483677,0,0,0.162974,3,0,1,0,0,128 129 130 132
2147483679,0,0,inf,3,0,0,1,0,156 157 158 159 160 161 162 163 164 165 166
2147483681,0,0,0.0150262,1,0,1,0,0,264 265 266 268
2147483683,0,0,0.0152475,1,0,1,0,0,264 265 266 268
2147483684,0,0,0.415623,7,0,1,0,0,132
2147483686,0,0,0.268256,2,0,0,1,0,156 157 158 159 160 161 162 163 164 165 166
2147483692,0,0,0.00259926,1,0,1,0,0,127 128 129 130 132
2147483693,0,0,inf,1,0,1,0,0,25 27 32 26 263 264 265 266 268
2147483699,0,0,0.00329615,2,0,0,1,0,154 155 156 157 158 159 160 161 162 163 164 165 166
2147483701,0,0,inf,1,0,1,0,0,32 26 263 264 265 266 24 23 269 270 268
2147483702,0,0,inf,1,0,0,1,0,154 155 156 157 158 159 160 161 162 163 164 165 166
2147483705,0,0,0.00412079,3,0,1,0,0,57 53 127 128 129 130 133 134 132 50
2147483708,0,0,0.00247211,1,0,1,0,0,32 26 263 264 265 266 24 23 269 270 268
2147483710,0,0,0.00373392,2,0,1,0,0,32 26 263 264 265 266 23 269 270 268
2147483712,0,0,0.00416667,1,0,1,0,0,54 57 53 127 128 129 130 51 133 134 132 50
2147483718,0,0,0.0746234,7,0,1,0,0,132
2147483719,0,0,0.033342,4,0,1,0,0,128 129 130 132
2147483722,0,0,0.0252017,2,0,0,1,0,156 157 158 159 160 161 162 163 164 165 166
2147483723,0,0,inf,3,0,0,1,0,154 155 156 157 158 159 160 161 162 163 164 165 166
2147483725,0,0,0.101845,7,0,0,1,0,156 157 158 159 160 161 162 163 164 165 166
2147483726,0,0,0.00297976,2,0,0,1,0,154 155 156 157 158 159 160 161 162 163 164 165 166
2147483728,0,0,0.0741972,5,0,0,1,0,156 157 158 159 160 161 162 163 164 165 166
2147483729,0,0,0.00264504,2,0,0,1,0,154 155 156 157 158 159 160 161 162 163 164 165 166
