22 2147483656 2147483667 2147483713 2147483714 
23 2147483667 2147483713 2147483714 
24 2147483656 2147483667 2147483713 
25 2147483656 2147483667 2147483713 2147483714 
26 2147483656 2147483667 2147483713 2147483714 
27 2147483667 2147483713 2147483714 
32 2147483667 2147483713 2147483714 
49 2147483649 2147483657 2147483664 2147483665 2147483666 2147483677 2147483680 2147483682 2147483684 2147483692 2147483694 2147483695 2147483697 2147483699 2147483708 2147483711 
50 2147483649 2147483664 2147483665 2147483666 2147483669 2147483672 2147483674 2147483677 2147483680 2147483682 2147483684 
51 2147483649 2147483657 2147483664 2147483665 2147483666 2147483680 2147483682 2147483684 2147483686 2147483687 2147483690 2147483692 2147483694 2147483695 2147483697 2147483699 2147483703 2147483704 2147483707 2147483710 2147483711 
52 2147483649 2147483664 2147483665 2147483666 2147483692 2147483711 
53 2147483649 2147483657 2147483664 2147483665 2147483666 2147483669 2147483672 2147483674 2147483677 2147483680 2147483682 2147483684 2147483686 2147483687 2147483690 2147483692 2147483694 2147483695 2147483697 2147483699 2147483703 2147483704 2147483707 2147483710 2147483711 
54 2147483649 2147483664 2147483665 2147483666 2147483684 2147483711 
57 2147483649 2147483664 2147483665 2147483666 2147483680 2147483682 2147483684 2147483687 2147483692 2147483695 2147483697 2147483699 2147483711 
127 2147483649 2147483664 2147483665 2147483666 2147483711 
128 2147483649 2147483664 2147483665 2147483666 2147483711 
129 2147483649 2147483664 2147483665 2147483666 2147483711 
130 2147483649 2147483664 2147483665 2147483666 2147483711 
131 2147483649 2147483664 2147483665 2147483666 2147483669 2147483672 2147483674 2147483677 2147483680 2147483682 2147483684 
132 2147483649 2147483664 2147483665 2147483666 2147483669 2147483672 2147483674 2147483677 2147483680 
133 2147483649 2147483664 2147483665 2147483666 2147483669 2147483672 2147483674 2147483677 2147483680 2147483682 2147483684 2147483686 2147483687 2147483690 2147483692 2147483694 2147483695 2147483697 
134 2147483649 2147483664 2147483665 2147483666 2147483669 2147483672 2147483674 2147483677 2147483680 2147483682 2147483684 
263 2147483667 2147483713 2147483714 
264 2147483667 2147483713 2147483714 
265 2147483667 2147483713 2147483714 
266 2147483667 2147483713 2147483714 
267 2147483667 2147483713 2147483714 
268 2147483667 2147483713 2147483714 
269 2147483656 2147483667 2147483713 2147483714 
270 2147483667 2147483713 2147483714 
2147483649 2147483656 2147483657 2147483664 2147483665 2147483666 2147483667 2147483680 2147483682 2147483684 2147483686 2147483687 2147483690 2147483692 2147483694 2147483695 2147483697 2147483699 2147483704 2147483710 2147483713 53 57 49 52 54 127 128 129 130 51 133 134 131 132 50 2147483656 2147483657 2147483664 2147483665 2147483666 2147483667 2147483680 2147483682 2147483684 2147483686 2147483687 2147483690 2147483692 2147483694 2147483695 2147483697 2147483699 2147483704 2147483710 2147483713 
2147483656 2147483649 2147483649 2147483664 2147483692 22 25 26 24 269 2147483664 2147483692 
2147483657 2147483649 2147483649 2147483699 53 49 51 2147483699 
2147483664 2147483649 2147483656 2147483649 2147483656 2147483665 2147483666 2147483667 2147483669 2147483672 2147483674 2147483677 2147483680 2147483682 2147483684 2147483686 2147483687 2147483690 2147483692 2147483694 2147483695 2147483697 2147483713 2147483714 53 57 49 52 54 127 128 129 130 51 133 134 131 132 50 2147483665 2147483666 2147483667 2147483669 2147483672 2147483674 2147483677 2147483680 2147483682 2147483684 2147483686 2147483687 2147483690 2147483692 2147483694 2147483695 2147483697 2147483713 2147483714 
2147483665 2147483649 2147483664 2147483649 2147483664 2147483666 2147483667 2147483669 2147483672 2147483674 2147483677 2147483680 2147483713 2147483714 57 49 52 54 53 127 128 129 130 51 133 134 131 132 50 2147483666 2147483667 2147483669 2147483672 2147483674 2147483677 2147483680 2147483713 2147483714 
2147483666 2147483649 2147483664 2147483665 2147483649 2147483664 2147483665 2147483667 2147483669 2147483672 2147483674 2147483677 2147483680 2147483682 2147483684 2147483713 2147483714 54 53 49 52 57 127 128 129 130 51 133 134 131 132 50 2147483667 2147483669 2147483672 2147483674 2147483677 2147483680 2147483682 2147483684 2147483713 2147483714 
2147483667 2147483649 2147483664 2147483665 2147483666 2147483649 2147483664 2147483665 2147483666 2147483669 2147483672 2147483674 2147483677 2147483680 2147483682 2147483684 2147483713 2147483714 25 27 22 32 26 263 264 265 266 24 23 269 270 267 268 2147483669 2147483672 2147483674 2147483677 2147483680 2147483682 2147483684 2147483713 2147483714 
2147483669 2147483664 2147483665 2147483666 2147483667 2147483664 2147483665 2147483666 2147483667 2147483714 53 133 134 131 132 50 2147483714 
2147483672 2147483664 2147483665 2147483666 2147483667 2147483664 2147483665 2147483666 2147483667 2147483714 53 133 134 131 132 50 2147483714 
2147483674 2147483664 2147483665 2147483666 2147483667 2147483664 2147483665 2147483666 2147483667 2147483713 53 133 134 131 132 50 2147483713 
2147483677 2147483664 2147483665 2147483666 2147483667 2147483664 2147483665 2147483666 2147483667 2147483713 49 53 133 134 131 132 50 2147483713 
2147483680 2147483649 2147483664 2147483665 2147483666 2147483667 2147483649 2147483664 2147483665 2147483666 2147483667 2147483713 49 57 53 51 133 134 131 132 50 2147483713 
2147483682 2147483649 2147483664 2147483666 2147483667 2147483649 2147483664 2147483666 2147483667 2147483713 49 57 53 51 133 134 131 50 2147483713 
2147483684 2147483649 2147483664 2147483666 2147483667 2147483649 2147483664 2147483666 2147483667 2147483713 49 54 57 53 51 133 134 131 50 2147483713 
2147483686 2147483649 2147483664 2147483649 2147483664 53 51 133 
2147483687 2147483649 2147483664 2147483649 2147483664 57 53 51 133 
2147483690 2147483649 2147483664 2147483649 2147483664 53 51 133 
2147483692 2147483649 2147483656 2147483664 2147483649 2147483656 2147483664 49 52 57 53 51 133 
2147483694 2147483649 2147483664 2147483649 2147483664 2147483695 53 49 51 133 2147483695 
2147483695 2147483649 2147483664 2147483694 2147483649 2147483664 2147483694 49 57 53 51 133 
2147483697 2147483649 2147483664 2147483649 2147483664 49 57 53 51 133 
2147483699 2147483649 2147483657 2147483649 2147483657 49 57 53 51 
2147483703 2147483711 53 51 2147483711 
2147483704 2147483649 2147483649 53 51 
2147483707 2147483711 53 51 2147483711 
2147483708 49 
2147483710 2147483649 2147483649 53 51 
2147483711 2147483703 2147483707 2147483703 2147483707 49 53 52 54 57 127 128 129 130 51 
2147483713 2147483649 2147483664 2147483665 2147483666 2147483667 2147483674 2147483677 2147483680 2147483682 2147483684 2147483649 2147483664 2147483665 2147483666 2147483667 2147483674 2147483677 2147483680 2147483682 2147483684 32 270 22 25 27 26 263 264 265 266 24 23 269 267 268 
2147483714 2147483664 2147483665 2147483666 2147483667 2147483669 2147483672 2147483664 2147483665 2147483666 2147483667 2147483669 2147483672 263 270 22 25 27 32 26 264 265 266 23 269 267 268 
