22 
23 
24 
25 
26 2147483730 
27 
32 2147483730 
49 
50 
51 
52 
53 2147483741 
54 
57 
127 
128 
129 
130 
131 
132 
133 
134 
263 
264 
265 
266 
267 
268 
269 
270 
2147483648 2147483651 2147483659 2147483661 2147483673 2147483728 2147483730 2147483735 2147483738 2147483741 2147483743 2147483747 2147483751 2147483755 2147483759 2147483763 2147484057 2147484058 2147484087 2147484090 2147484091 2147483651 2147483659 2147483661 2147483673 2147483728 2147483730 2147483735 2147483738 2147483741 2147483743 2147483747 2147483751 2147483755 2147483759 2147483763 2147484057 2147484058 2147484087 2147484090 2147484091 
2147483650 2147483655 2147483659 2147483666 2147483671 2147483728 2147483730 2147483735 2147483739 2147483847 2147483848 2147483849 2147483850 2147483851 2147483852 2147483853 2147483856 2147483857 2147483860 2147483869 2147483870 2147483872 2147483874 2147483875 2147483877 2147483879 2147483882 2147483891 2147483892 2147483893 2147483894 2147483895 2147483896 2147483897 2147483898 2147483899 2147483904 2147483913 2147483915 2147483926 2147483994 2147484001 2147484008 2147484015 2147484028 2147484035 2147484042 2147484065 2147484068 2147484081 2147484082 2147484083 2147484084 2147484085 2147484086 2147484087 2147484088 2147484089 2147484090 2147484091 2147483655 2147483659 2147483666 2147483671 2147483728 2147483730 2147483735 2147483739 2147483847 2147483848 2147483849 2147483850 2147483851 2147483852 2147483853 2147483856 2147483857 2147483860 2147483869 2147483870 2147483872 2147483874 2147483875 2147483877 2147483879 2147483882 2147483891 2147483892 2147483893 2147483894 2147483895 2147483896 2147483897 2147483898 2147483899 2147483904 2147483913 2147483915 2147483926 2147483994 2147484001 2147484008 2147484015 2147484028 2147484035 2147484042 2147484065 2147484068 2147484081 2147484082 2147484083 2147484084 2147484085 2147484086 2147484087 2147484088 2147484089 2147484090 2147484091 
2147483651 2147483648 2147483648 2147483659 2147483661 2147483728 2147483730 2147483735 2147483738 2147483741 2147483743 2147484087 2147484090 2147483659 2147483661 2147483728 2147483730 2147483735 2147483738 2147483741 2147483743 2147484087 2147484090 
2147483655 2147483650 2147483650 2147483659 2147483666 2147483671 2147483728 2147483730 2147483739 2147483847 2147483848 2147483849 2147483850 2147483851 2147483852 2147483853 2147483856 2147483857 2147483860 2147483869 2147483870 2147483872 2147483874 2147483875 2147483877 2147483879 2147483882 2147483891 2147483892 2147483893 2147483894 2147483895 2147483896 2147483897 2147483898 2147483899 2147483904 2147483913 2147483915 2147483926 2147483994 2147484001 2147484008 2147484015 2147484028 2147484035 2147484042 2147484065 2147484068 2147484081 2147484082 2147484083 2147484084 2147484085 2147484086 2147484087 2147484088 2147484089 2147484090 2147484091 2147483659 2147483666 2147483671 2147483728 2147483730 2147483739 2147483847 2147483848 2147483849 2147483850 2147483851 2147483852 2147483853 2147483856 2147483857 2147483860 2147483869 2147483870 2147483872 2147483874 2147483875 2147483877 2147483879 2147483882 2147483891 2147483892 2147483893 2147483894 2147483895 2147483896 2147483897 2147483898 2147483899 2147483904 2147483913 2147483915 2147483926 2147483994 2147484001 2147484008 2147484015 2147484028 2147484035 2147484042 2147484065 2147484068 2147484081 2147484082 2147484083 2147484084 2147484085 2147484086 2147484087 2147484088 2147484089 2147484090 2147484091 
2147483656 2147483659 2147483661 2147483683 2147483728 2147483730 2147483735 2147483739 2147483741 2147483743 2147483777 2147483781 2147483785 2147483789 2147484060 2147484061 2147484084 2147484087 2147484091 2147483659 2147483661 2147483683 2147483728 2147483730 2147483735 2147483739 2147483741 2147483743 2147483777 2147483781 2147483785 2147483789 2147484060 2147484061 2147484084 2147484087 2147484091 
2147483657 2147483659 2147483661 2147483728 2147483730 2147483735 2147483739 2147483741 2147483743 2147484084 2147484087 2147484091 2147483659 2147483661 2147483728 2147483730 2147483735 2147483739 2147483741 2147483743 2147484084 2147484087 2147484091 
2147483659 2147483648 2147483650 2147483651 2147483655 2147483656 2147483657 2147483648 2147483650 2147483651 2147483655 2147483656 2147483657 2147483660 2147483661 2147483664 2147483666 2147483667 2147483671 2147483673 2147483683 2147483693 2147483703 2147483728 2147483730 2147483735 2147483738 2147483739 2147483741 2147483743 2147483747 2147483751 2147483755 2147483759 2147483763 2147483773 2147483777 2147483781 2147483785 2147483789 2147483799 2147483803 2147483807 2147483811 2147483815 2147483825 2147483829 2147483833 2147483837 2147483841 2147483847 2147483848 2147483849 2147483850 2147483851 2147483852 2147483853 2147483856 2147483857 2147483860 2147483869 2147483870 2147483872 2147483874 2147483875 2147483877 2147483879 2147483882 2147483891 2147483892 2147483893 2147483894 2147483895 2147483896 2147483897 2147483898 2147483899 2147483904 2147483913 2147483915 2147483926 2147483994 2147484001 2147484008 2147484015 2147484028 2147484035 2147484042 2147484057 2147484058 2147484060 2147484061 2147484063 2147484064 2147484065 2147484066 2147484067 2147484068 2147484081 2147484082 2147484083 2147484084 2147484085 2147484086 2147484087 2147484088 2147484089 2147484090 2147484091 2147483660 2147483661 2147483664 2147483666 2147483667 2147483671 2147483673 2147483683 2147483693 2147483703 2147483728 2147483730 2147483735 2147483738 2147483739 2147483741 2147483743 2147483747 2147483751 2147483755 2147483759 2147483763 2147483773 2147483777 2147483781 2147483785 2147483789 2147483799 2147483803 2147483807 2147483811 2147483815 2147483825 2147483829 2147483833 2147483837 2147483841 2147483847 2147483848 2147483849 2147483850 2147483851 2147483852 2147483853 2147483856 2147483857 2147483860 2147483869 2147483870 2147483872 2147483874 2147483875 2147483877 2147483879 2147483882 2147483891 2147483892 2147483893 2147483894 2147483895 2147483896 2147483897 2147483898 2147483899 2147483904 2147483913 2147483915 2147483926 2147483994 2147484001 2147484008 2147484015 2147484028 2147484035 2147484042 2147484057 2147484058 2147484060 2147484061 2147484063 2147484064 2147484065 2147484066 2147484067 2147484068 2147484081 2147484082 2147484083 2147484084 2147484085 2147484086 2147484087 2147484088 2147484089 2147484090 2147484091 
2147483660 2147483659 2147483659 2147483693 2147483728 2147483730 2147483735 2147483739 2147483741 2147483743 2147483803 2147483807 2147483811 2147483815 2147484063 2147484064 2147484068 2147484081 2147484084 2147484087 2147484090 2147484091 2147483693 2147483728 2147483730 2147483735 2147483739 2147483741 2147483743 2147483803 2147483807 2147483811 2147483815 2147484063 2147484064 2147484068 2147484081 2147484084 2147484087 2147484090 2147484091 
2147483661 2147483648 2147483651 2147483656 2147483657 2147483659 2147483648 2147483651 2147483656 2147483657 2147483659 2147483673 2147483683 2147483728 2147483730 2147483735 2147483738 2147483739 2147483741 2147483743 2147483747 2147483751 2147483755 2147483759 2147483763 2147483773 2147483777 2147483781 2147483785 2147483789 2147484057 2147484058 2147484060 2147484061 2147484065 2147484068 2147484081 2147484084 2147484087 2147484090 2147484091 2147483673 2147483683 2147483728 2147483730 2147483735 2147483738 2147483739 2147483741 2147483743 2147483747 2147483751 2147483755 2147483759 2147483763 2147483773 2147483777 2147483781 2147483785 2147483789 2147484057 2147484058 2147484060 2147484061 2147484065 2147484068 2147484081 2147484084 2147484087 2147484090 2147484091 
2147483664 2147483659 2147483659 2147483703 2147483728 2147483730 2147483735 2147483739 2147483829 2147483833 2147483837 2147483841 2147484065 2147484066 2147484067 2147484081 2147484084 2147484087 2147484090 2147484091 2147483703 2147483728 2147483730 2147483735 2147483739 2147483829 2147483833 2147483837 2147483841 2147484065 2147484066 2147484067 2147484081 2147484084 2147484087 2147484090 2147484091 
2147483666 2147483650 2147483655 2147483659 2147483650 2147483655 2147483659 2147483671 2147483728 2147483730 2147483739 2147483847 2147483848 2147483849 2147483850 2147483851 2147483852 2147483853 2147483856 2147483857 2147483860 2147483869 2147483870 2147483872 2147483874 2147483875 2147483877 2147483879 2147483882 2147483891 2147483892 2147483893 2147483894 2147483895 2147483896 2147483897 2147483898 2147483899 2147483904 2147483913 2147483915 2147483926 2147483994 2147484001 2147484008 2147484015 2147484028 2147484035 2147484042 2147484065 2147484068 2147484081 2147484082 2147484083 2147484084 2147484085 2147484086 2147484087 2147484088 2147484089 2147484090 2147484091 2147483671 2147483728 2147483730 2147483739 2147483847 2147483848 2147483849 2147483850 2147483851 2147483852 2147483853 2147483856 2147483857 2147483860 2147483869 2147483870 2147483872 2147483874 2147483875 2147483877 2147483879 2147483882 2147483891 2147483892 2147483893 2147483894 2147483895 2147483896 2147483897 2147483898 2147483899 2147483904 2147483913 2147483915 2147483926 2147483994 2147484001 2147484008 2147484015 2147484028 2147484035 2147484042 2147484065 2147484068 2147484081 2147484082 2147484083 2147484084 2147484085 2147484086 2147484087 2147484088 2147484089 2147484090 2147484091 
2147483667 2147483659 2147483659 2147483728 2147483730 2147483735 2147483739 2147483741 2147483743 2147484065 2147484081 2147484084 2147484087 2147484090 2147484091 2147483728 2147483730 2147483735 2147483739 2147483741 2147483743 2147484065 2147484081 2147484084 2147484087 2147484090 2147484091 
2147483671 2147483650 2147483655 2147483659 2147483666 2147483650 2147483655 2147483659 2147483666 2147483730 2147483847 2147483848 2147483849 2147483850 2147483851 2147483852 2147483853 2147483856 2147483857 2147483860 2147483869 2147483870 2147483872 2147483874 2147483875 2147483877 2147483879 2147483882 2147483891 2147483892 2147483893 2147483894 2147483895 2147483896 2147483897 2147483898 2147483899 2147483904 2147483913 2147483915 2147483926 2147483994 2147484001 2147484008 2147484015 2147484028 2147484035 2147484042 2147484065 2147484068 2147484081 2147484082 2147484083 2147484084 2147484085 2147484086 2147484087 2147484088 2147484089 2147484090 2147484091 2147483730 2147483847 2147483848 2147483849 2147483850 2147483851 2147483852 2147483853 2147483856 2147483857 2147483860 2147483869 2147483870 2147483872 2147483874 2147483875 2147483877 2147483879 2147483882 2147483891 2147483892 2147483893 2147483894 2147483895 2147483896 2147483897 2147483898 2147483899 2147483904 2147483913 2147483915 2147483926 2147483994 2147484001 2147484008 2147484015 2147484028 2147484035 2147484042 2147484065 2147484068 2147484081 2147484082 2147484083 2147484084 2147484085 2147484086 2147484087 2147484088 2147484089 2147484090 2147484091 
2147483673 2147483648 2147483659 2147483661 2147483648 2147483659 2147483661 2147483728 2147483730 2147483735 2147483738 2147483741 2147483743 2147483751 2147483755 2147483759 2147483763 2147484058 2147484087 2147484090 2147483728 2147483730 2147483735 2147483738 2147483741 2147483743 2147483751 2147483755 2147483759 2147483763 2147484058 2147484087 2147484090 
2147483683 2147483656 2147483659 2147483661 2147483656 2147483659 2147483661 2147483728 2147483730 2147483735 2147483739 2147483741 2147483743 2147483777 2147483781 2147483785 2147483789 2147484061 2147484084 2147484087 2147484091 2147483728 2147483730 2147483735 2147483739 2147483741 2147483743 2147483777 2147483781 2147483785 2147483789 2147484061 2147484084 2147484087 2147484091 
2147483693 2147483659 2147483660 2147483659 2147483660 2147483728 2147483730 2147483735 2147483739 2147483741 2147483743 2147483803 2147483807 2147483811 2147483815 2147484064 2147484068 2147484081 2147484084 2147484087 2147484090 2147484091 2147483728 2147483730 2147483735 2147483739 2147483741 2147483743 2147483803 2147483807 2147483811 2147483815 2147484064 2147484068 2147484081 2147484084 2147484087 2147484090 2147484091 
2147483703 2147483659 2147483664 2147483659 2147483664 2147483728 2147483730 2147483735 2147483739 2147483829 2147483833 2147483837 2147483841 2147484065 2147484067 2147484081 2147484084 2147484087 2147484090 2147484091 2147483728 2147483730 2147483735 2147483739 2147483829 2147483833 2147483837 2147483841 2147484065 2147484067 2147484081 2147484084 2147484087 2147484090 2147484091 
2147483728 2147483648 2147483650 2147483651 2147483655 2147483656 2147483657 2147483659 2147483660 2147483661 2147483664 2147483666 2147483667 2147483673 2147483683 2147483693 2147483703 2147483648 2147483650 2147483651 2147483655 2147483656 2147483657 2147483659 2147483660 2147483661 2147483664 2147483666 2147483667 2147483673 2147483683 2147483693 2147483703 2147483730 2147483735 2147483738 2147483739 2147483741 2147483743 2147483747 2147483751 2147483755 2147483759 2147483763 2147483773 2147483777 2147483781 2147483785 2147483789 2147483799 2147483803 2147483807 2147483811 2147483815 2147483825 2147483829 2147483833 2147483837 2147483841 2147484057 2147484058 2147484060 2147484061 2147484063 2147484064 2147484065 2147484066 2147484067 2147484068 2147484081 2147484084 2147484087 2147484090 2147484091 2147483730 2147483735 2147483738 2147483739 2147483741 2147483743 2147483747 2147483751 2147483755 2147483759 2147483763 2147483773 2147483777 2147483781 2147483785 2147483789 2147483799 2147483803 2147483807 2147483811 2147483815 2147483825 2147483829 2147483833 2147483837 2147483841 2147484057 2147484058 2147484060 2147484061 2147484063 2147484064 2147484065 2147484066 2147484067 2147484068 2147484081 2147484084 2147484087 2147484090 2147484091 
2147483730 2147483648 2147483650 2147483651 2147483655 2147483656 2147483657 2147483659 2147483660 2147483661 2147483664 2147483666 2147483667 2147483671 2147483673 2147483683 2147483693 2147483703 2147483728 2147483648 2147483650 2147483651 2147483655 2147483656 2147483657 2147483659 2147483660 2147483661 2147483664 2147483666 2147483667 2147483671 2147483673 2147483683 2147483693 2147483703 2147483728 2147483735 2147483738 2147483739 2147483741 2147483743 2147483747 2147483751 2147483755 2147483759 2147483763 2147483773 2147483777 2147483781 2147483785 2147483789 2147483799 2147483803 2147483807 2147483811 2147483815 2147483825 2147483829 2147483833 2147483837 2147483841 2147484057 2147484058 2147484060 2147484061 2147484063 2147484064 2147484065 2147484066 2147484067 2147484068 2147484081 2147484084 2147484087 2147484090 2147484091 32 26 2147483735 2147483738 2147483739 2147483741 2147483743 2147483747 2147483751 2147483755 2147483759 2147483763 2147483773 2147483777 2147483781 2147483785 2147483789 2147483799 2147483803 2147483807 2147483811 2147483815 2147483825 2147483829 2147483833 2147483837 2147483841 2147484057 2147484058 2147484060 2147484061 2147484063 2147484064 2147484065 2147484066 2147484067 2147484068 2147484081 2147484084 2147484087 2147484090 2147484091 
2147483735 2147483648 2147483650 2147483651 2147483656 2147483657 2147483659 2147483660 2147483661 2147483664 2147483667 2147483673 2147483683 2147483693 2147483703 2147483728 2147483730 2147483648 2147483650 2147483651 2147483656 2147483657 2147483659 2147483660 2147483661 2147483664 2147483667 2147483673 2147483683 2147483693 2147483703 2147483728 2147483730 2147483738 2147483739 2147483741 2147483743 2147483747 2147483751 2147483755 2147483759 2147483763 2147483773 2147483777 2147483781 2147483785 2147483789 2147483799 2147483803 2147483807 2147483811 2147483815 2147483825 2147483829 2147483833 2147483837 2147483841 2147484057 2147484058 2147484060 2147484061 2147484063 2147484064 2147484065 2147484066 2147484067 2147484068 2147484081 2147484084 2147484087 2147484090 2147484091 2147483738 2147483739 2147483741 2147483743 2147483747 2147483751 2147483755 2147483759 2147483763 2147483773 2147483777 2147483781 2147483785 2147483789 2147483799 2147483803 2147483807 2147483811 2147483815 2147483825 2147483829 2147483833 2147483837 2147483841 2147484057 2147484058 2147484060 2147484061 2147484063 2147484064 2147484065 2147484066 2147484067 2147484068 2147484081 2147484084 2147484087 2147484090 2147484091 
2147483738 2147483648 2147483651 2147483659 2147483661 2147483673 2147483728 2147483730 2147483735 2147483648 2147483651 2147483659 2147483661 2147483673 2147483728 2147483730 2147483735 2147483741 2147483743 2147483747 2147483751 2147483755 2147483759 2147483763 2147484057 2147484058 2147484087 2147484090 2147484091 2147483741 2147483743 2147483747 2147483751 2147483755 2147483759 2147483763 2147484057 2147484058 2147484087 2147484090 2147484091 
2147483739 2147483650 2147483655 2147483656 2147483657 2147483659 2147483660 2147483661 2147483664 2147483666 2147483667 2147483683 2147483693 2147483703 2147483728 2147483730 2147483735 2147483650 2147483655 2147483656 2147483657 2147483659 2147483660 2147483661 2147483664 2147483666 2147483667 2147483683 2147483693 2147483703 2147483728 2147483730 2147483735 2147483741 2147483743 2147483773 2147483777 2147483781 2147483785 2147483789 2147483799 2147483803 2147483807 2147483811 2147483815 2147483825 2147483829 2147483833 2147483837 2147483841 2147484060 2147484061 2147484063 2147484064 2147484065 2147484066 2147484067 2147484068 2147484081 2147484084 2147484087 2147484090 2147484091 2147483741 2147483743 2147483773 2147483777 2147483781 2147483785 2147483789 2147483799 2147483803 2147483807 2147483811 2147483815 2147483825 2147483829 2147483833 2147483837 2147483841 2147484060 2147484061 2147484063 2147484064 2147484065 2147484066 2147484067 2147484068 2147484081 2147484084 2147484087 2147484090 2147484091 
2147483741 2147483648 2147483651 2147483656 2147483657 2147483659 2147483660 2147483661 2147483667 2147483673 2147483683 2147483693 2147483728 2147483730 2147483735 2147483738 2147483739 2147483648 2147483651 2147483656 2147483657 2147483659 2147483660 2147483661 2147483667 2147483673 2147483683 2147483693 2147483728 2147483730 2147483735 2147483738 2147483739 2147483743 2147483747 2147483751 2147483755 2147483759 2147483763 2147483773 2147483777 2147483781 2147483785 2147483789 2147483799 2147483803 2147483807 2147483811 2147483815 2147483825 2147484057 2147484058 2147484060 2147484061 2147484063 2147484064 2147484065 2147484067 2147484068 2147484081 2147484084 2147484087 2147484090 2147484091 53 2147483743 2147483747 2147483751 2147483755 2147483759 2147483763 2147483773 2147483777 2147483781 2147483785 2147483789 2147483799 2147483803 2147483807 2147483811 2147483815 2147483825 2147484057 2147484058 2147484060 2147484061 2147484063 2147484064 2147484065 2147484067 2147484068 2147484081 2147484084 2147484087 2147484090 2147484091 
2147483743 2147483648 2147483651 2147483656 2147483657 2147483659 2147483660 2147483661 2147483667 2147483673 2147483683 2147483693 2147483728 2147483730 2147483735 2147483738 2147483739 2147483741 2147483648 2147483651 2147483656 2147483657 2147483659 2147483660 2147483661 2147483667 2147483673 2147483683 2147483693 2147483728 2147483730 2147483735 2147483738 2147483739 2147483741 2147483747 2147483751 2147483755 2147483759 2147483763 2147483773 2147483777 2147483781 2147483785 2147483789 2147483799 2147483803 2147483807 2147483811 2147483815 2147483825 2147484057 2147484058 2147484060 2147484061 2147484063 2147484064 2147484065 2147484067 2147484068 2147484081 2147484084 2147484087 2147484090 2147484091 2147483747 2147483751 2147483755 2147483759 2147483763 2147483773 2147483777 2147483781 2147483785 2147483789 2147483799 2147483803 2147483807 2147483811 2147483815 2147483825 2147484057 2147484058 2147484060 2147484061 2147484063 2147484064 2147484065 2147484067 2147484068 2147484081 2147484084 2147484087 2147484090 2147484091 
2147483747 2147483648 2147483659 2147483661 2147483728 2147483730 2147483735 2147483738 2147483741 2147483743 2147483648 2147483659 2147483661 2147483728 2147483730 2147483735 2147483738 2147483741 2147483743 2147484058 2147484087 2147484090 2147484058 2147484087 2147484090 
2147483751 2147483648 2147483659 2147483661 2147483673 2147483728 2147483730 2147483735 2147483738 2147483741 2147483743 2147483648 2147483659 2147483661 2147483673 2147483728 2147483730 2147483735 2147483738 2147483741 2147483743 2147484058 2147484087 2147484090 2147484058 2147484087 2147484090 
2147483755 2147483648 2147483659 2147483661 2147483673 2147483728 2147483730 2147483735 2147483738 2147483741 2147483743 2147483648 2147483659 2147483661 2147483673 2147483728 2147483730 2147483735 2147483738 2147483741 2147483743 2147484058 2147484087 2147484090 2147484058 2147484087 2147484090 
2147483759 2147483648 2147483659 2147483661 2147483673 2147483728 2147483730 2147483735 2147483738 2147483741 2147483743 2147483648 2147483659 2147483661 2147483673 2147483728 2147483730 2147483735 2147483738 2147483741 2147483743 2147484058 2147484087 2147484090 2147484058 2147484087 2147484090 
2147483763 2147483648 2147483659 2147483661 2147483673 2147483728 2147483730 2147483735 2147483738 2147483741 2147483743 2147483648 2147483659 2147483661 2147483673 2147483728 2147483730 2147483735 2147483738 2147483741 2147483743 2147484058 2147484087 2147484090 2147484058 2147484087 2147484090 
2147483773 2147483659 2147483661 2147483728 2147483730 2147483735 2147483739 2147483741 2147483743 2147483659 2147483661 2147483728 2147483730 2147483735 2147483739 2147483741 2147483743 2147484061 2147484084 2147484087 2147484091 2147484061 2147484084 2147484087 2147484091 
2147483777 2147483656 2147483659 2147483661 2147483683 2147483728 2147483730 2147483735 2147483739 2147483741 2147483743 2147483656 2147483659 2147483661 2147483683 2147483728 2147483730 2147483735 2147483739 2147483741 2147483743 2147484061 2147484084 2147484087 2147484091 2147484061 2147484084 2147484087 2147484091 
2147483781 2147483656 2147483659 2147483661 2147483683 2147483728 2147483730 2147483735 2147483739 2147483741 2147483743 2147483656 2147483659 2147483661 2147483683 2147483728 2147483730 2147483735 2147483739 2147483741 2147483743 2147484061 2147484084 2147484087 2147484091 2147484061 2147484084 2147484087 2147484091 
2147483785 2147483656 2147483659 2147483661 2147483683 2147483728 2147483730 2147483735 2147483739 2147483741 2147483743 2147483656 2147483659 2147483661 2147483683 2147483728 2147483730 2147483735 2147483739 2147483741 2147483743 2147484061 2147484084 2147484087 2147484091 2147484061 2147484084 2147484087 2147484091 
2147483789 2147483656 2147483659 2147483661 2147483683 2147483728 2147483730 2147483735 2147483739 2147483741 2147483743 2147483656 2147483659 2147483661 2147483683 2147483728 2147483730 2147483735 2147483739 2147483741 2147483743 2147484061 2147484084 2147484087 2147484091 2147484061 2147484084 2147484087 2147484091 
2147483799 2147483659 2147483728 2147483730 2147483735 2147483739 2147483741 2147483743 2147483659 2147483728 2147483730 2147483735 2147483739 2147483741 2147483743 2147484064 2147484068 2147484081 2147484084 2147484087 2147484090 2147484091 2147484064 2147484068 2147484081 2147484084 2147484087 2147484090 2147484091 
2147483803 2147483659 2147483660 2147483693 2147483728 2147483730 2147483735 2147483739 2147483741 2147483743 2147483659 2147483660 2147483693 2147483728 2147483730 2147483735 2147483739 2147483741 2147483743 2147484064 2147484068 2147484081 2147484084 2147484087 2147484090 2147484091 2147484064 2147484068 2147484081 2147484084 2147484087 2147484090 2147484091 
2147483807 2147483659 2147483660 2147483693 2147483728 2147483730 2147483735 2147483739 2147483741 2147483743 2147483659 2147483660 2147483693 2147483728 2147483730 2147483735 2147483739 2147483741 2147483743 2147484064 2147484068 2147484081 2147484084 2147484087 2147484090 2147484091 2147484064 2147484068 2147484081 2147484084 2147484087 2147484090 2147484091 
2147483811 2147483659 2147483660 2147483693 2147483728 2147483730 2147483735 2147483739 2147483741 2147483743 2147483659 2147483660 2147483693 2147483728 2147483730 2147483735 2147483739 2147483741 2147483743 2147484064 2147484068 2147484081 2147484084 2147484087 2147484090 2147484091 2147484064 2147484068 2147484081 2147484084 2147484087 2147484090 2147484091 
2147483815 2147483659 2147483660 2147483693 2147483728 2147483730 2147483735 2147483739 2147483741 2147483743 2147483659 2147483660 2147483693 2147483728 2147483730 2147483735 2147483739 2147483741 2147483743 2147484064 2147484068 2147484081 2147484084 2147484087 2147484090 2147484091 2147484064 2147484068 2147484081 2147484084 2147484087 2147484090 2147484091 
2147483825 2147483659 2147483728 2147483730 2147483735 2147483739 2147483741 2147483743 2147483659 2147483728 2147483730 2147483735 2147483739 2147483741 2147483743 2147484065 2147484067 2147484081 2147484084 2147484087 2147484090 2147484091 2147484065 2147484067 2147484081 2147484084 2147484087 2147484090 2147484091 
2147483829 2147483659 2147483664 2147483703 2147483728 2147483730 2147483735 2147483739 2147483659 2147483664 2147483703 2147483728 2147483730 2147483735 2147483739 2147484065 2147484067 2147484081 2147484084 2147484087 2147484090 2147484091 2147484065 2147484067 2147484081 2147484084 2147484087 2147484090 2147484091 
2147483833 2147483659 2147483664 2147483703 2147483728 2147483730 2147483735 2147483739 2147483659 2147483664 2147483703 2147483728 2147483730 2147483735 2147483739 2147484065 2147484067 2147484081 2147484084 2147484087 2147484090 2147484091 2147484065 2147484067 2147484081 2147484084 2147484087 2147484090 2147484091 
2147483837 2147483659 2147483664 2147483703 2147483728 2147483730 2147483735 2147483739 2147483659 2147483664 2147483703 2147483728 2147483730 2147483735 2147483739 2147484065 2147484067 2147484081 2147484084 2147484087 2147484090 2147484091 2147484065 2147484067 2147484081 2147484084 2147484087 2147484090 2147484091 
2147483841 2147483659 2147483664 2147483703 2147483728 2147483730 2147483735 2147483739 2147483659 2147483664 2147483703 2147483728 2147483730 2147483735 2147483739 2147484065 2147484067 2147484081 2147484084 2147484087 2147484090 2147484091 2147484065 2147484067 2147484081 2147484084 2147484087 2147484090 2147484091 
2147483847 2147483650 2147483655 2147483659 2147483666 2147483671 2147483650 2147483655 2147483659 2147483666 2147483671 2147483848 2147483849 2147483850 2147483851 2147483852 2147483856 2147483857 2147483860 2147483897 2147484015 2147484035 2147484042 2147484065 2147484068 2147484081 2147484082 2147484083 2147484084 2147484087 2147484090 2147484091 2147483848 2147483849 2147483850 2147483851 2147483852 2147483856 2147483857 2147483860 2147483897 2147484015 2147484035 2147484042 2147484065 2147484068 2147484081 2147484082 2147484083 2147484084 2147484087 2147484090 2147484091 
2147483848 2147483650 2147483655 2147483659 2147483666 2147483671 2147483847 2147483650 2147483655 2147483659 2147483666 2147483671 2147483847 2147483849 2147483850 2147483851 2147483852 2147483853 2147483856 2147483857 2147483860 2147483869 2147483870 2147483872 2147483874 2147483875 2147483877 2147483879 2147483882 2147483891 2147483892 2147483893 2147483894 2147483895 2147483896 2147483897 2147483898 2147483899 2147483904 2147483913 2147483915 2147483926 2147483994 2147484001 2147484008 2147484015 2147484028 2147484035 2147484042 2147484065 2147484068 2147484081 2147484082 2147484083 2147484084 2147484085 2147484086 2147484087 2147484088 2147484089 2147484090 2147484091 2147483849 2147483850 2147483851 2147483852 2147483853 2147483856 2147483857 2147483860 2147483869 2147483870 2147483872 2147483874 2147483875 2147483877 2147483879 2147483882 2147483891 2147483892 2147483893 2147483894 2147483895 2147483896 2147483897 2147483898 2147483899 2147483904 2147483913 2147483915 2147483926 2147483994 2147484001 2147484008 2147484015 2147484028 2147484035 2147484042 2147484065 2147484068 2147484081 2147484082 2147484083 2147484084 2147484085 2147484086 2147484087 2147484088 2147484089 2147484090 2147484091 
2147483849 2147483650 2147483655 2147483659 2147483666 2147483671 2147483847 2147483848 2147483650 2147483655 2147483659 2147483666 2147483671 2147483847 2147483848 2147483850 2147483851 2147483852 2147483853 2147483856 2147483857 2147483860 2147483869 2147483870 2147483872 2147483874 2147483875 2147483877 2147483879 2147483882 2147483891 2147483892 2147483893 2147483894 2147483895 2147483896 2147483897 2147483898 2147483899 2147483904 2147483913 2147483915 2147483926 2147483994 2147484001 2147484008 2147484015 2147484028 2147484035 2147484042 2147484065 2147484068 2147484081 2147484082 2147484083 2147484084 2147484085 2147484086 2147484087 2147484088 2147484089 2147484090 2147484091 2147483850 2147483851 2147483852 2147483853 2147483856 2147483857 2147483860 2147483869 2147483870 2147483872 2147483874 2147483875 2147483877 2147483879 2147483882 2147483891 2147483892 2147483893 2147483894 2147483895 2147483896 2147483897 2147483898 2147483899 2147483904 2147483913 2147483915 2147483926 2147483994 2147484001 2147484008 2147484015 2147484028 2147484035 2147484042 2147484065 2147484068 2147484081 2147484082 2147484083 2147484084 2147484085 2147484086 2147484087 2147484088 2147484089 2147484090 2147484091 
2147483850 2147483650 2147483655 2147483659 2147483666 2147483671 2147483847 2147483848 2147483849 2147483650 2147483655 2147483659 2147483666 2147483671 2147483847 2147483848 2147483849 2147483851 2147483852 2147483853 2147483856 2147483857 2147483860 2147483869 2147483870 2147483872 2147483874 2147483875 2147483877 2147483879 2147483882 2147483891 2147483892 2147483893 2147483894 2147483895 2147483896 2147483897 2147483898 2147483899 2147483904 2147483913 2147483915 2147483926 2147483994 2147484001 2147484008 2147484015 2147484028 2147484035 2147484042 2147484065 2147484068 2147484081 2147484082 2147484083 2147484084 2147484085 2147484086 2147484087 2147484088 2147484089 2147484090 2147484091 2147483851 2147483852 2147483853 2147483856 2147483857 2147483860 2147483869 2147483870 2147483872 2147483874 2147483875 2147483877 2147483879 2147483882 2147483891 2147483892 2147483893 2147483894 2147483895 2147483896 2147483897 2147483898 2147483899 2147483904 2147483913 2147483915 2147483926 2147483994 2147484001 2147484008 2147484015 2147484028 2147484035 2147484042 2147484065 2147484068 2147484081 2147484082 2147484083 2147484084 2147484085 2147484086 2147484087 2147484088 2147484089 2147484090 2147484091 
2147483851 2147483650 2147483655 2147483659 2147483666 2147483671 2147483847 2147483848 2147483849 2147483850 2147483650 2147483655 2147483659 2147483666 2147483671 2147483847 2147483848 2147483849 2147483850 2147483852 2147483853 2147483856 2147483857 2147483860 2147483869 2147483870 2147483872 2147483874 2147483875 2147483877 2147483879 2147483882 2147483891 2147483892 2147483893 2147483894 2147483895 2147483896 2147483897 2147483898 2147483899 2147483904 2147483913 2147483915 2147483926 2147483994 2147484001 2147484008 2147484015 2147484028 2147484035 2147484042 2147484065 2147484068 2147484081 2147484082 2147484083 2147484084 2147484085 2147484086 2147484087 2147484088 2147484089 2147484090 2147484091 2147483852 2147483853 2147483856 2147483857 2147483860 2147483869 2147483870 2147483872 2147483874 2147483875 2147483877 2147483879 2147483882 2147483891 2147483892 2147483893 2147483894 2147483895 2147483896 2147483897 2147483898 2147483899 2147483904 2147483913 2147483915 2147483926 2147483994 2147484001 2147484008 2147484015 2147484028 2147484035 2147484042 2147484065 2147484068 2147484081 2147484082 2147484083 2147484084 2147484085 2147484086 2147484087 2147484088 2147484089 2147484090 2147484091 
2147483852 2147483650 2147483655 2147483659 2147483666 2147483671 2147483847 2147483848 2147483849 2147483850 2147483851 2147483650 2147483655 2147483659 2147483666 2147483671 2147483847 2147483848 2147483849 2147483850 2147483851 2147483853 2147483856 2147483857 2147483860 2147483869 2147483870 2147483872 2147483874 2147483875 2147483877 2147483879 2147483882 2147483891 2147483892 2147483893 2147483894 2147483895 2147483896 2147483897 2147483898 2147483899 2147483904 2147483913 2147483915 2147483926 2147483994 2147484001 2147484008 2147484015 2147484028 2147484035 2147484042 2147484065 2147484068 2147484081 2147484082 2147484083 2147484084 2147484085 2147484086 2147484087 2147484088 2147484089 2147484090 2147484091 2147483853 2147483856 2147483857 2147483860 2147483869 2147483870 2147483872 2147483874 2147483875 2147483877 2147483879 2147483882 2147483891 2147483892 2147483893 2147483894 2147483895 2147483896 2147483897 2147483898 2147483899 2147483904 2147483913 2147483915 2147483926 2147483994 2147484001 2147484008 2147484015 2147484028 2147484035 2147484042 2147484065 2147484068 2147484081 2147484082 2147484083 2147484084 2147484085 2147484086 2147484087 2147484088 2147484089 2147484090 2147484091 
2147483853 2147483650 2147483655 2147483659 2147483666 2147483671 2147483848 2147483849 2147483850 2147483851 2147483852 2147483650 2147483655 2147483659 2147483666 2147483671 2147483848 2147483849 2147483850 2147483851 2147483852 2147483856 2147483857 2147483860 2147483869 2147483870 2147483872 2147483874 2147483875 2147483877 2147483879 2147483882 2147483891 2147483892 2147483893 2147483894 2147483895 2147483896 2147483897 2147483898 2147483899 2147483904 2147483913 2147483915 2147483926 2147483994 2147484001 2147484008 2147484015 2147484028 2147484035 2147484042 2147484065 2147484068 2147484081 2147484082 2147484083 2147484084 2147484085 2147484086 2147484087 2147484088 2147484089 2147484090 2147484091 2147483856 2147483857 2147483860 2147483869 2147483870 2147483872 2147483874 2147483875 2147483877 2147483879 2147483882 2147483891 2147483892 2147483893 2147483894 2147483895 2147483896 2147483897 2147483898 2147483899 2147483904 2147483913 2147483915 2147483926 2147483994 2147484001 2147484008 2147484015 2147484028 2147484035 2147484042 2147484065 2147484068 2147484081 2147484082 2147484083 2147484084 2147484085 2147484086 2147484087 2147484088 2147484089 2147484090 2147484091 
2147483856 2147483650 2147483655 2147483659 2147483666 2147483671 2147483847 2147483848 2147483849 2147483850 2147483851 2147483852 2147483853 2147483650 2147483655 2147483659 2147483666 2147483671 2147483847 2147483848 2147483849 2147483850 2147483851 2147483852 2147483853 2147483857 2147483860 2147483869 2147483870 2147483872 2147483874 2147483875 2147483877 2147483879 2147483882 2147483891 2147483892 2147483893 2147483894 2147483895 2147483896 2147483897 2147483898 2147483899 2147483904 2147483913 2147483915 2147483926 2147483994 2147484001 2147484008 2147484015 2147484028 2147484035 2147484042 2147484065 2147484068 2147484081 2147484082 2147484083 2147484084 2147484085 2147484086 2147484087 2147484088 2147484089 2147484090 2147484091 2147483857 2147483860 2147483869 2147483870 2147483872 2147483874 2147483875 2147483877 2147483879 2147483882 2147483891 2147483892 2147483893 2147483894 2147483895 2147483896 2147483897 2147483898 2147483899 2147483904 2147483913 2147483915 2147483926 2147483994 2147484001 2147484008 2147484015 2147484028 2147484035 2147484042 2147484065 2147484068 2147484081 2147484082 2147484083 2147484084 2147484085 2147484086 2147484087 2147484088 2147484089 2147484090 2147484091 
2147483857 2147483650 2147483655 2147483659 2147483666 2147483671 2147483847 2147483848 2147483849 2147483850 2147483851 2147483852 2147483853 2147483856 2147483650 2147483655 2147483659 2147483666 2147483671 2147483847 2147483848 2147483849 2147483850 2147483851 2147483852 2147483853 2147483856 2147483860 2147483869 2147483870 2147483872 2147483874 2147483875 2147483877 2147483879 2147483882 2147483891 2147483892 2147483893 2147483894 2147483895 2147483896 2147483897 2147483898 2147483899 2147483904 2147483913 2147483915 2147483926 2147483994 2147484001 2147484008 2147484015 2147484028 2147484035 2147484042 2147484065 2147484068 2147484081 2147484082 2147484083 2147484084 2147484085 2147484086 2147484087 2147484088 2147484089 2147484090 2147484091 2147483860 2147483869 2147483870 2147483872 2147483874 2147483875 2147483877 2147483879 2147483882 2147483891 2147483892 2147483893 2147483894 2147483895 2147483896 2147483897 2147483898 2147483899 2147483904 2147483913 2147483915 2147483926 2147483994 2147484001 2147484008 2147484015 2147484028 2147484035 2147484042 2147484065 2147484068 2147484081 2147484082 2147484083 2147484084 2147484085 2147484086 2147484087 2147484088 2147484089 2147484090 2147484091 
2147483860 2147483650 2147483655 2147483659 2147483666 2147483671 2147483847 2147483848 2147483849 2147483850 2147483851 2147483852 2147483853 2147483856 2147483857 2147483650 2147483655 2147483659 2147483666 2147483671 2147483847 2147483848 2147483849 2147483850 2147483851 2147483852 2147483853 2147483856 2147483857 2147483897 2147483994 2147484015 2147484035 2147484042 2147484065 2147484068 2147484081 2147484082 2147484083 2147484084 2147484087 2147484090 2147484091 2147483897 2147483994 2147484015 2147484035 2147484042 2147484065 2147484068 2147484081 2147484082 2147484083 2147484084 2147484087 2147484090 2147484091 
2147483869 2147483650 2147483655 2147483659 2147483666 2147483671 2147483848 2147483849 2147483850 2147483851 2147483852 2147483853 2147483856 2147483857 2147483650 2147483655 2147483659 2147483666 2147483671 2147483848 2147483849 2147483850 2147483851 2147483852 2147483853 2147483856 2147483857 2147483870 2147483872 2147483874 2147483875 2147483877 2147483879 2147483882 2147483891 2147483892 2147483893 2147483894 2147483895 2147483896 2147483897 2147483898 2147483899 2147483904 2147483913 2147483915 2147483926 2147483994 2147484001 2147484008 2147484015 2147484028 2147484035 2147484042 2147484065 2147484068 2147484081 2147484082 2147484083 2147484084 2147484085 2147484086 2147484087 2147484088 2147484089 2147484090 2147484091 2147483870 2147483872 2147483874 2147483875 2147483877 2147483879 2147483882 2147483891 2147483892 2147483893 2147483894 2147483895 2147483896 2147483897 2147483898 2147483899 2147483904 2147483913 2147483915 2147483926 2147483994 2147484001 2147484008 2147484015 2147484028 2147484035 2147484042 2147484065 2147484068 2147484081 2147484082 2147484083 2147484084 2147484085 2147484086 2147484087 2147484088 2147484089 2147484090 2147484091 
2147483870 2147483650 2147483655 2147483659 2147483666 2147483671 2147483848 2147483849 2147483850 2147483851 2147483852 2147483853 2147483856 2147483857 2147483869 2147483650 2147483655 2147483659 2147483666 2147483671 2147483848 2147483849 2147483850 2147483851 2147483852 2147483853 2147483856 2147483857 2147483869 2147483872 2147483874 2147483875 2147483877 2147483879 2147483882 2147483891 2147483892 2147483893 2147483894 2147483895 2147483896 2147483897 2147483898 2147483899 2147483904 2147483913 2147483915 2147483926 2147483994 2147484001 2147484008 2147484015 2147484028 2147484035 2147484042 2147484065 2147484068 2147484081 2147484082 2147484083 2147484084 2147484085 2147484086 2147484087 2147484088 2147484089 2147484090 2147484091 2147483872 2147483874 2147483875 2147483877 2147483879 2147483882 2147483891 2147483892 2147483893 2147483894 2147483895 2147483896 2147483897 2147483898 2147483899 2147483904 2147483913 2147483915 2147483926 2147483994 2147484001 2147484008 2147484015 2147484028 2147484035 2147484042 2147484065 2147484068 2147484081 2147484082 2147484083 2147484084 2147484085 2147484086 2147484087 2147484088 2147484089 2147484090 2147484091 
2147483872 2147483650 2147483655 2147483659 2147483666 2147483671 2147483848 2147483849 2147483850 2147483851 2147483852 2147483853 2147483856 2147483857 2147483869 2147483870 2147483650 2147483655 2147483659 2147483666 2147483671 2147483848 2147483849 2147483850 2147483851 2147483852 2147483853 2147483856 2147483857 2147483869 2147483870 2147483874 2147483875 2147483877 2147483879 2147483882 2147483891 2147483892 2147483893 2147483894 2147483895 2147483896 2147483897 2147483898 2147483899 2147483904 2147483913 2147483915 2147483926 2147483994 2147484001 2147484008 2147484015 2147484028 2147484035 2147484042 2147484065 2147484068 2147484081 2147484082 2147484083 2147484084 2147484085 2147484086 2147484087 2147484088 2147484089 2147484090 2147484091 2147483874 2147483875 2147483877 2147483879 2147483882 2147483891 2147483892 2147483893 2147483894 2147483895 2147483896 2147483897 2147483898 2147483899 2147483904 2147483913 2147483915 2147483926 2147483994 2147484001 2147484008 2147484015 2147484028 2147484035 2147484042 2147484065 2147484068 2147484081 2147484082 2147484083 2147484084 2147484085 2147484086 2147484087 2147484088 2147484089 2147484090 2147484091 
2147483874 2147483650 2147483655 2147483659 2147483666 2147483671 2147483848 2147483849 2147483850 2147483851 2147483852 2147483853 2147483856 2147483857 2147483869 2147483870 2147483872 2147483650 2147483655 2147483659 2147483666 2147483671 2147483848 2147483849 2147483850 2147483851 2147483852 2147483853 2147483856 2147483857 2147483869 2147483870 2147483872 2147483875 2147483877 2147483879 2147483882 2147483891 2147483892 2147483893 2147483894 2147483895 2147483896 2147483897 2147483898 2147483899 2147483904 2147483913 2147483915 2147483926 2147483994 2147484001 2147484008 2147484015 2147484028 2147484035 2147484042 2147484065 2147484068 2147484081 2147484082 2147484083 2147484084 2147484085 2147484086 2147484087 2147484088 2147484089 2147484090 2147484091 2147483875 2147483877 2147483879 2147483882 2147483891 2147483892 2147483893 2147483894 2147483895 2147483896 2147483897 2147483898 2147483899 2147483904 2147483913 2147483915 2147483926 2147483994 2147484001 2147484008 2147484015 2147484028 2147484035 2147484042 2147484065 2147484068 2147484081 2147484082 2147484083 2147484084 2147484085 2147484086 2147484087 2147484088 2147484089 2147484090 2147484091 
2147483875 2147483650 2147483655 2147483659 2147483666 2147483671 2147483848 2147483849 2147483850 2147483851 2147483852 2147483853 2147483856 2147483857 2147483869 2147483870 2147483872 2147483874 2147483650 2147483655 2147483659 2147483666 2147483671 2147483848 2147483849 2147483850 2147483851 2147483852 2147483853 2147483856 2147483857 2147483869 2147483870 2147483872 2147483874 2147483877 2147483879 2147483882 2147483891 2147483892 2147483893 2147483894 2147483895 2147483896 2147483897 2147483898 2147483899 2147483904 2147483913 2147483915 2147483926 2147483994 2147484001 2147484008 2147484015 2147484028 2147484035 2147484042 2147484065 2147484068 2147484081 2147484082 2147484083 2147484084 2147484085 2147484086 2147484087 2147484088 2147484089 2147484090 2147484091 2147483877 2147483879 2147483882 2147483891 2147483892 2147483893 2147483894 2147483895 2147483896 2147483897 2147483898 2147483899 2147483904 2147483913 2147483915 2147483926 2147483994 2147484001 2147484008 2147484015 2147484028 2147484035 2147484042 2147484065 2147484068 2147484081 2147484082 2147484083 2147484084 2147484085 2147484086 2147484087 2147484088 2147484089 2147484090 2147484091 
2147483877 2147483650 2147483655 2147483659 2147483666 2147483671 2147483848 2147483849 2147483850 2147483851 2147483852 2147483853 2147483856 2147483857 2147483869 2147483870 2147483872 2147483874 2147483875 2147483650 2147483655 2147483659 2147483666 2147483671 2147483848 2147483849 2147483850 2147483851 2147483852 2147483853 2147483856 2147483857 2147483869 2147483870 2147483872 2147483874 2147483875 2147483879 2147483882 2147483891 2147483892 2147483893 2147483894 2147483895 2147483896 2147483897 2147483898 2147483899 2147483904 2147483913 2147483915 2147483926 2147483994 2147484001 2147484008 2147484015 2147484028 2147484035 2147484042 2147484065 2147484068 2147484081 2147484082 2147484083 2147484084 2147484085 2147484086 2147484087 2147484088 2147484089 2147484090 2147484091 2147483879 2147483882 2147483891 2147483892 2147483893 2147483894 2147483895 2147483896 2147483897 2147483898 2147483899 2147483904 2147483913 2147483915 2147483926 2147483994 2147484001 2147484008 2147484015 2147484028 2147484035 2147484042 2147484065 2147484068 2147484081 2147484082 2147484083 2147484084 2147484085 2147484086 2147484087 2147484088 2147484089 2147484090 2147484091 
2147483879 2147483650 2147483655 2147483659 2147483666 2147483671 2147483848 2147483849 2147483850 2147483851 2147483852 2147483853 2147483856 2147483857 2147483869 2147483870 2147483872 2147483874 2147483875 2147483877 2147483650 2147483655 2147483659 2147483666 2147483671 2147483848 2147483849 2147483850 2147483851 2147483852 2147483853 2147483856 2147483857 2147483869 2147483870 2147483872 2147483874 2147483875 2147483877 2147483882 2147483891 2147483892 2147483893 2147483894 2147483895 2147483896 2147483897 2147483898 2147483899 2147483904 2147483913 2147483915 2147483926 2147483994 2147484001 2147484008 2147484015 2147484028 2147484035 2147484042 2147484065 2147484068 2147484081 2147484082 2147484083 2147484084 2147484085 2147484086 2147484087 2147484088 2147484089 2147484090 2147484091 2147483882 2147483891 2147483892 2147483893 2147483894 2147483895 2147483896 2147483897 2147483898 2147483899 2147483904 2147483913 2147483915 2147483926 2147483994 2147484001 2147484008 2147484015 2147484028 2147484035 2147484042 2147484065 2147484068 2147484081 2147484082 2147484083 2147484084 2147484085 2147484086 2147484087 2147484088 2147484089 2147484090 2147484091 
2147483882 2147483650 2147483655 2147483659 2147483666 2147483671 2147483848 2147483849 2147483850 2147483851 2147483852 2147483853 2147483856 2147483857 2147483869 2147483870 2147483872 2147483874 2147483875 2147483877 2147483879 2147483650 2147483655 2147483659 2147483666 2147483671 2147483848 2147483849 2147483850 2147483851 2147483852 2147483853 2147483856 2147483857 2147483869 2147483870 2147483872 2147483874 2147483875 2147483877 2147483879 2147483897 2147483994 2147484001 2147484015 2147484028 2147484035 2147484042 2147484065 2147484068 2147484081 2147484082 2147484083 2147484084 2147484085 2147484086 2147484087 2147484090 2147484091 2147483897 2147483994 2147484001 2147484015 2147484028 2147484035 2147484042 2147484065 2147484068 2147484081 2147484082 2147484083 2147484084 2147484085 2147484086 2147484087 2147484090 2147484091 
2147483891 2147483650 2147483655 2147483659 2147483666 2147483671 2147483848 2147483849 2147483850 2147483851 2147483852 2147483853 2147483856 2147483857 2147483869 2147483870 2147483872 2147483874 2147483875 2147483877 2147483879 2147483650 2147483655 2147483659 2147483666 2147483671 2147483848 2147483849 2147483850 2147483851 2147483852 2147483853 2147483856 2147483857 2147483869 2147483870 2147483872 2147483874 2147483875 2147483877 2147483879 2147483892 2147483893 2147483894 2147483895 2147483896 2147483897 2147483898 2147483899 2147483904 2147483913 2147483915 2147483926 2147483994 2147484001 2147484008 2147484015 2147484028 2147484035 2147484042 2147484065 2147484068 2147484081 2147484082 2147484083 2147484084 2147484085 2147484086 2147484087 2147484088 2147484089 2147484090 2147484091 2147483892 2147483893 2147483894 2147483895 2147483896 2147483897 2147483898 2147483899 2147483904 2147483913 2147483915 2147483926 2147483994 2147484001 2147484008 2147484015 2147484028 2147484035 2147484042 2147484065 2147484068 2147484081 2147484082 2147484083 2147484084 2147484085 2147484086 2147484087 2147484088 2147484089 2147484090 2147484091 
2147483892 2147483650 2147483655 2147483659 2147483666 2147483671 2147483848 2147483849 2147483850 2147483851 2147483852 2147483853 2147483856 2147483857 2147483869 2147483870 2147483872 2147483874 2147483875 2147483877 2147483879 2147483891 2147483650 2147483655 2147483659 2147483666 2147483671 2147483848 2147483849 2147483850 2147483851 2147483852 2147483853 2147483856 2147483857 2147483869 2147483870 2147483872 2147483874 2147483875 2147483877 2147483879 2147483891 2147483893 2147483894 2147483895 2147483896 2147483897 2147483898 2147483899 2147483904 2147483913 2147483915 2147483926 2147483994 2147484001 2147484008 2147484015 2147484028 2147484035 2147484042 2147484065 2147484068 2147484081 2147484082 2147484083 2147484084 2147484085 2147484086 2147484087 2147484088 2147484089 2147484090 2147484091 2147483893 2147483894 2147483895 2147483896 2147483897 2147483898 2147483899 2147483904 2147483913 2147483915 2147483926 2147483994 2147484001 2147484008 2147484015 2147484028 2147484035 2147484042 2147484065 2147484068 2147484081 2147484082 2147484083 2147484084 2147484085 2147484086 2147484087 2147484088 2147484089 2147484090 2147484091 
2147483893 2147483650 2147483655 2147483659 2147483666 2147483671 2147483848 2147483849 2147483850 2147483851 2147483852 2147483853 2147483856 2147483857 2147483869 2147483870 2147483872 2147483874 2147483875 2147483877 2147483879 2147483891 2147483892 2147483650 2147483655 2147483659 2147483666 2147483671 2147483848 2147483849 2147483850 2147483851 2147483852 2147483853 2147483856 2147483857 2147483869 2147483870 2147483872 2147483874 2147483875 2147483877 2147483879 2147483891 2147483892 2147483894 2147483895 2147483896 2147483897 2147483898 2147483899 2147483904 2147483913 2147483915 2147483926 2147483994 2147484001 2147484008 2147484015 2147484028 2147484035 2147484042 2147484065 2147484068 2147484081 2147484082 2147484083 2147484084 2147484085 2147484086 2147484087 2147484088 2147484089 2147484090 2147484091 2147483894 2147483895 2147483896 2147483897 2147483898 2147483899 2147483904 2147483913 2147483915 2147483926 2147483994 2147484001 2147484008 2147484015 2147484028 2147484035 2147484042 2147484065 2147484068 2147484081 2147484082 2147484083 2147484084 2147484085 2147484086 2147484087 2147484088 2147484089 2147484090 2147484091 
2147483894 2147483650 2147483655 2147483659 2147483666 2147483671 2147483848 2147483849 2147483850 2147483851 2147483852 2147483853 2147483856 2147483857 2147483869 2147483870 2147483872 2147483874 2147483875 2147483877 2147483879 2147483891 2147483892 2147483893 2147483650 2147483655 2147483659 2147483666 2147483671 2147483848 2147483849 2147483850 2147483851 2147483852 2147483853 2147483856 2147483857 2147483869 2147483870 2147483872 2147483874 2147483875 2147483877 2147483879 2147483891 2147483892 2147483893 2147483895 2147483896 2147483897 2147483898 2147483899 2147483904 2147483913 2147483915 2147483926 2147483994 2147484001 2147484008 2147484015 2147484028 2147484035 2147484042 2147484065 2147484068 2147484081 2147484082 2147484083 2147484084 2147484085 2147484086 2147484087 2147484088 2147484089 2147484090 2147484091 2147483895 2147483896 2147483897 2147483898 2147483899 2147483904 2147483913 2147483915 2147483926 2147483994 2147484001 2147484008 2147484015 2147484028 2147484035 2147484042 2147484065 2147484068 2147484081 2147484082 2147484083 2147484084 2147484085 2147484086 2147484087 2147484088 2147484089 2147484090 2147484091 
2147483895 2147483650 2147483655 2147483659 2147483666 2147483671 2147483848 2147483849 2147483850 2147483851 2147483852 2147483853 2147483856 2147483857 2147483869 2147483870 2147483872 2147483874 2147483875 2147483877 2147483879 2147483891 2147483892 2147483893 2147483894 2147483650 2147483655 2147483659 2147483666 2147483671 2147483848 2147483849 2147483850 2147483851 2147483852 2147483853 2147483856 2147483857 2147483869 2147483870 2147483872 2147483874 2147483875 2147483877 2147483879 2147483891 2147483892 2147483893 2147483894 2147483896 2147483897 2147483898 2147483899 2147483904 2147483913 2147483915 2147483926 2147483994 2147484001 2147484008 2147484015 2147484028 2147484035 2147484042 2147484065 2147484068 2147484081 2147484082 2147484083 2147484084 2147484085 2147484086 2147484087 2147484088 2147484089 2147484090 2147484091 2147483896 2147483897 2147483898 2147483899 2147483904 2147483913 2147483915 2147483926 2147483994 2147484001 2147484008 2147484015 2147484028 2147484035 2147484042 2147484065 2147484068 2147484081 2147484082 2147484083 2147484084 2147484085 2147484086 2147484087 2147484088 2147484089 2147484090 2147484091 
2147483896 2147483650 2147483655 2147483659 2147483666 2147483671 2147483848 2147483849 2147483850 2147483851 2147483852 2147483853 2147483856 2147483857 2147483869 2147483870 2147483872 2147483874 2147483875 2147483877 2147483879 2147483891 2147483892 2147483893 2147483894 2147483895 2147483650 2147483655 2147483659 2147483666 2147483671 2147483848 2147483849 2147483850 2147483851 2147483852 2147483853 2147483856 2147483857 2147483869 2147483870 2147483872 2147483874 2147483875 2147483877 2147483879 2147483891 2147483892 2147483893 2147483894 2147483895 2147483897 2147483898 2147483899 2147483904 2147483913 2147483915 2147483926 2147483994 2147484001 2147484008 2147484015 2147484028 2147484035 2147484042 2147484065 2147484068 2147484081 2147484082 2147484083 2147484084 2147484085 2147484086 2147484087 2147484088 2147484089 2147484090 2147484091 2147483897 2147483898 2147483899 2147483904 2147483913 2147483915 2147483926 2147483994 2147484001 2147484008 2147484015 2147484028 2147484035 2147484042 2147484065 2147484068 2147484081 2147484082 2147484083 2147484084 2147484085 2147484086 2147484087 2147484088 2147484089 2147484090 2147484091 
2147483897 2147483650 2147483655 2147483659 2147483666 2147483671 2147483847 2147483848 2147483849 2147483850 2147483851 2147483852 2147483853 2147483856 2147483857 2147483860 2147483869 2147483870 2147483872 2147483874 2147483875 2147483877 2147483879 2147483882 2147483891 2147483892 2147483893 2147483894 2147483895 2147483896 2147483650 2147483655 2147483659 2147483666 2147483671 2147483847 2147483848 2147483849 2147483850 2147483851 2147483852 2147483853 2147483856 2147483857 2147483860 2147483869 2147483870 2147483872 2147483874 2147483875 2147483877 2147483879 2147483882 2147483891 2147483892 2147483893 2147483894 2147483895 2147483896 2147483898 2147483899 2147483904 2147483913 2147483915 2147483926 2147483994 2147484001 2147484008 2147484015 2147484028 2147484035 2147484042 2147484065 2147484068 2147484081 2147484082 2147484083 2147484084 2147484085 2147484086 2147484087 2147484088 2147484089 2147484090 2147484091 2147483898 2147483899 2147483904 2147483913 2147483915 2147483926 2147483994 2147484001 2147484008 2147484015 2147484028 2147484035 2147484042 2147484065 2147484068 2147484081 2147484082 2147484083 2147484084 2147484085 2147484086 2147484087 2147484088 2147484089 2147484090 2147484091 
2147483898 2147483650 2147483655 2147483659 2147483666 2147483671 2147483848 2147483849 2147483850 2147483851 2147483852 2147483853 2147483856 2147483857 2147483869 2147483870 2147483872 2147483874 2147483875 2147483877 2147483879 2147483891 2147483892 2147483893 2147483894 2147483895 2147483896 2147483897 2147483650 2147483655 2147483659 2147483666 2147483671 2147483848 2147483849 2147483850 2147483851 2147483852 2147483853 2147483856 2147483857 2147483869 2147483870 2147483872 2147483874 2147483875 2147483877 2147483879 2147483891 2147483892 2147483893 2147483894 2147483895 2147483896 2147483897 2147483899 2147483904 2147483913 2147483915 2147483926 2147483994 2147484001 2147484008 2147484015 2147484028 2147484035 2147484042 2147484065 2147484068 2147484081 2147484082 2147484083 2147484084 2147484085 2147484086 2147484087 2147484088 2147484089 2147484090 2147484091 2147483899 2147483904 2147483913 2147483915 2147483926 2147483994 2147484001 2147484008 2147484015 2147484028 2147484035 2147484042 2147484065 2147484068 2147484081 2147484082 2147484083 2147484084 2147484085 2147484086 2147484087 2147484088 2147484089 2147484090 2147484091 
2147483899 2147483650 2147483655 2147483659 2147483666 2147483671 2147483848 2147483849 2147483850 2147483851 2147483852 2147483853 2147483856 2147483857 2147483869 2147483870 2147483872 2147483874 2147483875 2147483877 2147483879 2147483891 2147483892 2147483893 2147483894 2147483895 2147483896 2147483897 2147483898 2147483650 2147483655 2147483659 2147483666 2147483671 2147483848 2147483849 2147483850 2147483851 2147483852 2147483853 2147483856 2147483857 2147483869 2147483870 2147483872 2147483874 2147483875 2147483877 2147483879 2147483891 2147483892 2147483893 2147483894 2147483895 2147483896 2147483897 2147483898 2147483904 2147483913 2147483915 2147483926 2147483994 2147484001 2147484008 2147484015 2147484028 2147484035 2147484042 2147484065 2147484068 2147484081 2147484082 2147484083 2147484084 2147484085 2147484086 2147484087 2147484088 2147484089 2147484090 2147484091 2147483904 2147483913 2147483915 2147483926 2147483994 2147484001 2147484008 2147484015 2147484028 2147484035 2147484042 2147484065 2147484068 2147484081 2147484082 2147484083 2147484084 2147484085 2147484086 2147484087 2147484088 2147484089 2147484090 2147484091 
2147483904 2147483650 2147483655 2147483659 2147483666 2147483671 2147483848 2147483849 2147483850 2147483851 2147483852 2147483853 2147483856 2147483857 2147483869 2147483870 2147483872 2147483874 2147483875 2147483877 2147483879 2147483891 2147483892 2147483893 2147483894 2147483895 2147483896 2147483897 2147483898 2147483899 2147483650 2147483655 2147483659 2147483666 2147483671 2147483848 2147483849 2147483850 2147483851 2147483852 2147483853 2147483856 2147483857 2147483869 2147483870 2147483872 2147483874 2147483875 2147483877 2147483879 2147483891 2147483892 2147483893 2147483894 2147483895 2147483896 2147483897 2147483898 2147483899 2147483994 2147484001 2147484008 2147484015 2147484028 2147484035 2147484042 2147484065 2147484068 2147484081 2147484082 2147484083 2147484084 2147484085 2147484086 2147484087 2147484088 2147484089 2147484090 2147484091 2147483994 2147484001 2147484008 2147484015 2147484028 2147484035 2147484042 2147484065 2147484068 2147484081 2147484082 2147484083 2147484084 2147484085 2147484086 2147484087 2147484088 2147484089 2147484090 2147484091 
2147483913 2147483650 2147483655 2147483659 2147483666 2147483671 2147483848 2147483849 2147483850 2147483851 2147483852 2147483853 2147483856 2147483857 2147483869 2147483870 2147483872 2147483874 2147483875 2147483877 2147483879 2147483891 2147483892 2147483893 2147483894 2147483895 2147483896 2147483897 2147483898 2147483899 2147483650 2147483655 2147483659 2147483666 2147483671 2147483848 2147483849 2147483850 2147483851 2147483852 2147483853 2147483856 2147483857 2147483869 2147483870 2147483872 2147483874 2147483875 2147483877 2147483879 2147483891 2147483892 2147483893 2147483894 2147483895 2147483896 2147483897 2147483898 2147483899 2147483915 2147483926 2147483994 2147484001 2147484008 2147484015 2147484028 2147484035 2147484042 2147484065 2147484068 2147484081 2147484082 2147484083 2147484084 2147484085 2147484086 2147484087 2147484088 2147484089 2147484090 2147484091 2147483915 2147483926 2147483994 2147484001 2147484008 2147484015 2147484028 2147484035 2147484042 2147484065 2147484068 2147484081 2147484082 2147484083 2147484084 2147484085 2147484086 2147484087 2147484088 2147484089 2147484090 2147484091 
2147483915 2147483650 2147483655 2147483659 2147483666 2147483671 2147483848 2147483849 2147483850 2147483851 2147483852 2147483853 2147483856 2147483857 2147483869 2147483870 2147483872 2147483874 2147483875 2147483877 2147483879 2147483891 2147483892 2147483893 2147483894 2147483895 2147483896 2147483897 2147483898 2147483899 2147483913 2147483650 2147483655 2147483659 2147483666 2147483671 2147483848 2147483849 2147483850 2147483851 2147483852 2147483853 2147483856 2147483857 2147483869 2147483870 2147483872 2147483874 2147483875 2147483877 2147483879 2147483891 2147483892 2147483893 2147483894 2147483895 2147483896 2147483897 2147483898 2147483899 2147483913 2147483926 2147483994 2147484001 2147484008 2147484015 2147484028 2147484035 2147484042 2147484065 2147484068 2147484081 2147484082 2147484083 2147484084 2147484085 2147484086 2147484087 2147484088 2147484089 2147484090 2147484091 2147483926 2147483994 2147484001 2147484008 2147484015 2147484028 2147484035 2147484042 2147484065 2147484068 2147484081 2147484082 2147484083 2147484084 2147484085 2147484086 2147484087 2147484088 2147484089 2147484090 2147484091 
2147483926 2147483650 2147483655 2147483659 2147483666 2147483671 2147483848 2147483849 2147483850 2147483851 2147483852 2147483853 2147483856 2147483857 2147483869 2147483870 2147483872 2147483874 2147483875 2147483877 2147483879 2147483891 2147483892 2147483893 2147483894 2147483895 2147483896 2147483897 2147483898 2147483899 2147483913 2147483915 2147483650 2147483655 2147483659 2147483666 2147483671 2147483848 2147483849 2147483850 2147483851 2147483852 2147483853 2147483856 2147483857 2147483869 2147483870 2147483872 2147483874 2147483875 2147483877 2147483879 2147483891 2147483892 2147483893 2147483894 2147483895 2147483896 2147483897 2147483898 2147483899 2147483913 2147483915 2147483994 2147484001 2147484008 2147484015 2147484028 2147484035 2147484042 2147484065 2147484068 2147484081 2147484082 2147484083 2147484084 2147484085 2147484086 2147484087 2147484088 2147484089 2147484090 2147484091 2147483994 2147484001 2147484008 2147484015 2147484028 2147484035 2147484042 2147484065 2147484068 2147484081 2147484082 2147484083 2147484084 2147484085 2147484086 2147484087 2147484088 2147484089 2147484090 2147484091 
2147483994 2147483650 2147483655 2147483659 2147483666 2147483671 2147483848 2147483849 2147483850 2147483851 2147483852 2147483853 2147483856 2147483857 2147483860 2147483869 2147483870 2147483872 2147483874 2147483875 2147483877 2147483879 2147483882 2147483891 2147483892 2147483893 2147483894 2147483895 2147483896 2147483897 2147483898 2147483899 2147483904 2147483913 2147483915 2147483926 2147483650 2147483655 2147483659 2147483666 2147483671 2147483848 2147483849 2147483850 2147483851 2147483852 2147483853 2147483856 2147483857 2147483860 2147483869 2147483870 2147483872 2147483874 2147483875 2147483877 2147483879 2147483882 2147483891 2147483892 2147483893 2147483894 2147483895 2147483896 2147483897 2147483898 2147483899 2147483904 2147483913 2147483915 2147483926 2147484001 2147484008 2147484015 2147484028 2147484035 2147484042 2147484065 2147484068 2147484081 2147484082 2147484083 2147484084 2147484085 2147484086 2147484087 2147484088 2147484089 2147484090 2147484091 2147484001 2147484008 2147484015 2147484028 2147484035 2147484042 2147484065 2147484068 2147484081 2147484082 2147484083 2147484084 2147484085 2147484086 2147484087 2147484088 2147484089 2147484090 2147484091 
2147484001 2147483650 2147483655 2147483659 2147483666 2147483671 2147483848 2147483849 2147483850 2147483851 2147483852 2147483853 2147483856 2147483857 2147483869 2147483870 2147483872 2147483874 2147483875 2147483877 2147483879 2147483882 2147483891 2147483892 2147483893 2147483894 2147483895 2147483896 2147483897 2147483898 2147483899 2147483904 2147483913 2147483915 2147483926 2147483994 2147483650 2147483655 2147483659 2147483666 2147483671 2147483848 2147483849 2147483850 2147483851 2147483852 2147483853 2147483856 2147483857 2147483869 2147483870 2147483872 2147483874 2147483875 2147483877 2147483879 2147483882 2147483891 2147483892 2147483893 2147483894 2147483895 2147483896 2147483897 2147483898 2147483899 2147483904 2147483913 2147483915 2147483926 2147483994 2147484008 2147484015 2147484028 2147484035 2147484042 2147484065 2147484068 2147484081 2147484082 2147484083 2147484084 2147484085 2147484086 2147484087 2147484088 2147484089 2147484090 2147484091 2147484008 2147484015 2147484028 2147484035 2147484042 2147484065 2147484068 2147484081 2147484082 2147484083 2147484084 2147484085 2147484086 2147484087 2147484088 2147484089 2147484090 2147484091 
2147484008 2147483650 2147483655 2147483659 2147483666 2147483671 2147483848 2147483849 2147483850 2147483851 2147483852 2147483853 2147483856 2147483857 2147483869 2147483870 2147483872 2147483874 2147483875 2147483877 2147483879 2147483891 2147483892 2147483893 2147483894 2147483895 2147483896 2147483897 2147483898 2147483899 2147483904 2147483913 2147483915 2147483926 2147483994 2147484001 2147483650 2147483655 2147483659 2147483666 2147483671 2147483848 2147483849 2147483850 2147483851 2147483852 2147483853 2147483856 2147483857 2147483869 2147483870 2147483872 2147483874 2147483875 2147483877 2147483879 2147483891 2147483892 2147483893 2147483894 2147483895 2147483896 2147483897 2147483898 2147483899 2147483904 2147483913 2147483915 2147483926 2147483994 2147484001 2147484015 2147484028 2147484035 2147484042 2147484065 2147484068 2147484081 2147484082 2147484083 2147484084 2147484085 2147484086 2147484087 2147484088 2147484089 2147484090 2147484091 2147484015 2147484028 2147484035 2147484042 2147484065 2147484068 2147484081 2147484082 2147484083 2147484084 2147484085 2147484086 2147484087 2147484088 2147484089 2147484090 2147484091 
2147484015 2147483650 2147483655 2147483659 2147483666 2147483671 2147483847 2147483848 2147483849 2147483850 2147483851 2147483852 2147483853 2147483856 2147483857 2147483860 2147483869 2147483870 2147483872 2147483874 2147483875 2147483877 2147483879 2147483882 2147483891 2147483892 2147483893 2147483894 2147483895 2147483896 2147483897 2147483898 2147483899 2147483904 2147483913 2147483915 2147483926 2147483994 2147484001 2147484008 2147483650 2147483655 2147483659 2147483666 2147483671 2147483847 2147483848 2147483849 2147483850 2147483851 2147483852 2147483853 2147483856 2147483857 2147483860 2147483869 2147483870 2147483872 2147483874 2147483875 2147483877 2147483879 2147483882 2147483891 2147483892 2147483893 2147483894 2147483895 2147483896 2147483897 2147483898 2147483899 2147483904 2147483913 2147483915 2147483926 2147483994 2147484001 2147484008 2147484028 2147484035 2147484042 2147484065 2147484068 2147484081 2147484082 2147484083 2147484084 2147484085 2147484086 2147484087 2147484088 2147484089 2147484090 2147484091 2147484028 2147484035 2147484042 2147484065 2147484068 2147484081 2147484082 2147484083 2147484084 2147484085 2147484086 2147484087 2147484088 2147484089 2147484090 2147484091 
2147484028 2147483650 2147483655 2147483659 2147483666 2147483671 2147483848 2147483849 2147483850 2147483851 2147483852 2147483853 2147483856 2147483857 2147483869 2147483870 2147483872 2147483874 2147483875 2147483877 2147483879 2147483882 2147483891 2147483892 2147483893 2147483894 2147483895 2147483896 2147483897 2147483898 2147483899 2147483904 2147483913 2147483915 2147483926 2147483994 2147484001 2147484008 2147484015 2147483650 2147483655 2147483659 2147483666 2147483671 2147483848 2147483849 2147483850 2147483851 2147483852 2147483853 2147483856 2147483857 2147483869 2147483870 2147483872 2147483874 2147483875 2147483877 2147483879 2147483882 2147483891 2147483892 2147483893 2147483894 2147483895 2147483896 2147483897 2147483898 2147483899 2147483904 2147483913 2147483915 2147483926 2147483994 2147484001 2147484008 2147484015 2147484035 2147484042 2147484065 2147484068 2147484081 2147484082 2147484083 2147484084 2147484085 2147484086 2147484087 2147484088 2147484089 2147484090 2147484091 2147484035 2147484042 2147484065 2147484068 2147484081 2147484082 2147484083 2147484084 2147484085 2147484086 2147484087 2147484088 2147484089 2147484090 2147484091 
2147484035 2147483650 2147483655 2147483659 2147483666 2147483671 2147483847 2147483848 2147483849 2147483850 2147483851 2147483852 2147483853 2147483856 2147483857 2147483860 2147483869 2147483870 2147483872 2147483874 2147483875 2147483877 2147483879 2147483882 2147483891 2147483892 2147483893 2147483894 2147483895 2147483896 2147483897 2147483898 2147483899 2147483904 2147483913 2147483915 2147483926 2147483994 2147484001 2147484008 2147484015 2147484028 2147483650 2147483655 2147483659 2147483666 2147483671 2147483847 2147483848 2147483849 2147483850 2147483851 2147483852 2147483853 2147483856 2147483857 2147483860 2147483869 2147483870 2147483872 2147483874 2147483875 2147483877 2147483879 2147483882 2147483891 2147483892 2147483893 2147483894 2147483895 2147483896 2147483897 2147483898 2147483899 2147483904 2147483913 2147483915 2147483926 2147483994 2147484001 2147484008 2147484015 2147484028 2147484042 2147484065 2147484068 2147484081 2147484082 2147484083 2147484084 2147484085 2147484086 2147484087 2147484088 2147484089 2147484090 2147484091 2147484042 2147484065 2147484068 2147484081 2147484082 2147484083 2147484084 2147484085 2147484086 2147484087 2147484088 2147484089 2147484090 2147484091 
2147484042 2147483650 2147483655 2147483659 2147483666 2147483671 2147483847 2147483848 2147483849 2147483850 2147483851 2147483852 2147483853 2147483856 2147483857 2147483860 2147483869 2147483870 2147483872 2147483874 2147483875 2147483877 2147483879 2147483882 2147483891 2147483892 2147483893 2147483894 2147483895 2147483896 2147483897 2147483898 2147483899 2147483904 2147483913 2147483915 2147483926 2147483994 2147484001 2147484008 2147484015 2147484028 2147484035 2147483650 2147483655 2147483659 2147483666 2147483671 2147483847 2147483848 2147483849 2147483850 2147483851 2147483852 2147483853 2147483856 2147483857 2147483860 2147483869 2147483870 2147483872 2147483874 2147483875 2147483877 2147483879 2147483882 2147483891 2147483892 2147483893 2147483894 2147483895 2147483896 2147483897 2147483898 2147483899 2147483904 2147483913 2147483915 2147483926 2147483994 2147484001 2147484008 2147484015 2147484028 2147484035 2147484065 2147484068 2147484081 2147484082 2147484083 2147484084 2147484085 2147484086 2147484087 2147484088 2147484089 2147484090 2147484091 2147484065 2147484068 2147484081 2147484082 2147484083 2147484084 2147484085 2147484086 2147484087 2147484088 2147484089 2147484090 2147484091 
2147484057 2147483648 2147483659 2147483661 2147483728 2147483730 2147483735 2147483738 2147483741 2147483743 2147483648 2147483659 2147483661 2147483728 2147483730 2147483735 2147483738 2147483741 2147483743 2147484058 2147484087 2147484090 2147484058 2147484087 2147484090 
2147484058 2147483648 2147483659 2147483661 2147483673 2147483728 2147483730 2147483735 2147483738 2147483741 2147483743 2147483747 2147483751 2147483755 2147483759 2147483763 2147484057 2147483648 2147483659 2147483661 2147483673 2147483728 2147483730 2147483735 2147483738 2147483741 2147483743 2147483747 2147483751 2147483755 2147483759 2147483763 2147484057 2147484087 2147484090 2147484091 2147484087 2147484090 2147484091 
2147484060 2147483656 2147483659 2147483661 2147483728 2147483730 2147483735 2147483739 2147483741 2147483743 2147483656 2147483659 2147483661 2147483728 2147483730 2147483735 2147483739 2147483741 2147483743 2147484061 2147484084 2147484087 2147484091 2147484061 2147484084 2147484087 2147484091 
2147484061 2147483656 2147483659 2147483661 2147483683 2147483728 2147483730 2147483735 2147483739 2147483741 2147483743 2147483773 2147483777 2147483781 2147483785 2147483789 2147484060 2147483656 2147483659 2147483661 2147483683 2147483728 2147483730 2147483735 2147483739 2147483741 2147483743 2147483773 2147483777 2147483781 2147483785 2147483789 2147484060 2147484084 2147484087 2147484090 2147484091 2147484084 2147484087 2147484090 2147484091 
2147484063 2147483659 2147483660 2147483728 2147483730 2147483735 2147483739 2147483741 2147483743 2147483659 2147483660 2147483728 2147483730 2147483735 2147483739 2147483741 2147483743 2147484064 2147484068 2147484081 2147484084 2147484087 2147484090 2147484091 2147484064 2147484068 2147484081 2147484084 2147484087 2147484090 2147484091 
2147484064 2147483659 2147483660 2147483693 2147483728 2147483730 2147483735 2147483739 2147483741 2147483743 2147483799 2147483803 2147483807 2147483811 2147483815 2147484063 2147483659 2147483660 2147483693 2147483728 2147483730 2147483735 2147483739 2147483741 2147483743 2147483799 2147483803 2147483807 2147483811 2147483815 2147484063 2147484065 2147484068 2147484081 2147484084 2147484087 2147484090 2147484091 2147484065 2147484068 2147484081 2147484084 2147484087 2147484090 2147484091 
2147484065 2147483650 2147483655 2147483659 2147483661 2147483664 2147483666 2147483667 2147483671 2147483703 2147483728 2147483730 2147483735 2147483739 2147483741 2147483743 2147483825 2147483829 2147483833 2147483837 2147483841 2147483847 2147483848 2147483849 2147483850 2147483851 2147483852 2147483853 2147483856 2147483857 2147483860 2147483869 2147483870 2147483872 2147483874 2147483875 2147483877 2147483879 2147483882 2147483891 2147483892 2147483893 2147483894 2147483895 2147483896 2147483897 2147483898 2147483899 2147483904 2147483913 2147483915 2147483926 2147483994 2147484001 2147484008 2147484015 2147484028 2147484035 2147484042 2147484064 2147483650 2147483655 2147483659 2147483661 2147483664 2147483666 2147483667 2147483671 2147483703 2147483728 2147483730 2147483735 2147483739 2147483741 2147483743 2147483825 2147483829 2147483833 2147483837 2147483841 2147483847 2147483848 2147483849 2147483850 2147483851 2147483852 2147483853 2147483856 2147483857 2147483860 2147483869 2147483870 2147483872 2147483874 2147483875 2147483877 2147483879 2147483882 2147483891 2147483892 2147483893 2147483894 2147483895 2147483896 2147483897 2147483898 2147483899 2147483904 2147483913 2147483915 2147483926 2147483994 2147484001 2147484008 2147484015 2147484028 2147484035 2147484042 2147484064 2147484066 2147484067 2147484068 2147484081 2147484082 2147484083 2147484084 2147484085 2147484086 2147484087 2147484088 2147484089 2147484090 2147484091 2147484066 2147484067 2147484068 2147484081 2147484082 2147484083 2147484084 2147484085 2147484086 2147484087 2147484088 2147484089 2147484090 2147484091 
2147484066 2147483659 2147483664 2147483728 2147483730 2147483735 2147483739 2147484065 2147483659 2147483664 2147483728 2147483730 2147483735 2147483739 2147484065 2147484067 2147484081 2147484084 2147484087 2147484090 2147484091 2147484067 2147484081 2147484084 2147484087 2147484090 2147484091 
2147484067 2147483659 2147483664 2147483703 2147483728 2147483730 2147483735 2147483739 2147483741 2147483743 2147483825 2147483829 2147483833 2147483837 2147483841 2147484065 2147484066 2147483659 2147483664 2147483703 2147483728 2147483730 2147483735 2147483739 2147483741 2147483743 2147483825 2147483829 2147483833 2147483837 2147483841 2147484065 2147484066 2147484068 2147484081 2147484084 2147484087 2147484090 2147484091 2147484068 2147484081 2147484084 2147484087 2147484090 2147484091 
2147484068 2147483650 2147483655 2147483659 2147483660 2147483661 2147483666 2147483671 2147483693 2147483728 2147483730 2147483735 2147483739 2147483741 2147483743 2147483799 2147483803 2147483807 2147483811 2147483815 2147483847 2147483848 2147483849 2147483850 2147483851 2147483852 2147483853 2147483856 2147483857 2147483860 2147483869 2147483870 2147483872 2147483874 2147483875 2147483877 2147483879 2147483882 2147483891 2147483892 2147483893 2147483894 2147483895 2147483896 2147483897 2147483898 2147483899 2147483904 2147483913 2147483915 2147483926 2147483994 2147484001 2147484008 2147484015 2147484028 2147484035 2147484042 2147484063 2147484064 2147484065 2147484067 2147483650 2147483655 2147483659 2147483660 2147483661 2147483666 2147483671 2147483693 2147483728 2147483730 2147483735 2147483739 2147483741 2147483743 2147483799 2147483803 2147483807 2147483811 2147483815 2147483847 2147483848 2147483849 2147483850 2147483851 2147483852 2147483853 2147483856 2147483857 2147483860 2147483869 2147483870 2147483872 2147483874 2147483875 2147483877 2147483879 2147483882 2147483891 2147483892 2147483893 2147483894 2147483895 2147483896 2147483897 2147483898 2147483899 2147483904 2147483913 2147483915 2147483926 2147483994 2147484001 2147484008 2147484015 2147484028 2147484035 2147484042 2147484063 2147484064 2147484065 2147484067 2147484081 2147484082 2147484083 2147484084 2147484085 2147484086 2147484087 2147484088 2147484089 2147484090 2147484091 2147484081 2147484082 2147484083 2147484084 2147484085 2147484086 2147484087 2147484088 2147484089 2147484090 2147484091 
2147484081 2147483650 2147483655 2147483659 2147483660 2147483661 2147483664 2147483666 2147483667 2147483671 2147483693 2147483703 2147483728 2147483730 2147483735 2147483739 2147483741 2147483743 2147483799 2147483803 2147483807 2147483811 2147483815 2147483825 2147483829 2147483833 2147483837 2147483841 2147483847 2147483848 2147483849 2147483850 2147483851 2147483852 2147483853 2147483856 2147483857 2147483860 2147483869 2147483870 2147483872 2147483874 2147483875 2147483877 2147483879 2147483882 2147483891 2147483892 2147483893 2147483894 2147483895 2147483896 2147483897 2147483898 2147483899 2147483904 2147483913 2147483915 2147483926 2147483994 2147484001 2147484008 2147484015 2147484028 2147484035 2147484042 2147484063 2147484064 2147484065 2147484066 2147484067 2147484068 2147483650 2147483655 2147483659 2147483660 2147483661 2147483664 2147483666 2147483667 2147483671 2147483693 2147483703 2147483728 2147483730 2147483735 2147483739 2147483741 2147483743 2147483799 2147483803 2147483807 2147483811 2147483815 2147483825 2147483829 2147483833 2147483837 2147483841 2147483847 2147483848 2147483849 2147483850 2147483851 2147483852 2147483853 2147483856 2147483857 2147483860 2147483869 2147483870 2147483872 2147483874 2147483875 2147483877 2147483879 2147483882 2147483891 2147483892 2147483893 2147483894 2147483895 2147483896 2147483897 2147483898 2147483899 2147483904 2147483913 2147483915 2147483926 2147483994 2147484001 2147484008 2147484015 2147484028 2147484035 2147484042 2147484063 2147484064 2147484065 2147484066 2147484067 2147484068 2147484082 2147484083 2147484084 2147484085 2147484086 2147484087 2147484088 2147484089 2147484090 2147484091 2147484082 2147484083 2147484084 2147484085 2147484086 2147484087 2147484088 2147484089 2147484090 2147484091 
2147484082 2147483650 2147483655 2147483659 2147483666 2147483671 2147483847 2147483848 2147483849 2147483850 2147483851 2147483852 2147483853 2147483856 2147483857 2147483860 2147483869 2147483870 2147483872 2147483874 2147483875 2147483877 2147483879 2147483882 2147483891 2147483892 2147483893 2147483894 2147483895 2147483896 2147483897 2147483898 2147483899 2147483904 2147483913 2147483915 2147483926 2147483994 2147484001 2147484008 2147484015 2147484028 2147484035 2147484042 2147484065 2147484068 2147484081 2147483650 2147483655 2147483659 2147483666 2147483671 2147483847 2147483848 2147483849 2147483850 2147483851 2147483852 2147483853 2147483856 2147483857 2147483860 2147483869 2147483870 2147483872 2147483874 2147483875 2147483877 2147483879 2147483882 2147483891 2147483892 2147483893 2147483894 2147483895 2147483896 2147483897 2147483898 2147483899 2147483904 2147483913 2147483915 2147483926 2147483994 2147484001 2147484008 2147484015 2147484028 2147484035 2147484042 2147484065 2147484068 2147484081 2147484083 2147484084 2147484085 2147484086 2147484087 2147484088 2147484089 2147484090 2147484091 2147484083 2147484084 2147484085 2147484086 2147484087 2147484088 2147484089 2147484090 2147484091 
2147484083 2147483650 2147483655 2147483659 2147483666 2147483671 2147483847 2147483848 2147483849 2147483850 2147483851 2147483852 2147483853 2147483856 2147483857 2147483860 2147483869 2147483870 2147483872 2147483874 2147483875 2147483877 2147483879 2147483882 2147483891 2147483892 2147483893 2147483894 2147483895 2147483896 2147483897 2147483898 2147483899 2147483904 2147483913 2147483915 2147483926 2147483994 2147484001 2147484008 2147484015 2147484028 2147484035 2147484042 2147484065 2147484068 2147484081 2147484082 2147483650 2147483655 2147483659 2147483666 2147483671 2147483847 2147483848 2147483849 2147483850 2147483851 2147483852 2147483853 2147483856 2147483857 2147483860 2147483869 2147483870 2147483872 2147483874 2147483875 2147483877 2147483879 2147483882 2147483891 2147483892 2147483893 2147483894 2147483895 2147483896 2147483897 2147483898 2147483899 2147483904 2147483913 2147483915 2147483926 2147483994 2147484001 2147484008 2147484015 2147484028 2147484035 2147484042 2147484065 2147484068 2147484081 2147484082 2147484084 2147484085 2147484086 2147484087 2147484088 2147484089 2147484090 2147484091 2147484084 2147484085 2147484086 2147484087 2147484088 2147484089 2147484090 2147484091 
2147484084 2147483650 2147483655 2147483656 2147483657 2147483659 2147483660 2147483661 2147483664 2147483666 2147483667 2147483671 2147483683 2147483693 2147483703 2147483728 2147483730 2147483735 2147483739 2147483741 2147483743 2147483773 2147483777 2147483781 2147483785 2147483789 2147483799 2147483803 2147483807 2147483811 2147483815 2147483825 2147483829 2147483833 2147483837 2147483841 2147483847 2147483848 2147483849 2147483850 2147483851 2147483852 2147483853 2147483856 2147483857 2147483860 2147483869 2147483870 2147483872 2147483874 2147483875 2147483877 2147483879 2147483882 2147483891 2147483892 2147483893 2147483894 2147483895 2147483896 2147483897 2147483898 2147483899 2147483904 2147483913 2147483915 2147483926 2147483994 2147484001 2147484008 2147484015 2147484028 2147484035 2147484042 2147484060 2147484061 2147484063 2147484064 2147484065 2147484066 2147484067 2147484068 2147484081 2147484082 2147484083 2147483650 2147483655 2147483656 2147483657 2147483659 2147483660 2147483661 2147483664 2147483666 2147483667 2147483671 2147483683 2147483693 2147483703 2147483728 2147483730 2147483735 2147483739 2147483741 2147483743 2147483773 2147483777 2147483781 2147483785 2147483789 2147483799 2147483803 2147483807 2147483811 2147483815 2147483825 2147483829 2147483833 2147483837 2147483841 2147483847 2147483848 2147483849 2147483850 2147483851 2147483852 2147483853 2147483856 2147483857 2147483860 2147483869 2147483870 2147483872 2147483874 2147483875 2147483877 2147483879 2147483882 2147483891 2147483892 2147483893 2147483894 2147483895 2147483896 2147483897 2147483898 2147483899 2147483904 2147483913 2147483915 2147483926 2147483994 2147484001 2147484008 2147484015 2147484028 2147484035 2147484042 2147484060 2147484061 2147484063 2147484064 2147484065 2147484066 2147484067 2147484068 2147484081 2147484082 2147484083 2147484085 2147484086 2147484087 2147484088 2147484089 2147484090 2147484091 2147484085 2147484086 2147484087 2147484088 2147484089 2147484090 2147484091 
2147484085 2147483650 2147483655 2147483659 2147483666 2147483671 2147483848 2147483849 2147483850 2147483851 2147483852 2147483853 2147483856 2147483857 2147483869 2147483870 2147483872 2147483874 2147483875 2147483877 2147483879 2147483882 2147483891 2147483892 2147483893 2147483894 2147483895 2147483896 2147483897 2147483898 2147483899 2147483904 2147483913 2147483915 2147483926 2147483994 2147484001 2147484008 2147484015 2147484028 2147484035 2147484042 2147484065 2147484068 2147484081 2147484082 2147484083 2147484084 2147483650 2147483655 2147483659 2147483666 2147483671 2147483848 2147483849 2147483850 2147483851 2147483852 2147483853 2147483856 2147483857 2147483869 2147483870 2147483872 2147483874 2147483875 2147483877 2147483879 2147483882 2147483891 2147483892 2147483893 2147483894 2147483895 2147483896 2147483897 2147483898 2147483899 2147483904 2147483913 2147483915 2147483926 2147483994 2147484001 2147484008 2147484015 2147484028 2147484035 2147484042 2147484065 2147484068 2147484081 2147484082 2147484083 2147484084 2147484086 2147484087 2147484088 2147484089 2147484090 2147484091 2147484086 2147484087 2147484088 2147484089 2147484090 2147484091 
2147484086 2147483650 2147483655 2147483659 2147483666 2147483671 2147483848 2147483849 2147483850 2147483851 2147483852 2147483853 2147483856 2147483857 2147483869 2147483870 2147483872 2147483874 2147483875 2147483877 2147483879 2147483882 2147483891 2147483892 2147483893 2147483894 2147483895 2147483896 2147483897 2147483898 2147483899 2147483904 2147483913 2147483915 2147483926 2147483994 2147484001 2147484008 2147484015 2147484028 2147484035 2147484042 2147484065 2147484068 2147484081 2147484082 2147484083 2147484084 2147484085 2147483650 2147483655 2147483659 2147483666 2147483671 2147483848 2147483849 2147483850 2147483851 2147483852 2147483853 2147483856 2147483857 2147483869 2147483870 2147483872 2147483874 2147483875 2147483877 2147483879 2147483882 2147483891 2147483892 2147483893 2147483894 2147483895 2147483896 2147483897 2147483898 2147483899 2147483904 2147483913 2147483915 2147483926 2147483994 2147484001 2147484008 2147484015 2147484028 2147484035 2147484042 2147484065 2147484068 2147484081 2147484082 2147484083 2147484084 2147484085 2147484087 2147484088 2147484089 2147484090 2147484091 2147484087 2147484088 2147484089 2147484090 2147484091 
2147484087 2147483648 2147483650 2147483651 2147483655 2147483656 2147483657 2147483659 2147483660 2147483661 2147483664 2147483666 2147483667 2147483671 2147483673 2147483683 2147483693 2147483703 2147483728 2147483730 2147483735 2147483738 2147483739 2147483741 2147483743 2147483747 2147483751 2147483755 2147483759 2147483763 2147483773 2147483777 2147483781 2147483785 2147483789 2147483799 2147483803 2147483807 2147483811 2147483815 2147483825 2147483829 2147483833 2147483837 2147483841 2147483847 2147483848 2147483849 2147483850 2147483851 2147483852 2147483853 2147483856 2147483857 2147483860 2147483869 2147483870 2147483872 2147483874 2147483875 2147483877 2147483879 2147483882 2147483891 2147483892 2147483893 2147483894 2147483895 2147483896 2147483897 2147483898 2147483899 2147483904 2147483913 2147483915 2147483926 2147483994 2147484001 2147484008 2147484015 2147484028 2147484035 2147484042 2147484057 2147484058 2147484060 2147484061 2147484063 2147484064 2147484065 2147484066 2147484067 2147484068 2147484081 2147484082 2147484083 2147484084 2147484085 2147484086 2147483648 2147483650 2147483651 2147483655 2147483656 2147483657 2147483659 2147483660 2147483661 2147483664 2147483666 2147483667 2147483671 2147483673 2147483683 2147483693 2147483703 2147483728 2147483730 2147483735 2147483738 2147483739 2147483741 2147483743 2147483747 2147483751 2147483755 2147483759 2147483763 2147483773 2147483777 2147483781 2147483785 2147483789 2147483799 2147483803 2147483807 2147483811 2147483815 2147483825 2147483829 2147483833 2147483837 2147483841 2147483847 2147483848 2147483849 2147483850 2147483851 2147483852 2147483853 2147483856 2147483857 2147483860 2147483869 2147483870 2147483872 2147483874 2147483875 2147483877 2147483879 2147483882 2147483891 2147483892 2147483893 2147483894 2147483895 2147483896 2147483897 2147483898 2147483899 2147483904 2147483913 2147483915 2147483926 2147483994 2147484001 2147484008 2147484015 2147484028 2147484035 2147484042 2147484057 2147484058 2147484060 2147484061 2147484063 2147484064 2147484065 2147484066 2147484067 2147484068 2147484081 2147484082 2147484083 2147484084 2147484085 2147484086 2147484088 2147484089 2147484090 2147484091 2147484088 2147484089 2147484090 2147484091 
2147484088 2147483650 2147483655 2147483659 2147483666 2147483671 2147483848 2147483849 2147483850 2147483851 2147483852 2147483853 2147483856 2147483857 2147483869 2147483870 2147483872 2147483874 2147483875 2147483877 2147483879 2147483891 2147483892 2147483893 2147483894 2147483895 2147483896 2147483897 2147483898 2147483899 2147483904 2147483913 2147483915 2147483926 2147483994 2147484001 2147484008 2147484015 2147484028 2147484035 2147484042 2147484065 2147484068 2147484081 2147484082 2147484083 2147484084 2147484085 2147484086 2147484087 2147483650 2147483655 2147483659 2147483666 2147483671 2147483848 2147483849 2147483850 2147483851 2147483852 2147483853 2147483856 2147483857 2147483869 2147483870 2147483872 2147483874 2147483875 2147483877 2147483879 2147483891 2147483892 2147483893 2147483894 2147483895 2147483896 2147483897 2147483898 2147483899 2147483904 2147483913 2147483915 2147483926 2147483994 2147484001 2147484008 2147484015 2147484028 2147484035 2147484042 2147484065 2147484068 2147484081 2147484082 2147484083 2147484084 2147484085 2147484086 2147484087 2147484089 2147484090 2147484091 2147484089 2147484090 2147484091 
2147484089 2147483650 2147483655 2147483659 2147483666 2147483671 2147483848 2147483849 2147483850 2147483851 2147483852 2147483853 2147483856 2147483857 2147483869 2147483870 2147483872 2147483874 2147483875 2147483877 2147483879 2147483891 2147483892 2147483893 2147483894 2147483895 2147483896 2147483897 2147483898 2147483899 2147483904 2147483913 2147483915 2147483926 2147483994 2147484001 2147484008 2147484015 2147484028 2147484035 2147484042 2147484065 2147484068 2147484081 2147484082 2147484083 2147484084 2147484085 2147484086 2147484087 2147484088 2147483650 2147483655 2147483659 2147483666 2147483671 2147483848 2147483849 2147483850 2147483851 2147483852 2147483853 2147483856 2147483857 2147483869 2147483870 2147483872 2147483874 2147483875 2147483877 2147483879 2147483891 2147483892 2147483893 2147483894 2147483895 2147483896 2147483897 2147483898 2147483899 2147483904 2147483913 2147483915 2147483926 2147483994 2147484001 2147484008 2147484015 2147484028 2147484035 2147484042 2147484065 2147484068 2147484081 2147484082 2147484083 2147484084 2147484085 2147484086 2147484087 2147484088 2147484090 2147484091 2147484090 2147484091 
2147484090 2147483648 2147483650 2147483651 2147483655 2147483659 2147483660 2147483661 2147483664 2147483666 2147483667 2147483671 2147483673 2147483693 2147483703 2147483728 2147483730 2147483735 2147483738 2147483739 2147483741 2147483743 2147483747 2147483751 2147483755 2147483759 2147483763 2147483799 2147483803 2147483807 2147483811 2147483815 2147483825 2147483829 2147483833 2147483837 2147483841 2147483847 2147483848 2147483849 2147483850 2147483851 2147483852 2147483853 2147483856 2147483857 2147483860 2147483869 2147483870 2147483872 2147483874 2147483875 2147483877 2147483879 2147483882 2147483891 2147483892 2147483893 2147483894 2147483895 2147483896 2147483897 2147483898 2147483899 2147483904 2147483913 2147483915 2147483926 2147483994 2147484001 2147484008 2147484015 2147484028 2147484035 2147484042 2147484057 2147484058 2147484061 2147484063 2147484064 2147484065 2147484066 2147484067 2147484068 2147484081 2147484082 2147484083 2147484084 2147484085 2147484086 2147484087 2147484088 2147484089 2147483648 2147483650 2147483651 2147483655 2147483659 2147483660 2147483661 2147483664 2147483666 2147483667 2147483671 2147483673 2147483693 2147483703 2147483728 2147483730 2147483735 2147483738 2147483739 2147483741 2147483743 2147483747 2147483751 2147483755 2147483759 2147483763 2147483799 2147483803 2147483807 2147483811 2147483815 2147483825 2147483829 2147483833 2147483837 2147483841 2147483847 2147483848 2147483849 2147483850 2147483851 2147483852 2147483853 2147483856 2147483857 2147483860 2147483869 2147483870 2147483872 2147483874 2147483875 2147483877 2147483879 2147483882 2147483891 2147483892 2147483893 2147483894 2147483895 2147483896 2147483897 2147483898 2147483899 2147483904 2147483913 2147483915 2147483926 2147483994 2147484001 2147484008 2147484015 2147484028 2147484035 2147484042 2147484057 2147484058 2147484061 2147484063 2147484064 2147484065 2147484066 2147484067 2147484068 2147484081 2147484082 2147484083 2147484084 2147484085 2147484086 2147484087 2147484088 2147484089 2147484091 2147484091 
2147484091 2147483648 2147483650 2147483655 2147483656 2147483657 2147483659 2147483660 2147483661 2147483664 2147483666 2147483667 2147483671 2147483683 2147483693 2147483703 2147483728 2147483730 2147483735 2147483738 2147483739 2147483741 2147483743 2147483773 2147483777 2147483781 2147483785 2147483789 2147483799 2147483803 2147483807 2147483811 2147483815 2147483825 2147483829 2147483833 2147483837 2147483841 2147483847 2147483848 2147483849 2147483850 2147483851 2147483852 2147483853 2147483856 2147483857 2147483860 2147483869 2147483870 2147483872 2147483874 2147483875 2147483877 2147483879 2147483882 2147483891 2147483892 2147483893 2147483894 2147483895 2147483896 2147483897 2147483898 2147483899 2147483904 2147483913 2147483915 2147483926 2147483994 2147484001 2147484008 2147484015 2147484028 2147484035 2147484042 2147484058 2147484060 2147484061 2147484063 2147484064 2147484065 2147484066 2147484067 2147484068 2147484081 2147484082 2147484083 2147484084 2147484085 2147484086 2147484087 2147484088 2147484089 2147484090 2147483648 2147483650 2147483655 2147483656 2147483657 2147483659 2147483660 2147483661 2147483664 2147483666 2147483667 2147483671 2147483683 2147483693 2147483703 2147483728 2147483730 2147483735 2147483738 2147483739 2147483741 2147483743 2147483773 2147483777 2147483781 2147483785 2147483789 2147483799 2147483803 2147483807 2147483811 2147483815 2147483825 2147483829 2147483833 2147483837 2147483841 2147483847 2147483848 2147483849 2147483850 2147483851 2147483852 2147483853 2147483856 2147483857 2147483860 2147483869 2147483870 2147483872 2147483874 2147483875 2147483877 2147483879 2147483882 2147483891 2147483892 2147483893 2147483894 2147483895 2147483896 2147483897 2147483898 2147483899 2147483904 2147483913 2147483915 2147483926 2147483994 2147484001 2147484008 2147484015 2147484028 2147484035 2147484042 2147484058 2147484060 2147484061 2147484063 2147484064 2147484065 2147484066 2147484067 2147484068 2147484081 2147484082 2147484083 2147484084 2147484085 2147484086 2147484087 2147484088 2147484089 2147484090 
