22 
23 
24 
25 
26 
27 
32 
49 
50 
51 
52 
53 
54 
57 
127 
128 
129 
130 
131 
132 
133 
134 
151 
152 
153 
154 
155 
156 
157 
158 
159 
160 
161 
162 
163 
164 
165 
166 
263 
264 
265 
266 
267 
268 
269 
270 
2147483648 2147483651 2147483676 2147483677 2147483690 2147483692 2147483697 2147483703 2147483705 2147483710 2147483737 2147483739 2147483742 2147483750 2147483751 2147483651 2147483676 2147483677 2147483690 2147483692 2147483697 2147483703 2147483705 2147483710 2147483737 2147483739 2147483742 2147483750 2147483751 
2147483651 2147483648 2147483648 2147483676 2147483677 2147483690 2147483692 2147483697 2147483703 2147483705 2147483710 2147483737 2147483739 2147483742 2147483750 2147483751 2147483676 2147483677 2147483690 2147483692 2147483697 2147483703 2147483705 2147483710 2147483737 2147483739 2147483742 2147483750 2147483751 
2147483676 2147483648 2147483651 2147483648 2147483651 2147483677 2147483690 2147483692 2147483697 2147483703 2147483705 2147483710 2147483718 2147483737 2147483739 2147483742 2147483750 2147483751 2147483677 2147483690 2147483692 2147483697 2147483703 2147483705 2147483710 2147483718 2147483737 2147483739 2147483742 2147483750 2147483751 
2147483677 2147483648 2147483651 2147483676 2147483648 2147483651 2147483676 2147483690 2147483692 2147483697 2147483703 2147483705 2147483710 2147483718 2147483720 2147483725 2147483732 2147483733 2147483735 2147483737 2147483739 2147483742 2147483750 2147483751 2147483690 2147483692 2147483697 2147483703 2147483705 2147483710 2147483718 2147483720 2147483725 2147483732 2147483733 2147483735 2147483737 2147483739 2147483742 2147483750 2147483751 
2147483690 2147483648 2147483651 2147483676 2147483677 2147483648 2147483651 2147483676 2147483677 2147483742 2147483750 2147483751 2147483742 2147483750 2147483751 
2147483692 2147483648 2147483651 2147483676 2147483677 2147483648 2147483651 2147483676 2147483677 2147483697 2147483742 2147483750 2147483751 2147483697 2147483742 2147483750 2147483751 
2147483697 2147483648 2147483651 2147483676 2147483677 2147483692 2147483648 2147483651 2147483676 2147483677 2147483692 2147483737 2147483742 2147483750 2147483751 2147483737 2147483742 2147483750 2147483751 
2147483703 2147483648 2147483651 2147483676 2147483677 2147483648 2147483651 2147483676 2147483677 2147483742 2147483750 2147483751 2147483742 2147483750 2147483751 
2147483705 2147483648 2147483651 2147483676 2147483677 2147483648 2147483651 2147483676 2147483677 2147483710 2147483742 2147483750 2147483751 2147483710 2147483742 2147483750 2147483751 
2147483710 2147483648 2147483651 2147483676 2147483677 2147483705 2147483648 2147483651 2147483676 2147483677 2147483705 2147483739 2147483742 2147483750 2147483751 2147483739 2147483742 2147483750 2147483751 
2147483718 2147483676 2147483677 2147483676 2147483677 2147483750 2147483751 2147483750 2147483751 
2147483720 2147483677 2147483677 2147483725 2147483750 2147483751 2147483725 2147483750 2147483751 
2147483725 2147483677 2147483720 2147483677 2147483720 2147483735 2147483750 2147483751 2147483735 2147483750 2147483751 
2147483732 2147483677 2147483677 2147483733 2147483733 
2147483733 2147483677 2147483732 2147483677 2147483732 2147483751 2147483751 
2147483735 2147483677 2147483725 2147483677 2147483725 2147483750 2147483751 2147483750 2147483751 
2147483737 2147483648 2147483651 2147483676 2147483677 2147483697 2147483648 2147483651 2147483676 2147483677 2147483697 2147483742 2147483750 2147483751 2147483742 2147483750 2147483751 
2147483739 2147483648 2147483651 2147483676 2147483677 2147483710 2147483648 2147483651 2147483676 2147483677 2147483710 2147483742 2147483750 2147483751 2147483742 2147483750 2147483751 
2147483742 2147483648 2147483651 2147483676 2147483677 2147483690 2147483692 2147483697 2147483703 2147483705 2147483710 2147483737 2147483739 2147483648 2147483651 2147483676 2147483677 2147483690 2147483692 2147483697 2147483703 2147483705 2147483710 2147483737 2147483739 2147483750 2147483751 2147483750 2147483751 
2147483750 2147483648 2147483651 2147483676 2147483677 2147483690 2147483692 2147483697 2147483703 2147483705 2147483710 2147483718 2147483720 2147483725 2147483735 2147483737 2147483739 2147483742 2147483648 2147483651 2147483676 2147483677 2147483690 2147483692 2147483697 2147483703 2147483705 2147483710 2147483718 2147483720 2147483725 2147483735 2147483737 2147483739 2147483742 2147483751 2147483751 
2147483751 2147483648 2147483651 2147483676 2147483677 2147483690 2147483692 2147483697 2147483703 2147483705 2147483710 2147483718 2147483720 2147483725 2147483733 2147483735 2147483737 2147483739 2147483742 2147483750 2147483648 2147483651 2147483676 2147483677 2147483690 2147483692 2147483697 2147483703 2147483705 2147483710 2147483718 2147483720 2147483725 2147483733 2147483735 2147483737 2147483739 2147483742 2147483750 
