2 2147483776 2147483779 2147483781 2147483784 2147483787 2147483790 2147483794 
3 2147483723 
5 2147483776 2147483779 2147483781 2147483784 
6 2147483723 
8 
9 2147483723 
11 2147483781 
13 2147483723 
16 
18 
19 
21 2147483723 
22 2147483648 2147483680 2147483687 2147483693 2147483700 2147483730 2147483734 2147483746 2147483761 2147483763 2147483768 2147483772 2147483796 2147483803 2147483809 2147483810 
23 2147483648 2147483687 2147483693 2147483700 2147483729 2147483730 2147483746 2147483796 2147483803 2147483809 2147483810 
24 2147483648 2147483680 2147483687 2147483693 2147483700 2147483729 2147483730 2147483734 2147483737 2147483746 2147483761 2147483763 2147483768 2147483772 2147483796 2147483803 2147483809 2147483810 
25 2147483648 2147483680 2147483687 2147483693 2147483700 2147483734 2147483737 2147483746 2147483772 2147483796 2147483803 2147483809 2147483810 
26 2147483687 2147483729 2147483734 2147483737 2147483746 2147483803 2147483809 2147483810 
27 2147483648 2147483687 2147483729 2147483734 2147483737 2147483746 2147483803 2147483809 2147483810 
32 2147483648 2147483687 2147483729 2147483737 2147483746 2147483803 2147483809 2147483810 
49 2147483649 2147483650 2147483656 2147483657 2147483668 2147483669 2147483670 2147483673 2147483676 2147483679 2147483681 2147483682 2147483686 2147483688 2147483689 2147483696 2147483703 2147483720 2147483733 2147483736 2147483749 2147483751 2147483755 2147483759 2147483764 2147483797 2147483798 2147483799 2147483801 2147483805 2147483806 2147483808 
50 2147483649 2147483650 2147483656 2147483657 2147483674 2147483676 2147483686 2147483688 2147483689 2147483696 2147483703 2147483720 2147483749 2147483750 2147483751 2147483797 2147483798 2147483799 2147483801 2147483805 
51 2147483649 2147483650 2147483656 2147483657 2147483668 2147483669 2147483670 2147483673 2147483674 2147483676 2147483679 2147483681 2147483682 2147483686 2147483688 2147483689 2147483696 2147483703 2147483720 2147483733 2147483736 2147483749 2147483750 2147483751 2147483755 2147483757 2147483758 2147483759 2147483764 2147483786 2147483797 2147483798 2147483799 2147483801 2147483805 2147483806 2147483808 
52 2147483649 2147483650 2147483656 2147483657 2147483674 2147483676 2147483681 2147483686 2147483688 2147483689 2147483696 2147483703 2147483720 2147483733 2147483736 2147483749 2147483755 2147483797 2147483798 2147483799 2147483801 2147483805 2147483806 2147483808 
53 2147483674 2147483686 2147483688 2147483689 2147483736 2147483750 2147483757 2147483758 2147483786 2147483789 2147483791 2147483792 2147483799 2147483805 2147483806 2147483808 
54 2147483649 2147483650 2147483657 2147483673 2147483674 2147483676 2147483679 2147483686 2147483688 2147483689 2147483720 2147483749 2147483750 2147483751 2147483755 2147483757 2147483797 2147483798 2147483799 2147483801 2147483805 2147483808 
57 2147483657 2147483674 2147483676 2147483686 2147483688 2147483689 2147483720 2147483750 2147483757 2147483758 2147483791 2147483792 2147483797 2147483798 2147483799 2147483805 2147483806 2147483808 
59 2147483723 
61 
127 2147483686 2147483688 2147483689 2147483799 2147483805 
128 2147483649 2147483650 2147483656 2147483657 2147483686 2147483688 2147483689 2147483696 2147483703 2147483720 2147483797 2147483798 2147483799 2147483805 
129 2147483686 2147483688 2147483689 2147483799 
130 2147483686 2147483688 2147483689 2147483799 
131 2147483649 2147483650 2147483656 2147483657 2147483668 2147483669 2147483670 2147483673 2147483674 2147483676 2147483679 2147483681 2147483682 2147483686 2147483688 2147483689 2147483696 2147483703 2147483720 2147483733 2147483736 2147483749 2147483750 2147483751 2147483755 2147483757 2147483758 2147483759 2147483764 2147483797 2147483798 2147483799 2147483801 2147483805 2147483808 
132 2147483649 2147483650 2147483656 2147483657 2147483668 2147483669 2147483670 2147483673 2147483674 2147483676 2147483679 2147483686 2147483688 2147483689 2147483696 2147483703 2147483720 2147483733 2147483736 2147483749 2147483750 2147483751 2147483755 2147483757 2147483758 2147483759 2147483764 2147483797 2147483798 2147483799 2147483801 2147483805 2147483808 
133 2147483649 2147483650 2147483656 2147483657 2147483668 2147483669 2147483670 2147483673 2147483674 2147483676 2147483679 2147483681 2147483682 2147483686 2147483688 2147483689 2147483696 2147483703 2147483720 2147483733 2147483736 2147483749 2147483750 2147483751 2147483755 2147483757 2147483758 2147483759 2147483764 2147483786 2147483789 2147483797 2147483798 2147483799 2147483801 2147483805 2147483806 2147483808 
134 2147483649 2147483650 2147483679 2147483686 2147483688 2147483689 2147483696 2147483703 2147483757 2147483758 2147483759 2147483789 2147483799 2147483805 
247 
248 
249 
250 
251 2147483776 2147483779 
252 
253 2147483776 2147483779 2147483781 2147483784 2147483787 
254 2147483784 2147483787 2147483790 
263 2147483687 2147483746 2147483803 2147483809 
264 2147483648 2147483687 2147483693 2147483700 2147483746 2147483796 2147483803 2147483809 
265 2147483687 2147483746 2147483803 2147483809 
266 2147483687 2147483746 2147483803 2147483809 
267 2147483648 2147483680 2147483687 2147483693 2147483700 2147483729 2147483730 2147483734 2147483737 2147483746 2147483761 2147483763 2147483768 2147483772 2147483796 2147483803 2147483809 2147483810 
268 2147483648 2147483687 2147483693 2147483700 2147483729 2147483730 2147483734 2147483737 2147483746 2147483761 2147483763 2147483796 2147483803 2147483809 2147483810 
269 2147483648 2147483680 2147483687 2147483693 2147483700 2147483729 2147483730 2147483734 2147483737 2147483746 2147483761 2147483763 2147483768 2147483772 2147483796 2147483803 2147483809 2147483810 
270 2147483648 2147483680 2147483687 2147483746 2147483772 2147483796 2147483803 2147483809 2147483810 
271 
272 2147483723 
273 
274 
275 2147483723 
276 2147483723 
277 2147483723 
278 
2147483648 2147483649 2147483650 2147483656 2147483657 2147483686 2147483687 2147483688 2147483689 2147483693 2147483696 2147483700 2147483703 2147483720 2147483723 2147483796 2147483797 2147483798 2147483799 2147483803 2147483805 25 22 27 32 264 24 23 269 270 267 268 2147483649 2147483650 2147483656 2147483657 2147483686 2147483687 2147483688 2147483689 2147483693 2147483696 2147483700 2147483703 2147483720 2147483723 2147483796 2147483797 2147483798 2147483799 2147483803 2147483805 
2147483649 2147483648 2147483648 2147483650 2147483686 2147483687 2147483688 2147483689 2147483799 2147483803 2147483805 49 52 54 128 51 133 134 131 132 50 2147483650 2147483686 2147483687 2147483688 2147483689 2147483799 2147483803 2147483805 
2147483650 2147483648 2147483649 2147483648 2147483649 2147483686 2147483687 2147483688 2147483689 2147483799 2147483803 2147483805 49 52 54 128 51 133 134 131 132 50 2147483686 2147483687 2147483688 2147483689 2147483799 2147483803 2147483805 
2147483656 2147483648 2147483648 2147483686 2147483687 2147483688 2147483689 2147483799 2147483805 49 52 128 51 133 131 132 50 2147483686 2147483687 2147483688 2147483689 2147483799 2147483805 
2147483657 2147483648 2147483648 2147483686 2147483687 2147483688 2147483689 2147483720 2147483723 2147483797 2147483798 2147483799 2147483805 54 49 52 57 128 51 133 131 132 50 2147483686 2147483687 2147483688 2147483689 2147483720 2147483723 2147483797 2147483798 2147483799 2147483805 
2147483668 2147483686 2147483687 2147483688 2147483689 49 51 133 131 132 2147483686 2147483687 2147483688 2147483689 
2147483669 2147483686 2147483687 2147483688 2147483689 49 51 133 131 132 2147483686 2147483687 2147483688 2147483689 
2147483670 2147483686 2147483687 2147483688 2147483689 49 51 133 131 132 2147483686 2147483687 2147483688 2147483689 
2147483673 2147483686 2147483687 2147483688 2147483689 2147483810 49 54 51 133 131 132 2147483686 2147483687 2147483688 2147483689 2147483810 
2147483674 2147483676 2147483686 2147483687 2147483688 2147483689 2147483746 2147483750 2147483810 57 52 54 53 51 133 131 132 50 2147483676 2147483686 2147483687 2147483688 2147483689 2147483746 2147483750 2147483810 
2147483676 2147483674 2147483674 2147483686 2147483687 2147483688 2147483689 2147483746 2147483801 2147483810 49 52 54 57 51 133 131 132 50 2147483686 2147483687 2147483688 2147483689 2147483746 2147483801 2147483810 
2147483679 2147483686 2147483687 2147483688 2147483689 2147483803 2147483810 49 54 51 133 134 131 132 2147483686 2147483687 2147483688 2147483689 2147483803 2147483810 
2147483680 2147483681 2147483686 2147483688 2147483689 2147483772 2147483803 25 22 24 269 270 267 2147483681 2147483686 2147483688 2147483689 2147483772 2147483803 
2147483681 2147483680 2147483680 2147483686 2147483688 2147483689 49 52 51 133 131 2147483686 2147483688 2147483689 
2147483682 2147483686 2147483688 2147483689 49 51 133 131 2147483686 2147483688 2147483689 
2147483686 2147483648 2147483649 2147483650 2147483656 2147483657 2147483668 2147483669 2147483670 2147483673 2147483674 2147483676 2147483679 2147483680 2147483681 2147483682 2147483648 2147483649 2147483650 2147483656 2147483657 2147483668 2147483669 2147483670 2147483673 2147483674 2147483676 2147483679 2147483680 2147483681 2147483682 2147483687 2147483688 2147483689 2147483693 2147483696 2147483700 2147483703 2147483720 2147483723 2147483729 2147483730 2147483733 2147483734 2147483736 2147483737 2147483746 2147483749 2147483750 2147483751 2147483755 2147483757 2147483758 2147483759 2147483761 2147483763 2147483764 2147483768 2147483772 2147483776 2147483779 2147483781 2147483784 2147483786 2147483787 2147483789 2147483796 2147483797 2147483798 2147483799 2147483801 2147483803 2147483805 2147483806 2147483808 2147483809 2147483810 53 57 49 52 54 127 128 129 130 51 133 134 131 132 50 2147483687 2147483688 2147483689 2147483693 2147483696 2147483700 2147483703 2147483720 2147483723 2147483729 2147483730 2147483733 2147483734 2147483736 2147483737 2147483746 2147483749 2147483750 2147483751 2147483755 2147483757 2147483758 2147483759 2147483761 2147483763 2147483764 2147483768 2147483772 2147483776 2147483779 2147483781 2147483784 2147483786 2147483787 2147483789 2147483796 2147483797 2147483798 2147483799 2147483801 2147483803 2147483805 2147483806 2147483808 2147483809 2147483810 
2147483687 2147483648 2147483649 2147483650 2147483656 2147483657 2147483668 2147483669 2147483670 2147483673 2147483674 2147483676 2147483679 2147483686 2147483648 2147483649 2147483650 2147483656 2147483657 2147483668 2147483669 2147483670 2147483673 2147483674 2147483676 2147483679 2147483686 2147483688 2147483689 2147483693 2147483696 2147483700 2147483703 2147483720 2147483723 2147483729 2147483730 2147483733 2147483734 2147483736 2147483737 2147483746 2147483749 2147483750 2147483751 2147483755 2147483757 2147483758 2147483759 2147483761 2147483763 2147483764 2147483796 2147483797 2147483798 2147483799 2147483801 2147483803 2147483805 2147483808 2147483809 2147483810 32 25 22 27 26 263 264 265 266 24 23 269 270 267 268 2147483688 2147483689 2147483693 2147483696 2147483700 2147483703 2147483720 2147483723 2147483729 2147483730 2147483733 2147483734 2147483736 2147483737 2147483746 2147483749 2147483750 2147483751 2147483755 2147483757 2147483758 2147483759 2147483761 2147483763 2147483764 2147483796 2147483797 2147483798 2147483799 2147483801 2147483803 2147483805 2147483808 2147483809 2147483810 
2147483688 2147483648 2147483649 2147483650 2147483656 2147483657 2147483668 2147483669 2147483670 2147483673 2147483674 2147483676 2147483679 2147483680 2147483681 2147483682 2147483686 2147483687 2147483648 2147483649 2147483650 2147483656 2147483657 2147483668 2147483669 2147483670 2147483673 2147483674 2147483676 2147483679 2147483680 2147483681 2147483682 2147483686 2147483687 2147483689 2147483693 2147483696 2147483700 2147483703 2147483720 2147483723 2147483729 2147483730 2147483733 2147483734 2147483736 2147483737 2147483746 2147483749 2147483750 2147483751 2147483755 2147483757 2147483758 2147483759 2147483761 2147483763 2147483764 2147483768 2147483772 2147483776 2147483779 2147483796 2147483797 2147483798 2147483799 2147483801 2147483803 2147483805 2147483808 2147483809 2147483810 54 57 53 49 52 127 128 129 130 51 133 134 131 132 50 2147483689 2147483693 2147483696 2147483700 2147483703 2147483720 2147483723 2147483729 2147483730 2147483733 2147483734 2147483736 2147483737 2147483746 2147483749 2147483750 2147483751 2147483755 2147483757 2147483758 2147483759 2147483761 2147483763 2147483764 2147483768 2147483772 2147483776 2147483779 2147483796 2147483797 2147483798 2147483799 2147483801 2147483803 2147483805 2147483808 2147483809 2147483810 
2147483689 2147483648 2147483649 2147483650 2147483656 2147483657 2147483668 2147483669 2147483670 2147483673 2147483674 2147483676 2147483679 2147483680 2147483681 2147483682 2147483686 2147483687 2147483688 2147483648 2147483649 2147483650 2147483656 2147483657 2147483668 2147483669 2147483670 2147483673 2147483674 2147483676 2147483679 2147483680 2147483681 2147483682 2147483686 2147483687 2147483688 2147483693 2147483696 2147483700 2147483703 2147483720 2147483723 2147483729 2147483730 2147483733 2147483734 2147483736 2147483737 2147483746 2147483749 2147483750 2147483751 2147483755 2147483757 2147483758 2147483759 2147483761 2147483763 2147483764 2147483768 2147483772 2147483776 2147483779 2147483781 2147483784 2147483786 2147483796 2147483797 2147483798 2147483799 2147483801 2147483803 2147483805 2147483806 2147483808 2147483809 2147483810 52 53 57 49 54 127 128 129 130 51 133 134 131 132 50 2147483693 2147483696 2147483700 2147483703 2147483720 2147483723 2147483729 2147483730 2147483733 2147483734 2147483736 2147483737 2147483746 2147483749 2147483750 2147483751 2147483755 2147483757 2147483758 2147483759 2147483761 2147483763 2147483764 2147483768 2147483772 2147483776 2147483779 2147483781 2147483784 2147483786 2147483796 2147483797 2147483798 2147483799 2147483801 2147483803 2147483805 2147483806 2147483808 2147483809 2147483810 
2147483693 2147483648 2147483686 2147483687 2147483688 2147483689 2147483648 2147483686 2147483687 2147483688 2147483689 2147483799 2147483805 22 25 264 24 23 269 267 268 2147483799 2147483805 
2147483696 2147483648 2147483686 2147483687 2147483688 2147483689 2147483648 2147483686 2147483687 2147483688 2147483689 2147483799 2147483803 2147483805 49 52 128 51 133 134 131 132 50 2147483799 2147483803 2147483805 
2147483700 2147483648 2147483686 2147483687 2147483688 2147483689 2147483648 2147483686 2147483687 2147483688 2147483689 2147483799 2147483805 22 25 264 24 23 269 267 268 2147483799 2147483805 
2147483703 2147483648 2147483686 2147483687 2147483688 2147483689 2147483648 2147483686 2147483687 2147483688 2147483689 2147483799 2147483803 2147483805 49 52 128 51 133 134 131 132 50 2147483799 2147483803 2147483805 
2147483720 2147483648 2147483657 2147483686 2147483687 2147483688 2147483689 2147483648 2147483657 2147483686 2147483687 2147483688 2147483689 2147483797 2147483799 2147483805 49 52 54 57 128 51 133 131 132 50 2147483797 2147483799 2147483805 
2147483723 2147483648 2147483657 2147483686 2147483687 2147483688 2147483689 2147483648 2147483657 2147483686 2147483687 2147483688 2147483689 2147483798 2147483799 2147483805 3 13 21 59 272 9 6 277 275 276 2147483798 2147483799 2147483805 
2147483729 2147483686 2147483687 2147483688 2147483689 2147483686 2147483687 2147483688 2147483689 2147483799 27 32 26 24 23 269 267 268 2147483799 
2147483730 2147483686 2147483687 2147483688 2147483689 2147483686 2147483687 2147483688 2147483689 2147483799 22 24 23 269 267 268 2147483799 
2147483733 2147483686 2147483687 2147483688 2147483689 2147483686 2147483687 2147483688 2147483689 2147483808 49 52 51 133 131 132 2147483808 
2147483734 2147483686 2147483687 2147483688 2147483689 2147483686 2147483687 2147483688 2147483689 2147483736 2147483737 2147483808 26 22 25 27 24 269 267 268 2147483736 2147483737 2147483808 
2147483736 2147483686 2147483687 2147483688 2147483689 2147483734 2147483686 2147483687 2147483688 2147483689 2147483734 2147483808 49 52 53 51 133 131 132 2147483808 
2147483737 2147483686 2147483687 2147483688 2147483689 2147483734 2147483686 2147483687 2147483688 2147483689 2147483734 2147483808 27 25 32 26 24 269 267 268 2147483808 
2147483746 2147483674 2147483676 2147483686 2147483687 2147483688 2147483689 2147483674 2147483676 2147483686 2147483687 2147483688 2147483689 2147483749 2147483750 2147483751 2147483801 2147483809 2147483810 22 25 27 32 26 263 264 265 266 24 23 269 270 267 268 2147483749 2147483750 2147483751 2147483801 2147483809 2147483810 
2147483749 2147483686 2147483687 2147483688 2147483689 2147483746 2147483686 2147483687 2147483688 2147483689 2147483746 2147483801 2147483810 49 52 54 51 133 131 132 50 2147483801 2147483810 
2147483750 2147483674 2147483686 2147483687 2147483688 2147483689 2147483746 2147483674 2147483686 2147483687 2147483688 2147483689 2147483746 2147483810 53 54 57 51 133 131 132 50 2147483810 
2147483751 2147483686 2147483687 2147483688 2147483689 2147483746 2147483686 2147483687 2147483688 2147483689 2147483746 2147483810 49 54 51 133 131 132 50 2147483810 
2147483755 2147483686 2147483687 2147483688 2147483689 2147483686 2147483687 2147483688 2147483689 2147483801 2147483810 49 52 54 51 133 131 132 2147483801 2147483810 
2147483757 2147483686 2147483687 2147483688 2147483689 2147483686 2147483687 2147483688 2147483689 2147483758 2147483803 2147483810 53 54 57 51 133 134 131 132 2147483758 2147483803 2147483810 
2147483758 2147483686 2147483687 2147483688 2147483689 2147483757 2147483686 2147483687 2147483688 2147483689 2147483757 2147483803 57 53 51 133 134 131 132 2147483803 
2147483759 2147483686 2147483687 2147483688 2147483689 2147483686 2147483687 2147483688 2147483689 2147483803 49 51 133 134 131 132 2147483803 
2147483761 2147483686 2147483687 2147483688 2147483689 2147483686 2147483687 2147483688 2147483689 22 24 269 267 268 
2147483763 2147483686 2147483687 2147483688 2147483689 2147483686 2147483687 2147483688 2147483689 22 24 269 267 268 
2147483764 2147483686 2147483687 2147483688 2147483689 2147483686 2147483687 2147483688 2147483689 49 51 133 131 132 
2147483768 2147483686 2147483688 2147483689 2147483686 2147483688 2147483689 22 24 269 267 
2147483772 2147483680 2147483686 2147483688 2147483689 2147483680 2147483686 2147483688 2147483689 2147483803 22 25 24 269 270 267 2147483803 
2147483776 2147483686 2147483688 2147483689 2147483686 2147483688 2147483689 2 5 253 251 
2147483779 2147483686 2147483688 2147483689 2147483686 2147483688 2147483689 2 5 253 251 
2147483781 2147483686 2147483689 2147483686 2147483689 2147483806 2 11 5 253 2147483806 
2147483784 2147483686 2147483689 2147483686 2147483689 2147483803 2 5 253 254 2147483803 
2147483786 2147483686 2147483689 2147483686 2147483689 53 51 133 
2147483787 2147483686 2147483686 2147483803 2 253 254 2147483803 
2147483789 2147483686 2147483686 2147483803 53 133 134 2147483803 
2147483790 2147483803 2 254 2147483803 
2147483791 2147483792 53 57 2147483792 
2147483792 2147483791 2147483791 57 53 
2147483794 2 
2147483796 2147483648 2147483686 2147483687 2147483688 2147483689 2147483648 2147483686 2147483687 2147483688 2147483689 2147483799 2147483803 2147483805 22 25 264 24 23 269 270 267 268 2147483799 2147483803 2147483805 
2147483797 2147483648 2147483657 2147483686 2147483687 2147483688 2147483689 2147483720 2147483648 2147483657 2147483686 2147483687 2147483688 2147483689 2147483720 2147483799 2147483805 52 49 54 57 128 51 133 131 132 50 2147483799 2147483805 
2147483798 2147483648 2147483657 2147483686 2147483687 2147483688 2147483689 2147483723 2147483648 2147483657 2147483686 2147483687 2147483688 2147483689 2147483723 2147483799 2147483805 52 49 54 57 128 51 133 131 132 50 2147483799 2147483805 
2147483799 2147483648 2147483649 2147483650 2147483656 2147483657 2147483686 2147483687 2147483688 2147483689 2147483693 2147483696 2147483700 2147483703 2147483720 2147483723 2147483729 2147483730 2147483796 2147483797 2147483798 2147483648 2147483649 2147483650 2147483656 2147483657 2147483686 2147483687 2147483688 2147483689 2147483693 2147483696 2147483700 2147483703 2147483720 2147483723 2147483729 2147483730 2147483796 2147483797 2147483798 2147483803 2147483805 127 53 49 52 54 57 128 129 130 51 133 134 131 132 50 2147483803 2147483805 
2147483801 2147483676 2147483686 2147483687 2147483688 2147483689 2147483746 2147483749 2147483755 2147483676 2147483686 2147483687 2147483688 2147483689 2147483746 2147483749 2147483755 2147483810 49 52 54 51 133 131 132 50 2147483810 
2147483803 2147483648 2147483649 2147483650 2147483679 2147483680 2147483686 2147483687 2147483688 2147483689 2147483696 2147483703 2147483757 2147483758 2147483759 2147483772 2147483784 2147483787 2147483789 2147483790 2147483796 2147483799 2147483648 2147483649 2147483650 2147483679 2147483680 2147483686 2147483687 2147483688 2147483689 2147483696 2147483703 2147483757 2147483758 2147483759 2147483772 2147483784 2147483787 2147483789 2147483790 2147483796 2147483799 2147483805 2147483810 22 25 27 32 26 263 264 265 266 24 23 269 270 267 268 2147483805 2147483810 
2147483805 2147483648 2147483649 2147483650 2147483656 2147483657 2147483686 2147483687 2147483688 2147483689 2147483693 2147483696 2147483700 2147483703 2147483720 2147483723 2147483796 2147483797 2147483798 2147483799 2147483803 2147483648 2147483649 2147483650 2147483656 2147483657 2147483686 2147483687 2147483688 2147483689 2147483693 2147483696 2147483700 2147483703 2147483720 2147483723 2147483796 2147483797 2147483798 2147483799 2147483803 128 49 52 54 57 53 127 51 133 134 131 132 50 
2147483806 2147483686 2147483689 2147483781 2147483686 2147483689 2147483781 49 52 57 53 51 133 
2147483808 2147483686 2147483687 2147483688 2147483689 2147483733 2147483734 2147483736 2147483737 2147483686 2147483687 2147483688 2147483689 2147483733 2147483734 2147483736 2147483737 49 52 54 57 53 51 133 131 132 
2147483809 2147483686 2147483687 2147483688 2147483689 2147483746 2147483686 2147483687 2147483688 2147483689 2147483746 27 22 25 32 26 263 264 265 266 24 23 269 270 267 268 
2147483810 2147483673 2147483674 2147483676 2147483679 2147483686 2147483687 2147483688 2147483689 2147483746 2147483749 2147483750 2147483751 2147483755 2147483757 2147483801 2147483803 2147483673 2147483674 2147483676 2147483679 2147483686 2147483687 2147483688 2147483689 2147483746 2147483749 2147483750 2147483751 2147483755 2147483757 2147483801 2147483803 270 22 25 27 32 26 24 23 269 267 268 
