22 2147483670 2147483696 2147483782 2147483785 2147483803 2147483808 2147483885 2147483895 2147483916 2147483917 2147483918 
23 2147483670 2147483696 2147483808 2147483895 
24 2147483670 2147483696 2147483782 2147483785 2147483808 2147483895 2147483917 2147483918 
25 2147483670 2147483696 2147483782 2147483785 2147483803 2147483808 2147483895 2147483916 2147483917 2147483918 
26 2147483670 2147483696 2147483751 2147483808 2147483918 
27 2147483670 2147483696 2147483782 2147483785 2147483803 2147483808 2147483916 2147483917 2147483918 
32 2147483670 2147483696 2147483808 2147483918 
49 2147483649 2147483654 2147483655 2147483659 2147483661 2147483673 2147483676 2147483678 2147483679 2147483680 2147483682 2147483683 2147483686 2147483697 2147483698 2147483699 2147483722 2147483724 2147483733 2147483735 2147483743 2147483744 2147483749 2147483750 2147483753 2147483754 2147483757 2147483759 2147483768 2147483773 2147483775 2147483778 2147483779 2147483786 2147483804 2147483805 2147483810 2147483814 2147483815 2147483819 2147483823 2147483824 2147483825 2147483827 2147483831 2147483832 2147483842 2147483850 2147483852 2147483853 2147483860 2147483869 2147483872 2147483874 2147483875 2147483881 2147483883 2147483890 2147483894 2147483896 2147483897 2147483899 2147483900 2147483901 2147483902 2147483903 2147483904 2147483905 2147483907 2147483908 2147483909 2147483910 2147483911 2147483912 2147483913 2147483914 
50 2147483649 2147483659 2147483661 2147483673 2147483676 2147483679 2147483680 2147483682 2147483683 2147483697 2147483698 2147483722 2147483724 2147483733 2147483735 2147483759 2147483768 2147483773 2147483775 2147483819 2147483823 2147483824 2147483825 2147483827 2147483831 2147483832 2147483842 2147483860 2147483872 2147483874 2147483875 2147483881 2147483883 2147483890 2147483894 2147483896 2147483899 2147483900 2147483901 2147483902 2147483910 2147483914 
51 2147483649 2147483673 2147483676 2147483678 2147483679 2147483680 2147483682 2147483697 2147483698 2147483699 2147483768 2147483773 2147483775 2147483778 2147483779 2147483786 2147483819 2147483823 2147483824 2147483825 2147483827 2147483831 2147483832 2147483869 2147483870 2147483881 2147483883 2147483890 2147483894 2147483896 2147483902 2147483903 2147483905 
52 2147483649 2147483654 2147483655 2147483659 2147483661 2147483673 2147483676 2147483678 2147483679 2147483680 2147483682 2147483697 2147483698 2147483722 2147483724 2147483733 2147483735 2147483757 2147483759 2147483768 2147483773 2147483775 2147483778 2147483779 2147483786 2147483804 2147483805 2147483810 2147483814 2147483815 2147483819 2147483823 2147483824 2147483825 2147483827 2147483831 2147483832 2147483842 2147483850 2147483860 2147483869 2147483872 2147483874 2147483875 2147483881 2147483883 2147483890 2147483894 2147483896 2147483897 2147483899 2147483900 2147483901 2147483902 2147483903 2147483904 2147483905 2147483907 2147483912 
53 2147483649 2147483659 2147483661 2147483673 2147483676 2147483679 2147483680 2147483682 2147483683 2147483697 2147483698 2147483722 2147483724 2147483733 2147483735 2147483747 2147483759 2147483768 2147483773 2147483775 2147483819 2147483842 2147483854 2147483860 2147483870 2147483872 2147483874 2147483875 2147483881 2147483883 2147483890 2147483894 2147483899 2147483900 2147483901 2147483902 
54 2147483649 2147483659 2147483661 2147483673 2147483676 2147483678 2147483679 2147483680 2147483682 2147483697 2147483698 2147483722 2147483724 2147483733 2147483735 2147483757 2147483759 2147483768 2147483773 2147483775 2147483778 2147483779 2147483786 2147483804 2147483810 2147483814 2147483815 2147483819 2147483825 2147483827 2147483831 2147483832 2147483842 2147483860 2147483872 2147483874 2147483875 2147483881 2147483883 2147483890 2147483894 2147483896 2147483897 2147483899 2147483900 2147483901 2147483902 2147483903 2147483904 2147483907 2147483912 
57 2147483649 2147483659 2147483661 2147483673 2147483676 2147483679 2147483680 2147483682 2147483683 2147483697 2147483698 2147483722 2147483724 2147483733 2147483735 2147483759 2147483768 2147483773 2147483775 2147483819 2147483825 2147483827 2147483831 2147483832 2147483842 2147483860 2147483872 2147483874 2147483875 2147483881 2147483883 2147483890 2147483894 2147483896 2147483899 2147483900 2147483901 2147483902 
127 2147483649 2147483673 2147483676 2147483679 2147483680 2147483682 2147483683 2147483686 2147483697 2147483698 2147483768 2147483773 2147483775 2147483819 2147483881 2147483883 2147483890 2147483894 2147483901 2147483902 2147483909 2147483913 
128 2147483649 2147483673 2147483676 2147483697 2147483698 2147483768 2147483819 2147483890 2147483894 2147483901 2147483902 
129 2147483649 2147483673 2147483676 2147483697 2147483698 2147483768 2147483819 2147483890 2147483894 2147483901 2147483902 
130 2147483649 2147483673 2147483676 2147483697 2147483698 2147483768 2147483819 2147483890 2147483894 2147483901 2147483902 
131 2147483649 2147483654 2147483655 2147483659 2147483661 2147483673 2147483676 2147483678 2147483679 2147483680 2147483682 2147483683 2147483686 2147483697 2147483698 2147483699 2147483722 2147483724 2147483733 2147483735 2147483753 2147483754 2147483757 2147483759 2147483768 2147483773 2147483775 2147483778 2147483779 2147483786 2147483804 2147483805 2147483810 2147483814 2147483815 2147483819 2147483823 2147483824 2147483825 2147483827 2147483831 2147483832 2147483842 2147483850 2147483852 2147483853 2147483854 2147483860 2147483869 2147483870 2147483872 2147483874 2147483875 2147483881 2147483883 2147483890 2147483894 2147483896 2147483897 2147483899 2147483900 2147483901 2147483902 2147483903 2147483904 2147483905 2147483907 2147483908 2147483909 2147483910 2147483911 2147483912 2147483913 2147483914 
132 2147483649 2147483654 2147483655 2147483659 2147483661 2147483673 2147483676 2147483678 2147483679 2147483680 2147483682 2147483683 2147483686 2147483697 2147483698 2147483699 2147483757 2147483759 2147483768 2147483773 2147483775 2147483778 2147483779 2147483786 2147483804 2147483810 2147483814 2147483815 2147483819 2147483823 2147483824 2147483825 2147483827 2147483831 2147483832 2147483850 2147483872 2147483874 2147483875 2147483881 2147483883 2147483890 2147483894 2147483896 2147483897 2147483902 2147483903 2147483904 2147483907 2147483908 2147483909 2147483911 2147483912 2147483913 
133 2147483649 2147483673 2147483676 2147483678 2147483679 2147483680 2147483682 2147483697 2147483698 2147483699 2147483768 2147483773 2147483775 2147483778 2147483779 2147483786 2147483805 2147483810 2147483814 2147483815 2147483819 2147483823 2147483824 2147483825 2147483827 2147483831 2147483832 2147483850 2147483881 2147483883 2147483890 2147483894 2147483896 2147483897 2147483902 2147483903 2147483908 
134 2147483649 2147483676 2147483678 2147483679 2147483680 2147483682 2147483683 2147483686 2147483768 2147483773 2147483775 2147483778 2147483779 2147483786 2147483881 2147483883 2147483902 2147483903 2147483908 2147483909 2147483911 2147483913 
263 2147483670 2147483696 2147483808 2147483918 
264 2147483670 2147483696 2147483808 2147483918 
265 2147483670 2147483696 2147483808 2147483918 
266 2147483670 2147483696 2147483808 2147483918 
267 2147483670 2147483696 2147483782 2147483785 2147483803 2147483808 2147483885 2147483895 2147483916 2147483917 2147483918 
268 2147483670 2147483696 2147483782 2147483785 2147483803 2147483808 2147483885 2147483895 2147483916 2147483917 
269 2147483670 2147483696 2147483782 2147483785 2147483808 2147483885 2147483895 2147483917 
270 2147483670 2147483782 2147483785 2147483885 2147483917 
2147483649 2147483654 2147483655 2147483659 2147483661 2147483670 2147483673 2147483676 2147483678 2147483679 2147483680 2147483682 2147483683 2147483686 2147483696 2147483697 2147483698 2147483699 2147483722 2147483724 2147483733 2147483735 2147483753 2147483754 2147483757 2147483759 2147483768 2147483773 2147483775 2147483778 2147483779 2147483782 2147483785 2147483786 2147483803 2147483804 2147483805 2147483808 2147483810 2147483814 2147483815 2147483819 2147483823 2147483824 2147483825 2147483827 2147483831 2147483832 2147483842 2147483850 2147483852 2147483853 2147483854 2147483860 2147483869 2147483870 2147483872 2147483874 2147483875 2147483881 2147483883 2147483885 2147483890 2147483894 2147483895 2147483896 2147483897 2147483899 2147483900 2147483901 2147483902 2147483903 2147483904 2147483905 2147483907 2147483908 2147483909 2147483910 2147483911 2147483912 2147483913 2147483914 2147483916 2147483917 2147483918 53 49 52 54 57 127 128 129 130 51 133 134 131 132 50 2147483654 2147483655 2147483659 2147483661 2147483670 2147483673 2147483676 2147483678 2147483679 2147483680 2147483682 2147483683 2147483686 2147483696 2147483697 2147483698 2147483699 2147483722 2147483724 2147483733 2147483735 2147483753 2147483754 2147483757 2147483759 2147483768 2147483773 2147483775 2147483778 2147483779 2147483782 2147483785 2147483786 2147483803 2147483804 2147483805 2147483808 2147483810 2147483814 2147483815 2147483819 2147483823 2147483824 2147483825 2147483827 2147483831 2147483832 2147483842 2147483850 2147483852 2147483853 2147483854 2147483860 2147483869 2147483870 2147483872 2147483874 2147483875 2147483881 2147483883 2147483885 2147483890 2147483894 2147483895 2147483896 2147483897 2147483899 2147483900 2147483901 2147483902 2147483903 2147483904 2147483905 2147483907 2147483908 2147483909 2147483910 2147483911 2147483912 2147483913 2147483914 2147483916 2147483917 2147483918 
2147483654 2147483649 2147483649 2147483670 2147483872 49 52 131 132 2147483670 2147483872 
2147483655 2147483649 2147483649 2147483670 2147483872 49 52 131 132 2147483670 2147483872 
2147483659 2147483649 2147483649 2147483661 2147483670 2147483759 2147483872 2147483874 2147483875 49 52 54 57 53 131 132 50 2147483661 2147483670 2147483759 2147483872 2147483874 2147483875 
2147483661 2147483649 2147483659 2147483649 2147483659 2147483670 2147483759 2147483872 2147483874 2147483875 52 54 49 57 53 131 132 50 2147483670 2147483759 2147483872 2147483874 2147483875 
2147483670 2147483649 2147483654 2147483655 2147483659 2147483661 2147483649 2147483654 2147483655 2147483659 2147483661 2147483673 2147483676 2147483678 2147483679 2147483680 2147483682 2147483683 2147483686 2147483696 2147483697 2147483698 2147483699 2147483757 2147483759 2147483768 2147483773 2147483775 2147483778 2147483779 2147483782 2147483785 2147483786 2147483803 2147483804 2147483872 2147483874 2147483875 2147483881 2147483883 2147483885 2147483902 2147483903 2147483904 2147483907 2147483908 2147483909 2147483911 2147483912 2147483913 2147483916 2147483917 22 25 27 32 26 263 264 265 266 24 23 269 270 267 268 2147483673 2147483676 2147483678 2147483679 2147483680 2147483682 2147483683 2147483686 2147483696 2147483697 2147483698 2147483699 2147483757 2147483759 2147483768 2147483773 2147483775 2147483778 2147483779 2147483782 2147483785 2147483786 2147483803 2147483804 2147483872 2147483874 2147483875 2147483881 2147483883 2147483885 2147483902 2147483903 2147483904 2147483907 2147483908 2147483909 2147483911 2147483912 2147483913 2147483916 2147483917 
2147483673 2147483649 2147483670 2147483649 2147483670 2147483696 2147483697 2147483698 2147483699 49 52 54 57 53 127 128 129 130 51 133 131 132 50 2147483696 2147483697 2147483698 2147483699 
2147483676 2147483649 2147483670 2147483649 2147483670 2147483678 2147483679 2147483680 2147483682 2147483768 2147483773 2147483775 2147483778 2147483779 2147483782 2147483785 2147483786 2147483881 2147483883 2147483902 2147483903 2147483917 49 52 54 57 53 127 128 129 130 51 133 134 131 132 50 2147483678 2147483679 2147483680 2147483682 2147483768 2147483773 2147483775 2147483778 2147483779 2147483782 2147483785 2147483786 2147483881 2147483883 2147483902 2147483903 2147483917 
2147483678 2147483649 2147483670 2147483676 2147483649 2147483670 2147483676 2147483768 2147483778 2147483779 2147483782 2147483883 2147483902 49 52 54 51 133 134 131 132 2147483768 2147483778 2147483779 2147483782 2147483883 2147483902 
2147483679 2147483649 2147483670 2147483676 2147483649 2147483670 2147483676 2147483680 2147483682 2147483683 2147483686 2147483768 2147483773 2147483775 2147483881 2147483883 2147483902 2147483909 2147483913 49 52 54 57 53 127 51 133 134 131 132 50 2147483680 2147483682 2147483683 2147483686 2147483768 2147483773 2147483775 2147483881 2147483883 2147483902 2147483909 2147483913 
2147483680 2147483649 2147483670 2147483676 2147483679 2147483649 2147483670 2147483676 2147483679 2147483682 2147483683 2147483768 2147483773 2147483775 2147483881 2147483883 2147483902 52 49 54 57 53 127 51 133 134 131 132 50 2147483682 2147483683 2147483768 2147483773 2147483775 2147483881 2147483883 2147483902 
2147483682 2147483649 2147483670 2147483676 2147483679 2147483680 2147483649 2147483670 2147483676 2147483679 2147483680 2147483683 2147483768 2147483773 2147483775 2147483881 2147483883 2147483902 49 52 54 57 53 127 51 133 134 131 132 50 2147483683 2147483768 2147483773 2147483775 2147483881 2147483883 2147483902 
2147483683 2147483649 2147483670 2147483679 2147483680 2147483682 2147483649 2147483670 2147483679 2147483680 2147483682 2147483768 2147483881 49 57 53 127 134 131 132 50 2147483768 2147483881 
2147483686 2147483649 2147483670 2147483679 2147483649 2147483670 2147483679 2147483768 49 127 134 131 132 2147483768 
2147483696 2147483649 2147483670 2147483673 2147483649 2147483670 2147483673 2147483697 2147483698 2147483699 22 25 27 32 26 263 264 265 266 24 23 269 267 268 2147483697 2147483698 2147483699 
2147483697 2147483649 2147483670 2147483673 2147483696 2147483649 2147483670 2147483673 2147483696 49 52 54 57 53 127 128 129 130 51 133 131 132 50 
2147483698 2147483649 2147483670 2147483673 2147483696 2147483649 2147483670 2147483673 2147483696 49 52 54 57 53 127 128 129 130 51 133 131 132 50 
2147483699 2147483649 2147483670 2147483673 2147483696 2147483649 2147483670 2147483673 2147483696 49 51 133 131 132 
2147483722 2147483649 2147483649 2147483724 2147483842 2147483899 2147483900 2147483901 49 52 54 57 53 131 50 2147483724 2147483842 2147483899 2147483900 2147483901 
2147483724 2147483649 2147483722 2147483649 2147483722 2147483842 2147483899 2147483900 2147483901 52 49 54 57 53 131 50 2147483842 2147483899 2147483900 2147483901 
2147483733 2147483649 2147483649 2147483735 2147483860 2147483899 2147483900 2147483901 49 52 54 57 53 131 50 2147483735 2147483860 2147483899 2147483900 2147483901 
2147483735 2147483649 2147483733 2147483649 2147483733 2147483860 2147483899 2147483900 2147483901 52 49 54 57 53 131 50 2147483860 2147483899 2147483900 2147483901 
2147483743 49 
2147483744 49 
2147483747 53 
2147483749 49 
2147483750 49 
2147483751 26 
2147483753 2147483649 2147483649 49 131 
2147483754 2147483649 2147483649 49 131 
2147483757 2147483649 2147483670 2147483649 2147483670 2147483872 2147483907 2147483912 49 52 54 131 132 2147483872 2147483907 2147483912 
2147483759 2147483649 2147483659 2147483661 2147483670 2147483649 2147483659 2147483661 2147483670 2147483872 2147483874 2147483875 49 52 54 57 53 131 132 50 2147483872 2147483874 2147483875 
2147483768 2147483649 2147483670 2147483676 2147483678 2147483679 2147483680 2147483682 2147483683 2147483686 2147483649 2147483670 2147483676 2147483678 2147483679 2147483680 2147483682 2147483683 2147483686 2147483773 2147483775 2147483778 2147483779 2147483782 2147483785 2147483786 2147483881 2147483883 2147483885 2147483902 2147483903 2147483908 2147483909 2147483911 2147483913 2147483917 49 52 54 57 53 127 128 129 130 51 133 134 131 132 50 2147483773 2147483775 2147483778 2147483779 2147483782 2147483785 2147483786 2147483881 2147483883 2147483885 2147483902 2147483903 2147483908 2147483909 2147483911 2147483913 2147483917 
2147483773 2147483649 2147483670 2147483676 2147483679 2147483680 2147483682 2147483768 2147483649 2147483670 2147483676 2147483679 2147483680 2147483682 2147483768 2147483775 2147483881 2147483883 2147483902 49 52 54 57 53 127 51 133 134 131 132 50 2147483775 2147483881 2147483883 2147483902 
2147483775 2147483649 2147483670 2147483676 2147483679 2147483680 2147483682 2147483768 2147483773 2147483649 2147483670 2147483676 2147483679 2147483680 2147483682 2147483768 2147483773 2147483881 2147483883 2147483902 52 57 49 54 53 127 51 133 134 131 132 50 2147483881 2147483883 2147483902 
2147483778 2147483649 2147483670 2147483676 2147483678 2147483768 2147483649 2147483670 2147483676 2147483678 2147483768 2147483883 2147483902 49 52 54 51 133 134 131 132 2147483883 2147483902 
2147483779 2147483649 2147483670 2147483676 2147483678 2147483768 2147483649 2147483670 2147483676 2147483678 2147483768 2147483883 2147483902 49 52 54 51 133 134 131 132 2147483883 2147483902 
2147483782 2147483649 2147483670 2147483676 2147483678 2147483768 2147483649 2147483670 2147483676 2147483678 2147483768 2147483883 2147483902 22 25 27 24 269 270 267 268 2147483883 2147483902 
2147483785 2147483649 2147483670 2147483676 2147483768 2147483649 2147483670 2147483676 2147483768 2147483786 2147483902 2147483903 2147483917 22 25 27 24 269 270 267 268 2147483786 2147483902 2147483903 2147483917 
2147483786 2147483649 2147483670 2147483676 2147483768 2147483785 2147483649 2147483670 2147483676 2147483768 2147483785 2147483902 2147483903 2147483917 49 52 54 51 133 134 131 132 2147483902 2147483903 2147483917 
2147483803 2147483649 2147483670 2147483649 2147483670 2147483804 2147483904 2147483916 22 25 27 267 268 2147483804 2147483904 2147483916 
2147483804 2147483649 2147483670 2147483803 2147483649 2147483670 2147483803 2147483904 2147483916 49 52 54 131 132 2147483904 2147483916 
2147483805 2147483649 2147483649 2147483890 2147483897 49 52 133 131 2147483890 2147483897 
2147483808 2147483649 2147483649 2147483810 2147483814 2147483815 2147483819 2147483823 2147483824 2147483825 2147483827 2147483831 2147483832 2147483850 2147483890 2147483894 2147483895 2147483896 2147483897 22 25 27 32 26 263 264 265 266 24 23 269 267 268 2147483810 2147483814 2147483815 2147483819 2147483823 2147483824 2147483825 2147483827 2147483831 2147483832 2147483850 2147483890 2147483894 2147483895 2147483896 2147483897 
2147483810 2147483649 2147483808 2147483649 2147483808 2147483814 2147483815 2147483890 2147483897 54 49 52 133 131 132 2147483814 2147483815 2147483890 2147483897 
2147483814 2147483649 2147483808 2147483810 2147483649 2147483808 2147483810 2147483890 2147483897 52 49 54 133 131 132 2147483890 2147483897 
2147483815 2147483649 2147483808 2147483810 2147483649 2147483808 2147483810 2147483890 2147483897 49 52 54 133 131 132 2147483890 2147483897 
2147483819 2147483649 2147483808 2147483649 2147483808 2147483823 2147483824 2147483825 2147483827 2147483831 2147483832 2147483890 2147483894 2147483895 2147483896 49 52 54 57 53 127 128 129 130 51 133 131 132 50 2147483823 2147483824 2147483825 2147483827 2147483831 2147483832 2147483890 2147483894 2147483895 2147483896 
2147483823 2147483649 2147483808 2147483819 2147483649 2147483808 2147483819 2147483890 2147483894 2147483896 49 52 51 133 131 132 50 2147483890 2147483894 2147483896 
2147483824 2147483649 2147483808 2147483819 2147483649 2147483808 2147483819 2147483890 2147483894 2147483896 49 52 51 133 131 132 50 2147483890 2147483894 2147483896 
2147483825 2147483649 2147483808 2147483819 2147483649 2147483808 2147483819 2147483827 2147483831 2147483832 2147483890 2147483894 2147483896 49 52 54 57 51 133 131 132 50 2147483827 2147483831 2147483832 2147483890 2147483894 2147483896 
2147483827 2147483649 2147483808 2147483819 2147483825 2147483649 2147483808 2147483819 2147483825 2147483831 2147483832 2147483890 2147483894 2147483896 57 49 52 54 51 133 131 132 50 2147483831 2147483832 2147483890 2147483894 2147483896 
2147483831 2147483649 2147483808 2147483819 2147483825 2147483827 2147483649 2147483808 2147483819 2147483825 2147483827 2147483890 2147483894 2147483896 54 49 52 57 51 133 131 132 50 2147483890 2147483894 2147483896 
2147483832 2147483649 2147483808 2147483819 2147483825 2147483827 2147483649 2147483808 2147483819 2147483825 2147483827 2147483890 2147483894 2147483896 49 52 54 57 51 133 131 132 50 2147483890 2147483894 2147483896 
2147483842 2147483649 2147483722 2147483724 2147483649 2147483722 2147483724 2147483899 2147483900 2147483901 49 52 54 57 53 131 50 2147483899 2147483900 2147483901 
2147483850 2147483649 2147483808 2147483649 2147483808 2147483890 2147483897 49 52 133 131 132 2147483890 2147483897 
2147483852 2147483649 2147483649 49 131 
2147483853 2147483649 2147483649 49 131 
2147483854 2147483649 2147483649 53 131 
2147483860 2147483649 2147483733 2147483735 2147483649 2147483733 2147483735 2147483899 2147483900 2147483901 49 52 54 57 53 131 50 2147483899 2147483900 2147483901 
2147483869 2147483649 2147483649 2147483905 2147483918 49 52 51 131 2147483905 2147483918 
2147483870 2147483649 2147483649 2147483918 53 51 131 2147483918 
2147483872 2147483649 2147483654 2147483655 2147483659 2147483661 2147483670 2147483757 2147483759 2147483649 2147483654 2147483655 2147483659 2147483661 2147483670 2147483757 2147483759 2147483874 2147483875 2147483907 2147483912 49 52 54 57 53 131 132 50 2147483874 2147483875 2147483907 2147483912 
2147483874 2147483649 2147483659 2147483661 2147483670 2147483759 2147483872 2147483649 2147483659 2147483661 2147483670 2147483759 2147483872 2147483875 52 49 54 57 53 131 132 50 2147483875 
2147483875 2147483649 2147483659 2147483661 2147483670 2147483759 2147483872 2147483874 2147483649 2147483659 2147483661 2147483670 2147483759 2147483872 2147483874 49 52 54 57 53 131 132 50 
2147483881 2147483649 2147483670 2147483676 2147483679 2147483680 2147483682 2147483683 2147483768 2147483773 2147483775 2147483649 2147483670 2147483676 2147483679 2147483680 2147483682 2147483683 2147483768 2147483773 2147483775 2147483883 2147483902 49 52 54 57 53 127 51 133 134 131 132 50 2147483883 2147483902 
2147483883 2147483649 2147483670 2147483676 2147483678 2147483679 2147483680 2147483682 2147483768 2147483773 2147483775 2147483778 2147483779 2147483782 2147483881 2147483649 2147483670 2147483676 2147483678 2147483679 2147483680 2147483682 2147483768 2147483773 2147483775 2147483778 2147483779 2147483782 2147483881 2147483902 49 52 54 57 53 127 51 133 134 131 132 50 2147483902 
2147483885 2147483649 2147483670 2147483768 2147483649 2147483670 2147483768 2147483902 22 269 270 267 268 2147483902 
2147483890 2147483649 2147483805 2147483808 2147483810 2147483814 2147483815 2147483819 2147483823 2147483824 2147483825 2147483827 2147483831 2147483832 2147483850 2147483649 2147483805 2147483808 2147483810 2147483814 2147483815 2147483819 2147483823 2147483824 2147483825 2147483827 2147483831 2147483832 2147483850 2147483894 2147483895 2147483896 2147483897 53 49 52 54 57 127 128 129 130 51 133 131 132 50 2147483894 2147483895 2147483896 2147483897 
2147483894 2147483649 2147483808 2147483819 2147483823 2147483824 2147483825 2147483827 2147483831 2147483832 2147483890 2147483649 2147483808 2147483819 2147483823 2147483824 2147483825 2147483827 2147483831 2147483832 2147483890 2147483895 2147483896 49 52 54 57 53 127 128 129 130 51 133 131 132 50 2147483895 2147483896 
2147483895 2147483649 2147483808 2147483819 2147483890 2147483894 2147483649 2147483808 2147483819 2147483890 2147483894 2147483896 22 25 24 23 269 267 268 2147483896 
2147483896 2147483649 2147483808 2147483819 2147483823 2147483824 2147483825 2147483827 2147483831 2147483832 2147483890 2147483894 2147483895 2147483649 2147483808 2147483819 2147483823 2147483824 2147483825 2147483827 2147483831 2147483832 2147483890 2147483894 2147483895 2147483897 49 52 54 57 51 133 131 132 50 2147483897 
2147483897 2147483649 2147483805 2147483808 2147483810 2147483814 2147483815 2147483850 2147483890 2147483896 2147483649 2147483805 2147483808 2147483810 2147483814 2147483815 2147483850 2147483890 2147483896 49 52 54 133 131 132 
2147483899 2147483649 2147483722 2147483724 2147483733 2147483735 2147483842 2147483860 2147483649 2147483722 2147483724 2147483733 2147483735 2147483842 2147483860 2147483900 2147483901 52 49 54 57 53 131 50 2147483900 2147483901 
2147483900 2147483649 2147483722 2147483724 2147483733 2147483735 2147483842 2147483860 2147483899 2147483649 2147483722 2147483724 2147483733 2147483735 2147483842 2147483860 2147483899 2147483901 49 52 54 57 53 131 50 2147483901 
2147483901 2147483649 2147483722 2147483724 2147483733 2147483735 2147483842 2147483860 2147483899 2147483900 2147483649 2147483722 2147483724 2147483733 2147483735 2147483842 2147483860 2147483899 2147483900 2147483910 2147483914 49 52 54 57 53 127 128 129 130 131 50 2147483910 2147483914 
2147483902 2147483649 2147483670 2147483676 2147483678 2147483679 2147483680 2147483682 2147483768 2147483773 2147483775 2147483778 2147483779 2147483782 2147483785 2147483786 2147483881 2147483883 2147483885 2147483649 2147483670 2147483676 2147483678 2147483679 2147483680 2147483682 2147483768 2147483773 2147483775 2147483778 2147483779 2147483782 2147483785 2147483786 2147483881 2147483883 2147483885 2147483903 2147483908 2147483917 49 52 54 57 53 127 128 129 130 51 133 134 131 132 50 2147483903 2147483908 2147483917 
2147483903 2147483649 2147483670 2147483676 2147483768 2147483785 2147483786 2147483902 2147483649 2147483670 2147483676 2147483768 2147483785 2147483786 2147483902 49 52 54 51 133 134 131 132 
2147483904 2147483649 2147483670 2147483803 2147483804 2147483649 2147483670 2147483803 2147483804 49 52 54 131 132 
2147483905 2147483649 2147483869 2147483649 2147483869 2147483918 49 52 51 131 2147483918 
2147483907 2147483649 2147483670 2147483757 2147483872 2147483649 2147483670 2147483757 2147483872 49 52 54 131 132 
2147483908 2147483649 2147483670 2147483768 2147483902 2147483649 2147483670 2147483768 2147483902 49 133 134 131 132 
2147483909 2147483649 2147483670 2147483679 2147483768 2147483649 2147483670 2147483679 2147483768 49 127 134 131 132 
2147483910 2147483649 2147483901 2147483649 2147483901 49 131 50 
2147483911 2147483649 2147483670 2147483768 2147483649 2147483670 2147483768 49 134 131 132 
2147483912 2147483649 2147483670 2147483757 2147483872 2147483649 2147483670 2147483757 2147483872 54 49 52 131 132 
2147483913 2147483649 2147483670 2147483679 2147483768 2147483649 2147483670 2147483679 2147483768 49 127 134 131 132 
2147483914 2147483649 2147483901 2147483649 2147483901 49 131 50 
2147483916 2147483649 2147483670 2147483803 2147483804 2147483649 2147483670 2147483803 2147483804 22 25 27 267 268 
2147483917 2147483649 2147483670 2147483676 2147483768 2147483785 2147483786 2147483902 2147483649 2147483670 2147483676 2147483768 2147483785 2147483786 2147483902 22 25 27 24 269 270 267 268 
2147483918 2147483649 2147483869 2147483870 2147483905 2147483649 2147483869 2147483870 2147483905 22 25 27 32 26 263 264 265 266 24 267 
