2,1,2,-1,0,1,0,0,0,
5,1,5,-1,0,1,0,0,0,
8,1,8,-1,0,1,0,0,0,
11,1,11,-1,0,1,0,0,0,
18,1,18,-1,0,1,0,0,0,
19,1,19,-1,0,1,0,0,0,
22,1,22,-1,0,1,0,0,0,
23,1,23,-1,0,1,0,0,0,
24,1,24,-1,0,1,0,0,0,
25,1,25,-1,0,1,0,0,0,
26,1,26,-1,0,1,0,0,0,
27,1,27,-1,0,1,0,0,0,
32,1,32,-1,0,1,0,0,0,
49,1,49,-1,0,1,0,0,0,
50,1,50,-1,0,1,0,0,0,
51,1,51,-1,0,1,0,0,0,
52,1,52,-1,0,1,0,0,0,
53,1,53,-1,0,1,0,0,255,
54,1,54,-1,0,1,0,0,0,
57,1,57,-1,0,1,0,0,0,
61,1,61,-1,0,1,0,0,0,
127,1,127,-1,0,1,0,0,0,
128,1,128,-1,0,1,0,0,0,
129,1,129,-1,0,1,0,0,0,
130,1,130,-1,0,1,0,0,0,
131,1,131,-1,0,1,0,0,0,
132,1,132,-1,0,1,0,0,0,
133,1,133,-1,0,1,0,0,0,
134,1,134,-1,0,1,0,0,0,
247,1,247,-1,0,1,0,0,0,
248,1,248,-1,0,1,0,0,0,
249,1,249,-1,0,1,0,0,0,
250,1,250,-1,0,1,0,0,0,
251,1,251,-1,0,1,0,0,0,
252,1,252,-1,0,1,0,0,0,
253,1,253,-1,0,1,0,0,0,
254,1,254,-1,0,1,0,0,0,
263,1,263,-1,0,1,0,0,0,
264,1,264,-1,0,1,0,0,0,
265,1,265,-1,0,1,0,0,0,
266,1,266,-1,0,1,0,0,0,
267,1,267,-1,0,1,0,0,0,
268,1,268,-1,0,1,0,0,0,
269,1,269,-1,0,1,0,0,0,
270,1,270,-1,0,1,0,0,0,
2147483650,0,0,0.00494792,1,0,1,0,0,52 54 57 53 127 128 129 130 51 133 134 131 50
2147483670,0,0,0.00869757,2,0,1,0,0,52 54 57 53 127 128 129 130 131
2147483672,0,0,0.010009,2,0,1,0,0,57 53 127 128 129 130 131 50
2147483683,0,0,0.0292972,1,0,1,0,0,54 57 53 127 128 129 130 51 131 50
2147483695,0,0,0.00036826,2,0,1,0,0,52 54 57 53 127 128 129 130 51 131 50
2147483700,0,0,0.000236721,2,0,1,0,0,52 54 57 53 127 128 129 130 51 131 50
2147483711,0,0,0.000236685,2,0,1,0,0,54 57 53 127 128 129 130 51 131 50
2147483712,0,0,0.000147902,2,0,1,0,0,54 57 53 127 128 129 130 51 131 50
2147483716,0,0,0.00069745,5,0,1,0,0,
2147483717,0,0,0.000828271,1,0,1,0,0,
2147483718,0,0,0.000880615,2,0,1,0,0,52 54 57 53 127 128 129 130 51
2147483720,0,0,8.86254e-05,1,0,1,0,0,
2147483722,0,0,0.000132225,3,0,1,0,0,52 54 57 53 127 128 129 130 131
2147483741,0,0,0.000716835,1,0,1,0,0,
2147483742,0,0,inf,1,0,1,0,0,52 54 57 53 127 128 129 130 51 133 134 131 50
2147483745,0,0,0.000802468,66,0,1,0,0,
2147483749,0,0,0.00821947,1,0,1,0,0,49 52 54 57 127 128 129 130 133 131 50
2147483750,0,0,0.00821947,1,0,1,0,0,53 52 54 57 127 128 129 130 133 131 50
2147483751,0,0,0.00554814,1,0,1,0,0,133 131
2147483752,0,0,0.00821947,1,0,1,0,0,49 52 54 57 127 128 129 130 133 131
2147483753,0,0,0.00821947,1,0,1,0,0,53 52 54 57 127 128 129 130 133 131
2147483754,0,0,0.00739752,1,0,1,0,0,54 52 127 128 129 130 133 131
2147483787,0,0,inf,1,0,1,0,0,52 54 57 53 127 128 129 130 131 50
2147483788,0,0,0.0131512,1,0,1,0,0,49 52 54 57 127 128 129 130 131 50
2147483789,0,0,inf,1,0,1,0,0,11 19 61 18 247 248 249 250 8 251
2147483790,0,0,0.00235421,1,0,1,0,0,267
2147483791,0,0,0.0028697,1,0,1,0,0,52 54 127 128 129 130 131
2147483792,0,0,inf,1,0,1,0,0,52 54 57 127 128 129 130 131
2147483793,0,0,0.00297219,1,0,1,0,0,49 52 54 127 128 129 130 131
2147483794,0,0,inf,1,0,1,0,0,25 27 32 26 263 264 265 266 267
2147483797,0,0,0.00106691,1,0,1,0,0,269 267
2147483798,0,0,0.00152584,1,0,1,0,0,54 57 53 127 128 129 130 133 131
2147483799,0,0,0.00152584,1,0,1,0,0,54 57 127 128 129 130 133 131
2147483800,0,0,0.00148606,1,0,1,0,255,49 54 127 128 129 130 133 131
2147483801,0,0,0.00148606,1,0,1,0,255,49 52 54 127 128 129 130 133 131
2147483802,0,0,0.00138699,1,0,1,0,255,27 25 263 264 265 266 269 267
2147483810,0,0,0.00681916,1,0,1,0,0,57 53 127 128 129 130 131 50
2147483812,0,0,0.0113653,2,0,1,0,0,57 53 127 128 129 130 131 50
2147483818,0,0,inf,1,0,1,0,0,52 54 57 53 127 128 129 130 131 50
2147483833,0,0,0.000657527,1,0,1,0,0,49 52 54 57 127 128 129 130 51 131 50
2147483834,0,0,inf,1,0,1,0,0,52 54 57 53 127 128 129 130 51 131 50
2147483866,0,0,0.000328763,1,0,1,0,0,49 52 54 57 127 128 129 130 51 131 50
2147483867,0,0,inf,1,0,1,0,0,11 19 61 18 247 248 249 250 5 8 251
2147483869,0,0,inf,1,0,1,0,0,54 57 53 127 128 129 130 51 134 131 50
2147483874,0,0,inf,1,0,1,0,0,52 54 57 53 127 128 129 130 51
2147483889,0,0,inf,1,0,1,0,0,52 54 57 53 127 128 129 130 133 131
2147483890,0,0,7.46277e-05,1,0,1,0,0,49 52 54 57 127 128 129 130 133 131
2147483891,0,0,5.00705e-05,3,0,1,0,0,57 53 127 128 129 130 131
2147483898,0,0,inf,1,0,1,0,0,52 54 57 53 127 128 129 130 133 131
2147483899,0,0,6.17396e-07,1,0,1,0,0,49 52 54 57 127 128 129 130 133 131
2147483900,0,0,5.55656e-07,1,0,1,0,0,49 127 128 129 130 133 131
2147483914,0,0,0.000117382,1,0,1,0,0,49 52 54 57 127 128 129 130 133 131 50
2147483915,0,0,0.000117382,1,0,1,0,0,53 52 54 57 127 128 129 130 133 131 50
2147483916,0,0,7.92331e-05,1,0,1,0,0,133 131
2147483917,0,0,0.000117382,1,0,1,0,0,49 52 54 57 127 128 129 130 133 131
2147483918,0,0,0.000117382,1,0,1,0,128,53 52 54 57 127 128 129 130 133 131
2147483919,0,0,0.000105644,1,0,1,0,128,54 52 127 128 129 130 133 131
2147483923,0,0,0.000117382,1,0,1,0,128,49 52 54 57 127 128 129 130 133 131 50
2147483924,0,0,0.000410954,1,0,1,0,128,49 52 54 57 127 128 129 130 51 133 131 50
2147483929,0,0,0.0198319,4,0,1,0,0,131
2147483937,0,0,0.0110305,4,0,1,0,0,131
2147483940,0,0,0.0156638,3,0,1,0,0,25 27 32 26 263 264 265 266 23 267
2147483950,0,0,0.0186098,5,0,1,0,0,54 57 53 127 128 129 130 51 131 50
2147483952,0,0,0.0178642,4,0,1,0,0,52 54 57 53 127 128 129 130 51 131 50
2147483954,0,0,0.000596807,6,0,1,0,0,52 54 57 53 127 128 129 130 51 131 50
2147483960,0,0,7.0937e-05,5,0,1,0,0,54 57 53 127 128 129 130 51 131
2147483963,0,0,0.000154094,5,0,1,0,0,
2147483966,0,0,0.000729423,4,0,1,0,0,
2147483968,0,0,0.000414622,5,0,1,0,0,57 53 127 128 129 130 131
2147483969,0,0,0.000140538,3,0,1,0,0,61 18 247 248 249 250 251
2147483974,0,0,0.000894712,4,0,1,0,0,131
2147483979,0,0,2.41485e-05,5,0,1,0,0,131
2147483981,0,0,0.000700785,1,0,1,0,0,133 131 50
2147483982,0,0,3.21012e-05,1,0,1,0,0,131 50
2147483983,0,0,inf,1,0,1,0,0,52 54 57 53 127 128 129 130 51 131 50
2147483985,0,0,0.000475086,2,0,1,0,0,52 54 57 53 127 128 129 130 51
