2 2147483764 
5 2147483764 
8 2147483764 
11 2147483764 
18 
19 
22 2147483687 2147483703 2147483726 2147483751 2147483772 2147483779 2147483786 2147483795 2147483801 2147483825 2147483826 
23 2147483687 2147483703 2147483726 2147483751 2147483772 2147483779 2147483786 2147483795 2147483801 2147483825 
24 2147483687 2147483703 2147483726 2147483751 2147483772 2147483779 2147483786 2147483795 2147483801 2147483825 
25 2147483687 2147483703 2147483726 2147483751 2147483779 2147483786 2147483795 2147483801 2147483825 2147483826 
26 2147483687 2147483709 2147483755 2147483786 2147483795 2147483825 
27 2147483687 2147483703 2147483709 2147483751 2147483755 2147483786 2147483795 2147483825 
32 2147483687 2147483709 2147483755 2147483825 
49 2147483648 2147483650 2147483662 2147483669 2147483670 2147483672 2147483673 2147483675 2147483686 2147483692 2147483699 2147483700 2147483701 2147483702 2147483712 2147483721 2147483722 2147483730 2147483736 2147483740 2147483741 2147483742 2147483743 2147483745 2147483746 2147483747 2147483748 2147483749 2147483758 2147483773 2147483777 2147483784 2147483793 2147483805 2147483814 2147483816 2147483818 2147483819 2147483820 2147483823 2147483828 2147483829 2147483830 2147483831 2147483832 2147483833 2147483835 2147483836 2147483837 2147483839 2147483840 2147483841 
50 2147483648 2147483650 2147483662 2147483669 2147483670 2147483672 2147483673 2147483675 2147483686 2147483692 2147483699 2147483700 2147483701 2147483702 2147483721 2147483722 2147483730 2147483736 2147483740 2147483741 2147483742 2147483743 2147483745 2147483746 2147483747 2147483748 2147483749 2147483750 2147483773 2147483777 2147483784 2147483793 2147483800 2147483805 2147483814 2147483816 2147483818 2147483819 2147483820 2147483823 2147483828 2147483829 2147483830 2147483832 2147483833 2147483835 2147483836 2147483837 2147483839 2147483840 2147483841 
51 2147483648 2147483650 2147483662 2147483669 2147483670 2147483672 2147483673 2147483675 2147483686 2147483692 2147483699 2147483700 2147483701 2147483702 2147483730 2147483736 2147483740 2147483741 2147483742 2147483743 2147483745 2147483746 2147483747 2147483748 2147483749 2147483750 2147483773 2147483777 2147483784 2147483793 2147483800 2147483805 2147483814 2147483816 2147483818 2147483819 2147483820 2147483823 2147483828 2147483829 2147483832 2147483833 2147483835 2147483836 2147483837 2147483839 2147483840 2147483841 
52 2147483648 2147483650 2147483662 2147483669 2147483670 2147483672 2147483673 2147483675 2147483686 2147483692 2147483699 2147483700 2147483701 2147483702 2147483712 2147483721 2147483722 2147483730 2147483736 2147483745 2147483746 2147483747 2147483748 2147483758 2147483777 2147483784 2147483793 2147483800 2147483805 2147483814 2147483816 2147483818 2147483819 2147483820 2147483823 2147483828 2147483829 2147483830 2147483832 2147483833 2147483835 2147483836 2147483837 2147483839 2147483840 2147483841 
53 2147483648 2147483662 2147483669 2147483670 2147483672 2147483673 2147483675 2147483686 2147483710 2147483750 2147483756 2147483773 2147483784 2147483793 2147483800 2147483805 2147483814 2147483818 2147483819 2147483820 2147483823 2147483829 2147483840 2147483841 
54 2147483648 2147483650 2147483662 2147483669 2147483670 2147483672 2147483673 2147483675 2147483686 2147483692 2147483699 2147483700 2147483701 2147483702 2147483710 2147483721 2147483722 2147483736 2147483740 2147483741 2147483742 2147483743 2147483745 2147483746 2147483747 2147483748 2147483749 2147483750 2147483756 2147483784 2147483793 2147483805 2147483814 2147483818 2147483819 2147483823 2147483830 2147483835 2147483839 2147483840 2147483841 
57 2147483648 2147483650 2147483662 2147483669 2147483670 2147483672 2147483673 2147483675 2147483686 2147483700 2147483701 2147483710 2147483756 2147483805 2147483814 2147483818 2147483819 2147483823 2147483840 
61 
127 2147483648 2147483662 2147483669 2147483670 2147483686 2147483814 2147483818 2147483819 2147483823 2147483840 
128 2147483648 2147483662 2147483669 2147483670 2147483686 2147483814 2147483818 2147483819 2147483823 2147483840 
129 2147483648 2147483662 2147483669 2147483670 2147483686 2147483814 2147483818 2147483819 2147483823 2147483840 
130 2147483648 2147483662 2147483669 2147483670 2147483686 2147483814 2147483818 2147483819 2147483823 2147483840 
131 2147483648 2147483662 2147483669 2147483670 2147483672 2147483673 2147483675 2147483686 2147483736 2147483740 2147483741 2147483742 2147483743 2147483745 2147483746 2147483747 2147483748 2147483749 2147483750 2147483773 2147483777 2147483784 2147483793 2147483800 2147483814 2147483818 2147483819 2147483820 2147483823 2147483829 2147483832 2147483837 2147483839 2147483840 2147483841 
132 2147483648 2147483662 2147483669 2147483670 2147483672 2147483673 2147483675 2147483686 2147483736 2147483740 2147483741 2147483742 2147483743 2147483745 2147483746 2147483747 2147483748 2147483749 2147483750 2147483773 2147483777 2147483784 2147483793 2147483800 2147483814 2147483818 2147483819 2147483820 2147483823 2147483829 2147483832 2147483837 2147483839 2147483840 2147483841 
133 2147483648 2147483650 2147483662 2147483669 2147483670 2147483686 2147483699 2147483700 2147483701 2147483702 2147483710 2147483712 2147483721 2147483722 2147483730 2147483736 2147483740 2147483741 2147483742 2147483743 2147483745 2147483746 2147483747 2147483748 2147483749 2147483750 2147483756 2147483758 2147483773 2147483814 2147483816 2147483818 2147483819 2147483820 2147483823 2147483828 2147483830 2147483831 2147483839 2147483840 2147483841 
134 2147483648 2147483650 2147483662 2147483669 2147483670 2147483686 2147483721 2147483722 2147483730 2147483736 2147483740 2147483741 2147483742 2147483743 2147483745 2147483746 2147483747 2147483748 2147483749 2147483750 2147483773 2147483814 2147483818 2147483819 2147483820 2147483823 2147483839 2147483840 2147483841 
247 
248 
249 
250 
251 2147483764 
252 2147483764 
253 
254 
263 2147483687 
264 2147483687 
265 2147483687 
266 2147483687 
267 2147483687 2147483751 2147483772 2147483779 2147483786 2147483795 2147483801 2147483825 
268 2147483687 2147483751 2147483772 2147483779 2147483786 2147483795 2147483801 2147483825 
269 2147483687 2147483703 2147483709 2147483726 2147483751 2147483755 2147483772 2147483825 2147483826 
270 2147483687 2147483726 2147483751 2147483772 2147483825 
2147483648 2147483650 2147483662 2147483686 2147483687 2147483699 2147483700 2147483701 2147483702 2147483703 2147483709 2147483710 2147483712 2147483721 2147483722 2147483726 2147483730 2147483736 2147483740 2147483741 2147483742 2147483743 2147483745 2147483746 2147483747 2147483748 2147483749 2147483750 2147483751 2147483755 2147483756 2147483758 2147483814 2147483816 2147483823 2147483825 2147483826 2147483828 2147483830 2147483831 2147483839 2147483840 2147483841 53 49 52 54 57 127 128 129 130 51 133 134 131 132 50 2147483650 2147483662 2147483686 2147483687 2147483699 2147483700 2147483701 2147483702 2147483703 2147483709 2147483710 2147483712 2147483721 2147483722 2147483726 2147483730 2147483736 2147483740 2147483741 2147483742 2147483743 2147483745 2147483746 2147483747 2147483748 2147483749 2147483750 2147483751 2147483755 2147483756 2147483758 2147483814 2147483816 2147483823 2147483825 2147483826 2147483828 2147483830 2147483831 2147483839 2147483840 2147483841 
2147483650 2147483648 2147483648 2147483686 2147483687 2147483699 2147483700 2147483701 2147483702 2147483703 2147483823 2147483825 2147483830 2147483841 49 52 54 57 51 133 134 50 2147483686 2147483687 2147483699 2147483700 2147483701 2147483702 2147483703 2147483823 2147483825 2147483830 2147483841 
2147483662 2147483648 2147483648 2147483687 2147483736 2147483740 2147483741 2147483742 2147483743 2147483745 2147483746 2147483747 2147483748 2147483749 2147483750 2147483751 2147483814 2147483823 2147483825 2147483839 2147483840 2147483841 49 52 54 57 53 127 128 129 130 51 133 134 131 132 50 2147483687 2147483736 2147483740 2147483741 2147483742 2147483743 2147483745 2147483746 2147483747 2147483748 2147483749 2147483750 2147483751 2147483814 2147483823 2147483825 2147483839 2147483840 2147483841 
2147483669 2147483670 2147483672 2147483673 2147483675 2147483686 2147483687 2147483764 2147483772 2147483773 2147483777 2147483779 2147483784 2147483786 2147483793 2147483795 2147483800 2147483801 2147483818 2147483819 2147483820 2147483825 2147483829 2147483832 2147483837 49 52 54 57 53 127 128 129 130 51 133 134 131 132 50 2147483670 2147483672 2147483673 2147483675 2147483686 2147483687 2147483764 2147483772 2147483773 2147483777 2147483779 2147483784 2147483786 2147483793 2147483795 2147483800 2147483801 2147483818 2147483819 2147483820 2147483825 2147483829 2147483832 2147483837 
2147483670 2147483669 2147483669 2147483672 2147483673 2147483675 2147483686 2147483687 2147483764 2147483772 2147483773 2147483777 2147483779 2147483784 2147483786 2147483793 2147483795 2147483800 2147483801 2147483818 2147483819 2147483820 2147483825 2147483829 2147483832 2147483837 49 52 54 57 53 127 128 129 130 51 133 134 131 132 50 2147483672 2147483673 2147483675 2147483686 2147483687 2147483764 2147483772 2147483773 2147483777 2147483779 2147483784 2147483786 2147483793 2147483795 2147483800 2147483801 2147483818 2147483819 2147483820 2147483825 2147483829 2147483832 2147483837 
2147483672 2147483669 2147483670 2147483669 2147483670 2147483673 2147483675 2147483686 2147483687 2147483784 2147483786 2147483793 2147483795 2147483805 2147483825 2147483829 49 52 54 57 53 51 131 132 50 2147483673 2147483675 2147483686 2147483687 2147483784 2147483786 2147483793 2147483795 2147483805 2147483825 2147483829 
2147483673 2147483669 2147483670 2147483672 2147483669 2147483670 2147483672 2147483675 2147483686 2147483687 2147483784 2147483786 2147483793 2147483795 2147483805 2147483825 49 52 54 57 53 51 131 132 50 2147483675 2147483686 2147483687 2147483784 2147483786 2147483793 2147483795 2147483805 2147483825 
2147483675 2147483669 2147483670 2147483672 2147483673 2147483669 2147483670 2147483672 2147483673 2147483686 2147483687 2147483805 2147483825 49 52 54 57 53 51 131 132 50 2147483686 2147483687 2147483805 2147483825 
2147483686 2147483648 2147483650 2147483669 2147483670 2147483672 2147483673 2147483675 2147483648 2147483650 2147483669 2147483670 2147483672 2147483673 2147483675 2147483687 2147483692 2147483699 2147483700 2147483701 2147483702 2147483703 2147483764 2147483772 2147483773 2147483777 2147483779 2147483784 2147483786 2147483793 2147483795 2147483800 2147483801 2147483805 2147483818 2147483819 2147483820 2147483825 2147483828 2147483829 2147483832 2147483833 2147483835 2147483836 2147483837 57 49 52 54 53 127 128 129 130 51 133 134 131 132 50 2147483687 2147483692 2147483699 2147483700 2147483701 2147483702 2147483703 2147483764 2147483772 2147483773 2147483777 2147483779 2147483784 2147483786 2147483793 2147483795 2147483800 2147483801 2147483805 2147483818 2147483819 2147483820 2147483825 2147483828 2147483829 2147483832 2147483833 2147483835 2147483836 2147483837 
2147483687 2147483648 2147483650 2147483662 2147483669 2147483670 2147483672 2147483673 2147483675 2147483686 2147483648 2147483650 2147483662 2147483669 2147483670 2147483672 2147483673 2147483675 2147483686 2147483692 2147483699 2147483700 2147483701 2147483702 2147483703 2147483721 2147483722 2147483726 2147483730 2147483736 2147483740 2147483741 2147483742 2147483743 2147483745 2147483746 2147483747 2147483748 2147483749 2147483750 2147483751 2147483764 2147483772 2147483773 2147483777 2147483779 2147483784 2147483786 2147483793 2147483795 2147483800 2147483801 2147483805 2147483814 2147483816 2147483818 2147483819 2147483820 2147483823 2147483825 2147483828 2147483829 2147483830 2147483832 2147483833 2147483835 2147483836 2147483837 2147483839 2147483840 2147483841 27 22 25 32 26 263 264 265 266 24 23 269 270 267 268 2147483692 2147483699 2147483700 2147483701 2147483702 2147483703 2147483721 2147483722 2147483726 2147483730 2147483736 2147483740 2147483741 2147483742 2147483743 2147483745 2147483746 2147483747 2147483748 2147483749 2147483750 2147483751 2147483764 2147483772 2147483773 2147483777 2147483779 2147483784 2147483786 2147483793 2147483795 2147483800 2147483801 2147483805 2147483814 2147483816 2147483818 2147483819 2147483820 2147483823 2147483825 2147483828 2147483829 2147483830 2147483832 2147483833 2147483835 2147483836 2147483837 2147483839 2147483840 2147483841 
2147483692 2147483686 2147483687 2147483686 2147483687 2147483825 2147483835 49 52 54 51 50 2147483825 2147483835 
2147483699 2147483648 2147483650 2147483686 2147483687 2147483648 2147483650 2147483686 2147483687 2147483825 49 52 54 51 133 50 2147483825 
2147483700 2147483648 2147483650 2147483686 2147483687 2147483648 2147483650 2147483686 2147483687 2147483701 2147483825 49 52 54 57 51 133 50 2147483701 2147483825 
2147483701 2147483648 2147483650 2147483686 2147483687 2147483700 2147483648 2147483650 2147483686 2147483687 2147483700 2147483825 49 52 54 57 51 133 50 2147483825 
2147483702 2147483648 2147483650 2147483686 2147483687 2147483648 2147483650 2147483686 2147483687 2147483825 49 52 54 51 133 50 2147483825 
2147483703 2147483648 2147483650 2147483686 2147483687 2147483648 2147483650 2147483686 2147483687 2147483825 22 25 27 24 23 269 2147483825 
2147483709 2147483648 2147483648 2147483710 32 27 26 269 2147483710 
2147483710 2147483648 2147483709 2147483648 2147483709 54 57 53 133 
2147483712 2147483648 2147483648 2147483826 49 52 133 2147483826 
2147483721 2147483648 2147483687 2147483648 2147483687 2147483722 2147483825 2147483841 49 52 54 133 134 50 2147483722 2147483825 2147483841 
2147483722 2147483648 2147483687 2147483721 2147483648 2147483687 2147483721 2147483825 2147483841 49 52 54 133 134 50 2147483825 2147483841 
2147483726 2147483648 2147483687 2147483648 2147483687 2147483823 2147483825 2147483841 22 25 24 23 269 270 2147483823 2147483825 2147483841 
2147483730 2147483648 2147483687 2147483648 2147483687 2147483823 2147483825 2147483841 49 52 51 133 134 50 2147483823 2147483825 2147483841 
2147483736 2147483648 2147483662 2147483687 2147483648 2147483662 2147483687 2147483814 2147483823 2147483825 2147483839 2147483841 49 52 54 51 133 134 131 132 50 2147483814 2147483823 2147483825 2147483839 2147483841 
2147483740 2147483648 2147483662 2147483687 2147483648 2147483662 2147483687 2147483814 2147483823 2147483841 49 54 51 133 134 131 132 50 2147483814 2147483823 2147483841 
2147483741 2147483648 2147483662 2147483687 2147483648 2147483662 2147483687 2147483814 2147483823 2147483841 49 54 51 133 134 131 132 50 2147483814 2147483823 2147483841 
2147483742 2147483648 2147483662 2147483687 2147483648 2147483662 2147483687 2147483814 2147483823 2147483841 49 54 51 133 134 131 132 50 2147483814 2147483823 2147483841 
2147483743 2147483648 2147483662 2147483687 2147483648 2147483662 2147483687 2147483814 2147483823 2147483841 49 54 51 133 134 131 132 50 2147483814 2147483823 2147483841 
2147483745 2147483648 2147483662 2147483687 2147483648 2147483662 2147483687 2147483746 2147483747 2147483748 2147483814 2147483823 2147483841 49 52 54 51 133 134 131 132 50 2147483746 2147483747 2147483748 2147483814 2147483823 2147483841 
2147483746 2147483648 2147483662 2147483687 2147483745 2147483648 2147483662 2147483687 2147483745 2147483814 2147483823 2147483841 49 52 54 51 133 134 131 132 50 2147483814 2147483823 2147483841 
2147483747 2147483648 2147483662 2147483687 2147483745 2147483648 2147483662 2147483687 2147483745 2147483814 2147483823 2147483841 49 52 54 51 133 134 131 132 50 2147483814 2147483823 2147483841 
2147483748 2147483648 2147483662 2147483687 2147483745 2147483648 2147483662 2147483687 2147483745 2147483814 2147483823 2147483841 49 52 54 51 133 134 131 132 50 2147483814 2147483823 2147483841 
2147483749 2147483648 2147483662 2147483687 2147483648 2147483662 2147483687 2147483814 2147483823 2147483841 49 54 51 133 134 131 132 50 2147483814 2147483823 2147483841 
2147483750 2147483648 2147483662 2147483687 2147483648 2147483662 2147483687 2147483814 2147483823 2147483841 53 54 51 133 134 131 132 50 2147483814 2147483823 2147483841 
2147483751 2147483648 2147483662 2147483687 2147483648 2147483662 2147483687 2147483814 2147483823 2147483825 2147483839 2147483841 22 25 27 24 23 269 270 267 268 2147483814 2147483823 2147483825 2147483839 2147483841 
2147483755 2147483648 2147483648 2147483756 32 27 26 269 2147483756 
2147483756 2147483648 2147483755 2147483648 2147483755 54 57 53 133 
2147483758 2147483648 2147483648 2147483826 49 52 133 2147483826 
2147483764 2147483669 2147483670 2147483686 2147483687 2147483669 2147483670 2147483686 2147483687 2147483825 2 11 5 8 251 252 2147483825 
2147483772 2147483669 2147483670 2147483686 2147483687 2147483669 2147483670 2147483686 2147483687 2147483818 2147483819 22 24 23 269 270 267 268 2147483818 2147483819 
2147483773 2147483669 2147483670 2147483686 2147483687 2147483669 2147483670 2147483686 2147483687 2147483818 2147483819 2147483820 49 53 51 133 134 131 132 50 2147483818 2147483819 2147483820 
2147483777 2147483669 2147483670 2147483686 2147483687 2147483669 2147483670 2147483686 2147483687 2147483825 49 52 51 131 132 50 2147483825 
2147483779 2147483669 2147483670 2147483686 2147483687 2147483669 2147483670 2147483686 2147483687 2147483825 22 25 24 23 267 268 2147483825 
2147483784 2147483669 2147483670 2147483672 2147483673 2147483686 2147483687 2147483669 2147483670 2147483672 2147483673 2147483686 2147483687 2147483825 49 52 54 53 51 131 132 50 2147483825 
2147483786 2147483669 2147483670 2147483672 2147483673 2147483686 2147483687 2147483669 2147483670 2147483672 2147483673 2147483686 2147483687 2147483825 22 25 27 26 24 23 267 268 2147483825 
2147483793 2147483669 2147483670 2147483672 2147483673 2147483686 2147483687 2147483669 2147483670 2147483672 2147483673 2147483686 2147483687 2147483825 49 52 54 53 51 131 132 50 2147483825 
2147483795 2147483669 2147483670 2147483672 2147483673 2147483686 2147483687 2147483669 2147483670 2147483672 2147483673 2147483686 2147483687 2147483825 22 25 27 26 24 23 267 268 2147483825 
2147483800 2147483669 2147483670 2147483686 2147483687 2147483669 2147483670 2147483686 2147483687 2147483825 53 52 51 131 132 50 2147483825 
2147483801 2147483669 2147483670 2147483686 2147483687 2147483669 2147483670 2147483686 2147483687 2147483825 22 25 24 23 267 268 2147483825 
2147483805 2147483672 2147483673 2147483675 2147483686 2147483687 2147483672 2147483673 2147483675 2147483686 2147483687 2147483825 49 52 54 57 53 51 50 2147483825 
2147483814 2147483648 2147483662 2147483687 2147483736 2147483740 2147483741 2147483742 2147483743 2147483745 2147483746 2147483747 2147483748 2147483749 2147483750 2147483751 2147483648 2147483662 2147483687 2147483736 2147483740 2147483741 2147483742 2147483743 2147483745 2147483746 2147483747 2147483748 2147483749 2147483750 2147483751 2147483823 2147483825 2147483839 2147483840 2147483841 49 52 54 57 53 127 128 129 130 51 133 134 131 132 50 2147483823 2147483825 2147483839 2147483840 2147483841 
2147483816 2147483648 2147483687 2147483648 2147483687 2147483823 2147483825 49 52 51 133 50 2147483823 2147483825 
2147483818 2147483669 2147483670 2147483686 2147483687 2147483772 2147483773 2147483669 2147483670 2147483686 2147483687 2147483772 2147483773 2147483819 2147483820 2147483825 49 52 54 57 53 127 128 129 130 51 133 134 131 132 50 2147483819 2147483820 2147483825 
2147483819 2147483669 2147483670 2147483686 2147483687 2147483772 2147483773 2147483818 2147483669 2147483670 2147483686 2147483687 2147483772 2147483773 2147483818 2147483820 2147483825 49 52 54 57 53 127 128 129 130 51 133 134 131 132 50 2147483820 2147483825 
2147483820 2147483669 2147483670 2147483686 2147483687 2147483773 2147483818 2147483819 2147483669 2147483670 2147483686 2147483687 2147483773 2147483818 2147483819 2147483825 53 49 52 51 133 134 131 132 50 2147483825 
2147483823 2147483648 2147483650 2147483662 2147483687 2147483726 2147483730 2147483736 2147483740 2147483741 2147483742 2147483743 2147483745 2147483746 2147483747 2147483748 2147483749 2147483750 2147483751 2147483814 2147483816 2147483648 2147483650 2147483662 2147483687 2147483726 2147483730 2147483736 2147483740 2147483741 2147483742 2147483743 2147483745 2147483746 2147483747 2147483748 2147483749 2147483750 2147483751 2147483814 2147483816 2147483825 2147483839 2147483840 2147483841 49 52 54 57 53 127 128 129 130 51 133 134 131 132 50 2147483825 2147483839 2147483840 2147483841 
2147483825 2147483648 2147483650 2147483662 2147483669 2147483670 2147483672 2147483673 2147483675 2147483686 2147483687 2147483692 2147483699 2147483700 2147483701 2147483702 2147483703 2147483721 2147483722 2147483726 2147483730 2147483736 2147483751 2147483764 2147483777 2147483779 2147483784 2147483786 2147483793 2147483795 2147483800 2147483801 2147483805 2147483814 2147483816 2147483818 2147483819 2147483820 2147483823 2147483648 2147483650 2147483662 2147483669 2147483670 2147483672 2147483673 2147483675 2147483686 2147483687 2147483692 2147483699 2147483700 2147483701 2147483702 2147483703 2147483721 2147483722 2147483726 2147483730 2147483736 2147483751 2147483764 2147483777 2147483779 2147483784 2147483786 2147483793 2147483795 2147483800 2147483801 2147483805 2147483814 2147483816 2147483818 2147483819 2147483820 2147483823 2147483828 2147483829 2147483830 2147483832 2147483833 2147483835 2147483836 2147483837 2147483839 2147483841 25 22 27 32 26 24 23 269 270 267 268 2147483828 2147483829 2147483830 2147483832 2147483833 2147483835 2147483836 2147483837 2147483839 2147483841 
2147483826 2147483648 2147483712 2147483758 2147483648 2147483712 2147483758 22 25 269 
2147483828 2147483648 2147483686 2147483687 2147483825 2147483648 2147483686 2147483687 2147483825 49 52 51 133 50 
2147483829 2147483669 2147483670 2147483672 2147483686 2147483687 2147483825 2147483669 2147483670 2147483672 2147483686 2147483687 2147483825 49 52 53 51 131 132 50 
2147483830 2147483648 2147483650 2147483687 2147483825 2147483648 2147483650 2147483687 2147483825 49 52 54 133 50 
2147483831 2147483648 2147483648 49 133 
2147483832 2147483669 2147483670 2147483686 2147483687 2147483825 2147483669 2147483670 2147483686 2147483687 2147483825 49 52 51 131 132 50 
2147483833 2147483686 2147483687 2147483825 2147483686 2147483687 2147483825 49 52 51 50 
2147483835 2147483686 2147483687 2147483692 2147483825 2147483686 2147483687 2147483692 2147483825 49 52 54 51 50 
2147483836 2147483686 2147483687 2147483825 2147483686 2147483687 2147483825 49 52 51 50 
2147483837 2147483669 2147483670 2147483686 2147483687 2147483825 2147483669 2147483670 2147483686 2147483687 2147483825 49 52 51 131 132 50 
2147483839 2147483648 2147483662 2147483687 2147483736 2147483751 2147483814 2147483823 2147483825 2147483648 2147483662 2147483687 2147483736 2147483751 2147483814 2147483823 2147483825 2147483841 49 52 54 51 133 134 131 132 50 2147483841 
2147483840 2147483648 2147483662 2147483687 2147483814 2147483823 2147483648 2147483662 2147483687 2147483814 2147483823 57 134 49 52 54 53 127 128 129 130 51 133 131 132 50 
2147483841 2147483648 2147483650 2147483662 2147483687 2147483721 2147483722 2147483726 2147483730 2147483736 2147483740 2147483741 2147483742 2147483743 2147483745 2147483746 2147483747 2147483748 2147483749 2147483750 2147483751 2147483814 2147483823 2147483825 2147483839 2147483648 2147483650 2147483662 2147483687 2147483721 2147483722 2147483726 2147483730 2147483736 2147483740 2147483741 2147483742 2147483743 2147483745 2147483746 2147483747 2147483748 2147483749 2147483750 2147483751 2147483814 2147483823 2147483825 2147483839 134 131 49 52 54 53 51 133 132 50 
