22 2147483656 2147483672 2147483719 2147483723 2147483754 2147483756 
23 2147483656 2147483672 2147483719 2147483723 2147483728 2147483756 
24 2147483672 2147483719 2147483723 2147483728 
25 2147483656 2147483672 2147483756 
26 2147483656 2147483672 2147483728 2147483756 
27 2147483656 2147483672 2147483756 
32 2147483656 2147483672 2147483728 2147483756 
49 2147483652 2147483653 2147483654 2147483655 2147483658 2147483664 2147483666 2147483668 2147483670 2147483671 2147483679 2147483680 2147483681 2147483688 2147483693 2147483697 2147483703 2147483706 2147483714 2147483731 2147483734 2147483743 2147483744 2147483745 2147483747 2147483748 2147483757 2147483758 2147483759 2147483761 
50 2147483652 2147483653 2147483664 2147483666 2147483668 2147483670 2147483671 2147483679 2147483680 2147483681 2147483703 2147483706 2147483718 2147483720 2147483731 2147483734 2147483743 2147483744 2147483745 2147483747 2147483748 2147483757 2147483758 2147483759 2147483761 
51 2147483652 2147483664 2147483666 2147483668 2147483670 2147483671 2147483679 2147483680 2147483681 2147483718 2147483720 2147483731 2147483734 2147483743 2147483744 2147483745 2147483747 2147483748 2147483758 2147483759 2147483761 
52 2147483652 2147483653 2147483654 2147483655 2147483658 2147483664 2147483666 2147483670 2147483671 2147483679 2147483680 2147483681 2147483688 2147483693 2147483697 2147483703 2147483706 2147483714 2147483731 2147483734 2147483743 2147483744 2147483745 2147483747 2147483748 2147483757 2147483758 2147483759 2147483761 
53 2147483652 2147483653 2147483654 2147483655 2147483658 2147483664 2147483666 2147483668 2147483670 2147483671 2147483679 2147483688 2147483697 2147483703 2147483706 2147483714 2147483718 2147483720 2147483731 2147483734 2147483757 2147483758 2147483759 
54 2147483652 2147483653 2147483654 2147483655 2147483658 2147483664 2147483666 2147483670 2147483671 2147483679 2147483680 2147483688 2147483693 2147483697 2147483703 2147483706 2147483731 2147483734 2147483743 2147483744 2147483745 2147483747 2147483757 2147483758 2147483759 2147483761 
57 2147483652 2147483653 2147483654 2147483655 2147483658 2147483664 2147483666 2147483668 2147483670 2147483671 2147483679 2147483688 2147483693 2147483697 2147483703 2147483706 2147483718 2147483731 2147483734 2147483744 2147483745 2147483747 2147483757 2147483758 2147483759 2147483761 
127 2147483652 2147483664 2147483666 2147483731 2147483758 2147483759 
128 2147483652 2147483664 2147483666 2147483731 2147483758 2147483759 
129 2147483652 2147483664 2147483666 2147483731 2147483758 2147483759 
130 2147483652 2147483664 2147483666 2147483731 2147483758 2147483759 
131 2147483652 2147483664 2147483666 2147483668 2147483670 2147483671 2147483679 2147483680 2147483681 2147483718 2147483720 2147483731 2147483734 2147483743 2147483744 2147483745 2147483747 2147483748 2147483758 2147483759 2147483761 
132 2147483652 2147483664 2147483666 2147483668 2147483670 2147483671 2147483679 2147483680 2147483681 2147483718 2147483720 2147483731 2147483734 2147483743 2147483744 2147483745 2147483747 2147483748 2147483758 2147483759 2147483761 
133 2147483652 2147483664 2147483666 2147483668 2147483670 2147483671 2147483679 2147483680 2147483681 2147483718 2147483720 2147483731 2147483734 2147483743 2147483744 2147483745 2147483747 2147483748 2147483758 2147483759 2147483761 
134 2147483652 2147483653 2147483654 2147483658 2147483664 2147483666 2147483668 2147483670 2147483671 2147483679 2147483680 2147483681 2147483688 2147483697 2147483703 2147483706 2147483714 2147483718 2147483720 2147483731 2147483734 2147483743 2147483744 2147483745 2147483747 2147483748 2147483757 2147483758 2147483759 2147483761 
263 
264 
265 
266 
267 2147483672 2147483719 2147483723 2147483728 
268 2147483672 2147483719 2147483723 2147483728 
269 2147483672 2147483719 2147483723 2147483728 
270 2147483656 2147483672 2147483719 2147483723 2147483728 2147483754 2147483756 
2147483652 2147483653 2147483654 2147483656 2147483658 2147483664 2147483666 2147483668 2147483670 2147483671 2147483672 2147483679 2147483680 2147483681 2147483688 2147483697 2147483703 2147483706 2147483714 2147483718 2147483719 2147483720 2147483723 2147483728 2147483731 2147483734 2147483743 2147483744 2147483745 2147483747 2147483748 2147483754 2147483756 2147483757 2147483758 2147483759 2147483761 53 49 52 54 57 127 128 129 130 51 133 134 131 132 50 2147483653 2147483654 2147483656 2147483658 2147483664 2147483666 2147483668 2147483670 2147483671 2147483672 2147483679 2147483680 2147483681 2147483688 2147483697 2147483703 2147483706 2147483714 2147483718 2147483719 2147483720 2147483723 2147483728 2147483731 2147483734 2147483743 2147483744 2147483745 2147483747 2147483748 2147483754 2147483756 2147483757 2147483758 2147483759 2147483761 
2147483653 2147483652 2147483652 2147483654 2147483655 2147483656 2147483658 2147483688 2147483693 2147483697 2147483703 2147483706 2147483714 2147483756 2147483757 49 52 54 57 53 134 50 2147483654 2147483655 2147483656 2147483658 2147483688 2147483693 2147483697 2147483703 2147483706 2147483714 2147483756 2147483757 
2147483654 2147483652 2147483653 2147483652 2147483653 2147483655 2147483656 2147483688 2147483693 49 52 54 57 53 134 2147483655 2147483656 2147483688 2147483693 
2147483655 2147483653 2147483654 2147483653 2147483654 2147483656 2147483688 49 52 54 57 53 2147483656 2147483688 
2147483656 2147483652 2147483653 2147483654 2147483655 2147483652 2147483653 2147483654 2147483655 2147483658 2147483688 2147483697 2147483703 2147483706 2147483756 2147483757 22 25 27 32 26 23 270 2147483658 2147483688 2147483697 2147483703 2147483706 2147483756 2147483757 
2147483658 2147483652 2147483653 2147483656 2147483652 2147483653 2147483656 2147483697 2147483757 49 52 54 57 53 134 2147483697 2147483757 
2147483664 2147483652 2147483652 2147483666 2147483668 2147483670 2147483671 2147483672 2147483679 2147483680 2147483681 2147483718 2147483719 2147483720 2147483723 2147483728 2147483731 2147483734 2147483743 2147483744 2147483745 2147483747 2147483748 2147483758 2147483759 2147483761 49 52 54 57 53 127 128 129 130 51 133 134 131 132 50 2147483666 2147483668 2147483670 2147483671 2147483672 2147483679 2147483680 2147483681 2147483718 2147483719 2147483720 2147483723 2147483728 2147483731 2147483734 2147483743 2147483744 2147483745 2147483747 2147483748 2147483758 2147483759 2147483761 
2147483666 2147483652 2147483664 2147483652 2147483664 2147483668 2147483670 2147483671 2147483672 2147483679 2147483680 2147483681 2147483718 2147483719 2147483720 2147483723 2147483728 2147483731 2147483734 2147483743 2147483744 2147483745 2147483747 2147483748 2147483758 2147483759 2147483761 131 49 52 54 57 53 127 128 129 130 51 133 134 132 50 2147483668 2147483670 2147483671 2147483672 2147483679 2147483680 2147483681 2147483718 2147483719 2147483720 2147483723 2147483728 2147483731 2147483734 2147483743 2147483744 2147483745 2147483747 2147483748 2147483758 2147483759 2147483761 
2147483668 2147483652 2147483664 2147483666 2147483652 2147483664 2147483666 2147483679 2147483728 2147483731 2147483758 2147483759 53 49 57 51 133 134 131 132 50 2147483679 2147483728 2147483731 2147483758 2147483759 
2147483670 2147483652 2147483664 2147483666 2147483652 2147483664 2147483666 2147483671 2147483672 2147483679 2147483731 2147483734 2147483758 2147483759 2147483761 49 52 54 57 53 51 133 134 131 132 50 2147483671 2147483672 2147483679 2147483731 2147483734 2147483758 2147483759 2147483761 
2147483671 2147483652 2147483664 2147483666 2147483670 2147483652 2147483664 2147483666 2147483670 2147483672 2147483679 2147483731 2147483734 2147483758 2147483759 49 52 54 57 53 51 133 134 131 132 50 2147483672 2147483679 2147483731 2147483734 2147483758 2147483759 
2147483672 2147483652 2147483664 2147483666 2147483670 2147483671 2147483652 2147483664 2147483666 2147483670 2147483671 2147483679 2147483731 2147483734 2147483758 2147483759 22 25 27 32 26 24 23 269 270 267 268 2147483679 2147483731 2147483734 2147483758 2147483759 
2147483679 2147483652 2147483664 2147483666 2147483668 2147483670 2147483671 2147483672 2147483652 2147483664 2147483666 2147483668 2147483670 2147483671 2147483672 2147483680 2147483681 2147483731 2147483734 2147483743 2147483744 2147483745 2147483747 2147483748 2147483758 2147483759 2147483761 49 52 54 57 53 51 133 134 131 132 50 2147483680 2147483681 2147483731 2147483734 2147483743 2147483744 2147483745 2147483747 2147483748 2147483758 2147483759 2147483761 
2147483680 2147483652 2147483664 2147483666 2147483679 2147483652 2147483664 2147483666 2147483679 2147483731 2147483743 2147483758 2147483759 49 52 54 51 133 134 131 132 50 2147483731 2147483743 2147483758 2147483759 
2147483681 2147483652 2147483664 2147483666 2147483679 2147483652 2147483664 2147483666 2147483679 2147483731 2147483758 2147483759 49 52 51 133 134 131 132 50 2147483731 2147483758 2147483759 
2147483688 2147483652 2147483653 2147483654 2147483655 2147483656 2147483652 2147483653 2147483654 2147483655 2147483656 2147483693 49 52 54 57 53 134 2147483693 
2147483693 2147483653 2147483654 2147483688 2147483653 2147483654 2147483688 49 52 54 57 
2147483697 2147483652 2147483653 2147483656 2147483658 2147483652 2147483653 2147483656 2147483658 2147483703 2147483757 49 52 54 57 53 134 2147483703 2147483757 
2147483703 2147483652 2147483653 2147483656 2147483697 2147483652 2147483653 2147483656 2147483697 2147483706 2147483756 2147483757 49 52 54 57 53 134 50 2147483706 2147483756 2147483757 
2147483706 2147483652 2147483653 2147483656 2147483703 2147483652 2147483653 2147483656 2147483703 2147483756 2147483757 49 52 54 57 53 134 50 2147483756 2147483757 
2147483714 2147483652 2147483653 2147483652 2147483653 2147483756 49 52 53 134 2147483756 
2147483718 2147483652 2147483664 2147483666 2147483652 2147483664 2147483666 2147483731 2147483758 2147483759 57 53 51 133 134 131 132 50 2147483731 2147483758 2147483759 
2147483719 2147483652 2147483664 2147483666 2147483652 2147483664 2147483666 2147483731 2147483758 2147483759 22 24 23 269 270 267 268 2147483731 2147483758 2147483759 
2147483720 2147483652 2147483664 2147483666 2147483652 2147483664 2147483666 2147483731 2147483758 2147483759 53 51 133 134 131 132 50 2147483731 2147483758 2147483759 
2147483723 2147483652 2147483664 2147483666 2147483652 2147483664 2147483666 2147483731 2147483758 2147483759 22 24 23 269 270 267 268 2147483731 2147483758 2147483759 
2147483728 2147483652 2147483664 2147483666 2147483668 2147483652 2147483664 2147483666 2147483668 2147483731 2147483758 2147483759 32 26 24 23 269 270 267 268 2147483731 2147483758 2147483759 
2147483731 2147483652 2147483664 2147483666 2147483668 2147483670 2147483671 2147483672 2147483679 2147483680 2147483681 2147483718 2147483719 2147483720 2147483723 2147483728 2147483652 2147483664 2147483666 2147483668 2147483670 2147483671 2147483672 2147483679 2147483680 2147483681 2147483718 2147483719 2147483720 2147483723 2147483728 2147483734 2147483743 2147483744 2147483745 2147483747 2147483748 2147483758 2147483759 2147483761 54 49 52 57 53 127 128 129 130 51 133 134 131 132 50 2147483734 2147483743 2147483744 2147483745 2147483747 2147483748 2147483758 2147483759 2147483761 
2147483734 2147483652 2147483664 2147483666 2147483670 2147483671 2147483672 2147483679 2147483731 2147483652 2147483664 2147483666 2147483670 2147483671 2147483672 2147483679 2147483731 2147483758 2147483759 2147483761 49 52 54 57 53 51 133 134 131 132 50 2147483758 2147483759 2147483761 
2147483743 2147483652 2147483664 2147483666 2147483679 2147483680 2147483731 2147483652 2147483664 2147483666 2147483679 2147483680 2147483731 2147483758 2147483759 49 52 54 51 133 134 131 132 50 2147483758 2147483759 
2147483744 2147483652 2147483664 2147483666 2147483679 2147483731 2147483652 2147483664 2147483666 2147483679 2147483731 2147483745 2147483747 2147483758 2147483759 49 52 54 57 51 133 134 131 132 50 2147483745 2147483747 2147483758 2147483759 
2147483745 2147483652 2147483664 2147483666 2147483679 2147483731 2147483744 2147483652 2147483664 2147483666 2147483679 2147483731 2147483744 2147483747 2147483758 2147483759 49 52 54 57 51 133 134 131 132 50 2147483747 2147483758 2147483759 
2147483747 2147483652 2147483664 2147483666 2147483679 2147483731 2147483744 2147483745 2147483652 2147483664 2147483666 2147483679 2147483731 2147483744 2147483745 2147483758 2147483759 49 52 54 57 51 133 134 131 132 50 2147483758 2147483759 
2147483748 2147483652 2147483664 2147483666 2147483679 2147483731 2147483652 2147483664 2147483666 2147483679 2147483731 2147483758 2147483759 49 52 51 133 134 131 132 50 2147483758 2147483759 
2147483754 2147483652 2147483652 22 270 
2147483756 2147483652 2147483653 2147483656 2147483703 2147483706 2147483714 2147483652 2147483653 2147483656 2147483703 2147483706 2147483714 2147483757 22 25 27 32 26 23 270 2147483757 
2147483757 2147483652 2147483653 2147483656 2147483658 2147483697 2147483703 2147483706 2147483756 2147483652 2147483653 2147483656 2147483658 2147483697 2147483703 2147483706 2147483756 49 52 54 57 53 134 50 
2147483758 2147483652 2147483664 2147483666 2147483668 2147483670 2147483671 2147483672 2147483679 2147483680 2147483681 2147483718 2147483719 2147483720 2147483723 2147483728 2147483731 2147483734 2147483743 2147483744 2147483745 2147483747 2147483748 2147483652 2147483664 2147483666 2147483668 2147483670 2147483671 2147483672 2147483679 2147483680 2147483681 2147483718 2147483719 2147483720 2147483723 2147483728 2147483731 2147483734 2147483743 2147483744 2147483745 2147483747 2147483748 2147483759 2147483761 49 52 54 57 53 127 128 129 130 51 133 134 131 132 50 2147483759 2147483761 
2147483759 2147483652 2147483664 2147483666 2147483668 2147483670 2147483671 2147483672 2147483679 2147483680 2147483681 2147483718 2147483719 2147483720 2147483723 2147483728 2147483731 2147483734 2147483743 2147483744 2147483745 2147483747 2147483748 2147483758 2147483652 2147483664 2147483666 2147483668 2147483670 2147483671 2147483672 2147483679 2147483680 2147483681 2147483718 2147483719 2147483720 2147483723 2147483728 2147483731 2147483734 2147483743 2147483744 2147483745 2147483747 2147483748 2147483758 2147483761 51 49 52 54 57 53 127 128 129 130 133 134 131 132 50 2147483761 
2147483761 2147483652 2147483664 2147483666 2147483670 2147483679 2147483731 2147483734 2147483758 2147483759 2147483652 2147483664 2147483666 2147483670 2147483679 2147483731 2147483734 2147483758 2147483759 49 52 54 57 51 133 134 131 132 50 
