22 2147483723 2147483741 2147483770 2147483803 2147483845 2147483849 
23 2147483723 2147483770 2147483816 2147483845 2147483849 
24 2147483723 2147483770 2147483803 2147483816 2147483845 2147483849 
25 2147483741 2147483803 2147483845 2147483849 
26 2147483723 2147483816 2147483849 
27 2147483723 2147483741 2147483816 2147483845 2147483849 
32 2147483723 2147483816 2147483849 
49 2147483679 2147483680 2147483681 2147483684 2147483685 2147483689 2147483721 2147483722 2147483726 2147483728 2147483729 2147483730 2147483732 2147483733 2147483735 2147483736 2147483739 2147483747 2147483750 2147483751 2147483752 2147483753 2147483755 2147483759 2147483762 2147483763 2147483764 2147483767 2147483773 2147483774 2147483775 2147483776 2147483783 2147483784 2147483786 2147483787 2147483788 2147483796 2147483797 2147483798 2147483801 2147483809 2147483812 2147483815 2147483832 2147483833 2147483844 2147483847 2147483850 2147483852 2147483863 2147483866 2147483867 2147483869 2147483870 2147483871 2147483872 
50 2147483679 2147483680 2147483681 2147483684 2147483685 2147483689 2147483721 2147483722 2147483750 2147483751 2147483752 2147483753 2147483755 2147483759 2147483760 2147483761 2147483762 2147483763 2147483764 2147483765 2147483767 2147483773 2147483774 2147483775 2147483776 2147483777 2147483779 2147483780 2147483782 2147483783 2147483784 2147483786 2147483787 2147483788 2147483789 2147483812 2147483815 2147483832 2147483833 2147483844 2147483847 2147483850 2147483852 2147483863 2147483866 2147483869 2147483871 2147483872 
51 2147483679 2147483680 2147483681 2147483684 2147483685 2147483689 2147483721 2147483722 2147483726 2147483728 2147483729 2147483730 2147483732 2147483733 2147483747 2147483750 2147483751 2147483752 2147483753 2147483755 2147483759 2147483760 2147483761 2147483762 2147483763 2147483764 2147483765 2147483767 2147483773 2147483774 2147483775 2147483776 2147483777 2147483779 2147483780 2147483782 2147483783 2147483784 2147483786 2147483787 2147483788 2147483789 2147483809 2147483812 2147483815 2147483832 2147483833 2147483844 2147483847 2147483850 2147483852 2147483863 2147483866 2147483867 2147483869 2147483870 2147483871 2147483872 
52 2147483679 2147483680 2147483681 2147483721 2147483722 2147483726 2147483730 2147483736 2147483739 2147483747 2147483750 2147483751 2147483755 2147483759 2147483773 2147483774 2147483775 2147483798 2147483801 2147483812 2147483832 2147483833 2147483844 2147483847 2147483850 2147483852 2147483863 2147483866 2147483867 2147483869 2147483871 2147483872 
53 2147483679 2147483680 2147483722 2147483726 2147483750 2147483760 2147483761 2147483765 2147483777 2147483779 2147483780 2147483782 2147483789 2147483823 2147483824 2147483832 2147483844 2147483847 2147483850 2147483863 2147483866 2147483869 
54 2147483679 2147483680 2147483681 2147483721 2147483722 2147483726 2147483750 2147483751 2147483755 2147483815 2147483832 2147483833 2147483844 2147483847 2147483850 2147483863 2147483866 2147483869 
57 2147483679 2147483680 2147483722 2147483726 2147483750 2147483765 2147483777 2147483779 2147483780 2147483789 2147483832 2147483844 2147483847 2147483850 2147483863 2147483866 2147483869 
127 2147483679 2147483680 2147483722 2147483726 2147483750 2147483832 2147483844 2147483847 2147483850 2147483863 2147483866 2147483869 
128 2147483679 2147483680 2147483722 2147483726 2147483750 2147483832 2147483844 2147483847 2147483850 2147483863 2147483866 2147483869 
129 2147483679 2147483680 2147483722 2147483726 2147483750 2147483832 2147483844 2147483847 2147483850 2147483863 2147483866 2147483869 
130 2147483679 2147483680 2147483722 2147483726 2147483750 2147483832 2147483844 2147483847 2147483850 2147483863 2147483866 2147483869 
131 2147483679 2147483680 2147483685 2147483721 2147483722 2147483750 2147483767 2147483773 2147483774 2147483775 2147483776 2147483777 2147483779 2147483780 2147483782 2147483783 2147483784 2147483797 2147483798 2147483801 2147483809 2147483812 2147483815 2147483832 2147483844 2147483847 2147483850 2147483852 2147483863 2147483866 2147483869 
132 2147483679 2147483680 2147483681 2147483684 2147483685 2147483689 2147483721 2147483722 2147483735 2147483736 2147483739 2147483747 2147483750 2147483751 2147483752 2147483753 2147483755 2147483759 2147483760 2147483761 2147483762 2147483763 2147483764 2147483765 2147483767 2147483773 2147483774 2147483775 2147483776 2147483777 2147483779 2147483780 2147483782 2147483783 2147483784 2147483786 2147483787 2147483788 2147483789 2147483809 2147483812 2147483815 2147483832 2147483833 2147483844 2147483847 2147483850 2147483852 2147483863 2147483866 2147483869 2147483871 2147483872 
133 2147483679 2147483680 2147483681 2147483684 2147483685 2147483689 2147483721 2147483722 2147483750 2147483751 2147483752 2147483753 2147483755 2147483759 2147483760 2147483761 2147483762 2147483763 2147483764 2147483765 2147483767 2147483773 2147483774 2147483775 2147483776 2147483777 2147483779 2147483780 2147483782 2147483783 2147483784 2147483786 2147483787 2147483788 2147483789 2147483809 2147483812 2147483815 2147483832 2147483833 2147483844 2147483847 2147483850 2147483852 2147483863 2147483866 2147483869 2147483871 2147483872 
134 2147483679 2147483680 2147483684 2147483685 2147483721 2147483722 2147483750 2147483760 2147483761 2147483762 2147483763 2147483764 2147483765 2147483767 2147483773 2147483774 2147483775 2147483776 2147483777 2147483779 2147483780 2147483782 2147483783 2147483784 2147483809 2147483812 2147483815 2147483832 2147483844 2147483847 2147483850 2147483852 2147483863 2147483866 2147483869 
263 2147483849 
264 2147483849 
265 2147483849 
266 2147483849 
267 2147483723 2147483770 2147483803 2147483816 2147483849 
268 2147483723 2147483741 2147483770 2147483816 2147483845 2147483849 
269 2147483723 2147483770 2147483816 2147483845 2147483849 
270 2147483723 2147483770 2147483816 2147483849 
2147483679 2147483680 2147483681 2147483684 2147483685 2147483689 2147483750 2147483751 2147483752 2147483753 2147483755 2147483759 2147483760 2147483761 2147483762 2147483763 2147483764 2147483765 2147483767 2147483770 2147483773 2147483774 2147483775 2147483776 2147483777 2147483779 2147483780 2147483782 2147483783 2147483784 2147483786 2147483787 2147483788 2147483789 2147483832 2147483833 2147483844 2147483845 2147483847 2147483871 2147483872 49 52 54 57 53 127 128 129 130 51 133 134 131 132 50 2147483680 2147483681 2147483684 2147483685 2147483689 2147483750 2147483751 2147483752 2147483753 2147483755 2147483759 2147483760 2147483761 2147483762 2147483763 2147483764 2147483765 2147483767 2147483770 2147483773 2147483774 2147483775 2147483776 2147483777 2147483779 2147483780 2147483782 2147483783 2147483784 2147483786 2147483787 2147483788 2147483789 2147483832 2147483833 2147483844 2147483845 2147483847 2147483871 2147483872 
2147483680 2147483679 2147483679 2147483684 2147483685 2147483750 2147483760 2147483761 2147483762 2147483763 2147483764 2147483765 2147483767 2147483770 2147483773 2147483774 2147483775 2147483776 2147483777 2147483779 2147483780 2147483782 2147483783 2147483784 2147483832 2147483844 2147483847 49 52 54 57 53 127 128 129 130 51 133 134 131 132 50 2147483684 2147483685 2147483750 2147483760 2147483761 2147483762 2147483763 2147483764 2147483765 2147483767 2147483770 2147483773 2147483774 2147483775 2147483776 2147483777 2147483779 2147483780 2147483782 2147483783 2147483784 2147483832 2147483844 2147483847 
2147483681 2147483679 2147483679 2147483750 2147483751 2147483832 2147483844 2147483845 49 52 54 51 133 132 50 2147483750 2147483751 2147483832 2147483844 2147483845 
2147483684 2147483679 2147483680 2147483679 2147483680 2147483750 2147483832 2147483844 49 51 133 134 132 50 2147483750 2147483832 2147483844 
2147483685 2147483679 2147483680 2147483679 2147483680 2147483750 2147483832 2147483844 2147483847 49 51 133 134 131 132 50 2147483750 2147483832 2147483844 2147483847 
2147483689 2147483679 2147483679 2147483750 2147483832 2147483844 49 51 133 132 50 2147483750 2147483832 2147483844 
2147483721 2147483722 2147483723 2147483812 2147483849 2147483850 2147483863 2147483866 2147483869 49 52 54 51 133 134 131 132 50 2147483722 2147483723 2147483812 2147483849 2147483850 2147483863 2147483866 2147483869 
2147483722 2147483721 2147483721 2147483723 2147483803 2147483809 2147483812 2147483815 2147483816 2147483849 2147483850 2147483852 2147483863 2147483866 2147483869 57 49 52 54 53 127 128 129 130 51 133 134 131 132 50 2147483723 2147483803 2147483809 2147483812 2147483815 2147483816 2147483849 2147483850 2147483852 2147483863 2147483866 2147483869 
2147483723 2147483721 2147483722 2147483721 2147483722 2147483815 2147483816 2147483849 2147483850 2147483863 2147483866 2147483869 27 22 32 26 24 23 269 270 267 268 2147483815 2147483816 2147483849 2147483850 2147483863 2147483866 2147483869 
2147483726 2147483728 2147483729 2147483730 2147483732 2147483733 2147483867 2147483870 53 49 52 54 57 127 128 129 130 51 2147483728 2147483729 2147483730 2147483732 2147483733 2147483867 2147483870 
2147483728 2147483726 2147483726 49 51 
2147483729 2147483726 2147483726 49 51 
2147483730 2147483726 2147483726 2147483867 49 52 51 2147483867 
2147483732 2147483726 2147483726 49 51 
2147483733 2147483726 2147483726 49 51 
2147483735 2147483832 49 132 2147483832 
2147483736 2147483739 2147483832 49 52 132 2147483739 2147483832 
2147483739 2147483736 2147483736 2147483832 49 52 132 2147483832 
2147483741 2147483832 2147483833 2147483845 22 25 27 268 2147483832 2147483833 2147483845 
2147483747 2147483750 2147483832 2147483845 49 52 51 132 2147483750 2147483832 2147483845 
2147483750 2147483679 2147483680 2147483681 2147483684 2147483685 2147483689 2147483747 2147483679 2147483680 2147483681 2147483684 2147483685 2147483689 2147483747 2147483751 2147483752 2147483753 2147483755 2147483759 2147483760 2147483761 2147483762 2147483763 2147483764 2147483765 2147483767 2147483770 2147483773 2147483774 2147483775 2147483776 2147483777 2147483779 2147483780 2147483782 2147483783 2147483784 2147483786 2147483787 2147483788 2147483789 2147483832 2147483833 2147483844 2147483845 2147483847 2147483871 2147483872 49 52 54 57 53 127 128 129 130 51 133 134 131 132 50 2147483751 2147483752 2147483753 2147483755 2147483759 2147483760 2147483761 2147483762 2147483763 2147483764 2147483765 2147483767 2147483770 2147483773 2147483774 2147483775 2147483776 2147483777 2147483779 2147483780 2147483782 2147483783 2147483784 2147483786 2147483787 2147483788 2147483789 2147483832 2147483833 2147483844 2147483845 2147483847 2147483871 2147483872 
2147483751 2147483679 2147483681 2147483750 2147483679 2147483681 2147483750 2147483755 2147483759 2147483832 2147483844 2147483845 2147483871 2147483872 49 52 54 51 133 132 50 2147483755 2147483759 2147483832 2147483844 2147483845 2147483871 2147483872 
2147483752 2147483679 2147483750 2147483679 2147483750 2147483832 2147483844 49 51 133 132 50 2147483832 2147483844 
2147483753 2147483679 2147483750 2147483679 2147483750 2147483832 2147483844 49 51 133 132 50 2147483832 2147483844 
2147483755 2147483679 2147483750 2147483751 2147483679 2147483750 2147483751 2147483832 2147483844 2147483845 49 52 54 51 133 132 50 2147483832 2147483844 2147483845 
2147483759 2147483679 2147483750 2147483751 2147483679 2147483750 2147483751 2147483832 2147483844 49 52 51 133 132 50 2147483832 2147483844 
2147483760 2147483679 2147483680 2147483750 2147483679 2147483680 2147483750 2147483832 2147483844 53 51 133 134 132 50 2147483832 2147483844 
2147483761 2147483679 2147483680 2147483750 2147483679 2147483680 2147483750 2147483832 2147483844 53 51 133 134 132 50 2147483832 2147483844 
2147483762 2147483679 2147483680 2147483750 2147483679 2147483680 2147483750 2147483832 2147483844 49 51 133 134 132 50 2147483832 2147483844 
2147483763 2147483679 2147483680 2147483750 2147483679 2147483680 2147483750 2147483832 2147483844 49 51 133 134 132 50 2147483832 2147483844 
2147483764 2147483679 2147483680 2147483750 2147483679 2147483680 2147483750 2147483832 2147483844 49 51 133 134 132 50 2147483832 2147483844 
2147483765 2147483679 2147483680 2147483750 2147483679 2147483680 2147483750 2147483832 2147483844 57 53 51 133 134 132 50 2147483832 2147483844 
2147483767 2147483679 2147483680 2147483750 2147483679 2147483680 2147483750 2147483832 2147483844 2147483847 49 51 133 134 131 132 50 2147483832 2147483844 2147483847 
2147483770 2147483679 2147483680 2147483750 2147483679 2147483680 2147483750 2147483832 2147483844 2147483847 22 24 23 269 270 267 268 2147483832 2147483844 2147483847 
2147483773 2147483679 2147483680 2147483750 2147483679 2147483680 2147483750 2147483774 2147483775 2147483832 2147483844 2147483847 49 52 51 133 134 131 132 50 2147483774 2147483775 2147483832 2147483844 2147483847 
2147483774 2147483679 2147483680 2147483750 2147483773 2147483679 2147483680 2147483750 2147483773 2147483832 2147483844 2147483847 49 52 51 133 134 131 132 50 2147483832 2147483844 2147483847 
2147483775 2147483679 2147483680 2147483750 2147483773 2147483679 2147483680 2147483750 2147483773 2147483832 2147483844 2147483847 49 52 51 133 134 131 132 50 2147483832 2147483844 2147483847 
2147483776 2147483679 2147483680 2147483750 2147483679 2147483680 2147483750 2147483832 2147483844 2147483847 49 51 133 134 131 132 50 2147483832 2147483844 2147483847 
2147483777 2147483679 2147483680 2147483750 2147483679 2147483680 2147483750 2147483832 2147483844 2147483847 57 53 51 133 134 131 132 50 2147483832 2147483844 2147483847 
2147483779 2147483679 2147483680 2147483750 2147483679 2147483680 2147483750 2147483780 2147483832 2147483844 2147483847 53 57 51 133 134 131 132 50 2147483780 2147483832 2147483844 2147483847 
2147483780 2147483679 2147483680 2147483750 2147483779 2147483679 2147483680 2147483750 2147483779 2147483832 2147483844 2147483847 57 53 51 133 134 131 132 50 2147483832 2147483844 2147483847 
2147483782 2147483679 2147483680 2147483750 2147483679 2147483680 2147483750 2147483832 2147483844 2147483847 53 51 133 134 131 132 50 2147483832 2147483844 2147483847 
2147483783 2147483679 2147483680 2147483750 2147483679 2147483680 2147483750 2147483832 2147483844 2147483847 49 51 133 134 131 132 50 2147483832 2147483844 2147483847 
2147483784 2147483679 2147483680 2147483750 2147483679 2147483680 2147483750 2147483832 2147483844 2147483847 49 51 133 134 131 132 50 2147483832 2147483844 2147483847 
2147483786 2147483679 2147483750 2147483679 2147483750 2147483832 2147483844 49 51 133 132 50 2147483832 2147483844 
2147483787 2147483679 2147483750 2147483679 2147483750 2147483832 2147483844 49 51 133 132 50 2147483832 2147483844 
2147483788 2147483679 2147483750 2147483679 2147483750 2147483832 2147483844 49 51 133 132 50 2147483832 2147483844 
2147483789 2147483679 2147483750 2147483679 2147483750 2147483832 2147483844 57 53 51 133 132 50 2147483832 2147483844 
2147483796 49 
2147483797 2147483850 49 131 2147483850 
2147483798 2147483801 2147483850 49 52 131 2147483801 2147483850 
2147483801 2147483798 2147483798 2147483850 49 52 131 2147483850 
2147483803 2147483722 2147483722 2147483850 2147483852 22 25 24 267 2147483850 2147483852 
2147483809 2147483722 2147483722 2147483849 2147483850 2147483866 2147483869 49 51 133 134 131 132 2147483849 2147483850 2147483866 2147483869 
2147483812 2147483721 2147483722 2147483721 2147483722 2147483849 2147483850 2147483863 2147483866 2147483869 49 52 51 133 134 131 132 50 2147483849 2147483850 2147483863 2147483866 2147483869 
2147483815 2147483722 2147483723 2147483722 2147483723 2147483849 2147483850 2147483863 2147483866 2147483869 49 54 51 133 134 131 132 50 2147483849 2147483850 2147483863 2147483866 2147483869 
2147483816 2147483722 2147483723 2147483722 2147483723 2147483849 2147483850 2147483863 2147483866 2147483869 32 27 26 24 23 269 270 267 268 2147483849 2147483850 2147483863 2147483866 2147483869 
2147483823 53 
2147483824 53 
2147483832 2147483679 2147483680 2147483681 2147483684 2147483685 2147483689 2147483735 2147483736 2147483739 2147483741 2147483747 2147483750 2147483751 2147483752 2147483753 2147483755 2147483759 2147483760 2147483761 2147483762 2147483763 2147483764 2147483765 2147483767 2147483770 2147483773 2147483774 2147483775 2147483776 2147483777 2147483779 2147483780 2147483782 2147483783 2147483784 2147483786 2147483787 2147483788 2147483789 2147483679 2147483680 2147483681 2147483684 2147483685 2147483689 2147483735 2147483736 2147483739 2147483741 2147483747 2147483750 2147483751 2147483752 2147483753 2147483755 2147483759 2147483760 2147483761 2147483762 2147483763 2147483764 2147483765 2147483767 2147483770 2147483773 2147483774 2147483775 2147483776 2147483777 2147483779 2147483780 2147483782 2147483783 2147483784 2147483786 2147483787 2147483788 2147483789 2147483833 2147483844 2147483845 2147483847 2147483871 2147483872 49 52 54 57 53 127 128 129 130 51 133 134 131 132 50 2147483833 2147483844 2147483845 2147483847 2147483871 2147483872 
2147483833 2147483679 2147483741 2147483750 2147483832 2147483679 2147483741 2147483750 2147483832 2147483844 2147483845 50 49 52 54 51 133 132 2147483844 2147483845 
2147483844 2147483679 2147483680 2147483681 2147483684 2147483685 2147483689 2147483750 2147483751 2147483752 2147483753 2147483755 2147483759 2147483760 2147483761 2147483762 2147483763 2147483764 2147483765 2147483767 2147483770 2147483773 2147483774 2147483775 2147483776 2147483777 2147483779 2147483780 2147483782 2147483783 2147483784 2147483786 2147483787 2147483788 2147483789 2147483832 2147483833 2147483679 2147483680 2147483681 2147483684 2147483685 2147483689 2147483750 2147483751 2147483752 2147483753 2147483755 2147483759 2147483760 2147483761 2147483762 2147483763 2147483764 2147483765 2147483767 2147483770 2147483773 2147483774 2147483775 2147483776 2147483777 2147483779 2147483780 2147483782 2147483783 2147483784 2147483786 2147483787 2147483788 2147483789 2147483832 2147483833 2147483845 2147483847 2147483871 2147483872 52 49 54 57 53 127 128 129 130 51 133 134 131 132 50 2147483845 2147483847 2147483871 2147483872 
2147483845 2147483679 2147483681 2147483741 2147483747 2147483750 2147483751 2147483755 2147483832 2147483833 2147483844 2147483679 2147483681 2147483741 2147483747 2147483750 2147483751 2147483755 2147483832 2147483833 2147483844 22 25 27 24 23 269 268 
2147483847 2147483679 2147483680 2147483685 2147483750 2147483767 2147483770 2147483773 2147483774 2147483775 2147483776 2147483777 2147483779 2147483780 2147483782 2147483783 2147483784 2147483832 2147483844 2147483679 2147483680 2147483685 2147483750 2147483767 2147483770 2147483773 2147483774 2147483775 2147483776 2147483777 2147483779 2147483780 2147483782 2147483783 2147483784 2147483832 2147483844 49 52 54 57 53 127 128 129 130 51 133 134 131 132 50 
2147483849 2147483721 2147483722 2147483723 2147483809 2147483812 2147483815 2147483816 2147483721 2147483722 2147483723 2147483809 2147483812 2147483815 2147483816 2147483850 2147483852 2147483863 2147483866 2147483869 22 25 27 32 26 263 264 265 266 24 23 269 270 267 268 2147483850 2147483852 2147483863 2147483866 2147483869 
2147483850 2147483721 2147483722 2147483723 2147483797 2147483798 2147483801 2147483803 2147483809 2147483812 2147483815 2147483816 2147483849 2147483721 2147483722 2147483723 2147483797 2147483798 2147483801 2147483803 2147483809 2147483812 2147483815 2147483816 2147483849 2147483852 2147483863 2147483866 2147483869 49 52 54 57 53 127 128 129 130 51 133 134 131 132 50 2147483852 2147483863 2147483866 2147483869 
2147483852 2147483722 2147483803 2147483849 2147483850 2147483722 2147483803 2147483849 2147483850 2147483863 2147483866 2147483869 50 49 52 51 133 134 131 132 2147483863 2147483866 2147483869 
2147483863 2147483721 2147483722 2147483723 2147483812 2147483815 2147483816 2147483849 2147483850 2147483852 2147483721 2147483722 2147483723 2147483812 2147483815 2147483816 2147483849 2147483850 2147483852 2147483866 2147483869 49 52 54 57 53 127 128 129 130 51 133 134 131 132 50 2147483866 2147483869 
2147483866 2147483721 2147483722 2147483723 2147483809 2147483812 2147483815 2147483816 2147483849 2147483850 2147483852 2147483863 2147483721 2147483722 2147483723 2147483809 2147483812 2147483815 2147483816 2147483849 2147483850 2147483852 2147483863 2147483869 53 49 52 54 57 127 128 129 130 51 133 134 131 132 50 2147483869 
2147483867 2147483726 2147483730 2147483726 2147483730 49 52 51 
2147483869 2147483721 2147483722 2147483723 2147483809 2147483812 2147483815 2147483816 2147483849 2147483850 2147483852 2147483863 2147483866 2147483721 2147483722 2147483723 2147483809 2147483812 2147483815 2147483816 2147483849 2147483850 2147483852 2147483863 2147483866 53 49 52 54 57 127 128 129 130 51 133 134 131 132 50 
2147483870 2147483726 2147483726 49 51 
2147483871 2147483679 2147483750 2147483751 2147483832 2147483844 2147483679 2147483750 2147483751 2147483832 2147483844 49 52 51 133 132 50 
2147483872 2147483679 2147483750 2147483751 2147483832 2147483844 2147483679 2147483750 2147483751 2147483832 2147483844 49 52 51 133 132 50 
