49 2147483648 2147483650 2147483653 2147483654 2147483655 2147483656 
50 
51 2147483648 2147483650 2147483653 2147483654 2147483655 2147483656 2147483658 
52 2147483648 2147483653 2147483654 2147483655 
53 2147483648 2147483658 
54 2147483648 2147483658 
57 2147483648 
127 2147483648 
128 2147483648 
129 2147483648 
130 2147483648 
131 
132 
133 
134 
151 2147483662 2147483663 
152 
153 
154 
155 
156 
157 
158 
159 
160 
161 
162 
163 
164 
165 
166 
2147483648 2147483650 2147483653 2147483654 2147483655 2147483656 2147483658 2147483662 2147483663 53 49 52 54 57 127 128 129 130 51 2147483650 2147483653 2147483654 2147483655 2147483656 2147483658 2147483662 2147483663 
2147483650 2147483648 2147483648 49 51 
2147483653 2147483648 2147483648 2147483654 2147483655 49 52 51 2147483654 2147483655 
2147483654 2147483648 2147483653 2147483648 2147483653 49 52 51 
2147483655 2147483648 2147483653 2147483648 2147483653 49 52 51 
2147483656 2147483648 2147483648 49 51 
2147483658 2147483648 2147483648 53 54 51 
2147483662 2147483648 2147483648 151 
2147483663 2147483648 2147483648 151 
