49,1,49,-1,0,1,0,0,0,
50,1,50,-1,0,1,0,0,0,
51,1,51,-1,0,1,0,0,0,
52,1,52,-1,0,1,0,0,0,
53,1,53,-1,0,1,0,0,0,
54,1,54,-1,0,1,0,0,0,
57,1,57,-1,0,1,0,0,0,
127,1,127,-1,0,1,0,0,0,
128,1,128,-1,0,1,0,0,0,
129,1,129,-1,0,1,0,0,0,
130,1,130,-1,0,1,0,0,0,
131,1,131,-1,0,1,0,0,0,
132,1,132,-1,0,1,0,0,0,
133,1,133,-1,0,1,0,0,0,
134,1,134,-1,0,1,0,0,25,
2147483687,0,0,0.00024446,1,0,1,0,0,
2147483688,0,0,0.000245619,1,0,1,0,0,
2147483689,0,0,0.000246789,1,0,1,0,0,
2147483690,0,0,0.000247971,1,0,1,0,0,
2147483691,0,0,0.000249164,1,0,1,0,0,
2147483692,0,0,0.000250368,1,0,1,0,0,
2147483693,0,0,0.000251584,1,0,1,0,0,
2147483694,0,0,0.000252812,1,0,1,0,0,
2147483700,0,0,0.00963405,1,0,1,0,0,
2147483705,0,0,0.0029111,1,0,1,0,0,
2147483709,0,0,0.0437666,1,0,1,0,0,128
2147483711,0,0,0.0903092,2,0,1,0,0,
2147483716,0,0,0.0243929,3,0,1,0,0,
2147483717,0,0,0.021978,3,0,1,0,0,
2147483718,0,0,0.0224982,4,0,1,0,0,
2147483719,0,0,0.0156499,48,0,1,0,0,
2147483720,0,0,inf,1,0,1,0,0,54 53 128 129 130 51 133 134 131 132 50
2147483721,0,0,inf,1,0,1,0,0,54 53 128 129 130 51 133 134 131 132 50
2147483722,0,0,inf,1,0,1,0,0,54 53 128 129 130 51 133 134 131 132 50
2147483723,0,0,inf,1,0,1,0,0,54 53 128 129 130 51 133 134 131 132 50
2147483724,0,0,inf,1,0,1,0,0,54 53 128 129 130 51 133 134 131 132 50
2147483725,0,0,inf,1,0,1,0,0,54 53 128 129 130 51 133 134 131 132 50
2147483726,0,0,inf,1,0,1,0,0,54 53 128 129 130 51 133 134 131 132 50
2147483727,0,0,inf,1,0,1,0,0,54 53 128 129 130 51 133 134 131 132 50
2147483728,0,0,inf,1,0,1,0,0,54 53 128 129 130 51 133 134 131 132 50
2147483729,0,0,inf,1,0,1,0,0,54 53 128 129 130 51 133 134 131 132 50
2147483730,0,0,inf,1,0,1,0,0,54 53 128 129 130 51 133 134 131 132 50
2147483731,0,0,inf,1,0,1,0,0,54 53 128 129 130 51 133 134 131 132 50
2147483732,0,0,inf,1,0,1,0,0,54 53 128 129 130 51 133 134 131 132 50
2147483733,0,0,inf,1,0,1,0,0,54 53 128 129 130 51 133 134 131 132 50
2147483734,0,0,inf,1,0,1,0,0,54 53 128 129 130 51 133 134 131 132 50
2147483735,0,0,inf,1,0,1,0,0,54 53 128 129 130 51 133 134 131 132 50
2147483736,0,0,inf,1,0,1,0,0,54 53 128 129 130 51 133 134 131 132 50
2147483737,0,0,inf,1,0,1,0,0,54 53 128 129 130 51 133 134 131 132 50
2147483738,0,0,inf,1,0,1,0,0,54 53 128 129 130 51 133 134 131 132 50
2147483739,0,0,inf,1,0,1,0,0,54 53 128 129 130 51 133 134 131 132 50
2147483740,0,0,inf,1,0,1,0,0,54 53 128 129 130 51 133 134 131 132 50
2147483741,0,0,inf,1,0,1,0,0,54 53 128 129 130 51 133 134 131 132 50
2147483742,0,0,inf,1,0,1,0,0,54 53 128 129 130 51 133 134 131 132 50
2147483743,0,0,inf,1,0,1,0,0,54 53 128 129 130 51 133 134 131 132 50
2147483744,0,0,inf,1,0,1,0,0,54 53 128 129 130 51 133 134 131 132 50
2147483745,0,0,inf,1,0,1,0,0,54 53 128 129 130 51 133 134 131 132 50
2147483746,0,0,inf,1,0,1,0,0,54 53 128 129 130 51 133 134 131 132 50
2147483747,0,0,inf,1,0,1,0,0,54 53 128 129 130 51 133 134 131 132 50
2147483748,0,0,inf,1,0,1,0,0,54 53 128 129 130 51 133 134 131 132 50
2147483749,0,0,inf,1,0,1,0,0,54 53 128 129 130 51 133 134 131 132 50
2147483750,0,0,inf,1,0,1,0,0,54 53 128 129 130 51 133 134 131 132 50
2147483751,0,0,inf,1,0,1,0,0,54 53 128 129 130 51 133 134 131 132 50
2147483752,0,0,inf,1,0,1,0,255,54 53 128 129 130 51 133 134 131 132 50
2147483753,0,0,inf,1,0,1,0,0,54 53 128 129 130 51 133 134 131 132 50
2147483754,0,0,inf,1,0,1,0,0,54 53 128 129 130 51 133 134 131 132 50
2147483755,0,0,inf,1,0,1,0,0,54 53 128 129 130 51 133 134 131 132 50
2147483756,0,0,inf,1,0,1,0,0,54 53 128 129 130 51 133 134 131 132 50
2147483757,0,0,inf,1,0,1,0,0,54 53 128 129 130 51 133 134 131 132 50
