22,1,22,-1,0,1,0,0,0,
23,1,23,-1,0,1,0,0,0,
24,1,24,-1,0,1,0,0,0,
25,1,25,-1,0,1,0,0,0,
26,1,26,-1,0,1,0,0,0,
27,1,27,-1,0,1,0,0,0,
32,1,32,-1,0,1,0,0,0,
49,1,49,-1,0,1,0,0,0,
50,1,50,-1,0,1,0,0,0,
51,1,51,-1,0,1,0,0,0,
52,1,52,-1,0,1,0,0,0,
53,1,53,-1,0,1,0,0,0,
54,1,54,-1,0,1,0,0,0,
57,1,57,-1,0,1,0,0,0,
127,1,127,-1,0,1,0,0,0,
128,1,128,-1,0,1,0,0,0,
129,1,129,-1,0,1,0,0,0,
130,1,130,-1,0,1,0,0,0,
131,1,131,-1,0,1,0,0,0,
132,1,132,-1,0,1,0,0,0,
133,1,133,-1,0,1,0,0,255,
134,1,134,-1,0,1,0,0,0,
263,1,263,-1,0,1,0,0,255,
264,1,264,-1,0,1,0,0,0,
265,1,265,-1,0,1,0,0,0,
266,1,266,-1,0,1,0,0,0,
267,1,267,-1,0,1,0,0,0,
268,1,268,-1,0,1,0,0,0,
269,1,269,-1,0,1,0,0,0,
270,1,270,-1,0,1,0,0,0,
2147483649,0,0,0.000377217,1,0,1,0,0,
2147483650,0,0,0.00341738,1,0,1,0,0,54 57 53 127 128 129 130
2147483659,0,0,0.000356226,2,0,1,0,0,
2147483660,0,0,0.00108488,1,0,1,0,0,25 27 32 26 263 264 265 266 23 270
2147483663,0,0,0.000539023,1,0,1,0,0,53 52 54 57 127 128 129 130 134 50
2147483670,0,0,0.000231413,1,0,1,0,0,54 57 53 127 128 129 130
2147483684,0,0,0.000235592,2,0,1,0,0,127 128 129 130 134
2147483688,0,0,8.8105e-05,2,0,1,0,0,57 127 128 129 130 134
2147483694,0,0,2.46609e-05,1,0,1,0,0,
2147483698,0,0,2.48346e-05,1,0,1,0,0,54 57 53 127 128 129 130
2147483713,0,0,0.000148016,2,0,1,0,0,127 128 129 130 134
2147483719,0,0,4.13331e-05,1,0,1,0,0,
2147483723,0,0,4.28961e-05,1,0,1,0,0,54 57 53 127 128 129 130
2147483739,0,0,0.00016594,1,0,1,0,0,54 57 53 127 128 129 130 134
2147483753,0,0,0.000632594,2,0,1,0,0,57 53 127 128 129 130 51 134 132
2147483759,0,0,0.000175111,1,0,1,0,0,131 132
2147483763,0,0,0.000185695,1,0,1,0,0,54 57 53 127 128 129 130 134 131 132
2147483776,0,0,0.000440448,1,0,1,0,0,
2147483778,0,0,0.000430302,2,0,1,0,0,
2147483779,0,0,0.000789377,4,0,1,0,0,
2147483787,0,0,inf,1,0,1,0,128,52 54 57 53 127 128 129 130
2147483790,0,0,0.00394343,1,0,1,0,0,54 57 53 127 128 129 130
2147483791,0,0,inf,1,0,1,0,0,54 57 53 127 128 129 130
2147483792,0,0,0.00555556,1,0,1,0,0,32 26 263 264 265 266
2147483799,0,0,inf,2,0,1,0,0,32 26 263 264 265 266 24 270 268
2147483808,0,0,0.00120135,3,0,1,0,0,22 25 263 264 265 266 24 270 268
2147483824,0,0,inf,1,0,1,0,0,27 32 26 263 264 265 266 270 267 268
2147483827,0,0,0.000946665,2,0,1,0,0,52 54 57 53 127 128 129 130 134 131 132
2147483829,0,0,0.00493421,2,0,1,0,0,57 53 127 128 129 130
2147483834,0,0,0.000617261,2,0,1,0,0,57 53 127 128 129 130
2147483835,0,0,0.00100737,3,0,1,0,0,57 53 127 128 129 130
2147483840,0,0,inf,2,0,1,0,0,54 57 53 127 128 129 130
2147483843,0,0,inf,1,0,1,0,0,52 54 57 53 127 128 129 130 134 50
2147483847,0,0,0.00115701,1,0,1,0,0,25 27 32 26 263 264 265 266 23 270
2147483849,0,0,inf,1,0,1,0,0,52 54 57 53 127 128 129 130 134 50
2147483852,0,0,0.000312206,1,0,1,0,0,49 52 57 127 128 129 130 134 50
2147483853,0,0,0.000301441,1,0,1,0,0,22 25 263 264 265 266 23 270
2147483867,0,0,inf,1,0,1,0,0,27 32 26 263 264 265 266
2147483870,0,0,0.00118529,2,0,1,0,0,52 54 57 53 127 128 129 130
2147483871,0,0,0.000487942,1,0,1,0,0,57 127 128 129 130 134
2147483875,0,0,inf,1,0,1,0,0,57 127 128 129 130 134
2147483878,0,0,inf,2,0,1,0,0,32 263 264 265 266 270
2147483887,0,0,0.000167198,3,0,1,0,0,22 25 263 264 265 266 270
2147483903,0,0,inf,1,0,1,0,0,27 32 26 263 264 265 266
2147483906,0,0,0.000133003,2,0,1,0,0,52 54 57 53 127 128 129 130
2147483909,0,0,inf,2,0,1,0,0,263 264 265 266 270
2147483919,0,0,0.000313066,4,0,1,0,0,263 264 265 266 270
2147483920,0,0,7.17937e-05,1,0,1,0,0,263 264 265 266 270
2147483938,0,0,inf,1,0,1,0,0,27 32 26 263 264 265 266
2147483941,0,0,0.000219063,2,0,1,0,0,52 54 57 53 127 128 129 130
2147483954,0,0,inf,1,0,1,0,0,27 32 26 263 264 265 266 270
2147483957,0,0,0.000891069,2,0,1,0,0,57 53 127 128 129 130 134
2147483958,0,0,0.000288772,1,0,1,0,0,57 53 127 128 129 130 134
2147483959,0,0,0.000288772,1,0,1,0,0,57 53 127 128 129 130 134
2147483961,0,0,0.000852308,1,0,1,0,0,270 268
2147483962,0,0,0.000750843,1,0,1,0,0,49 52 54 57 127 128 129 130 134 132
2147483964,0,0,inf,1,0,1,0,0,52 54 57 53 127 128 129 130 51 134 132
2147483968,0,0,0.00374705,4,0,1,0,0,52 54 57 53 127 128 129 130
2147483969,0,0,0.00158316,6,0,1,0,0,57 53 127 128 129 130
2147483970,0,0,0.000499954,3,0,1,0,0,49 52 54 57 127 128 129 130 134 50
2147483974,0,0,0.000698048,7,0,1,0,0,
2147483977,0,0,0.000171019,5,0,1,0,0,127 128 129 130 134
2147483978,0,0,0.000114345,3,0,1,0,0,127 128 129 130 134
2147483979,0,0,0.000151756,3,0,1,0,0,32 263 264 265 266 270
2147483982,0,0,7.78035e-05,7,0,1,0,0,
2147483985,0,0,0.000297288,6,0,1,0,0,127 128 129 130 134
2147483987,0,0,0.00025398,3,0,1,0,0,263 264 265 266 270
2147483990,0,0,0.000129011,7,0,1,0,0,
2147483995,0,0,0.000527627,7,0,1,0,0,
2147483998,0,0,0.00219968,6,0,1,0,0,127 128 129 130
2147483999,0,0,0.000439193,5,0,1,0,0,
2147484000,0,0,0.00108416,3,0,1,0,0,32 26 263 264 265 266 24 270 268
2147484003,0,0,0.000557525,7,0,1,0,0,131 132
2147484006,0,0,0.000582561,3,0,1,0,0,54 57 53 127 128 129 130
2147484007,0,0,6.5028e-05,3,0,1,0,0,54 57 53 127 128 129 130
2147484008,0,0,0.000107632,3,0,1,0,0,54 57 53 127 128 129 130
2147484009,0,0,0.00041887,3,0,1,0,0,54 57 53 127 128 129 130 134
2147484010,0,0,0.000465511,3,0,1,0,0,54 57 53 127 128 129 130 134 131 132
2147484012,0,0,0.00741282,4,0,1,0,0,54 57 53 127 128 129 130
2147484013,0,0,0.00021184,1,0,1,0,0,
2147484014,0,0,0.000151839,1,0,1,0,0,
2147484015,0,0,0.000168982,1,0,1,0,0,131 132
2147484017,0,0,0.000108369,1,0,1,0,0,
2147484018,0,0,0.000121748,1,0,1,0,0,131 132
2147484019,0,0,0.000342206,5,0,1,0,0,57 53 127 128 129 130
2147484021,0,0,0.000245877,5,0,1,0,0,134 57 53 127 128 129 130
2147484022,0,0,0.000273813,5,0,1,0,0,134 57 53 127 128 129 130 131 132
2147484023,0,0,inf,1,0,1,0,0,52 54 57 53 127 128 129 130 50
2147484024,0,0,inf,1,0,1,0,0,52 54 57 53 127 128 129 130 50
2147484025,0,0,0.0003522,1,0,1,0,0,
2147484026,0,0,0.000274348,6,0,1,0,0,127 128 129 130
2147484028,0,0,0.000279317,5,0,1,0,0,
2147484030,0,0,2.15768e-05,1,0,1,0,0,49 54 57 53 127 128 129 130
2147484033,0,0,3.66079e-05,1,0,1,0,255,49 54 57 53 127 128 129 130
2147484035,0,0,inf,1,0,1,0,0,52 54 57 53 127 128 129 130
2147484036,0,0,inf,1,0,1,0,0,52 54 57 53 127 128 129 130
2147484037,0,0,0,1,0,1,0,0,54 57 53 127 128 129 130
2147484038,0,0,0,1,0,1,0,0,54 57 53 127 128 129 130
