22 2147483747 2147483772 2147483788 2147483809 2147483826 2147483833 
23 2147483772 
24 2147483747 2147483756 2147483772 2147483788 2147483809 2147483826 2147483833 
25 2147483747 2147483772 2147483788 2147483809 2147483826 2147483833 
26 2147483747 2147483756 2147483833 
27 2147483747 2147483756 2147483833 
32 2147483756 
49 2147483648 2147483649 2147483656 2147483662 2147483666 2147483679 2147483682 2147483695 2147483698 2147483715 2147483731 2147483732 2147483733 2147483740 2147483743 2147483744 2147483775 2147483791 2147483812 2147483829 2147483830 2147483831 2147483832 2147483836 2147483841 2147483846 2147483851 2147483854 2147483855 2147483856 2147483857 2147483858 2147483859 2147483863 2147483864 
50 2147483648 2147483662 2147483666 2147483679 2147483682 2147483695 2147483731 2147483732 2147483775 2147483836 2147483841 2147483856 2147483857 2147483861 2147483863 2147483864 
51 2147483648 2147483649 2147483656 2147483662 2147483666 2147483679 2147483682 2147483695 2147483698 2147483715 2147483731 2147483732 2147483733 2147483740 2147483743 2147483744 2147483775 2147483791 2147483812 2147483829 2147483830 2147483831 2147483832 2147483836 2147483841 2147483846 2147483851 2147483856 2147483857 2147483858 2147483859 2147483861 2147483863 2147483864 
52 2147483648 2147483656 2147483662 2147483666 2147483679 2147483695 2147483731 2147483732 2147483733 2147483743 2147483744 2147483831 2147483832 2147483836 2147483841 2147483846 2147483851 2147483854 2147483855 2147483856 2147483857 2147483858 2147483859 2147483861 2147483864 
53 2147483648 2147483656 2147483662 2147483679 2147483695 2147483731 2147483732 2147483733 2147483831 2147483832 2147483836 2147483841 2147483846 2147483851 
54 2147483648 2147483656 2147483662 2147483679 2147483695 2147483731 2147483732 2147483733 2147483831 2147483832 2147483836 2147483841 2147483846 2147483851 
57 2147483648 2147483662 2147483679 2147483695 2147483731 2147483732 2147483733 2147483831 2147483832 2147483836 2147483841 2147483846 2147483851 
127 2147483648 2147483662 2147483679 2147483695 2147483731 2147483732 2147483733 2147483836 2147483841 2147483846 2147483851 
128 2147483648 2147483662 2147483679 2147483695 2147483731 2147483732 2147483733 2147483836 2147483841 2147483846 2147483851 
129 2147483648 2147483662 2147483679 2147483695 2147483731 2147483732 2147483733 2147483836 2147483841 2147483846 2147483851 
130 2147483648 2147483662 2147483679 2147483695 2147483731 2147483732 2147483733 2147483836 2147483841 2147483846 2147483851 
131 2147483648 2147483649 2147483656 2147483662 2147483666 2147483695 2147483731 2147483732 2147483733 2147483740 2147483743 2147483744 2147483775 2147483830 2147483831 2147483832 2147483836 2147483856 2147483861 2147483863 2147483864 
132 2147483648 2147483649 2147483656 2147483662 2147483666 2147483679 2147483682 2147483695 2147483731 2147483732 2147483733 2147483740 2147483743 2147483744 2147483775 2147483791 2147483830 2147483831 2147483832 2147483836 2147483841 2147483856 2147483857 2147483861 2147483863 2147483864 
133 2147483648 2147483649 2147483656 2147483662 2147483666 2147483679 2147483682 2147483695 2147483698 2147483715 2147483731 2147483732 2147483733 2147483740 2147483743 2147483744 2147483775 2147483791 2147483830 2147483831 2147483832 2147483836 2147483841 2147483846 2147483851 2147483856 2147483857 2147483858 2147483859 2147483861 2147483863 2147483864 
134 2147483648 2147483649 2147483656 2147483662 2147483666 2147483679 2147483682 2147483695 2147483731 2147483732 2147483733 2147483740 2147483743 2147483744 2147483775 2147483791 2147483830 2147483831 2147483832 2147483836 2147483841 2147483856 2147483857 2147483861 2147483863 2147483864 
263 
264 
265 
266 
267 2147483747 2147483756 2147483772 2147483833 
268 2147483747 2147483756 2147483772 2147483788 2147483833 
269 2147483747 2147483756 2147483772 2147483788 2147483833 
270 2147483747 2147483756 2147483772 2147483788 2147483833 
2147483648 2147483649 2147483656 2147483662 2147483666 2147483679 2147483682 2147483695 2147483731 2147483732 2147483733 2147483740 2147483743 2147483744 2147483747 2147483756 2147483772 2147483775 2147483788 2147483791 2147483830 2147483831 2147483832 2147483833 2147483836 2147483841 2147483856 2147483857 2147483861 2147483863 2147483864 53 133 49 52 54 57 127 128 129 130 51 134 131 132 50 2147483649 2147483656 2147483662 2147483666 2147483679 2147483682 2147483695 2147483731 2147483732 2147483733 2147483740 2147483743 2147483744 2147483747 2147483756 2147483772 2147483775 2147483788 2147483791 2147483830 2147483831 2147483832 2147483833 2147483836 2147483841 2147483856 2147483857 2147483861 2147483863 2147483864 
2147483649 2147483648 2147483648 2147483695 2147483731 2147483732 2147483733 49 51 133 134 131 132 2147483695 2147483731 2147483732 2147483733 
2147483656 2147483648 2147483648 2147483695 2147483731 2147483732 2147483733 2147483831 2147483832 2147483833 53 49 52 54 51 133 134 131 132 2147483695 2147483731 2147483732 2147483733 2147483831 2147483832 2147483833 
2147483662 2147483648 2147483648 2147483666 2147483695 2147483731 2147483732 2147483772 2147483775 2147483836 2147483856 2147483861 2147483863 2147483864 49 52 54 57 53 127 128 129 130 51 133 134 131 132 50 2147483666 2147483695 2147483731 2147483732 2147483772 2147483775 2147483836 2147483856 2147483861 2147483863 2147483864 
2147483666 2147483648 2147483662 2147483648 2147483662 2147483695 2147483731 2147483732 2147483836 2147483864 49 50 52 51 133 134 131 132 2147483695 2147483731 2147483732 2147483836 2147483864 
2147483679 2147483648 2147483648 2147483682 2147483695 2147483732 2147483841 2147483857 49 52 54 57 53 127 128 129 130 51 133 134 132 50 2147483682 2147483695 2147483732 2147483841 2147483857 
2147483682 2147483648 2147483679 2147483648 2147483679 2147483695 2147483732 2147483841 49 51 133 134 132 50 2147483695 2147483732 2147483841 
2147483695 2147483648 2147483649 2147483656 2147483662 2147483666 2147483679 2147483682 2147483648 2147483649 2147483656 2147483662 2147483666 2147483679 2147483682 2147483698 2147483715 2147483731 2147483732 2147483733 2147483740 2147483743 2147483744 2147483747 2147483756 2147483772 2147483775 2147483788 2147483791 2147483830 2147483831 2147483832 2147483833 2147483836 2147483841 2147483846 2147483851 2147483856 2147483857 2147483858 2147483859 2147483861 2147483863 2147483864 49 132 52 54 57 53 127 128 129 130 51 133 134 131 50 2147483698 2147483715 2147483731 2147483732 2147483733 2147483740 2147483743 2147483744 2147483747 2147483756 2147483772 2147483775 2147483788 2147483791 2147483830 2147483831 2147483832 2147483833 2147483836 2147483841 2147483846 2147483851 2147483856 2147483857 2147483858 2147483859 2147483861 2147483863 2147483864 
2147483698 2147483695 2147483695 2147483846 49 51 133 2147483846 
2147483715 2147483695 2147483695 2147483851 49 51 133 2147483851 
2147483731 2147483648 2147483649 2147483656 2147483662 2147483666 2147483695 2147483648 2147483649 2147483656 2147483662 2147483666 2147483695 2147483732 2147483733 2147483740 2147483743 2147483744 2147483747 2147483756 2147483772 2147483775 2147483830 2147483831 2147483832 2147483833 2147483836 2147483856 2147483861 2147483863 2147483864 53 57 49 52 54 127 128 129 130 51 133 134 131 132 50 2147483732 2147483733 2147483740 2147483743 2147483744 2147483747 2147483756 2147483772 2147483775 2147483830 2147483831 2147483832 2147483833 2147483836 2147483856 2147483861 2147483863 2147483864 
2147483732 2147483648 2147483649 2147483656 2147483662 2147483666 2147483679 2147483682 2147483695 2147483731 2147483648 2147483649 2147483656 2147483662 2147483666 2147483679 2147483682 2147483695 2147483731 2147483733 2147483740 2147483743 2147483744 2147483747 2147483756 2147483772 2147483775 2147483788 2147483791 2147483830 2147483831 2147483832 2147483833 2147483836 2147483841 2147483856 2147483857 2147483861 2147483863 2147483864 57 49 52 54 53 127 128 129 130 51 133 134 131 132 50 2147483733 2147483740 2147483743 2147483744 2147483747 2147483756 2147483772 2147483775 2147483788 2147483791 2147483830 2147483831 2147483832 2147483833 2147483836 2147483841 2147483856 2147483857 2147483861 2147483863 2147483864 
2147483733 2147483648 2147483649 2147483656 2147483695 2147483731 2147483732 2147483648 2147483649 2147483656 2147483695 2147483731 2147483732 2147483740 2147483743 2147483744 2147483747 2147483756 2147483830 2147483831 2147483832 2147483833 54 52 49 57 53 127 128 129 130 51 133 134 131 132 2147483740 2147483743 2147483744 2147483747 2147483756 2147483830 2147483831 2147483832 2147483833 
2147483740 2147483648 2147483695 2147483731 2147483732 2147483733 2147483648 2147483695 2147483731 2147483732 2147483733 49 51 133 134 131 132 
2147483743 2147483648 2147483695 2147483731 2147483732 2147483733 2147483648 2147483695 2147483731 2147483732 2147483733 2147483744 49 52 51 133 134 131 132 2147483744 
2147483744 2147483648 2147483695 2147483731 2147483732 2147483733 2147483743 2147483648 2147483695 2147483731 2147483732 2147483733 2147483743 49 52 51 133 134 131 132 
2147483747 2147483648 2147483695 2147483731 2147483732 2147483733 2147483648 2147483695 2147483731 2147483732 2147483733 2147483831 2147483832 2147483833 22 25 27 26 24 269 270 267 268 2147483831 2147483832 2147483833 
2147483756 2147483648 2147483695 2147483731 2147483732 2147483733 2147483648 2147483695 2147483731 2147483732 2147483733 2147483831 2147483832 32 27 26 24 269 270 267 268 2147483831 2147483832 
2147483772 2147483648 2147483662 2147483695 2147483731 2147483732 2147483648 2147483662 2147483695 2147483731 2147483732 2147483836 2147483856 22 25 24 23 269 270 267 268 2147483836 2147483856 
2147483775 2147483648 2147483662 2147483695 2147483731 2147483732 2147483648 2147483662 2147483695 2147483731 2147483732 2147483836 49 51 133 134 131 132 50 2147483836 
2147483788 2147483648 2147483695 2147483732 2147483648 2147483695 2147483732 2147483841 2147483857 22 25 24 269 270 268 2147483841 2147483857 
2147483791 2147483648 2147483695 2147483732 2147483648 2147483695 2147483732 2147483841 49 51 133 134 132 2147483841 
2147483809 2147483851 2147483859 22 25 24 2147483851 2147483859 
2147483812 2147483851 49 51 2147483851 
2147483826 2147483846 2147483858 22 25 24 2147483846 2147483858 
2147483829 2147483846 49 51 2147483846 
2147483830 2147483648 2147483695 2147483731 2147483732 2147483733 2147483648 2147483695 2147483731 2147483732 2147483733 49 51 133 134 131 132 
2147483831 2147483648 2147483656 2147483695 2147483731 2147483732 2147483733 2147483747 2147483756 2147483648 2147483656 2147483695 2147483731 2147483732 2147483733 2147483747 2147483756 2147483832 2147483833 54 49 52 57 53 51 133 134 131 132 2147483832 2147483833 
2147483832 2147483648 2147483656 2147483695 2147483731 2147483732 2147483733 2147483747 2147483756 2147483831 2147483648 2147483656 2147483695 2147483731 2147483732 2147483733 2147483747 2147483756 2147483831 2147483833 53 52 49 54 57 51 133 134 131 132 2147483833 
2147483833 2147483648 2147483656 2147483695 2147483731 2147483732 2147483733 2147483747 2147483831 2147483832 2147483648 2147483656 2147483695 2147483731 2147483732 2147483733 2147483747 2147483831 2147483832 22 25 27 26 24 269 270 267 268 
2147483836 2147483648 2147483662 2147483666 2147483695 2147483731 2147483732 2147483772 2147483775 2147483648 2147483662 2147483666 2147483695 2147483731 2147483732 2147483772 2147483775 2147483856 2147483861 2147483863 2147483864 49 53 52 54 57 127 128 129 130 51 133 134 131 132 50 2147483856 2147483861 2147483863 2147483864 
2147483841 2147483648 2147483679 2147483682 2147483695 2147483732 2147483788 2147483791 2147483648 2147483679 2147483682 2147483695 2147483732 2147483788 2147483791 2147483857 49 53 52 54 57 127 128 129 130 51 133 134 132 50 2147483857 
2147483846 2147483695 2147483698 2147483826 2147483829 2147483695 2147483698 2147483826 2147483829 2147483858 49 53 52 54 57 127 128 129 130 51 133 2147483858 
2147483851 2147483695 2147483715 2147483809 2147483812 2147483695 2147483715 2147483809 2147483812 2147483859 49 53 52 54 57 127 128 129 130 51 133 2147483859 
2147483854 2147483855 49 52 2147483855 
2147483855 2147483854 2147483854 49 52 
2147483856 2147483648 2147483662 2147483695 2147483731 2147483732 2147483772 2147483836 2147483648 2147483662 2147483695 2147483731 2147483732 2147483772 2147483836 49 52 51 133 134 131 132 50 
2147483857 2147483648 2147483679 2147483695 2147483732 2147483788 2147483841 2147483648 2147483679 2147483695 2147483732 2147483788 2147483841 49 52 51 133 134 132 50 
2147483858 2147483695 2147483826 2147483846 2147483695 2147483826 2147483846 49 52 51 133 
2147483859 2147483695 2147483809 2147483851 2147483695 2147483809 2147483851 49 52 51 133 
2147483861 2147483648 2147483662 2147483695 2147483731 2147483732 2147483836 2147483648 2147483662 2147483695 2147483731 2147483732 2147483836 52 51 133 134 131 132 50 
2147483863 2147483648 2147483662 2147483695 2147483731 2147483732 2147483836 2147483648 2147483662 2147483695 2147483731 2147483732 2147483836 49 51 133 134 131 132 50 
2147483864 2147483648 2147483662 2147483666 2147483695 2147483731 2147483732 2147483836 2147483648 2147483662 2147483666 2147483695 2147483731 2147483732 2147483836 49 52 51 133 134 131 132 50 
