22,1,22,-1,0,1,0,0,0,
23,1,23,-1,0,1,0,0,0,
24,1,24,-1,0,1,0,0,0,
25,1,25,-1,0,1,0,0,0,
26,1,26,-1,0,1,0,0,0,
27,1,27,-1,0,1,0,0,0,
32,1,32,-1,0,1,0,0,0,
49,1,49,-1,0,1,0,0,0,
50,1,50,-1,0,1,0,0,0,
51,1,51,-1,0,1,0,0,0,
52,1,52,-1,0,1,0,0,0,
53,1,53,-1,0,1,0,0,0,
54,1,54,-1,0,1,0,0,0,
57,1,57,-1,0,1,0,0,0,
127,1,127,-1,0,1,0,0,0,
128,1,128,-1,0,1,0,0,0,
129,1,129,-1,0,1,0,0,0,
130,1,130,-1,0,1,0,0,0,
131,1,131,-1,0,1,0,0,0,
132,1,132,-1,0,1,0,0,13,
133,1,133,-1,0,1,0,0,0,
134,1,134,-1,0,1,0,0,0,
263,1,263,-1,0,1,0,0,0,
264,1,264,-1,0,1,0,0,77,
265,1,265,-1,0,1,0,0,0,
266,1,266,-1,0,1,0,0,0,
267,1,267,-1,0,1,0,0,0,
268,1,268,-1,0,1,0,0,0,
269,1,269,-1,0,1,0,0,0,
270,1,270,-1,0,1,0,0,0,
2147483649,0,0,0.00427608,1,0,1,0,0,
2147483651,0,0,0.00339962,1,0,1,0,0,52 54 57 53 127 128 129 130
2147483659,0,0,0.117157,5,0,1,0,0,
2147483660,0,0,0.0245414,6,0,1,0,0,57 53 127 128 129 130
2147483661,0,0,0.0785917,6,0,1,0,0,
2147483672,0,0,0.000227974,1,0,1,0,0,131 132
2147483675,0,0,0.000394531,1,0,1,0,0,52 54 57 53 127 128 129 130 131 132
2147483690,0,0,0.00188955,2,0,1,0,0,57 53 127 128 129 130 133 131 50
2147483696,0,0,0.000431714,1,0,1,0,0,
2147483700,0,0,0.000421431,1,0,1,0,0,52 54 57 53 127 128 129 130
2147483713,0,0,0.000892793,1,0,1,0,0,
2147483718,0,0,0.0248031,6,0,1,0,0,57 53 127 128 129 130
2147483719,0,0,0.0918769,5,0,1,0,0,
2147483739,0,0,inf,1,0,1,0,0,52 54 57 53 127 128 129 130 51 131
2147483742,0,0,0.0039214,1,0,1,0,0,54 57 53 127 128 129 130 51 131 50
2147483743,0,0,inf,1,0,1,0,0,54 57 53 127 128 129 130 51 131 50
2147483749,0,0,0.113088,1,0,1,0,0,57 53 127 128 129 130
2147483751,0,0,0.141628,1,0,1,0,0,32 26 263 264 265 266
2147483779,0,0,inf,1,0,1,0,0,27 32 26 263 264 265 266 269 267 268
2147483782,0,0,0.00220779,2,0,1,0,0,57 53 127 128 129 130 133 131 132
2147483783,0,0,0.000715488,1,0,1,0,0,57 53 127 128 129 130 133 131 132
2147483784,0,0,0.000715488,1,0,1,0,0,57 53 127 128 129 130 133 131 132
2147483787,0,0,inf,2,0,1,0,0,32 26 263 264 265 266 23 269 267 268
2147483796,0,0,0.00359075,3,0,1,0,0,22 25 263 264 265 266 23 269 267
2147483812,0,0,inf,1,0,1,0,0,27 32 26 263 264 265 266 24 269
2147483815,0,0,0.00223722,2,0,1,0,0,52 54 57 53 127 128 129 130 51 133
2147483821,0,0,0.113088,1,0,1,0,0,57 53 127 128 129 130
2147483823,0,0,0.141628,1,0,1,0,0,32 26 263 264 265 266
2147483832,0,0,0.0037152,4,0,1,0,0,52 54 57 53 127 128 129 130 131
2147483833,0,0,0.0102509,4,0,1,0,0,
2147483834,0,0,0.121275,4,0,1,0,0,
2147483838,0,0,0.0172534,5,0,1,0,0,57 53 127 128 129 130
2147483846,0,0,0.00130035,7,0,1,0,0,131 132
2147483849,0,0,0.00366506,5,0,1,0,0,127 128 129 130 133 131 50
2147483851,0,0,0.00324795,3,0,1,0,0,32 26 263 264 265 266 23 269 267
2147483854,0,0,0.00130853,7,0,1,0,0,
2147483857,0,0,0.0108063,4,0,1,0,0,
2147483858,0,0,0.122554,4,0,1,0,0,
2147483859,0,0,0.13583,4,0,1,0,0,
2147483862,0,0,0.0174708,5,0,1,0,0,57 53 127 128 129 130
2147483868,0,0,0.00103306,3,0,1,0,0,54 57 53 127 128 129 130 131 132
2147483869,0,0,0.00109718,3,0,1,0,0,54 57 53 127 128 129 130 51
2147483871,0,0,0.00360801,1,0,1,0,0,
2147483872,0,0,0.000683729,4,0,1,0,0,
2147483873,0,0,inf,1,0,1,0,0,52 54 57 53 127 128 129 130 133 131 132 50
2147483875,0,0,0.00578195,2,0,1,0,0,
2147483876,0,0,0.000991942,3,0,1,0,0,
2147483877,0,0,0.000255051,4,0,1,0,0,
2147483878,0,0,0.00138116,1,0,1,0,0,52 54 57 53 127 128 129 130 133 131 132 50
2147483880,0,0,0.00281793,1,0,1,0,0,
2147483881,0,0,0.0014829,3,0,1,0,0,
2147483882,0,0,0.000689505,7,0,1,0,0,
