2 2147483785 
5 
8 2147483785 
11 
18 
19 
22 2147483703 2147483715 2147483731 2147483734 2147483736 2147483750 2147483777 2147483778 2147483779 2147483781 2147483805 2147483816 2147483821 2147483838 2147483860 2147483861 2147483863 2147483867 2147483868 2147483869 
23 2147483703 2147483715 2147483731 2147483734 2147483736 2147483750 2147483777 2147483778 2147483779 2147483781 2147483790 2147483794 2147483816 2147483821 2147483838 2147483860 2147483861 2147483863 2147483868 2147483869 
24 2147483703 2147483715 2147483736 2147483750 2147483777 2147483778 2147483779 2147483781 2147483790 2147483794 2147483805 2147483810 2147483816 2147483821 2147483838 2147483860 2147483861 2147483863 2147483868 2147483869 
25 2147483703 2147483777 2147483778 2147483779 2147483781 2147483816 2147483821 2147483838 2147483860 2147483861 2147483863 
26 2147483777 2147483779 2147483790 2147483794 2147483810 2147483838 2147483860 2147483861 
27 2147483777 2147483779 2147483790 2147483794 2147483810 2147483816 2147483838 2147483860 2147483861 
32 2147483777 2147483779 2147483790 2147483794 2147483810 2147483838 2147483860 2147483861 
49 2147483650 2147483657 2147483699 2147483702 2147483712 2147483720 2147483738 2147483739 2147483740 2147483741 2147483743 2147483754 2147483762 2147483776 2147483782 2147483783 2147483814 2147483823 2147483832 2147483833 2147483834 2147483836 2147483839 2147483840 2147483841 2147483842 2147483843 2147483844 2147483845 2147483846 2147483851 2147483852 2147483855 2147483857 2147483858 2147483865 2147483871 2147483872 2147483873 
50 2147483650 2147483657 2147483699 2147483702 2147483712 2147483720 2147483733 2147483738 2147483739 2147483740 2147483741 2147483743 2147483748 2147483754 2147483759 2147483762 2147483763 2147483776 2147483782 2147483783 2147483791 2147483795 2147483814 2147483823 2147483832 2147483833 2147483836 2147483837 2147483839 2147483840 2147483841 2147483842 2147483843 2147483844 2147483845 2147483846 2147483851 2147483852 2147483855 2147483857 2147483858 2147483865 2147483871 2147483874 
51 2147483650 2147483657 2147483699 2147483702 2147483712 2147483720 2147483738 2147483739 2147483740 2147483741 2147483743 2147483748 2147483754 2147483762 2147483763 2147483770 2147483776 2147483782 2147483791 2147483795 2147483809 2147483814 2147483823 2147483833 2147483834 2147483836 2147483837 2147483839 2147483840 2147483841 2147483842 2147483843 2147483844 2147483845 2147483846 2147483851 2147483852 2147483855 2147483857 2147483858 2147483865 
52 2147483657 2147483699 2147483702 2147483712 2147483739 2147483762 2147483776 2147483814 2147483833 2147483834 2147483836 2147483839 2147483840 2147483841 2147483842 2147483843 2147483844 2147483845 2147483846 2147483851 2147483852 2147483855 2147483857 2147483858 2147483865 
53 2147483657 2147483699 2147483702 2147483712 2147483733 2147483739 2147483748 2147483759 2147483762 2147483763 2147483770 2147483782 2147483791 2147483795 2147483809 2147483823 2147483833 2147483834 2147483836 2147483837 2147483839 2147483842 2147483843 2147483844 2147483845 2147483846 2147483851 2147483852 2147483857 2147483858 2147483874 
54 2147483657 2147483699 2147483712 2147483739 2147483762 2147483763 2147483791 2147483795 2147483814 2147483833 2147483834 2147483836 2147483837 2147483839 2147483842 2147483843 2147483844 2147483845 2147483846 2147483851 2147483852 2147483855 2147483857 2147483858 
57 2147483657 2147483699 2147483712 2147483739 2147483762 2147483763 2147483782 2147483791 2147483795 2147483833 2147483834 2147483836 2147483837 2147483839 2147483842 2147483843 2147483844 2147483845 2147483846 2147483851 2147483852 2147483857 2147483858 2147483874 
61 
127 2147483657 2147483699 2147483712 2147483739 2147483762 2147483833 2147483834 2147483836 2147483839 2147483842 2147483843 2147483844 2147483845 2147483846 2147483851 2147483852 2147483857 2147483858 
128 2147483657 2147483699 2147483712 2147483739 2147483762 2147483833 2147483834 2147483836 2147483839 2147483842 2147483843 2147483844 2147483845 2147483846 2147483851 2147483852 2147483857 2147483858 
129 2147483657 2147483699 2147483712 2147483739 2147483762 2147483833 2147483834 2147483836 2147483839 2147483842 2147483843 2147483844 2147483845 2147483846 2147483851 2147483852 2147483857 2147483858 
130 2147483657 2147483699 2147483712 2147483739 2147483762 2147483833 2147483834 2147483836 2147483839 2147483842 2147483843 2147483844 2147483845 2147483846 2147483851 2147483852 2147483857 2147483858 
131 2147483650 2147483657 2147483712 2147483720 2147483733 2147483754 2147483759 2147483762 2147483763 2147483776 2147483782 2147483832 2147483836 2147483837 2147483839 2147483840 2147483841 2147483846 2147483851 2147483852 2147483857 2147483865 2147483871 2147483874 
132 2147483657 2147483712 2147483733 2147483738 2147483739 2147483740 2147483741 2147483743 2147483748 2147483754 2147483759 2147483762 2147483763 2147483770 2147483776 2147483782 2147483783 2147483791 2147483795 2147483809 2147483832 2147483833 2147483834 2147483836 2147483837 2147483839 2147483840 2147483841 2147483842 2147483843 2147483844 2147483845 2147483846 2147483851 2147483852 2147483857 2147483858 2147483871 2147483872 2147483873 2147483874 
133 2147483650 2147483657 2147483699 2147483712 2147483720 2147483733 2147483738 2147483739 2147483740 2147483741 2147483743 2147483748 2147483754 2147483759 2147483762 2147483763 2147483770 2147483776 2147483782 2147483783 2147483791 2147483795 2147483809 2147483832 2147483833 2147483834 2147483836 2147483837 2147483839 2147483840 2147483841 2147483842 2147483843 2147483844 2147483845 2147483846 2147483851 2147483852 2147483857 2147483858 2147483865 2147483871 2147483872 2147483873 2147483874 
134 2147483650 2147483657 2147483699 2147483702 2147483712 2147483720 2147483733 2147483738 2147483739 2147483740 2147483741 2147483743 2147483748 2147483754 2147483759 2147483762 2147483763 2147483770 2147483776 2147483782 2147483783 2147483791 2147483795 2147483809 2147483814 2147483823 2147483832 2147483833 2147483834 2147483836 2147483837 2147483839 2147483840 2147483841 2147483842 2147483843 2147483844 2147483845 2147483846 2147483851 2147483852 2147483855 2147483857 2147483858 2147483865 2147483871 2147483872 2147483873 2147483874 
247 
248 
249 
250 
251 
252 2147483785 
253 2147483785 
254 2147483785 
263 2147483777 2147483779 2147483838 2147483860 2147483861 
264 2147483777 2147483779 2147483838 2147483860 2147483861 
265 2147483777 2147483779 2147483838 2147483860 2147483861 
266 2147483777 2147483779 2147483838 2147483860 2147483861 
267 2147483715 2147483731 2147483734 2147483750 2147483777 2147483778 2147483779 2147483781 2147483838 2147483860 2147483863 2147483868 2147483869 
268 2147483731 2147483734 2147483736 2147483750 2147483777 2147483778 2147483779 2147483781 2147483790 2147483794 2147483805 2147483838 2147483867 
269 2147483715 2147483731 2147483734 2147483736 2147483750 2147483777 2147483778 2147483779 2147483781 2147483790 2147483794 2147483805 2147483810 2147483838 2147483860 2147483863 2147483867 2147483868 2147483869 
270 2147483703 2147483715 2147483731 2147483734 2147483736 2147483750 2147483777 2147483778 2147483779 2147483781 2147483790 2147483794 2147483805 2147483810 2147483816 2147483821 2147483838 2147483860 2147483861 2147483863 2147483867 2147483868 2147483869 
2147483650 2147483657 2147483712 2147483851 2147483857 2147483860 49 51 133 134 131 50 2147483657 2147483712 2147483851 2147483857 2147483860 
2147483657 2147483650 2147483650 2147483699 2147483702 2147483703 2147483712 2147483715 2147483720 2147483731 2147483733 2147483734 2147483736 2147483738 2147483739 2147483740 2147483741 2147483743 2147483748 2147483750 2147483754 2147483759 2147483762 2147483763 2147483770 2147483776 2147483777 2147483778 2147483779 2147483781 2147483782 2147483783 2147483785 2147483790 2147483791 2147483794 2147483795 2147483805 2147483809 2147483810 2147483814 2147483816 2147483821 2147483823 2147483832 2147483833 2147483834 2147483836 2147483837 2147483838 2147483839 2147483840 2147483841 2147483842 2147483843 2147483844 2147483845 2147483846 2147483851 2147483852 2147483855 2147483857 2147483858 2147483860 2147483861 2147483863 2147483865 2147483867 2147483868 2147483869 2147483871 2147483872 2147483873 2147483874 49 52 54 57 53 127 128 129 130 51 133 134 131 132 50 2147483699 2147483702 2147483703 2147483712 2147483715 2147483720 2147483731 2147483733 2147483734 2147483736 2147483738 2147483739 2147483740 2147483741 2147483743 2147483748 2147483750 2147483754 2147483759 2147483762 2147483763 2147483770 2147483776 2147483777 2147483778 2147483779 2147483781 2147483782 2147483783 2147483785 2147483790 2147483791 2147483794 2147483795 2147483805 2147483809 2147483810 2147483814 2147483816 2147483821 2147483823 2147483832 2147483833 2147483834 2147483836 2147483837 2147483838 2147483839 2147483840 2147483841 2147483842 2147483843 2147483844 2147483845 2147483846 2147483851 2147483852 2147483855 2147483857 2147483858 2147483860 2147483861 2147483863 2147483865 2147483867 2147483868 2147483869 2147483871 2147483872 2147483873 2147483874 
2147483699 2147483657 2147483657 2147483814 2147483816 2147483851 2147483855 2147483858 49 57 52 54 53 127 128 129 130 51 133 134 50 2147483814 2147483816 2147483851 2147483855 2147483858 
2147483702 2147483657 2147483657 2147483703 2147483821 2147483823 2147483858 2147483861 49 52 53 51 134 50 2147483703 2147483821 2147483823 2147483858 2147483861 
2147483703 2147483657 2147483702 2147483657 2147483702 2147483858 2147483861 22 25 24 23 270 2147483858 2147483861 
2147483712 2147483650 2147483657 2147483650 2147483657 2147483715 2147483720 2147483731 2147483733 2147483734 2147483832 2147483846 2147483851 2147483857 2147483860 2147483863 2147483865 2147483868 2147483869 57 53 49 52 54 127 128 129 130 51 133 134 131 132 50 2147483715 2147483720 2147483731 2147483733 2147483734 2147483832 2147483846 2147483851 2147483857 2147483860 2147483863 2147483865 2147483868 2147483869 
2147483715 2147483657 2147483712 2147483657 2147483712 2147483851 2147483857 2147483860 22 24 23 269 270 267 2147483851 2147483857 2147483860 
2147483720 2147483657 2147483712 2147483657 2147483712 2147483851 2147483857 2147483860 49 51 133 134 131 50 2147483851 2147483857 2147483860 
2147483731 2147483657 2147483712 2147483657 2147483712 2147483846 2147483851 2147483857 22 23 269 270 267 268 2147483846 2147483851 2147483857 
2147483733 2147483657 2147483712 2147483657 2147483712 2147483846 2147483851 2147483857 53 133 134 131 132 50 2147483846 2147483851 2147483857 
2147483734 2147483657 2147483712 2147483657 2147483712 2147483846 2147483851 2147483857 22 23 269 270 267 268 2147483846 2147483851 2147483857 
2147483736 2147483657 2147483657 2147483739 2147483833 2147483846 2147483851 22 24 23 269 270 268 2147483739 2147483833 2147483846 2147483851 
2147483738 2147483657 2147483657 2147483739 2147483833 2147483846 2147483851 49 51 133 134 132 50 2147483739 2147483833 2147483846 2147483851 
2147483739 2147483657 2147483736 2147483738 2147483657 2147483736 2147483738 2147483740 2147483741 2147483743 2147483833 2147483846 2147483851 53 49 52 54 57 127 128 129 130 51 133 134 132 50 2147483740 2147483741 2147483743 2147483833 2147483846 2147483851 
2147483740 2147483657 2147483739 2147483657 2147483739 2147483833 2147483846 2147483851 49 51 133 134 132 50 2147483833 2147483846 2147483851 
2147483741 2147483657 2147483739 2147483657 2147483739 2147483833 2147483846 2147483851 49 51 133 134 132 50 2147483833 2147483846 2147483851 
2147483743 2147483657 2147483739 2147483657 2147483739 2147483833 2147483846 2147483851 49 51 133 134 132 50 2147483833 2147483846 2147483851 
2147483748 2147483657 2147483657 2147483836 2147483846 2147483851 2147483852 53 51 133 134 132 50 2147483836 2147483846 2147483851 2147483852 
2147483750 2147483657 2147483657 2147483836 2147483838 2147483846 2147483851 2147483852 22 24 23 269 270 267 268 2147483836 2147483838 2147483846 2147483851 2147483852 
2147483754 2147483657 2147483657 2147483836 2147483838 2147483846 2147483851 2147483852 49 51 133 134 131 132 50 2147483836 2147483838 2147483846 2147483851 2147483852 
2147483759 2147483657 2147483657 2147483836 2147483838 2147483846 2147483851 53 133 134 131 132 50 2147483836 2147483838 2147483846 2147483851 
2147483762 2147483657 2147483657 2147483763 2147483836 2147483837 2147483838 2147483846 2147483851 49 52 54 57 53 127 128 129 130 51 133 134 131 132 50 2147483763 2147483836 2147483837 2147483838 2147483846 2147483851 
2147483763 2147483657 2147483762 2147483657 2147483762 2147483836 2147483838 2147483846 2147483851 54 57 53 51 133 134 131 132 50 2147483836 2147483838 2147483846 2147483851 
2147483770 2147483657 2147483657 2147483834 2147483846 2147483851 53 51 133 134 132 2147483834 2147483846 2147483851 
2147483776 2147483657 2147483657 2147483777 2147483779 2147483839 2147483841 2147483846 2147483851 49 52 51 133 134 131 132 50 2147483777 2147483779 2147483839 2147483841 2147483846 2147483851 
2147483777 2147483657 2147483776 2147483657 2147483776 2147483778 2147483779 2147483781 2147483782 2147483839 2147483840 2147483841 2147483846 2147483851 22 25 27 32 26 263 264 265 266 24 23 269 270 267 268 2147483778 2147483779 2147483781 2147483782 2147483839 2147483840 2147483841 2147483846 2147483851 
2147483778 2147483657 2147483777 2147483657 2147483777 2147483779 2147483781 2147483839 2147483846 2147483851 22 25 24 23 269 270 267 268 2147483779 2147483781 2147483839 2147483846 2147483851 
2147483779 2147483657 2147483776 2147483777 2147483778 2147483657 2147483776 2147483777 2147483778 2147483781 2147483782 2147483839 2147483840 2147483841 2147483846 2147483851 22 25 27 32 26 263 264 265 266 24 23 269 270 267 268 2147483781 2147483782 2147483839 2147483840 2147483841 2147483846 2147483851 
2147483781 2147483657 2147483777 2147483778 2147483779 2147483657 2147483777 2147483778 2147483779 2147483839 2147483846 2147483851 22 25 24 23 269 270 267 268 2147483839 2147483846 2147483851 
2147483782 2147483657 2147483777 2147483779 2147483657 2147483777 2147483779 2147483839 2147483846 2147483851 49 57 53 51 133 134 131 132 50 2147483839 2147483846 2147483851 
2147483783 2147483657 2147483657 2147483843 2147483846 2147483851 49 133 134 132 50 2147483843 2147483846 2147483851 
2147483785 2147483657 2147483657 2147483843 2147483846 2147483851 2 8 253 254 252 2147483843 2147483846 2147483851 
2147483790 2147483657 2147483657 2147483791 2147483843 2147483845 2147483846 2147483851 32 27 26 24 23 269 270 268 2147483791 2147483843 2147483845 2147483846 2147483851 
2147483791 2147483657 2147483790 2147483657 2147483790 2147483843 2147483845 2147483846 2147483851 54 57 53 51 133 134 132 50 2147483843 2147483845 2147483846 2147483851 
2147483794 2147483657 2147483657 2147483795 2147483843 2147483844 2147483846 2147483851 32 27 26 24 23 269 270 268 2147483795 2147483843 2147483844 2147483846 2147483851 
2147483795 2147483657 2147483794 2147483657 2147483794 2147483843 2147483844 2147483846 2147483851 54 57 53 51 133 134 132 50 2147483843 2147483844 2147483846 2147483851 
2147483805 2147483657 2147483657 2147483846 2147483851 2147483858 22 24 269 270 268 2147483846 2147483851 2147483858 
2147483809 2147483657 2147483657 2147483846 2147483851 2147483858 53 51 133 134 132 2147483846 2147483851 2147483858 
2147483810 2147483657 2147483657 2147483851 2147483858 27 32 26 24 269 270 2147483851 2147483858 
2147483814 2147483657 2147483699 2147483657 2147483699 2147483816 2147483855 2147483858 49 52 54 51 134 50 2147483816 2147483855 2147483858 
2147483816 2147483657 2147483699 2147483814 2147483657 2147483699 2147483814 2147483855 2147483858 22 25 27 24 23 270 2147483855 2147483858 
2147483821 2147483657 2147483702 2147483657 2147483702 2147483858 2147483861 22 25 24 23 270 2147483858 2147483861 
2147483823 2147483657 2147483702 2147483657 2147483702 2147483858 2147483861 53 49 51 134 50 2147483858 2147483861 
2147483832 2147483657 2147483712 2147483657 2147483712 2147483846 2147483851 2147483857 132 49 133 134 131 50 2147483846 2147483851 2147483857 
2147483833 2147483657 2147483736 2147483738 2147483739 2147483740 2147483741 2147483743 2147483657 2147483736 2147483738 2147483739 2147483740 2147483741 2147483743 2147483846 2147483851 49 52 54 57 53 127 128 129 130 51 133 134 132 50 2147483846 2147483851 
2147483834 2147483657 2147483770 2147483657 2147483770 2147483846 2147483851 57 132 49 52 54 53 127 128 129 130 51 133 134 2147483846 2147483851 
2147483836 2147483657 2147483748 2147483750 2147483754 2147483759 2147483762 2147483763 2147483657 2147483748 2147483750 2147483754 2147483759 2147483762 2147483763 2147483837 2147483838 2147483846 2147483851 2147483852 2147483871 2147483874 53 57 132 49 52 54 127 128 129 130 51 133 134 131 50 2147483837 2147483838 2147483846 2147483851 2147483852 2147483871 2147483874 
2147483837 2147483657 2147483762 2147483836 2147483657 2147483762 2147483836 2147483838 2147483846 2147483851 54 57 53 51 133 134 131 132 50 2147483838 2147483846 2147483851 
2147483838 2147483657 2147483750 2147483754 2147483759 2147483762 2147483763 2147483836 2147483837 2147483657 2147483750 2147483754 2147483759 2147483762 2147483763 2147483836 2147483837 2147483846 2147483851 2147483852 2147483871 2147483874 22 25 27 32 26 263 264 265 266 24 23 269 270 267 268 2147483846 2147483851 2147483852 2147483871 2147483874 
2147483839 2147483657 2147483776 2147483777 2147483778 2147483779 2147483781 2147483782 2147483657 2147483776 2147483777 2147483778 2147483779 2147483781 2147483782 2147483840 2147483841 2147483846 2147483851 57 132 49 52 54 53 127 128 129 130 51 133 134 131 50 2147483840 2147483841 2147483846 2147483851 
2147483840 2147483657 2147483777 2147483779 2147483839 2147483657 2147483777 2147483779 2147483839 2147483841 2147483846 2147483851 49 52 51 133 134 131 132 50 2147483841 2147483846 2147483851 
2147483841 2147483657 2147483776 2147483777 2147483779 2147483839 2147483840 2147483657 2147483776 2147483777 2147483779 2147483839 2147483840 2147483846 2147483851 52 49 51 133 134 131 132 50 2147483846 2147483851 
2147483842 2147483657 2147483657 2147483846 2147483851 2147483858 53 49 52 54 57 127 128 129 130 51 133 134 132 50 2147483846 2147483851 2147483858 
2147483843 2147483657 2147483783 2147483785 2147483790 2147483791 2147483794 2147483795 2147483657 2147483783 2147483785 2147483790 2147483791 2147483794 2147483795 2147483844 2147483845 2147483846 2147483851 53 49 52 54 57 127 128 129 130 51 133 134 132 50 2147483844 2147483845 2147483846 2147483851 
2147483844 2147483657 2147483794 2147483795 2147483843 2147483657 2147483794 2147483795 2147483843 2147483846 2147483851 53 132 49 52 54 57 127 128 129 130 51 133 134 50 2147483846 2147483851 
2147483845 2147483657 2147483790 2147483791 2147483843 2147483657 2147483790 2147483791 2147483843 2147483846 2147483851 53 132 49 52 54 57 127 128 129 130 51 133 134 50 2147483846 2147483851 
2147483846 2147483657 2147483712 2147483731 2147483733 2147483734 2147483736 2147483738 2147483739 2147483740 2147483741 2147483743 2147483748 2147483750 2147483754 2147483759 2147483762 2147483763 2147483770 2147483776 2147483777 2147483778 2147483779 2147483781 2147483782 2147483783 2147483785 2147483790 2147483791 2147483794 2147483795 2147483805 2147483809 2147483832 2147483833 2147483834 2147483836 2147483837 2147483838 2147483839 2147483840 2147483841 2147483842 2147483843 2147483844 2147483845 2147483657 2147483712 2147483731 2147483733 2147483734 2147483736 2147483738 2147483739 2147483740 2147483741 2147483743 2147483748 2147483750 2147483754 2147483759 2147483762 2147483763 2147483770 2147483776 2147483777 2147483778 2147483779 2147483781 2147483782 2147483783 2147483785 2147483790 2147483791 2147483794 2147483795 2147483805 2147483809 2147483832 2147483833 2147483834 2147483836 2147483837 2147483838 2147483839 2147483840 2147483841 2147483842 2147483843 2147483844 2147483845 2147483851 2147483852 2147483857 2147483858 2147483867 2147483871 2147483872 2147483873 2147483874 57 49 51 50 52 54 53 127 128 129 130 133 134 131 132 2147483851 2147483852 2147483857 2147483858 2147483867 2147483871 2147483872 2147483873 2147483874 
2147483851 2147483650 2147483657 2147483699 2147483712 2147483715 2147483720 2147483731 2147483733 2147483734 2147483736 2147483738 2147483739 2147483740 2147483741 2147483743 2147483748 2147483750 2147483754 2147483759 2147483762 2147483763 2147483770 2147483776 2147483777 2147483778 2147483779 2147483781 2147483782 2147483783 2147483785 2147483790 2147483791 2147483794 2147483795 2147483805 2147483809 2147483810 2147483832 2147483833 2147483834 2147483836 2147483837 2147483838 2147483839 2147483840 2147483841 2147483842 2147483843 2147483844 2147483845 2147483846 2147483650 2147483657 2147483699 2147483712 2147483715 2147483720 2147483731 2147483733 2147483734 2147483736 2147483738 2147483739 2147483740 2147483741 2147483743 2147483748 2147483750 2147483754 2147483759 2147483762 2147483763 2147483770 2147483776 2147483777 2147483778 2147483779 2147483781 2147483782 2147483783 2147483785 2147483790 2147483791 2147483794 2147483795 2147483805 2147483809 2147483810 2147483832 2147483833 2147483834 2147483836 2147483837 2147483838 2147483839 2147483840 2147483841 2147483842 2147483843 2147483844 2147483845 2147483846 2147483852 2147483857 2147483858 2147483860 2147483863 2147483865 2147483867 2147483868 2147483869 2147483871 2147483872 2147483873 2147483874 57 53 49 52 54 127 128 129 130 51 133 134 131 132 50 2147483852 2147483857 2147483858 2147483860 2147483863 2147483865 2147483867 2147483868 2147483869 2147483871 2147483872 2147483873 2147483874 
2147483852 2147483657 2147483748 2147483750 2147483754 2147483836 2147483838 2147483846 2147483851 2147483657 2147483748 2147483750 2147483754 2147483836 2147483838 2147483846 2147483851 49 52 54 57 53 127 128 129 130 51 133 134 131 132 50 
2147483855 2147483657 2147483699 2147483814 2147483816 2147483657 2147483699 2147483814 2147483816 2147483858 49 52 54 51 134 50 2147483858 
2147483857 2147483650 2147483657 2147483712 2147483715 2147483720 2147483731 2147483733 2147483734 2147483832 2147483846 2147483851 2147483650 2147483657 2147483712 2147483715 2147483720 2147483731 2147483733 2147483734 2147483832 2147483846 2147483851 2147483860 2147483863 2147483865 2147483868 2147483869 49 52 54 57 53 127 128 129 130 51 133 134 131 132 50 2147483860 2147483863 2147483865 2147483868 2147483869 
2147483858 2147483657 2147483699 2147483702 2147483703 2147483805 2147483809 2147483810 2147483814 2147483816 2147483821 2147483823 2147483842 2147483846 2147483851 2147483855 2147483657 2147483699 2147483702 2147483703 2147483805 2147483809 2147483810 2147483814 2147483816 2147483821 2147483823 2147483842 2147483846 2147483851 2147483855 2147483861 134 49 52 54 57 53 127 128 129 130 51 133 132 50 2147483861 
2147483860 2147483650 2147483657 2147483712 2147483715 2147483720 2147483851 2147483857 2147483650 2147483657 2147483712 2147483715 2147483720 2147483851 2147483857 2147483863 2147483865 2147483868 2147483869 27 22 25 32 26 263 264 265 266 24 23 269 270 267 2147483863 2147483865 2147483868 2147483869 
2147483861 2147483657 2147483702 2147483703 2147483821 2147483823 2147483858 2147483657 2147483702 2147483703 2147483821 2147483823 2147483858 22 25 27 32 26 263 264 265 266 24 23 270 
2147483863 2147483657 2147483712 2147483851 2147483857 2147483860 2147483657 2147483712 2147483851 2147483857 2147483860 2147483865 22 25 24 23 269 270 267 2147483865 
2147483865 2147483657 2147483712 2147483851 2147483857 2147483860 2147483863 2147483657 2147483712 2147483851 2147483857 2147483860 2147483863 49 52 51 133 134 131 50 
2147483867 2147483657 2147483846 2147483851 2147483657 2147483846 2147483851 22 269 270 268 
2147483868 2147483657 2147483712 2147483851 2147483857 2147483860 2147483657 2147483712 2147483851 2147483857 2147483860 22 24 23 269 270 267 
2147483869 2147483657 2147483712 2147483851 2147483857 2147483860 2147483657 2147483712 2147483851 2147483857 2147483860 22 24 23 269 270 267 
2147483871 2147483657 2147483836 2147483838 2147483846 2147483851 2147483657 2147483836 2147483838 2147483846 2147483851 49 133 134 131 132 50 
2147483872 2147483657 2147483846 2147483851 2147483657 2147483846 2147483851 49 133 134 132 
2147483873 2147483657 2147483846 2147483851 2147483657 2147483846 2147483851 49 133 134 132 
2147483874 2147483657 2147483836 2147483838 2147483846 2147483851 2147483657 2147483836 2147483838 2147483846 2147483851 57 53 133 134 131 132 50 
