2 2147483666 
5 
8 2147483666 
11 2147483666 
18 
19 2147483666 
22 2147483669 2147483680 2147483702 2147483707 2147483708 2147483723 2147483724 
23 2147483656 2147483669 2147483680 2147483697 2147483702 2147483707 2147483708 2147483723 2147483724 
24 2147483680 2147483697 2147483702 2147483707 2147483708 2147483723 
25 2147483669 2147483707 2147483723 2147483724 
26 2147483656 2147483697 2147483707 2147483723 2147483724 
27 2147483669 2147483697 2147483707 2147483723 2147483724 
32 2147483669 2147483697 2147483707 2147483723 2147483724 
49 2147483657 2147483658 2147483664 2147483671 2147483678 2147483679 2147483688 2147483689 2147483700 2147483701 2147483719 2147483721 
50 2147483657 2147483658 2147483664 2147483671 2147483678 2147483679 2147483688 2147483689 2147483690 2147483696 2147483698 2147483699 2147483700 2147483701 2147483705 2147483706 2147483719 2147483721 2147483722 
51 2147483657 2147483658 2147483678 2147483679 2147483688 2147483689 2147483690 2147483696 2147483698 2147483699 2147483700 2147483701 2147483705 2147483706 2147483719 2147483721 2147483722 
52 2147483657 2147483658 2147483664 2147483671 2147483678 2147483679 2147483688 2147483689 2147483690 2147483696 2147483705 2147483706 2147483719 2147483721 
53 2147483657 2147483658 2147483678 2147483679 2147483688 2147483689 2147483690 2147483696 2147483698 2147483699 2147483705 2147483706 2147483719 2147483721 
54 2147483657 2147483658 2147483664 2147483671 2147483678 2147483679 2147483688 2147483689 2147483690 2147483696 2147483698 2147483699 2147483700 2147483701 2147483705 2147483706 2147483719 2147483721 
57 2147483657 2147483658 2147483664 2147483671 2147483678 2147483679 2147483688 2147483689 2147483690 2147483696 2147483698 2147483699 2147483705 2147483706 2147483719 2147483721 
61 2147483666 
127 2147483657 2147483658 2147483664 2147483671 2147483678 2147483679 2147483688 2147483689 2147483690 2147483696 2147483719 2147483721 
128 2147483657 2147483658 2147483678 2147483679 2147483688 2147483689 2147483690 2147483696 2147483719 2147483721 
129 2147483657 2147483658 2147483678 2147483679 2147483688 2147483689 2147483719 2147483721 
130 2147483657 2147483658 2147483678 2147483679 2147483688 2147483689 2147483719 2147483721 
131 2147483657 2147483658 2147483664 2147483671 2147483678 2147483679 2147483688 2147483689 2147483690 2147483696 2147483698 2147483699 2147483700 2147483701 2147483705 2147483706 2147483719 2147483721 
132 2147483657 2147483658 2147483678 2147483679 2147483688 2147483689 2147483690 2147483696 2147483698 2147483699 2147483700 2147483701 2147483719 2147483721 2147483722 
133 2147483657 2147483658 2147483671 2147483688 2147483689 2147483690 2147483696 2147483719 2147483721 
134 2147483657 2147483658 2147483664 2147483671 2147483678 2147483679 2147483688 2147483689 2147483690 2147483696 2147483698 2147483699 2147483700 2147483701 2147483705 2147483706 2147483719 2147483721 
151 2147483712 
152 
153 
154 
155 
156 
157 
158 
159 
160 
161 
162 
163 
164 
165 
166 
247 2147483666 
248 
249 
250 
251 2147483666 
252 
253 2147483666 
254 2147483666 
263 2147483656 2147483669 2147483707 2147483723 2147483724 
264 2147483707 2147483723 
265 2147483707 2147483723 
266 2147483707 2147483723 
267 2147483656 2147483669 2147483697 2147483702 2147483707 2147483723 2147483724 
268 2147483680 2147483697 2147483702 2147483723 
269 2147483669 2147483723 2147483724 
270 2147483656 2147483669 2147483697 2147483702 2147483707 2147483723 2147483724 
2147483656 2147483657 2147483658 2147483721 2147483724 26 263 23 270 267 2147483657 2147483658 2147483721 2147483724 
2147483657 2147483656 2147483656 2147483658 2147483664 2147483666 2147483669 2147483671 2147483678 2147483679 2147483688 2147483689 2147483690 2147483696 2147483697 2147483698 2147483699 2147483700 2147483701 2147483702 2147483705 2147483706 2147483707 2147483719 2147483721 2147483723 2147483724 53 57 49 52 54 127 128 129 130 51 133 134 131 132 50 2147483658 2147483664 2147483666 2147483669 2147483671 2147483678 2147483679 2147483688 2147483689 2147483690 2147483696 2147483697 2147483698 2147483699 2147483700 2147483701 2147483702 2147483705 2147483706 2147483707 2147483719 2147483721 2147483723 2147483724 
2147483658 2147483656 2147483657 2147483656 2147483657 2147483664 2147483666 2147483669 2147483671 2147483678 2147483679 2147483688 2147483689 2147483690 2147483696 2147483697 2147483698 2147483699 2147483700 2147483701 2147483702 2147483705 2147483706 2147483707 2147483719 2147483721 2147483723 2147483724 57 54 49 52 53 127 128 129 130 51 133 134 131 132 50 2147483664 2147483666 2147483669 2147483671 2147483678 2147483679 2147483688 2147483689 2147483690 2147483696 2147483697 2147483698 2147483699 2147483700 2147483701 2147483702 2147483705 2147483706 2147483707 2147483719 2147483721 2147483723 2147483724 
2147483664 2147483657 2147483658 2147483657 2147483658 2147483666 2147483669 2147483671 2147483721 2147483724 49 52 54 57 127 134 131 50 2147483666 2147483669 2147483671 2147483721 2147483724 
2147483666 2147483657 2147483658 2147483664 2147483657 2147483658 2147483664 2147483669 2147483671 2147483719 2147483721 2147483724 11 2 19 61 247 8 253 254 251 2147483669 2147483671 2147483719 2147483721 2147483724 
2147483669 2147483657 2147483658 2147483664 2147483666 2147483657 2147483658 2147483664 2147483666 2147483671 2147483719 2147483721 2147483724 22 25 27 32 263 23 269 270 267 2147483671 2147483719 2147483721 2147483724 
2147483671 2147483657 2147483658 2147483664 2147483666 2147483669 2147483657 2147483658 2147483664 2147483666 2147483669 2147483719 2147483721 2147483724 49 52 54 57 127 133 134 131 50 2147483719 2147483721 2147483724 
2147483678 2147483657 2147483658 2147483657 2147483658 2147483679 2147483680 2147483722 2147483723 49 54 52 57 53 127 128 129 130 51 134 131 132 50 2147483679 2147483680 2147483722 2147483723 
2147483679 2147483657 2147483658 2147483678 2147483657 2147483658 2147483678 2147483680 2147483722 2147483723 52 54 49 57 53 127 128 129 130 51 134 131 132 50 2147483680 2147483722 2147483723 
2147483680 2147483678 2147483679 2147483678 2147483679 2147483723 22 24 23 268 2147483723 
2147483688 2147483657 2147483658 2147483657 2147483658 2147483689 2147483690 2147483696 2147483697 2147483698 2147483699 2147483700 2147483701 2147483702 2147483719 2147483721 49 54 52 57 53 127 128 129 130 51 133 134 131 132 50 2147483689 2147483690 2147483696 2147483697 2147483698 2147483699 2147483700 2147483701 2147483702 2147483719 2147483721 
2147483689 2147483657 2147483658 2147483688 2147483657 2147483658 2147483688 2147483690 2147483696 2147483697 2147483698 2147483699 2147483700 2147483701 2147483702 2147483719 2147483721 52 54 49 57 53 127 128 129 130 51 133 134 131 132 50 2147483690 2147483696 2147483697 2147483698 2147483699 2147483700 2147483701 2147483702 2147483719 2147483721 
2147483690 2147483657 2147483658 2147483688 2147483689 2147483657 2147483658 2147483688 2147483689 2147483696 2147483719 2147483721 128 52 54 57 53 127 51 133 134 131 132 50 2147483696 2147483719 2147483721 
2147483696 2147483657 2147483658 2147483688 2147483689 2147483690 2147483657 2147483658 2147483688 2147483689 2147483690 2147483719 2147483721 127 52 54 57 53 128 51 133 134 131 132 50 2147483719 2147483721 
2147483697 2147483657 2147483658 2147483688 2147483689 2147483657 2147483658 2147483688 2147483689 2147483698 2147483699 2147483721 27 32 26 24 23 270 267 268 2147483698 2147483699 2147483721 
2147483698 2147483657 2147483658 2147483688 2147483689 2147483697 2147483657 2147483658 2147483688 2147483689 2147483697 2147483699 2147483721 53 54 57 51 134 131 132 50 2147483699 2147483721 
2147483699 2147483657 2147483658 2147483688 2147483689 2147483697 2147483698 2147483657 2147483658 2147483688 2147483689 2147483697 2147483698 2147483721 57 54 53 51 134 131 132 50 2147483721 
2147483700 2147483657 2147483658 2147483688 2147483689 2147483657 2147483658 2147483688 2147483689 2147483701 2147483721 49 54 51 134 131 132 50 2147483701 2147483721 
2147483701 2147483657 2147483658 2147483688 2147483689 2147483700 2147483657 2147483658 2147483688 2147483689 2147483700 2147483721 54 49 51 134 131 132 50 2147483721 
2147483702 2147483657 2147483658 2147483688 2147483689 2147483657 2147483658 2147483688 2147483689 2147483721 22 24 23 270 267 268 2147483721 
2147483705 2147483657 2147483658 2147483657 2147483658 2147483706 2147483707 2147483721 54 52 57 53 51 134 131 50 2147483706 2147483707 2147483721 
2147483706 2147483657 2147483658 2147483705 2147483657 2147483658 2147483705 2147483707 2147483721 52 54 57 53 51 134 131 50 2147483707 2147483721 
2147483707 2147483657 2147483658 2147483705 2147483706 2147483657 2147483658 2147483705 2147483706 2147483708 2147483721 22 25 27 32 26 263 264 265 266 24 23 270 267 2147483708 2147483721 
2147483708 2147483707 2147483707 2147483721 22 24 23 2147483721 
2147483712 2147483721 151 2147483721 
2147483719 2147483657 2147483658 2147483666 2147483669 2147483671 2147483688 2147483689 2147483690 2147483696 2147483657 2147483658 2147483666 2147483669 2147483671 2147483688 2147483689 2147483690 2147483696 2147483721 2147483723 2147483724 54 49 52 57 53 127 128 129 130 51 133 134 131 132 50 2147483721 2147483723 2147483724 
2147483721 2147483656 2147483657 2147483658 2147483664 2147483666 2147483669 2147483671 2147483688 2147483689 2147483690 2147483696 2147483697 2147483698 2147483699 2147483700 2147483701 2147483702 2147483705 2147483706 2147483707 2147483708 2147483712 2147483719 2147483656 2147483657 2147483658 2147483664 2147483666 2147483669 2147483671 2147483688 2147483689 2147483690 2147483696 2147483697 2147483698 2147483699 2147483700 2147483701 2147483702 2147483705 2147483706 2147483707 2147483708 2147483712 2147483719 2147483723 2147483724 52 49 54 57 53 127 128 129 130 51 133 134 131 132 50 2147483723 2147483724 
2147483722 2147483678 2147483679 2147483678 2147483679 51 132 50 
2147483723 2147483657 2147483658 2147483678 2147483679 2147483680 2147483719 2147483721 2147483657 2147483658 2147483678 2147483679 2147483680 2147483719 2147483721 263 22 25 27 32 26 264 265 266 24 23 269 270 267 268 
2147483724 2147483656 2147483657 2147483658 2147483664 2147483666 2147483669 2147483671 2147483719 2147483721 2147483656 2147483657 2147483658 2147483664 2147483666 2147483669 2147483671 2147483719 2147483721 263 22 25 27 32 26 23 269 270 267 
