2,1,2,-1,0,1,0,0,0,
5,1,5,-1,0,1,0,0,0,
8,1,8,-1,0,1,0,0,255,
11,1,11,-1,0,1,0,0,0,
18,1,18,-1,0,1,0,0,0,
19,1,19,-1,0,1,0,0,0,
22,1,22,-1,0,1,0,0,0,
23,1,23,-1,0,1,0,0,0,
24,1,24,-1,0,1,0,0,0,
25,1,25,-1,0,1,0,0,0,
26,1,26,-1,0,1,0,0,0,
27,1,27,-1,0,1,0,0,0,
32,1,32,-1,0,1,0,0,0,
49,1,49,-1,0,1,0,0,0,
50,1,50,-1,0,1,0,0,0,
51,1,51,-1,0,1,0,0,0,
52,1,52,-1,0,1,0,0,0,
53,1,53,-1,0,1,0,0,0,
54,1,54,-1,0,1,0,0,0,
57,1,57,-1,0,1,0,0,0,
61,1,61,-1,0,1,0,0,0,
127,1,127,-1,0,1,0,0,0,
128,1,128,-1,0,1,0,0,0,
129,1,129,-1,0,1,0,0,0,
130,1,130,-1,0,1,0,0,0,
131,1,131,-1,0,1,0,0,0,
132,1,132,-1,0,1,0,0,0,
133,1,133,-1,0,1,0,0,0,
134,1,134,-1,0,1,0,0,0,
247,1,247,-1,0,1,0,0,0,
248,1,248,-1,0,1,0,0,0,
249,1,249,-1,0,1,0,0,0,
250,1,250,-1,0,1,0,0,0,
251,1,251,-1,0,1,0,0,0,
252,1,252,-1,0,1,0,0,128,
253,1,253,-1,0,1,0,0,0,
254,1,254,-1,0,1,0,0,0,
263,1,263,-1,0,1,0,0,0,
264,1,264,-1,0,1,0,0,0,
265,1,265,-1,0,1,0,0,0,
266,1,266,-1,0,1,0,0,0,
267,1,267,-1,0,1,0,0,0,
268,1,268,-1,0,1,0,0,0,
269,1,269,-1,0,1,0,0,0,
270,1,270,-1,0,1,0,0,0,
2147483651,0,0,0.000431024,4,0,1,0,0,
2147483652,0,0,0.000399305,2,0,1,0,0,
2147483653,0,0,0.00168985,1,0,1,0,0,51
2147483654,0,0,0.00131427,1,0,1,0,0,51
2147483655,0,0,0.00143566,1,0,1,0,0,54 57 53 127 128 129 130 51
2147483656,0,0,0.000420971,1,0,1,0,0,51
2147483657,0,0,0.000327422,1,0,1,0,0,51
2147483658,0,0,0.000357688,1,0,1,0,0,54 57 53 127 128 129 130 51
2147483659,0,0,inf,1,0,1,0,0,52 54 57 53 127 128 129 130 51 131 50
2147483660,0,0,5.74599e-06,2,0,1,0,0,130 131
2147483662,0,0,0.000296514,1,0,1,0,0,129 130 131
2147483667,0,0,0.00313812,2,0,1,0,255,129 130 131
2147483668,0,0,0.00282201,3,0,1,0,255,265 266 267
2147483673,0,0,0.000297662,2,0,1,0,0,130 131
2147483674,0,0,0.00054651,3,0,1,0,0,266 267
2147483679,0,0,0.00271145,1,0,1,0,0,130 131
2147483680,0,0,inf,1,0,1,0,0,52 130 51 131
2147483685,0,0,0.00918627,1,0,1,0,0,265 266 24 267
2147483694,0,0,inf,1,0,1,0,0,25 266 24 23 267
2147483697,0,0,0.000600783,1,0,1,0,0,57 53 127 128 129 130 51 131 50
2147483700,0,0,0.000706183,1,0,1,0,0,127 128 129 130 51 133 134 131 132 50
2147483702,0,0,inf,1,0,1,0,0,57 53 127 128 129 130 51 133 134 131 132 50
2147483704,0,0,0.000282226,2,0,1,0,0,263 264 265 266 24 23 269 270 267 268
2147483708,0,0,0.00233128,1,0,1,0,0,263 264 265 266 24 23 269 270 267 268
2147483711,0,0,0.000908588,2,0,1,0,0,
2147483712,0,0,0.0141113,1,0,1,0,0,
2147483714,0,0,0.0264745,1,0,1,0,0,
2147483717,0,0,0.0047491,6,0,1,0,0,
2147483719,0,0,inf,1,0,1,0,0,52 54 57 127 130 51 50
2147483720,0,0,0.00074837,2,0,1,0,0,
2147483727,0,0,0.318869,2,0,1,0,0,127 51
2147483728,0,0,0.338798,3,0,1,0,0,263 24
2147483737,0,0,0.325492,1,0,1,0,0,
2147483738,0,0,inf,1,0,1,0,0,127 51
2147483743,0,0,1.10258,1,0,1,0,0,263 24
2147483752,0,0,inf,1,0,1,0,0,32 263 24
2147483755,0,0,0.0724881,1,0,1,0,0,57 127 130 51 50
2147483758,0,0,0.0221123,1,0,1,0,0,127 130 51 133 134 50
2147483759,0,0,inf,1,0,1,0,0,54 57 127 130 51 133 134 50
2147483764,0,0,0.0700199,1,0,1,0,0,263 266 24 23 269 270
2147483768,0,0,0.00379623,2,0,1,0,0,51 131 50
2147483776,0,0,inf,1,0,1,0,0,52 54 57 53 127 128 129 130 51 131 50
2147483778,0,0,0.000836308,1,0,1,0,0,54 57 53 127 128 129 130 51 133 134 131 50
2147483779,0,0,inf,1,0,1,0,0,54 57 53 127 128 129 130 51 133 134 131 50
2147483784,0,0,0.0274491,1,0,1,0,0,132 49 54 57 127 130 51 50
2147483787,0,0,inf,1,0,1,0,0,52 54 57 127 130 51 50
2147483789,0,0,0.0137322,1,0,1,0,0,52 54 57 127 51
2147483798,0,0,0.00255734,1,0,1,0,0,
2147483799,0,0,0.0924111,5,0,1,0,0,263 24
2147483805,0,0,0.0514934,1,0,1,0,0,127 51
2147483807,0,0,inf,1,0,1,0,0,127 51
2147483809,0,0,0.0514934,1,0,1,0,0,127 51
2147483810,0,0,inf,1,0,1,0,255,127 51
2147483812,0,0,0.0514934,1,0,1,0,0,
2147483816,0,0,inf,1,0,1,0,0,127 51 50
2147483817,0,0,inf,1,0,1,0,0,127 51
2147483820,0,0,1.0923,2,0,1,0,0,263 24
2147483822,0,0,inf,3,0,1,0,0,263 24
2147483827,0,0,inf,1,0,1,0,0,32 263 266 24 23
2147483832,0,0,inf,1,0,1,0,0,52 54 57 127 130 51 133 134 50
2147483833,0,0,inf,1,0,1,0,0,57 127 130 51 133 134 50
2147483835,0,0,0.00368995,1,0,1,0,0,54 127 130 51 133 134 50
2147483839,0,0,inf,1,0,1,0,0,57 127 130 51 133 134 50
2147483840,0,0,inf,1,0,1,0,0,127 130 51 133 134 50
2147483843,0,0,0.0693662,2,0,1,0,0,263 266 24 23 269 270
2147483845,0,0,inf,3,0,1,0,0,263 266 24 23 269 270
2147483847,0,0,0.00423351,3,0,1,0,0,
2147483848,0,0,0.00316552,2,0,1,0,0,
2147483851,0,0,inf,1,0,1,0,0,52 54 57 53 127 128 129 130 51 134 131 50
2147483859,0,0,inf,1,0,1,0,0,52 54 57 53 127 128 129 130 51
2147483864,0,0,inf,1,0,1,0,0,54 57 53 127 128 129 130 51 50
2147483867,0,0,0.00108455,1,0,1,0,0,54 57 53 127 128 129 130 51 133 131 132 50
2147483868,0,0,inf,1,0,1,0,0,54 57 53 127 128 129 130 51 133 134 131 132 50
2147483869,0,0,0.000360337,1,0,1,0,0,54 57 53 127 128 129 130 51 131 50
2147483870,0,0,inf,1,0,1,0,0,54 57 53 127 128 129 130 51 131 50
2147483878,0,0,inf,1,0,1,0,0,52 54 57 53 127 128 129 130 51
2147483883,0,0,inf,1,0,1,0,0,54 57 53 127 128 129 130 51 50
2147483887,0,0,2.15556e-05,2,0,1,0,0,130 131
2147483894,0,0,0.00139498,1,0,1,0,0,129 130 131
2147483898,0,0,0.000101641,1,0,1,0,0,265 266 267
2147483899,0,0,0.000756564,5,0,1,0,0,265 266 267
2147483906,0,0,0.000427522,1,0,1,0,0,130 51 131 50
2147483908,0,0,inf,1,0,1,0,0,130 51 131 50
2147483910,0,0,0.000427522,1,0,1,0,0,130 51 131 50
2147483911,0,0,inf,1,0,1,0,0,130 51 131 50
2147483913,0,0,0.000427182,1,0,1,0,0,130 131
2147483917,0,0,inf,1,0,1,0,0,53 129 130 51 131
2147483918,0,0,inf,1,0,1,0,0,129 130 51 131
2147483921,0,0,0.00910117,2,0,1,0,0,265 266 24 267
2147483923,0,0,inf,3,0,1,0,0,265 266 24 267
2147483929,0,0,inf,1,0,1,0,0,32 26 263 264 265 266 24 23 267
2147483932,0,0,0.000350943,1,0,1,0,0,49 52 54 127 128 129 130 51 131 50
2147483933,0,0,0.000350943,1,0,1,0,0,22 25 27 263 264 265 266 24 23 270 267
2147483935,0,0,inf,1,0,1,0,0,52 54 57 53 127 128 129 130 51 134 131 132 50
2147483936,0,0,0.000111281,1,0,1,0,0,57 53 127 128 129 130 51 133 134 131 132 50
2147483938,0,0,0.000113448,1,0,1,0,0,53 127 128 129 130 51 133 134 131 132 50
2147483942,0,0,inf,1,0,1,0,0,53 127 128 129 130 51 133 134 131 132 50
2147483943,0,0,inf,1,0,1,0,0,127 128 129 130 51 133 134 131 132 50
2147483946,0,0,0.00230871,2,0,1,0,0,263 264 265 266 24 23 269 270 267 268
2147483948,0,0,inf,3,0,1,0,0,263 264 265 266 24 23 269 270 267 268
2147483952,0,0,0.000335487,2,0,1,0,0,54 57 53 127 128 129 130 51 134 131 132 50
2147483953,0,0,0.00208432,3,0,1,0,0,129 130 131
2147483954,0,0,0.00189279,3,0,1,0,0,22 265 266 24 267
2147483957,0,0,0.000131784,5,0,1,0,0,250 251
2147483958,0,0,0.00078929,6,0,1,0,128,266 267
2147483959,0,0,0.0116747,3,0,1,0,128,129 130 51 131
2147483960,0,0,0.0102865,3,0,1,0,0,266 267
2147483963,0,0,0.000357047,3,0,1,0,0,250 251
2147483964,0,0,0.000808617,3,0,1,0,0,57 53 127 128 129 130 51 131 50
2147483965,0,0,0.000693456,3,0,1,0,0,27 32 26 263 265 266 24 23 267
2147483966,0,0,0.00296327,3,0,1,0,0,127 128 129 130 51 133 134 131 132 50
2147483967,0,0,0.00272428,3,0,1,0,0,26 263 264 265 266 24 23 269 270 267 268
2147483969,0,0,0.27346,3,0,1,0,0,127 51
2147483970,0,0,0.236139,3,0,1,0,0,27 263 24
2147483973,0,0,0.0159311,5,0,1,0,0,
2147483974,0,0,0.0950878,6,0,1,0,0,
2147483975,0,0,1.40135,3,0,1,0,0,127
2147483976,0,0,1.23478,3,0,1,0,0,
2147483979,0,0,0.0430393,3,0,1,0,0,
2147483980,0,0,0.0279075,3,0,1,0,0,
2147483981,0,0,0.0836574,3,0,1,0,0,27 32 263 266 24 23
2147483982,0,0,0.0889938,3,0,1,0,0,127 130 51 133 134 50
2147483983,0,0,0.0855641,3,0,1,0,0,27 263 266 24 23 269 270
2147483990,0,0,0.000821543,1,0,1,0,0,52 54 57 53 127 129 130 51 133 134 50
2147483991,0,0,inf,1,0,1,0,0,57 127 130 51 133 134 50
