2,1,2,-1,0,1,0,0,0,
3,1,3,-1,0,1,0,0,0,
5,1,5,-1,0,1,0,0,0,
6,1,6,-1,0,1,0,0,0,
8,1,8,-1,0,1,0,0,0,
9,1,9,-1,0,1,0,0,0,
11,1,11,-1,0,1,0,0,0,
13,1,13,-1,0,1,0,0,1,
16,1,16,-1,0,1,0,0,0,
18,1,18,-1,0,1,0,0,0,
19,1,19,-1,0,1,0,0,0,
21,1,21,-1,0,1,0,0,0,
22,1,22,-1,0,1,0,0,0,
23,1,23,-1,0,1,0,0,0,
24,1,24,-1,0,1,0,0,0,
25,1,25,-1,0,1,0,0,0,
26,1,26,-1,0,1,0,0,0,
27,1,27,-1,0,1,0,0,0,
32,1,32,-1,0,1,0,0,0,
49,1,49,-1,0,1,0,0,0,
50,1,50,-1,0,1,0,0,0,
51,1,51,-1,0,1,0,0,0,
52,1,52,-1,0,1,0,0,0,
53,1,53,-1,0,1,0,0,0,
54,1,54,-1,0,1,0,0,0,
57,1,57,-1,0,1,0,0,0,
59,1,59,-1,0,1,0,0,255,
61,1,61,-1,0,1,0,0,0,
127,1,127,-1,0,1,0,0,0,
128,1,128,-1,0,1,0,0,0,
129,1,129,-1,0,1,0,0,0,
130,1,130,-1,0,1,0,0,0,
131,1,131,-1,0,1,0,0,0,
132,1,132,-1,0,1,0,0,0,
133,1,133,-1,0,1,0,0,0,
134,1,134,-1,0,1,0,0,0,
247,1,247,-1,0,1,0,0,0,
248,1,248,-1,0,1,0,0,0,
249,1,249,-1,0,1,0,0,0,
250,1,250,-1,0,1,0,0,0,
251,1,251,-1,0,1,0,0,0,
252,1,252,-1,0,1,0,0,0,
253,1,253,-1,0,1,0,0,0,
254,1,254,-1,0,1,0,0,0,
263,1,263,-1,0,1,0,0,0,
264,1,264,-1,0,1,0,0,0,
265,1,265,-1,0,1,0,0,0,
266,1,266,-1,0,1,0,0,0,
267,1,267,-1,0,1,0,0,1,
268,1,268,-1,0,1,0,0,0,
269,1,269,-1,0,1,0,0,0,
270,1,270,-1,0,1,0,0,0,
271,1,271,-1,0,1,0,0,0,
272,1,272,-1,0,1,0,0,0,
273,1,273,-1,0,1,0,0,0,
274,1,274,-1,0,1,0,0,0,
275,1,275,-1,0,1,0,0,0,
276,1,276,-1,0,1,0,0,0,
277,1,277,-1,0,1,0,0,0,
278,1,278,-1,0,1,0,0,0,
2147483648,0,0,0.000934559,4,0,1,0,0,134
2147483653,0,0,0.000992027,3,0,1,0,0,54 57 53 127 128 129 130 134 132
2147483654,0,0,0.000450606,2,0,1,0,0,54 57 53 127 128 129 130 134 132
2147483656,0,0,0.00223907,11,0,1,0,0,
2147483657,0,0,0.000992027,3,0,1,0,0,54 57 53 127 128 129 130 134 132
2147483659,0,0,0.000340537,2,0,1,0,0,134
2147483668,0,0,0.000788352,2,0,1,0,0,24 270
2147483669,0,0,0.00248173,1,0,1,0,0,51 134
2147483673,0,0,0.000788352,2,0,1,0,0,270
2147483692,0,0,0.00101369,2,0,1,0,0,133 134 131 132 50
2147483696,0,0,0.00259164,1,0,1,0,0,51 134 131 132
2147483698,0,0,0.000990788,2,0,1,0,0,134
2147483708,0,0,inf,1,0,1,0,0,52 54 57 53 127 128 129 130 134 132
2147483714,0,0,0.000177557,1,0,1,0,0,19 61 18 247 248 249 250 254 252
2147483719,0,0,inf,1,0,1,0,0,54 57 53 127 128 129 130 134 132
2147483725,0,0,inf,1,0,1,0,0,54 57 53 127 128 129 130 134 132
2147483728,0,0,inf,1,0,1,0,0,52 54 57 53 127 128 129 130 134 132
2147483732,0,0,0.000177557,1,0,1,0,0,19 61 18 247 248 249 250 254 252
2147483737,0,0,inf,1,0,1,0,0,54 57 53 127 128 129 130 134 132
2147483742,0,0,inf,2,0,1,0,0,25 27 32 26 263 264 265 266 270
2147483756,0,0,0.000381843,1,0,1,0,0,13 21 59 16 271 272 273 274 9 6 278
2147483759,0,0,inf,1,0,1,0,0,52 54 57 53 127 128 129 130 51 134 50
2147483762,0,0,0.000186339,1,0,1,0,0,13 21 59 16 271 272 273 274 9 6 278
2147483765,0,0,inf,1,0,1,0,0,52 54 57 53 127 128 129 130 51 134 50
2147483771,0,0,0.000963785,1,0,1,0,0,49 52 54 127 128 129 130 51 134 50
2147483778,0,0,0.000722839,1,0,1,0,0,49 52 54 127 128 129 130 51 134 50
2147483783,0,0,inf,1,0,1,0,0,25 27 32 26 263 264 265 266 24 23 270
2147483790,0,0,0.000562208,1,0,1,0,0,49 52 54 57 127 128 129 130 51 134
2147483791,0,0,inf,1,0,1,0,0,25 27 32 26 263 264 265 266 24 23 270
2147483792,0,0,0.000474363,1,0,1,0,0,25 27 263 264 265 266 24 270
2147483793,0,0,0.00207111,2,0,1,0,0,25 27 32 263 264 265 266 24 270
2147483795,0,0,0.000523435,1,0,1,0,0,22 25 27 263 264 265 266 24 270
2147483797,0,0,inf,1,0,1,0,0,11 19 61 18 247 248 249 250 5 254
2147483798,0,0,0.000337178,1,0,1,0,0,22 25 27 263 264 265 266 24 270
2147483799,0,0,inf,1,0,1,0,0,11 19 61 18 247 248 249 250 5 8 254
2147483800,0,0,inf,1,0,1,0,0,25 27 32 26 263 264 265 266 24 23 270
2147483805,0,0,0.000428871,1,0,1,0,0,
2147483809,0,0,0.000562208,1,0,1,0,255,49 52 54 57 127 128 129 130 134
2147483810,0,0,inf,1,0,1,0,0,25 27 32 26 263 264 265 266 23 270
2147483811,0,0,0.000474363,1,0,1,0,0,25 27 263 264 265 266 270
2147483812,0,0,0.00207111,2,0,1,0,0,25 27 32 263 264 265 266 270
2147483814,0,0,0.000523435,1,0,1,0,0,22 25 27 263 264 265 266 270
2147483816,0,0,inf,1,0,1,0,0,11 19 61 18 247 248 249 250 254
2147483817,0,0,0.000337178,1,0,1,0,255,22 25 27 263 264 265 266 270
2147483818,0,0,inf,1,0,1,0,0,11 19 61 18 247 248 249 250 8 254
2147483820,0,0,0.00122486,1,0,1,0,0,25 27 32 26 263 264 265 266 23 270
2147483822,0,0,inf,2,0,1,0,0,11 19 61 18 247 248 249 250 8 254
2147483824,0,0,0.000470851,2,0,1,0,0,13 21 59 16 271 272 273 274 6 278
2147483827,0,0,inf,1,0,1,0,0,52 54 57 53 127 128 129 130 134 50
2147483831,0,0,0.00301953,2,0,1,0,0,19 61 18 247 248 249 250 254 251
2147483834,0,0,0.00144511,2,0,1,0,0,22 25 27 32 263 264 265 266 269 270 267
2147483846,0,0,inf,1,0,1,0,0,52 54 57 53 127 128 129 130 134
2147483850,0,0,inf,1,0,1,0,0,52 54 57 53 127 128 129 130 51 50
2147483855,0,0,inf,1,0,1,0,0,52 54 57 53 127 128 129 130 51 50
2147483863,0,0,0.0282201,1,0,1,0,0,49 52 54 57 127 128 129 130 51 134
2147483864,0,0,0.0238107,1,0,1,0,0,54 127 128 129 130 51 134
2147483865,0,0,0.0253981,1,0,1,0,0,27 263 264 265 266 24 270
2147483867,0,0,0.0245788,1,0,1,0,0,127 128 129 130 51 134
2147483869,0,0,0.0211651,1,0,1,0,0,134
2147483870,0,0,0.0282201,1,0,1,0,0,22 25 27 32 263 264 265 266 270
2147483871,0,0,0.0272122,1,0,1,0,0,57 52 54 127 128 129 130 134
2147483880,0,0,0.0169279,1,0,1,0,0,22 25 27 32 263 264 265 266 24
2147483881,0,0,0.012696,1,0,1,0,0,
2147483882,0,0,0.0169279,1,0,1,0,0,22 25 27 32 263 264 265 266
2147483883,0,0,0.0163234,1,0,1,0,0,57 52 54 127 128 129 130
2147483887,0,0,0.000629399,1,0,1,0,0,22 25 263 264 265 266 23 269 270 268
2147483892,0,0,inf,2,0,1,0,0,25 27 32 26 263 264 265 266 23 269 270 267 268
2147483911,0,0,0.000316421,3,0,1,0,0,57 52 54 127 128 129 130 134
2147483912,0,0,0.00146047,8,0,1,0,0,
2147483913,0,0,0.00193927,3,0,1,0,0,25 27 32 26 263 264 265 266 24 23 270
2147483916,0,0,0.00139998,8,0,1,0,0,
2147483919,0,0,0.00188409,3,0,1,0,0,25 27 32 26 263 264 265 266 24 23
2147483920,0,0,0.0506901,3,0,1,0,128,270
2147483921,0,0,0.0356609,3,0,1,0,0,
2147483923,0,0,0.000947112,3,0,1,0,0,57 52 54 127 128 129 130 133 134 131 132 50
2147483926,0,0,0.000390647,3,0,1,0,0,134
2147483927,0,0,0.00333718,1,0,1,0,0,51 134 131 132
2147483929,0,0,0.00141223,6,0,1,0,0,
2147483931,0,0,0.00158174,1,0,1,0,0,134 132 50
2147483932,0,0,inf,1,0,1,0,0,52 54 57 53 127 128 129 130 134 132
2147483933,0,0,inf,1,0,1,0,0,52 54 57 53 127 128 129 130 134 132
2147483934,0,0,inf,1,0,1,0,0,52 54 57 53 127 128 129 130 134 132
2147483935,0,0,inf,1,0,1,0,0,52 54 57 53 127 128 129 130 134 132
2147483936,0,0,inf,1,0,1,0,0,52 54 57 53 127 128 129 130 134 132
2147483937,0,0,inf,1,0,1,0,0,49 52 54 57 53 127 128 129 130 133 134
2147483938,0,0,inf,1,0,1,0,0,49 52 54 57 53 127 128 129 130 134
2147483939,0,0,inf,1,0,1,0,0,49 52 54 57 53 127 128 129 130 134
2147483940,0,0,inf,1,0,1,0,0,49 52 54 57 53 127 128 129 130 134
2147483942,0,0,0.00553728,2,0,1,0,0,52 54 57 53 127 128 129 130 51 134 132
2147483944,0,0,0.000505987,1,0,1,0,0,51
2147483945,0,0,0.000213597,1,0,1,0,0,51 50
2147483946,0,0,0.0111477,1,0,1,0,0,
2147483947,0,0,0.00400707,4,0,1,0,0,52 54 57 53 127 128 129 130 51 134 50
2147483948,0,0,0.0169477,13,0,1,0,0,49 127 128 129 130
2147483949,0,0,0.00163267,1,0,1,0,0,49 52 54 57 53 127 128 129 130 51 50
2147483951,0,0,0.00701389,1,0,1,0,0,52 54 57 53 127 128 129 130 51 134 132
2147483952,0,0,0.0022873,1,0,1,0,0,54 57 53 127 128 129 130 133 134 131
2147483953,0,0,inf,1,0,1,0,0,54 57 53 127 128 129 130 134 132
2147483954,0,0,inf,1,0,1,0,0,54 57 53 127 128 129 130 134 132
2147483955,0,0,inf,1,0,1,0,0,52 54 57 53 127 128 129 130 134 50
2147483956,0,0,inf,1,0,1,0,0,52 54 57 53 127 128 129 130 133 134 131
2147483957,0,0,inf,1,0,1,0,0,52 54 57 53 127 128 129 130 51
2147483958,0,0,inf,1,0,1,0,0,49 52 54 57 127 128 129 130 134 132
2147483959,0,0,inf,1,0,1,0,0,49 52 54 57 127 128 129 130 134 132
2147483960,0,0,inf,1,0,1,0,0,49 52 54 57 127 128 129 130 51 134 50
2147483961,0,0,inf,1,0,1,0,0,49 52 54 127 128 129 130 51 134 50
2147483962,0,0,inf,1,0,1,0,0,49 52 127 128 129 130 134
2147483963,0,0,inf,1,0,1,0,0,49 52 127 128 129 130
2147483964,0,0,inf,1,0,1,0,0,49 52 57 127 128 129 130 133 134 132 50
2147483965,0,0,inf,1,0,1,0,0,52 54 57 53 127 128 129 130 133 134 50
2147483966,0,0,inf,1,0,1,0,0,52 54 57 53 127 128 129 130 133 134 50
2147483967,0,0,inf,1,0,1,0,0,52 54 57 53 127 128 129 130 133 134 50
2147483968,0,0,inf,1,0,1,0,0,52 54 57 53 127 128 129 130 133 134 131
