2,1,2,-1,0,1,0,0,0,
5,1,5,-1,0,1,0,0,0,
11,1,11,-1,0,1,0,0,0,
18,1,18,-1,0,1,0,0,0,
19,1,19,-1,0,1,0,0,0,
22,1,22,-1,0,1,0,0,255,
24,1,24,-1,0,1,0,0,0,
25,1,25,-1,0,1,0,0,0,
26,1,26,-1,0,1,0,0,0,
27,1,27,-1,0,1,0,0,0,
32,1,32,-1,0,1,0,0,0,
49,1,49,-1,0,1,0,0,0,
51,1,51,-1,0,1,0,0,0,
52,1,52,-1,0,1,0,0,0,
53,1,53,-1,0,1,0,0,0,
54,1,54,-1,0,1,0,0,0,
57,1,57,-1,0,1,0,0,0,
61,1,61,-1,0,1,0,0,0,
127,1,127,-1,0,1,0,0,0,
128,1,128,-1,0,1,0,0,0,
129,1,129,-1,0,1,0,0,0,
130,1,130,-1,0,1,0,0,0,
131,1,131,-1,0,1,0,0,0,
132,1,132,-1,0,1,0,0,0,
133,1,133,-1,0,1,0,0,0,
134,1,134,-1,0,1,0,0,0,
247,1,247,-1,0,1,0,0,255,
248,1,248,-1,0,1,0,0,0,
249,1,249,-1,0,1,0,0,0,
250,1,250,-1,0,1,0,0,0,
251,1,251,-1,0,1,0,0,0,
252,1,252,-1,0,1,0,0,0,
253,1,253,-1,0,1,0,0,0,
254,1,254,-1,0,1,0,0,0,
263,1,263,-1,0,1,0,0,0,
264,1,264,-1,0,1,0,0,0,
265,1,265,-1,0,1,0,0,0,
266,1,266,-1,0,1,0,0,0,
267,1,267,-1,0,1,0,0,0,
268,1,268,-1,0,1,0,0,0,
269,1,269,-1,0,1,0,0,0,
270,1,270,-1,0,1,0,0,255,
2147483649,0,0,0.0053565,4,0,1,0,0,
2147483650,0,0,0.036163,7,0,1,0,0,
2147483651,0,0,0.146315,6,0,1,0,0,
2147483661,0,0,0.000619619,1,0,1,0,0,25 27 32 26 263 264 265 266 24
2147483662,0,0,0.000539782,3,0,1,0,0,
2147483663,0,0,0.00486399,5,0,1,0,0,
2147483670,0,0,0.000575054,1,0,1,0,0,
2147483692,0,0,0.00113079,9,0,1,0,0,
2147483693,0,0,2.87741e-05,3,0,1,0,0,263 264 265 266 24
2147483694,0,0,0.000172312,6,0,1,0,0,263 264 265 266 24
2147483736,0,0,0.00209696,7,0,1,0,0,
2147483737,0,0,0.000637367,5,0,1,0,0,
2147483742,0,0,inf,1,0,1,0,255,52 54 57 53 127 128 129 130 51 133
2147483747,0,0,0.00119222,2,0,1,0,0,52 54 57 53 127 128 129 130 131
2147483750,0,0,0.0008871,2,0,1,0,0,131
2147483751,0,0,inf,1,0,1,0,0,52 54 57 53 127 128 129 130 131
2147483753,0,0,0.000944332,2,0,1,0,0,52 54 57 53 127 128 129 130 131
2147483757,0,0,0.63295,1,0,1,0,0,11 19 61 18 247 248 249 250
2147483764,0,0,inf,1,0,1,0,0,25 27 32 26 263 264 265 266
2147483770,0,0,0.000730434,1,0,1,0,0,49 52 54 127 128 129 130 133 131 132
2147483771,0,0,0.000291983,2,0,1,0,255,
2147483775,0,0,0.00045609,1,0,1,0,0,49 52 54 127 128 129 130 51 133 132
2147483786,0,0,0.00223616,1,0,1,0,0,52 54 127 128 129 130 133
2147483787,0,0,0.00223616,1,0,1,0,0,49 52 54 127 128 129 130 133
2147483788,0,0,inf,1,0,1,0,0,25 27 32 26 263 264 265 266 269
2147483798,0,0,0.000160465,1,0,1,0,0,49 52 54 127 128 129 130 51 133 134 132
2147483809,0,0,0.00196884,1,0,1,0,0,49 52 54 127 128 129 130
2147483810,0,0,0.00196884,1,0,1,0,0,49 52 54 127 128 129 130
2147483811,0,0,inf,1,0,1,0,0,25 27 32 26 263 264 265 266
2147483821,0,0,0.00157014,1,0,1,0,0,49 52 54 57 127 128 129 130
2147483822,0,0,inf,1,0,1,0,0,52 54 57 53 127 128 129 130
2147483829,0,0,inf,2,0,1,0,255,54 57 53 127 128 129 130 133 132
2147483833,0,0,0.00125612,1,0,1,0,0,49 52 54 57 127 128 129 130
2147483834,0,0,0.00116949,1,0,1,0,0,52 54 57 53 127 128 129 130
2147483841,0,0,7.82197e-05,1,0,1,0,0,49 52 54 57 127 128 129 130 51 133 134 132
2147483847,0,0,0.000946154,1,0,1,0,0,49 52 54 127 128 129 130
2147483850,0,0,inf,1,0,1,0,0,52 54 57 53 127 128 129 130 51 132
2147483861,0,0,0.00075648,1,0,1,0,0,49 52 54 127 128 129 130
2147483871,0,0,0.0022853,4,0,1,0,0,133 132
2147483873,0,0,0.00494107,4,0,1,0,0,
2147483875,0,0,0.00331287,3,0,1,0,0,
2147483876,0,0,0.00424085,6,0,1,0,0,
2147483878,0,0,0.00270356,3,0,1,0,255,
2147483879,0,0,0.00324608,7,0,1,0,0,
2147483881,0,0,0.0025151,3,0,1,0,0,
2147483882,0,0,0.00102774,3,0,1,0,0,263 264 265 266 24
2147483886,0,0,2.11379e-05,4,0,1,0,0,263 264 265 266 24
2147483890,0,0,0.00206018,3,0,1,0,0,
2147483892,0,0,0.0005589,15,0,1,0,0,
2147483893,0,0,0.0398676,4,0,1,0,0,132
2147483894,0,0,0.0274125,3,0,1,0,0,49 52 54 57 127 128 129 130 132
2147483895,0,0,0.0249163,4,0,1,0,0,132
2147483896,0,0,0.0171324,3,0,1,0,0,49 52 54 57 127 128 129 130 132
2147483897,0,0,0.0250227,3,0,1,0,0,131 132
2147483898,0,0,0.0175142,3,0,1,0,0,49 52 54 57 127 128 129 130 131 132
2147483900,0,0,0.000294615,2,0,1,0,0,
2147483902,0,0,0.00036404,13,0,1,0,0,
2147483906,0,0,0.0006593,1,0,1,0,0,
2147483907,0,0,0.00136827,1,0,1,0,0,52 54 57 53 127 128 129 130 51 133 134 132
2147483908,0,0,0.000808063,1,0,1,0,0,132
2147483909,0,0,inf,1,0,1,0,0,52 54 57 127 128 129 130 133
2147483911,0,0,0.000284021,2,0,1,0,0,57 53 127 128 129 130 51 133 132
2147483912,0,0,0.000377047,1,0,1,0,0,
2147483913,0,0,9.53518e-05,4,0,1,0,0,
2147483914,0,0,inf,1,0,1,0,0,49 52 54 57 53 127 128 129 130
2147483916,0,0,0.000457852,3,0,1,0,0,32 26 263 264 265 266 24 269 268
2147483918,0,0,0.000123366,4,0,1,0,0,25 27 32 26 263 264 265 266 24 269
2147483919,0,0,0.000110325,2,0,1,0,0,27 32 26 263 264 265 266 268
2147483920,0,0,2.45604e-05,2,0,1,0,0,263 264 265 266 24
2147483922,0,0,0.00031356,2,0,1,0,0,32 26 263 264 265 266 24 269 268
2147483923,0,0,0.000313977,5,0,1,0,0,263 264 265 266 24
2147483924,0,0,inf,1,0,1,0,0,25 27 32 26 263 264 265 266 269 268
2147483926,0,0,0.00350647,3,0,1,0,0,49 52 127 128 129 130 51
2147483928,0,0,0.00157762,6,0,1,0,0,
2147483930,0,0,0.000391403,1,0,1,0,0,
2147483931,0,0,0.000318917,1,0,1,0,0,
