22,1,22,-1,0,1,0,0,0,
23,1,23,-1,0,1,0,0,0,
24,1,24,-1,0,1,0,0,0,
25,1,25,-1,0,1,0,0,0,
26,1,26,-1,0,1,0,0,0,
27,1,27,-1,0,1,0,0,0,
32,1,32,-1,0,1,0,0,0,
49,1,49,-1,0,1,0,0,0,
50,1,50,-1,0,1,0,0,0,
51,1,51,-1,0,1,0,0,0,
52,1,52,-1,0,1,0,0,0,
53,1,53,-1,0,1,0,0,0,
54,1,54,-1,0,1,0,0,247,
57,1,57,-1,0,1,0,0,0,
127,1,127,-1,0,1,0,0,0,
128,1,128,-1,0,1,0,0,0,
129,1,129,-1,0,1,0,0,0,
130,1,130,-1,0,1,0,0,0,
131,1,131,-1,0,1,0,0,0,
132,1,132,-1,0,1,0,0,0,
133,1,133,-1,0,1,0,0,0,
134,1,134,-1,0,1,0,0,0,
263,1,263,-1,0,1,0,0,0,
264,1,264,-1,0,1,0,0,0,
265,1,265,-1,0,1,0,0,0,
266,1,266,-1,0,1,0,0,0,
267,1,267,-1,0,1,0,0,0,
268,1,268,-1,0,1,0,0,0,
269,1,269,-1,0,1,0,0,0,
270,1,270,-1,0,1,0,0,0,
2147483649,0,0,0.00385298,3,0,1,0,0,
2147483656,0,0,0.00343323,1,0,1,0,0,127 128 129 130 51 133 131
2147483657,0,0,0.00109761,2,0,1,0,0,127 128 129 130 51 133 131
2147483658,0,0,0.000768298,3,0,1,0,255,131
2147483662,0,0,0.00189419,1,0,1,0,0,127 128 129 130 51 133 131 50
2147483663,0,0,0.00194292,1,0,1,0,0,127 128 129 130 51 133 131 50
2147483667,0,0,0.0106184,4,0,1,0,0,27 32 26 263 264 265 266
2147483668,0,0,0.00391476,10,0,1,0,0,53 127 128 129 130
2147483690,0,0,0.00649021,1,0,1,0,0,57 53 127 128 129 130
2147483691,0,0,0.00685078,1,0,1,0,128,32 26 263 264 265 266
2147483693,0,0,inf,1,0,1,0,0,32 26 263 264 265 266 267
2147483697,0,0,0.0162474,3,0,1,0,0,26 263 264 265 266
2147483698,0,0,inf,3,0,1,0,0,26 263 264 265 266
2147483701,0,0,0.0549539,1,0,1,0,0,127 128 129 130
2147483703,0,0,0.0554562,1,0,1,0,0,127 128 129 130
2147483708,0,0,0.00834481,2,0,1,0,0,
2147483709,0,0,0.00819016,1,0,1,0,0,
2147483717,0,0,0.00513808,1,0,1,0,0,27 26 264 265 266 23
2147483721,0,0,0.00478373,1,0,1,0,0,52 54 57 53 127 128 130 51 50
2147483722,0,0,0.0154142,4,0,1,0,0,
2147483736,0,0,0.00452375,2,0,1,0,0,
2147483739,0,0,0.00853914,4,0,1,0,0,
2147483753,0,0,inf,3,0,1,0,255,27 32 26 264 265 266 23
2147483756,0,0,0.0549539,1,0,1,0,0,128 129 130 50
2147483758,0,0,0.0554562,1,0,1,0,0,128 129 130 50
2147483762,0,0,0.00237449,1,0,1,0,0,52 54 57 53 127 128 129 130 133 131 132 50
2147483769,0,0,0.0011989,5,0,1,0,255,
2147483770,0,0,0.00814516,2,0,1,0,0,54 57 53 127 128 129 130 51
2147483772,0,0,inf,2,0,1,0,0,27 32 26 263 264 265 266 24
2147483780,0,0,inf,1,0,1,0,0,52 54 57 53 127 128 129 130
2147483784,0,0,0.00585938,3,0,1,0,0,27 32 26 263 264 265 266
2147483789,0,0,0.000358737,2,0,1,0,0,131
2147483790,0,0,0.000197266,1,0,1,0,0,49 52 57 127 128 129 130 131
2147483791,0,0,0.000190902,1,0,1,0,0,49 52 127 128 129 130 131
2147483796,0,0,0.000303071,1,0,1,0,0,32 26 263 264 265 266 267
2147483799,0,0,inf,3,0,1,0,0,57 53 127 128 129 130 131
2147483802,0,0,0.000244141,1,0,1,0,255,53 127 128 129 130 51 133 131
2147483811,0,0,inf,1,0,1,0,0,127 128 129 130 51 133 131
2147483812,0,0,inf,1,0,1,0,0,127 128 129 130 51 133 131
2147483813,0,0,inf,1,0,1,0,0,127 128 129 130 51 133 131
2147483814,0,0,inf,1,0,1,0,0,127 128 129 130 51 133 131
2147483818,0,0,inf,1,0,1,0,0,127 128 129 130 51 133 131 50
2147483820,0,0,inf,1,0,1,0,0,25 27 32 26 263 264 265 266 24 23 269 267
2147483824,0,0,0.00530577,1,0,1,0,0,27 32 26 263 264 265 266
2147483829,0,0,inf,1,0,1,0,0,54 57 53 127 128 129 130 50
2147483831,0,0,inf,2,0,1,0,0,53 127 128 129 130 50
2147483835,0,0,inf,1,0,1,0,0,54 57 53 127 128 129 130 50
2147483838,0,0,inf,3,0,1,0,0,54 57 53 127 128 129 130 50
2147483849,0,0,0.0108795,3,0,1,0,0,54 57 53 127 128 129 130
2147483850,0,0,inf,1,0,1,0,0,54 57 53 127 128 129 130
2147483852,0,0,0.00379919,1,0,1,0,0,49 52 54 57 127 128 129 130
2147483853,0,0,inf,1,0,1,0,0,52 54 57 53 127 128 129 130
2147483854,0,0,inf,1,0,1,0,0,49 52 54 57 127 128 129 130
2147483860,0,0,0.00240417,1,0,1,0,0,25 27 32 264 265 266 23 270 268
2147483871,0,0,inf,1,0,1,0,0,52 54 57 53 127 128 130 51 50
2147483876,0,0,0.00154142,1,0,1,0,0,52 127 128 129 130
2147483882,0,0,inf,3,0,1,0,0,57 53 127 128 129 130
2147483886,0,0,0.151771,1,0,1,0,0,53 127 130 51
2147483891,0,0,0.153344,2,0,1,0,0,130
2147483893,0,0,0.159115,2,0,1,0,0,130
2147483894,0,0,0.22442,3,0,1,0,0,130
2147483895,0,0,0.225488,2,0,1,0,0,130
2147483896,0,0,0.343517,5,0,1,0,0,130
2147483901,0,0,0.189047,2,0,1,0,0,130
2147483902,0,0,0.204106,2,0,1,0,0,127 130
2147483908,0,0,0.262409,3,0,1,0,0,130
2147483918,0,0,inf,1,0,1,0,0,52 54 57 53 127 128 129 130 131
2147483921,0,0,0.00373246,2,0,1,0,0,
2147483922,0,0,0.00199322,1,0,1,0,0,49 52 57 127 128 129 130 131
2147483923,0,0,0.00192678,1,0,1,0,0,49 52 127 128 129 130 131
2147483928,0,0,0.00296023,1,0,1,0,0,27 32 26 263 264 265 266
2147483931,0,0,inf,3,0,1,0,0,54 57 53 127 128 129 130
2147483952,0,0,0.00411411,8,0,1,0,0,
2147483953,0,0,0.00203575,2,0,1,0,0,
2147483954,0,0,0.000885869,2,0,1,0,0,
2147483965,0,0,0.00137381,1,0,1,0,0,133
2147483966,0,0,0.00118725,1,0,1,0,0,49 52 54 127 128 129 130 133
2147483967,0,0,0.00235098,1,0,1,0,0,25 27 32 26 263 264 265 266 23 269 268
2147483970,0,0,0.00379919,1,0,1,0,0,49 52 54 57 127 128 129 130 51 133 134 131 132 50
2147483974,0,0,0.00184502,3,0,1,0,0,54 57 53 127 128 129 130
2147483975,0,0,0.00255904,3,0,1,0,0,127 128 129 130 131
2147483977,0,0,0.0158773,5,0,1,0,0,127 128 129 130 51 133 131
2147483978,0,0,0.0174645,3,0,1,0,0,127 128 129 130 51 133 131 50
2147483979,0,0,0.119299,8,0,1,0,0,53 127 128 129 130 50
2147483980,0,0,0.0857473,8,0,1,0,0,26 263 264 265 266 23
2147483982,0,0,0.0960445,5,0,1,0,0,53 127 128 129 130 50
2147483987,0,0,0.00541071,4,0,1,0,0,
2147483988,0,0,0.00956693,4,0,1,0,0,127 128 129 130
2147483991,0,0,0.00414769,4,0,1,0,0,263 264 265 266
2147483993,0,0,0.132906,4,0,1,0,0,127 128 129 130
2147483998,0,0,0.00982894,7,0,1,0,0,
2147484005,0,0,0.176719,3,0,1,0,0,130
2147484006,0,0,0.195247,4,0,1,0,0,130
2147484011,0,0,0.00449443,3,0,1,0,0,
2147484014,0,0,0.00965906,5,0,1,0,0,27 264 265 266 23
2147484015,0,0,0.129573,3,0,1,0,0,128 129 130 50
2147484016,0,0,0.00489242,9,0,1,0,0,
2147484021,0,0,0.000783905,7,0,1,0,0,
2147484023,0,0,0.000461072,6,0,1,0,0,
2147484025,0,0,0.0030306,5,0,1,0,0,
2147484027,0,0,inf,1,0,1,0,0,54 57 53 127 128 129 130 51 133 131
2147484028,0,0,inf,1,0,1,0,0,52 54 57 53 127 128 129 130 51 133 131 50
2147484030,0,0,0.00173896,5,0,1,0,0,
2147484032,0,0,0.00956746,1,0,1,0,0,32 26 263 264 265 266
2147484033,0,0,0.0106714,1,0,1,0,0,27 26 264 265 266 23 267
2147484034,0,0,inf,1,0,1,0,0,25 27 32 26 263 264 265 266 23 269 267 268
2147484036,0,0,0.00247664,3,0,1,0,0,128 129 130 50
2147484037,0,0,0.0152747,3,0,1,0,0,130
2147484039,0,0,0.00353718,1,0,1,0,0,52 54 57 128 129 130 134 131 132 50
2147484040,0,0,0.00739884,1,0,1,0,0,
2147484042,0,0,0.00344361,2,0,1,0,0,
2147484043,0,0,inf,1,0,1,0,0,52 54 57 128 129 130 131 132 50
2147484046,0,0,0.00523503,1,0,1,0,0,57 49 52 54 127 128 129 130 51 131 132
2147484047,0,0,inf,1,0,1,0,0,49 52 54 53 128 129 130 51 131
2147484048,0,0,inf,1,0,1,0,0,49 52 54 57 127 128 129 130 51 131 132
2147484050,0,0,inf,1,0,1,0,0,49 52 54 128 129 130 51 50
2147484052,0,0,inf,1,0,1,0,0,49 52 127 128 129 130 51 131 132
2147484054,0,0,inf,1,0,1,0,0,54 57 53 127 128 129 130
2147484058,0,0,0.0207974,1,0,1,0,0,130
2147484059,0,0,inf,1,0,1,0,0,54 57 53 127 130 51
2147484064,0,0,0.00695379,6,0,1,0,0,51
2147484065,0,0,0.00243383,1,0,1,0,0,57 53 127 128 129 130
2147484066,0,0,inf,1,0,1,0,0,52 54 57 128 129 130 131 132 50
2147484067,0,0,0.00083133,2,0,1,0,0,
2147484068,0,0,0.00539303,9,0,1,0,0,264 265 266
2147484069,0,0,0.00578034,2,0,1,0,0,
2147484070,0,0,0.00202277,5,0,1,0,0,266
2147484072,0,0,0.00241739,3,0,1,0,0,128 129 130
2147484073,0,0,0.00548062,1,0,1,0,0,
2147484075,0,0,0.0053357,1,0,1,0,0,50 49 52 54 128 129 130 51 131
2147484077,0,0,0.00486766,1,0,1,0,0,53 49 127 128 129 130
2147484078,0,0,inf,1,0,1,0,0,49 54 57 53 127 128 129 130
