2 2147483815 2147484199 2147484201 
3 2147483880 2147483892 2147483916 
5 2147483815 2147484198 2147484199 2147484200 2147484201 
6 2147483880 2147483892 2147483916 
8 2147483815 2147484198 2147484199 2147484200 2147484201 
9 2147483880 2147483892 2147483916 
11 2147483815 2147484198 2147484199 2147484200 2147484201 
13 
16 
18 2147484199 2147484201 
19 2147483815 2147484198 2147484199 2147484200 2147484201 
21 
22 2147483682 2147483782 2147483832 2147483844 2147483850 2147483954 2147483978 2147483980 2147484047 2147484088 2147484102 2147484118 2147484119 2147484142 2147484143 2147484186 2147484187 
23 2147483682 2147483782 2147483832 2147483844 2147483850 2147483954 2147483980 2147484088 2147484102 2147484118 2147484119 2147484142 2147484143 2147484186 2147484187 
24 2147483682 2147483782 2147483978 2147484047 2147484088 2147484102 2147484142 2147484143 
25 2147483682 2147483782 2147484088 2147484102 2147484118 2147484119 2147484142 2147484143 2147484186 2147484187 
26 2147483782 2147484088 2147484102 2147484118 2147484119 2147484142 2147484143 
27 2147483782 2147484088 2147484102 2147484118 2147484119 2147484142 2147484143 2147484186 2147484187 
32 2147483782 2147484088 2147484102 2147484118 2147484119 2147484142 2147484143 2147484186 2147484187 
49 2147483683 2147483696 2147483712 2147483714 2147483718 2147483722 2147483724 2147483725 2147483745 2147483761 2147483777 2147483791 2147483805 2147483807 2147483808 2147483826 2147483827 2147483834 2147483835 2147483842 2147483857 2147483858 2147483859 2147483866 2147483867 2147483874 2147483875 2147483876 2147483885 2147483889 2147483899 2147483910 2147483920 2147483921 2147483923 2147483926 2147483927 2147483928 2147483930 2147483936 2147483944 2147483945 2147483947 2147483953 2147483959 2147483960 2147483962 2147483966 2147483967 2147483969 2147483984 2147483989 2147483992 2147483997 2147484005 2147484009 2147484013 2147484016 2147484024 2147484025 2147484029 2147484032 2147484034 2147484041 2147484044 2147484045 2147484048 2147484050 2147484060 2147484063 2147484065 2147484068 2147484072 2147484073 2147484074 2147484077 2147484087 2147484093 2147484112 2147484115 2147484116 2147484117 2147484120 2147484121 2147484122 2147484123 2147484125 2147484140 2147484145 2147484147 2147484148 2147484149 2147484150 2147484151 2147484152 2147484153 2147484154 2147484156 2147484157 2147484158 2147484159 2147484160 2147484161 2147484163 2147484164 2147484165 2147484166 2147484169 2147484170 2147484171 2147484172 2147484173 2147484174 2147484175 2147484176 2147484177 2147484178 2147484179 2147484183 2147484184 2147484190 2147484191 2147484192 2147484193 2147484194 2147484195 2147484197 2147484202 2147484203 2147484204 2147484206 2147484207 2147484208 2147484209 2147484211 2147484212 2147484213 2147484214 2147484215 2147484219 2147484220 2147484221 2147484222 2147484223 2147484224 2147484226 2147484227 2147484228 2147484229 2147484230 2147484231 2147484233 2147484235 2147484236 2147484237 2147484238 2147484239 2147484241 2147484242 2147484243 2147484244 2147484247 2147484248 2147484250 
50 2147483683 2147483696 2147483712 2147483714 2147483718 2147483722 2147483724 2147483725 2147483745 2147483761 2147483777 2147483791 2147483805 2147483807 2147483808 2147483826 2147483827 2147483834 2147483835 2147483842 2147483857 2147483858 2147483859 2147483866 2147483867 2147483874 2147483875 2147483876 2147483885 2147483889 2147483895 2147483899 2147483920 2147483921 2147483927 2147483928 2147483936 2147483953 2147483966 2147483967 2147483969 2147483970 2147483977 2147483979 2147483984 2147483989 2147483992 2147483997 2147484005 2147484006 2147484008 2147484009 2147484012 2147484013 2147484015 2147484016 2147484023 2147484024 2147484025 2147484028 2147484029 2147484032 2147484034 2147484041 2147484044 2147484060 2147484072 2147484087 2147484093 2147484112 2147484117 2147484120 2147484121 2147484122 2147484123 2147484125 2147484140 2147484145 2147484147 2147484148 2147484149 2147484150 2147484151 2147484152 2147484153 2147484154 2147484156 2147484157 2147484158 2147484159 2147484160 2147484161 2147484163 2147484164 2147484165 2147484166 2147484169 2147484170 2147484171 2147484172 2147484173 2147484174 2147484175 2147484176 2147484177 2147484178 2147484179 2147484180 2147484181 2147484183 2147484184 2147484190 2147484191 2147484192 2147484193 2147484194 2147484195 2147484197 2147484202 2147484203 2147484204 2147484206 2147484207 2147484208 2147484209 2147484211 2147484212 2147484213 2147484214 2147484215 2147484219 2147484220 2147484226 2147484227 2147484228 2147484230 2147484233 2147484235 2147484238 2147484239 2147484241 2147484242 2147484243 2147484244 2147484247 2147484248 2147484250 
51 2147483683 2147483696 2147483712 2147483714 2147483718 2147483722 2147483745 2147483761 2147483777 2147483791 2147483805 2147483807 2147483808 2147483827 2147483857 2147483858 2147483859 2147483866 2147483867 2147483874 2147483875 2147483876 2147483885 2147483889 2147483895 2147483899 2147483920 2147483921 2147483923 2147483924 2147483926 2147483977 2147483979 2147483989 2147483992 2147483997 2147484005 2147484006 2147484008 2147484009 2147484012 2147484013 2147484023 2147484024 2147484025 2147484028 2147484029 2147484032 2147484034 2147484041 2147484044 2147484045 2147484046 2147484048 2147484050 2147484060 2147484063 2147484065 2147484068 2147484069 2147484072 2147484073 2147484074 2147484075 2147484077 2147484087 2147484093 2147484112 2147484120 2147484121 2147484122 2147484123 2147484125 2147484140 2147484145 2147484148 2147484149 2147484150 2147484151 2147484152 2147484153 2147484156 2147484157 2147484159 2147484161 2147484163 2147484164 2147484165 2147484166 2147484169 2147484170 2147484176 2147484177 2147484178 2147484179 2147484180 2147484181 2147484190 2147484191 2147484192 2147484193 2147484194 2147484195 2147484197 2147484202 2147484203 2147484204 2147484206 2147484213 2147484215 2147484219 2147484220 2147484226 2147484227 2147484228 2147484235 2147484238 2147484239 2147484241 2147484242 2147484243 2147484244 2147484247 2147484248 2147484250 
52 2147483683 2147483696 2147483712 2147483714 2147483718 2147483722 2147483724 2147483725 2147483745 2147483761 2147483777 2147483791 2147483805 2147483807 2147483826 2147483834 2147483857 2147483859 2147483866 2147483867 2147483874 2147483875 2147483876 2147483885 2147483889 2147483895 2147483899 2147483920 2147483921 2147483923 2147483924 2147483927 2147483928 2147483930 2147483944 2147483945 2147483947 2147483948 2147483959 2147483960 2147483962 2147483963 2147483966 2147483967 2147483969 2147483970 2147484005 2147484013 2147484016 2147484025 2147484028 2147484029 2147484034 2147484041 2147484044 2147484048 2147484050 2147484060 2147484063 2147484065 2147484068 2147484069 2147484087 2147484093 2147484112 2147484115 2147484116 2147484120 2147484121 2147484122 2147484125 2147484140 2147484145 2147484148 2147484149 2147484150 2147484151 2147484152 2147484153 2147484156 2147484157 2147484158 2147484159 2147484160 2147484161 2147484163 2147484164 2147484166 2147484169 2147484176 2147484177 2147484179 2147484181 2147484183 2147484184 2147484190 2147484191 2147484192 2147484193 2147484194 2147484195 2147484197 2147484202 2147484203 2147484204 2147484212 2147484213 2147484214 2147484219 2147484226 2147484227 2147484228 2147484233 2147484235 2147484236 2147484237 2147484241 2147484242 2147484244 2147484247 2147484248 2147484250 
53 2147483696 2147483712 2147483714 2147483718 2147483722 2147483724 2147483745 2147483777 2147483791 2147483885 2147483889 2147483895 2147483899 2147483920 2147483923 2147483924 2147483944 2147483948 2147483953 2147483959 2147483963 2147483966 2147483970 2147483977 2147483979 2147484006 2147484008 2147484009 2147484012 2147484013 2147484015 2147484016 2147484023 2147484024 2147484025 2147484028 2147484029 2147484032 2147484034 2147484044 2147484045 2147484046 2147484069 2147484075 2147484087 2147484093 2147484112 2147484117 2147484120 2147484121 2147484122 2147484123 2147484125 2147484140 2147484145 2147484148 2147484149 2147484150 2147484152 2147484156 2147484157 2147484158 2147484159 2147484160 2147484163 2147484164 2147484169 2147484170 2147484180 2147484190 2147484192 2147484197 2147484202 2147484203 2147484212 2147484213 2147484214 2147484223 2147484224 2147484226 2147484228 2147484231 2147484233 2147484241 2147484242 2147484250 
54 2147483696 2147483712 2147483714 2147483718 2147483722 2147483724 2147483725 2147483745 2147483777 2147483791 2147483857 2147483858 2147483859 2147483866 2147483867 2147483874 2147483875 2147483876 2147483885 2147483889 2147483895 2147483899 2147483920 2147483923 2147483924 2147483927 2147483928 2147483930 2147483944 2147483945 2147483947 2147483948 2147483959 2147483960 2147483962 2147483963 2147483966 2147483967 2147483969 2147483970 2147483997 2147484005 2147484006 2147484008 2147484009 2147484012 2147484013 2147484015 2147484016 2147484023 2147484024 2147484025 2147484028 2147484029 2147484034 2147484044 2147484087 2147484093 2147484112 2147484120 2147484121 2147484122 2147484125 2147484140 2147484145 2147484148 2147484150 2147484152 2147484153 2147484156 2147484157 2147484158 2147484159 2147484160 2147484163 2147484164 2147484169 2147484181 2147484190 2147484191 2147484192 2147484195 2147484197 2147484202 2147484203 2147484212 2147484213 2147484214 2147484219 2147484223 2147484224 2147484226 2147484227 2147484228 2147484231 2147484233 2147484235 2147484241 2147484242 2147484248 2147484250 
57 2147483696 2147483712 2147483714 2147483718 2147483722 2147483724 2147483745 2147483791 2147483874 2147483875 2147483876 2147483885 2147483889 2147483895 2147483899 2147483920 2147483923 2147483924 2147483944 2147483945 2147483947 2147483948 2147483959 2147483960 2147483962 2147483963 2147483966 2147483967 2147483969 2147483970 2147483979 2147484006 2147484008 2147484009 2147484012 2147484013 2147484015 2147484016 2147484023 2147484024 2147484025 2147484028 2147484029 2147484032 2147484034 2147484044 2147484046 2147484075 2147484087 2147484093 2147484112 2147484120 2147484121 2147484122 2147484123 2147484125 2147484140 2147484145 2147484148 2147484149 2147484150 2147484152 2147484153 2147484156 2147484157 2147484158 2147484159 2147484160 2147484163 2147484169 2147484170 2147484190 2147484192 2147484197 2147484202 2147484203 2147484212 2147484213 2147484214 2147484223 2147484224 2147484226 2147484228 2147484231 2147484233 2147484235 2147484241 2147484242 2147484250 
59 
61 2147484199 2147484201 
127 2147483696 2147483712 2147483714 2147483718 2147483722 2147483724 2147483745 2147483895 2147483923 2147483944 2147483948 2147483959 2147483963 2147483966 2147483970 2147484044 2147484112 2147484120 2147484121 2147484122 2147484140 2147484145 2147484148 2147484156 2147484159 2147484163 2147484190 2147484192 2147484197 2147484202 2147484203 2147484212 2147484213 2147484228 2147484242 
128 2147483696 2147483712 2147483714 2147483718 2147483722 2147483745 2147483923 2147484044 2147484112 2147484120 2147484121 2147484122 2147484140 2147484145 2147484148 2147484156 2147484159 2147484163 2147484190 2147484192 2147484197 2147484202 2147484203 2147484212 2147484213 2147484228 2147484242 
129 2147483696 2147483712 2147483714 2147483718 2147483722 2147483745 2147483923 2147484044 2147484112 2147484120 2147484121 2147484122 2147484140 2147484145 2147484148 2147484156 2147484159 2147484163 2147484190 2147484192 2147484197 2147484202 2147484203 2147484212 2147484213 2147484228 2147484242 
130 2147483696 2147483712 2147483714 2147483718 2147483722 2147483745 2147483923 2147484044 2147484112 2147484120 2147484121 2147484122 2147484140 2147484145 2147484148 2147484156 2147484159 2147484163 2147484190 2147484192 2147484197 2147484202 2147484203 2147484212 2147484213 2147484228 2147484242 
131 2147483683 2147483696 2147483712 2147483714 2147483718 2147483722 2147483724 2147483725 2147483745 2147483761 2147483791 2147483805 2147483807 2147483808 2147483826 2147483827 2147483834 2147483835 2147483842 2147483857 2147483858 2147483859 2147483866 2147483867 2147483874 2147483875 2147483876 2147483885 2147483889 2147483895 2147483899 2147483910 2147483920 2147483921 2147483923 2147483924 2147483926 2147483927 2147483928 2147483930 2147483936 2147483944 2147483945 2147483947 2147483948 2147483953 2147483959 2147483960 2147483962 2147483963 2147483966 2147483967 2147483969 2147483970 2147483977 2147483979 2147483984 2147483989 2147483992 2147484008 2147484009 2147484012 2147484013 2147484015 2147484016 2147484023 2147484024 2147484025 2147484028 2147484029 2147484032 2147484034 2147484041 2147484044 2147484045 2147484046 2147484048 2147484050 2147484060 2147484063 2147484065 2147484087 2147484093 2147484112 2147484115 2147484116 2147484117 2147484120 2147484121 2147484122 2147484123 2147484125 2147484140 2147484145 2147484147 2147484149 2147484150 2147484153 2147484154 2147484156 2147484158 2147484159 2147484160 2147484161 2147484163 2147484165 2147484166 2147484169 2147484170 2147484176 2147484179 2147484183 2147484184 2147484190 2147484191 2147484192 2147484193 2147484194 2147484195 2147484197 2147484202 2147484203 2147484204 2147484206 2147484207 2147484208 2147484209 2147484211 2147484212 2147484213 2147484214 2147484215 2147484219 2147484220 2147484221 2147484222 2147484223 2147484224 2147484226 2147484227 2147484228 2147484229 2147484230 2147484231 2147484233 2147484235 2147484236 2147484237 2147484238 2147484239 2147484241 2147484242 2147484243 2147484244 2147484247 2147484250 
132 2147483696 2147483712 2147483714 2147483718 2147483722 2147483724 2147483725 2147483745 2147483826 2147483827 2147483834 2147483835 2147483842 2147483857 2147483858 2147483859 2147483866 2147483867 2147483874 2147483875 2147483876 2147483885 2147483889 2147483895 2147483899 2147483910 2147483920 2147483921 2147483923 2147483924 2147483926 2147483927 2147483928 2147483930 2147483936 2147483944 2147483945 2147483947 2147483948 2147483953 2147483959 2147483960 2147483962 2147483963 2147483966 2147483967 2147483969 2147483970 2147483977 2147483979 2147483984 2147483989 2147483992 2147483997 2147484005 2147484006 2147484008 2147484009 2147484012 2147484013 2147484015 2147484016 2147484023 2147484024 2147484025 2147484028 2147484029 2147484032 2147484034 2147484041 2147484112 2147484115 2147484116 2147484117 2147484120 2147484121 2147484122 2147484123 2147484125 2147484140 2147484147 2147484154 2147484156 2147484158 2147484159 2147484160 2147484161 2147484163 2147484165 2147484166 2147484169 2147484171 2147484172 2147484173 2147484174 2147484175 2147484177 2147484179 2147484183 2147484184 2147484190 2147484191 2147484192 2147484193 2147484194 2147484195 2147484197 2147484202 2147484203 2147484204 2147484206 2147484207 2147484208 2147484209 2147484211 2147484212 2147484213 2147484214 2147484215 2147484219 2147484220 2147484221 2147484222 2147484223 2147484224 2147484226 2147484227 2147484228 2147484229 2147484230 2147484231 2147484233 2147484235 2147484236 2147484237 2147484238 2147484239 2147484241 2147484242 2147484243 2147484244 2147484247 2147484248 2147484250 
133 2147483696 2147483712 2147483714 2147483718 2147483722 2147483724 2147483725 2147483745 2147483826 2147483834 2147483835 2147483842 2147483857 2147483858 2147483859 2147483866 2147483867 2147483874 2147483875 2147483876 2147483885 2147483889 2147483895 2147483899 2147483910 2147483920 2147483921 2147483923 2147483924 2147483926 2147483927 2147483928 2147483930 2147483936 2147483944 2147483959 2147483966 2147483989 2147483992 2147483997 2147484005 2147484006 2147484008 2147484009 2147484012 2147484013 2147484015 2147484016 2147484023 2147484024 2147484025 2147484028 2147484029 2147484044 2147484050 2147484060 2147484112 2147484115 2147484116 2147484120 2147484122 2147484140 2147484145 2147484149 2147484156 2147484158 2147484159 2147484160 2147484161 2147484163 2147484176 2147484178 2147484183 2147484184 2147484191 2147484192 2147484193 2147484194 2147484195 2147484197 2147484202 2147484203 2147484208 2147484211 2147484214 2147484219 2147484220 2147484221 2147484222 2147484223 2147484224 2147484226 2147484227 2147484228 2147484231 2147484233 2147484235 2147484236 2147484237 2147484238 2147484239 2147484241 2147484242 2147484243 2147484244 2147484247 2147484248 2147484250 
134 2147483683 2147483696 2147483712 2147483714 2147483718 2147483722 2147483724 2147483725 2147483745 2147483761 2147483777 2147483791 2147483805 2147483807 2147483808 2147483826 2147483827 2147483834 2147483835 2147483842 2147483857 2147483858 2147483859 2147483866 2147483867 2147483874 2147483875 2147483876 2147483885 2147483889 2147483895 2147483899 2147483910 2147483920 2147483921 2147483923 2147483924 2147483926 2147483927 2147483928 2147483930 2147483936 2147483944 2147483945 2147483947 2147483948 2147483953 2147483959 2147483960 2147483962 2147483963 2147483966 2147483967 2147483969 2147483970 2147483977 2147483979 2147483984 2147483989 2147483992 2147483997 2147484005 2147484006 2147484008 2147484009 2147484012 2147484013 2147484015 2147484016 2147484023 2147484024 2147484025 2147484028 2147484029 2147484032 2147484034 2147484041 2147484044 2147484045 2147484046 2147484048 2147484050 2147484060 2147484087 2147484093 2147484112 2147484115 2147484116 2147484117 2147484120 2147484121 2147484122 2147484123 2147484125 2147484140 2147484145 2147484147 2147484149 2147484150 2147484151 2147484152 2147484153 2147484154 2147484156 2147484157 2147484158 2147484159 2147484160 2147484161 2147484163 2147484164 2147484165 2147484166 2147484169 2147484170 2147484171 2147484172 2147484173 2147484174 2147484175 2147484176 2147484177 2147484178 2147484179 2147484181 2147484183 2147484184 2147484190 2147484191 2147484192 2147484193 2147484194 2147484195 2147484197 2147484202 2147484203 2147484204 2147484206 2147484207 2147484208 2147484209 2147484211 2147484212 2147484213 2147484214 2147484215 2147484219 2147484220 2147484221 2147484222 2147484223 2147484224 2147484226 2147484227 2147484228 2147484229 2147484230 2147484231 2147484233 2147484235 2147484236 2147484237 2147484238 2147484239 2147484241 2147484242 2147484243 2147484244 2147484247 2147484248 2147484250 
247 2147484199 2147484201 
248 2147484199 2147484201 
249 2147484199 2147484201 
250 2147484199 2147484201 
251 2147484199 2147484200 2147484201 
252 2147484199 2147484200 2147484201 
253 2147484199 2147484201 
254 2147483815 2147484198 2147484199 2147484200 2147484201 
263 2147484142 2147484143 
264 2147484142 2147484143 
265 2147484142 2147484143 
266 2147484142 2147484143 
267 2147483682 2147483782 2147483832 2147483844 2147483850 2147483954 2147483978 2147483980 2147484047 2147484088 2147484102 2147484118 2147484119 2147484142 2147484143 2147484186 2147484187 
268 2147483832 2147483844 2147483954 2147483978 2147483980 2147484118 2147484119 2147484143 2147484186 2147484187 
269 2147483832 2147483844 2147483850 2147484118 2147484119 2147484142 2147484143 2147484186 2147484187 
270 2147483682 2147483782 2147483832 2147483844 2147483850 2147483954 2147483978 2147483980 2147484047 2147484088 2147484102 2147484118 2147484119 2147484142 2147484143 2147484186 2147484187 
271 
272 
273 
274 
275 2147483880 2147483892 2147483916 
276 2147483880 2147483892 2147483916 
277 2147483880 2147483892 2147483916 
278 2147483880 2147483892 2147483916 
2147483682 2147483683 2147484041 2147484122 2147484140 2147484142 2147484145 22 25 24 23 270 267 2147483683 2147484041 2147484122 2147484140 2147484142 2147484145 
2147483683 2147483682 2147483682 2147484122 2147484140 2147484142 2147484145 49 52 51 134 131 50 2147484122 2147484140 2147484142 2147484145 
2147483696 2147483826 2147483827 2147483832 2147483834 2147483835 2147483842 2147483844 2147484112 2147484156 2147484165 2147484166 2147484183 2147484184 2147484190 2147484200 2147484201 2147484202 2147484204 2147484206 2147484207 49 52 54 57 53 127 128 129 130 51 133 134 131 132 50 2147483826 2147483827 2147483832 2147483834 2147483835 2147483842 2147483844 2147484112 2147484156 2147484165 2147484166 2147484183 2147484184 2147484190 2147484200 2147484201 2147484202 2147484204 2147484206 2147484207 
2147483712 2147483714 2147483718 2147483874 2147483880 2147483885 2147483889 2147483892 2147483895 2147483899 2147484112 2147484163 2147484197 2147484199 2147484203 2147484235 52 49 54 57 53 127 128 129 130 51 133 134 131 132 50 2147483714 2147483718 2147483874 2147483880 2147483885 2147483889 2147483892 2147483895 2147483899 2147484112 2147484163 2147484197 2147484199 2147484203 2147484235 
2147483714 2147483712 2147483712 2147483892 2147483895 2147483899 2147484112 2147484197 2147484199 2147484203 54 53 49 52 57 127 128 129 130 51 133 134 131 132 50 2147483892 2147483895 2147483899 2147484112 2147484197 2147484199 2147484203 
2147483718 2147483712 2147483712 2147483880 2147483885 2147483889 2147484112 2147484197 2147484199 2147484203 54 53 49 52 57 127 128 129 130 51 133 134 131 132 50 2147483880 2147483885 2147483889 2147484112 2147484197 2147484199 2147484203 
2147483722 2147483916 2147484112 2147484159 2147484192 2147484197 2147484199 2147484203 49 52 54 57 53 127 128 129 130 51 133 134 131 132 50 2147483916 2147484112 2147484159 2147484192 2147484197 2147484199 2147484203 
2147483724 2147483725 2147483944 2147483945 2147483947 2147483948 2147483959 2147483960 2147483962 2147483963 2147483966 2147483967 2147483969 2147483970 2147484118 2147484119 2147484120 2147484122 2147484158 2147484160 2147484186 2147484187 2147484192 2147484197 2147484199 2147484203 2147484214 2147484223 2147484224 2147484231 2147484233 54 49 52 57 53 127 133 134 131 132 50 2147483725 2147483944 2147483945 2147483947 2147483948 2147483959 2147483960 2147483962 2147483963 2147483966 2147483967 2147483969 2147483970 2147484118 2147484119 2147484120 2147484122 2147484158 2147484160 2147484186 2147484187 2147484192 2147484197 2147484199 2147484203 2147484214 2147484223 2147484224 2147484231 2147484233 
2147483725 2147483724 2147483724 2147484119 2147484122 2147484192 2147484197 2147484199 2147484203 49 52 54 133 134 131 132 50 2147484119 2147484122 2147484192 2147484197 2147484199 2147484203 
2147483745 2147483989 2147483992 2147483997 2147484005 2147484006 2147484008 2147484009 2147484012 2147484013 2147484015 2147484016 2147484023 2147484024 2147484025 2147484028 2147484029 2147484122 2147484140 2147484143 2147484161 2147484191 2147484197 2147484199 2147484203 2147484226 2147484228 2147484238 2147484239 2147484241 2147484242 2147484243 2147484244 2147484247 2147484248 2147484250 54 57 53 49 52 127 128 129 130 51 133 134 131 132 50 2147483989 2147483992 2147483997 2147484005 2147484006 2147484008 2147484009 2147484012 2147484013 2147484015 2147484016 2147484023 2147484024 2147484025 2147484028 2147484029 2147484122 2147484140 2147484143 2147484161 2147484191 2147484197 2147484199 2147484203 2147484226 2147484228 2147484238 2147484239 2147484241 2147484242 2147484243 2147484244 2147484247 2147484248 2147484250 
2147483761 2147484122 2147484140 2147484142 2147484145 2147484149 49 52 51 134 131 50 2147484122 2147484140 2147484142 2147484145 2147484149 
2147483777 2147484102 2147484122 2147484140 2147484142 2147484157 2147484164 49 52 54 53 51 134 50 2147484102 2147484122 2147484140 2147484142 2147484157 2147484164 
2147483782 2147484087 2147484088 2147484093 2147484102 2147484122 2147484140 2147484142 2147484145 22 25 27 32 26 24 23 270 267 2147484087 2147484088 2147484093 2147484102 2147484122 2147484140 2147484142 2147484145 
2147483791 2147484087 2147484088 2147484093 2147484102 2147484122 2147484140 2147484142 2147484145 49 52 54 57 53 51 134 131 50 2147484087 2147484088 2147484093 2147484102 2147484122 2147484140 2147484142 2147484145 
2147483805 2147483807 2147484122 2147484140 2147484142 2147484145 49 52 51 134 131 50 2147483807 2147484122 2147484140 2147484142 2147484145 
2147483807 2147483805 2147483805 2147484122 2147484140 2147484142 2147484145 49 52 51 134 131 50 2147484122 2147484140 2147484142 2147484145 
2147483808 2147484122 2147484140 2147484142 2147484145 49 51 134 131 50 2147484122 2147484140 2147484142 2147484145 
2147483815 2147484041 2147484140 2147484156 2147484181 2147484190 2147484198 2147484200 2147484202 2 11 19 5 8 254 2147484041 2147484140 2147484156 2147484181 2147484190 2147484198 2147484200 2147484202 
2147483826 2147483696 2147483696 2147484112 2147484156 2147484184 2147484201 2147484202 49 52 133 134 131 132 50 2147484112 2147484156 2147484184 2147484201 2147484202 
2147483827 2147483696 2147483696 2147484156 2147484190 2147484201 2147484202 49 51 134 131 132 50 2147484156 2147484190 2147484201 2147484202 
2147483832 2147483696 2147483696 2147484112 2147484156 2147484201 2147484202 22 23 269 270 267 268 2147484112 2147484156 2147484201 2147484202 
2147483834 2147483696 2147483696 2147484112 2147484156 2147484183 2147484201 2147484202 49 52 133 134 131 132 50 2147484112 2147484156 2147484183 2147484201 2147484202 
2147483835 2147483696 2147483696 2147484112 2147484156 2147484201 2147484202 49 133 134 131 132 50 2147484112 2147484156 2147484201 2147484202 
2147483842 2147483696 2147483696 2147484112 2147484156 2147484201 2147484202 49 133 134 131 132 50 2147484112 2147484156 2147484201 2147484202 
2147483844 2147483696 2147483696 2147484112 2147484156 2147484201 2147484202 22 23 269 270 267 268 2147484112 2147484156 2147484201 2147484202 
2147483850 2147484112 2147484156 2147484201 2147484202 22 23 269 270 267 2147484112 2147484156 2147484201 2147484202 
2147483857 2147483859 2147484112 2147484156 2147484163 2147484193 2147484197 2147484199 2147484203 2147484227 49 52 54 51 133 134 131 132 50 2147483859 2147484112 2147484156 2147484163 2147484193 2147484197 2147484199 2147484203 2147484227 
2147483858 2147484112 2147484156 2147484163 2147484197 2147484199 2147484203 2147484227 49 54 51 133 134 131 132 50 2147484112 2147484156 2147484163 2147484197 2147484199 2147484203 2147484227 
2147483859 2147483857 2147483857 2147484112 2147484156 2147484163 2147484197 2147484199 2147484203 2147484227 49 52 54 51 133 134 131 132 50 2147484112 2147484156 2147484163 2147484197 2147484199 2147484203 2147484227 
2147483866 2147483867 2147484112 2147484156 2147484163 2147484194 2147484197 2147484199 2147484203 2147484219 49 52 54 51 133 134 131 132 50 2147483867 2147484112 2147484156 2147484163 2147484194 2147484197 2147484199 2147484203 2147484219 
2147483867 2147483866 2147483866 2147484112 2147484156 2147484163 2147484197 2147484199 2147484203 2147484219 49 52 54 51 133 134 131 132 50 2147484112 2147484156 2147484163 2147484197 2147484199 2147484203 2147484219 
2147483874 2147483712 2147483712 2147483875 2147483876 2147484112 2147484156 2147484163 2147484195 2147484197 2147484199 2147484203 2147484219 2147484235 49 52 54 57 51 133 134 131 132 50 2147483875 2147483876 2147484112 2147484156 2147484163 2147484195 2147484197 2147484199 2147484203 2147484219 2147484235 
2147483875 2147483874 2147483874 2147483876 2147484112 2147484156 2147484163 2147484195 2147484197 2147484199 2147484203 2147484235 49 52 54 57 51 133 134 131 132 50 2147483876 2147484112 2147484156 2147484163 2147484195 2147484197 2147484199 2147484203 2147484235 
2147483876 2147483874 2147483875 2147483874 2147483875 2147484112 2147484156 2147484163 2147484197 2147484199 2147484203 2147484235 49 52 54 57 51 133 134 131 132 50 2147484112 2147484156 2147484163 2147484197 2147484199 2147484203 2147484235 
2147483880 2147483712 2147483718 2147483712 2147483718 2147484112 2147484197 2147484199 2147484203 3 9 6 277 278 275 276 2147484112 2147484197 2147484199 2147484203 
2147483885 2147483712 2147483718 2147483712 2147483718 2147484112 2147484197 2147484199 2147484203 49 52 54 57 53 51 133 134 131 132 50 2147484112 2147484197 2147484199 2147484203 
2147483889 2147483712 2147483718 2147483712 2147483718 2147484112 2147484197 2147484199 2147484203 49 52 54 57 53 51 133 134 131 132 50 2147484112 2147484197 2147484199 2147484203 
2147483892 2147483712 2147483714 2147483712 2147483714 2147484112 2147484197 2147484199 2147484203 3 9 6 277 278 275 276 2147484112 2147484197 2147484199 2147484203 
2147483895 2147483712 2147483714 2147483712 2147483714 2147484112 2147484197 2147484199 2147484203 127 52 54 57 53 51 133 134 131 132 50 2147484112 2147484197 2147484199 2147484203 
2147483899 2147483712 2147483714 2147483712 2147483714 2147484112 2147484197 2147484199 2147484203 49 52 54 57 53 51 133 134 131 132 50 2147484112 2147484197 2147484199 2147484203 
2147483910 2147484112 2147484197 2147484199 2147484203 49 133 134 131 132 2147484112 2147484197 2147484199 2147484203 
2147483916 2147483722 2147483722 2147484159 2147484192 2147484197 2147484199 2147484203 3 9 6 277 278 275 276 2147484159 2147484192 2147484197 2147484199 2147484203 
2147483920 2147483921 2147483923 2147483924 2147484159 2147484192 2147484197 2147484199 2147484203 52 49 54 57 53 51 133 134 131 132 50 2147483921 2147483923 2147483924 2147484159 2147484192 2147484197 2147484199 2147484203 
2147483921 2147483920 2147483920 2147483923 2147484159 2147484192 2147484197 2147484199 2147484203 49 52 51 133 134 131 132 50 2147483923 2147484159 2147484192 2147484197 2147484199 2147484203 
2147483923 2147483920 2147483921 2147483920 2147483921 2147483924 2147483926 2147484192 2147484197 2147484199 2147484203 49 52 54 57 53 127 128 129 130 51 133 134 131 132 2147483924 2147483926 2147484192 2147484197 2147484199 2147484203 
2147483924 2147483920 2147483923 2147483920 2147483923 2147484192 2147484197 2147484199 2147484203 54 52 57 53 51 133 134 131 132 2147484192 2147484197 2147484199 2147484203 
2147483926 2147483923 2147483923 2147484192 2147484197 2147484199 2147484203 49 51 133 134 131 132 2147484192 2147484197 2147484199 2147484203 
2147483927 2147483928 2147483930 2147484159 2147484192 2147484197 2147484199 2147484203 49 52 54 133 134 131 132 50 2147483928 2147483930 2147484159 2147484192 2147484197 2147484199 2147484203 
2147483928 2147483927 2147483927 2147483930 2147484159 2147484192 2147484197 2147484199 2147484203 49 52 54 133 134 131 132 50 2147483930 2147484159 2147484192 2147484197 2147484199 2147484203 
2147483930 2147483927 2147483928 2147483927 2147483928 2147484192 2147484197 2147484199 2147484203 49 52 54 133 134 131 132 2147484192 2147484197 2147484199 2147484203 
2147483936 2147484122 2147484192 2147484197 2147484199 2147484203 49 133 134 131 132 50 2147484122 2147484192 2147484197 2147484199 2147484203 
2147483944 2147483724 2147483724 2147483945 2147483947 2147483948 2147484160 2147484192 2147484197 2147484199 2147484203 52 49 54 57 53 127 133 134 131 132 2147483945 2147483947 2147483948 2147484160 2147484192 2147484197 2147484199 2147484203 
2147483945 2147483724 2147483944 2147483724 2147483944 2147483947 2147484160 2147484197 2147484199 2147484203 49 52 54 57 134 131 132 2147483947 2147484160 2147484197 2147484199 2147484203 
2147483947 2147483724 2147483944 2147483945 2147483724 2147483944 2147483945 2147484197 2147484199 2147484203 49 52 54 57 134 131 132 2147484197 2147484199 2147484203 
2147483948 2147483724 2147483944 2147483724 2147483944 2147484197 2147484199 2147484203 127 52 54 57 53 134 131 132 2147484197 2147484199 2147484203 
2147483953 2147484117 2147484197 2147484199 2147484203 2147484212 53 49 134 131 132 50 2147484117 2147484197 2147484199 2147484203 2147484212 
2147483954 2147484122 2147484197 2147484199 2147484203 2147484212 22 23 270 267 268 2147484122 2147484197 2147484199 2147484203 2147484212 
2147483959 2147483724 2147483724 2147483960 2147483962 2147483963 2147484160 2147484192 2147484197 2147484199 2147484203 52 49 54 57 53 127 133 134 131 132 2147483960 2147483962 2147483963 2147484160 2147484192 2147484197 2147484199 2147484203 
2147483960 2147483724 2147483959 2147483724 2147483959 2147483962 2147484160 2147484197 2147484199 2147484203 49 52 54 57 134 131 132 2147483962 2147484160 2147484197 2147484199 2147484203 
2147483962 2147483724 2147483959 2147483960 2147483724 2147483959 2147483960 2147484197 2147484199 2147484203 49 52 54 57 134 131 132 2147484197 2147484199 2147484203 
2147483963 2147483724 2147483959 2147483724 2147483959 2147484197 2147484199 2147484203 127 52 54 57 53 134 131 132 2147484197 2147484199 2147484203 
2147483966 2147483724 2147483724 2147483967 2147483969 2147483970 2147484120 2147484158 2147484192 2147484197 2147484199 2147484203 52 49 54 57 53 127 133 134 131 132 50 2147483967 2147483969 2147483970 2147484120 2147484158 2147484192 2147484197 2147484199 2147484203 
2147483967 2147483724 2147483966 2147483724 2147483966 2147483969 2147484120 2147484158 2147484197 2147484199 2147484203 49 52 54 57 134 131 132 50 2147483969 2147484120 2147484158 2147484197 2147484199 2147484203 
2147483969 2147483724 2147483966 2147483967 2147483724 2147483966 2147483967 2147484120 2147484197 2147484199 2147484203 49 52 54 57 134 131 132 50 2147484120 2147484197 2147484199 2147484203 
2147483970 2147483724 2147483966 2147483724 2147483966 2147484120 2147484197 2147484199 2147484203 127 52 54 57 53 134 131 132 50 2147484120 2147484197 2147484199 2147484203 
2147483977 2147484120 2147484121 2147484197 2147484199 2147484203 53 51 134 131 132 50 2147484120 2147484121 2147484197 2147484199 2147484203 
2147483978 2147484121 2147484197 2147484199 2147484203 22 24 270 267 268 2147484121 2147484197 2147484199 2147484203 
2147483979 2147484121 2147484197 2147484199 2147484203 2147484213 57 53 51 134 131 132 50 2147484121 2147484197 2147484199 2147484203 2147484213 
2147483980 2147484122 2147484197 2147484199 2147484203 2147484213 22 23 270 267 268 2147484122 2147484197 2147484199 2147484203 2147484213 
2147483984 2147484122 2147484197 2147484199 2147484203 49 134 131 132 50 2147484122 2147484197 2147484199 2147484203 
2147483989 2147483745 2147483745 2147484122 2147484197 2147484199 2147484203 2147484226 49 51 133 134 131 132 50 2147484122 2147484197 2147484199 2147484203 2147484226 
2147483992 2147483745 2147483745 2147484122 2147484197 2147484199 2147484203 2147484226 49 51 133 134 131 132 50 2147484122 2147484197 2147484199 2147484203 2147484226 
2147483997 2147483745 2147483745 2147484122 2147484197 2147484203 2147484226 2147484241 49 54 51 133 134 132 50 2147484122 2147484197 2147484203 2147484226 2147484241 
2147484005 2147483745 2147483745 2147484122 2147484197 2147484203 2147484226 2147484241 2147484248 49 52 54 51 133 134 132 50 2147484122 2147484197 2147484203 2147484226 2147484241 2147484248 
2147484006 2147483745 2147483745 2147484122 2147484197 2147484203 2147484226 2147484241 57 54 53 51 133 134 132 50 2147484122 2147484197 2147484203 2147484226 2147484241 
2147484008 2147483745 2147483745 2147484122 2147484143 2147484197 2147484203 2147484228 54 57 53 51 133 134 131 132 50 2147484122 2147484143 2147484197 2147484203 2147484228 
2147484009 2147483745 2147483745 2147484122 2147484143 2147484197 2147484203 2147484228 49 54 57 53 51 133 134 131 132 50 2147484122 2147484143 2147484197 2147484203 2147484228 
2147484012 2147483745 2147483745 2147484122 2147484143 2147484197 2147484203 2147484228 54 57 53 51 133 134 131 132 50 2147484122 2147484143 2147484197 2147484203 2147484228 
2147484013 2147483745 2147483745 2147484122 2147484143 2147484197 2147484203 2147484228 49 52 54 57 53 51 133 134 131 132 50 2147484122 2147484143 2147484197 2147484203 2147484228 
2147484015 2147483745 2147483745 2147484122 2147484143 2147484197 2147484203 54 57 53 133 134 131 132 50 2147484122 2147484143 2147484197 2147484203 
2147484016 2147483745 2147483745 2147484122 2147484143 2147484197 2147484203 49 52 54 57 53 133 134 131 132 50 2147484122 2147484143 2147484197 2147484203 
2147484023 2147483745 2147483745 2147484122 2147484140 2147484143 2147484197 2147484203 54 57 53 51 133 134 131 132 50 2147484122 2147484140 2147484143 2147484197 2147484203 
2147484024 2147483745 2147483745 2147484122 2147484140 2147484143 2147484197 2147484203 49 54 57 53 51 133 134 131 132 50 2147484122 2147484140 2147484143 2147484197 2147484203 
2147484025 2147483745 2147483745 2147484122 2147484140 2147484143 2147484197 2147484203 49 52 54 57 53 51 133 134 131 132 50 2147484122 2147484140 2147484143 2147484197 2147484203 
2147484028 2147483745 2147483745 2147484122 2147484140 2147484143 2147484197 2147484203 2147484250 54 52 57 53 51 133 134 131 132 50 2147484122 2147484140 2147484143 2147484197 2147484203 2147484250 
2147484029 2147483745 2147483745 2147484122 2147484140 2147484143 2147484197 2147484203 49 52 54 57 53 51 133 134 131 132 50 2147484122 2147484140 2147484143 2147484197 2147484203 
2147484032 2147484122 2147484123 2147484140 2147484143 2147484197 2147484203 57 49 53 51 134 131 132 50 2147484122 2147484123 2147484140 2147484143 2147484197 2147484203 
2147484034 2147484122 2147484125 2147484140 2147484143 2147484169 2147484197 2147484203 54 49 52 57 53 51 134 131 132 50 2147484122 2147484125 2147484140 2147484143 2147484169 2147484197 2147484203 
2147484041 2147483682 2147483815 2147483682 2147483815 2147484122 2147484140 2147484142 2147484145 2147484156 2147484177 2147484190 2147484197 2147484202 2147484203 49 52 51 134 131 132 50 2147484122 2147484140 2147484142 2147484145 2147484156 2147484177 2147484190 2147484197 2147484202 2147484203 
2147484044 2147484050 2147484060 2147484122 2147484140 2147484142 2147484145 2147484149 2147484176 2147484178 49 52 54 57 53 127 128 129 130 51 133 134 131 50 2147484050 2147484060 2147484122 2147484140 2147484142 2147484145 2147484149 2147484176 2147484178 
2147484045 2147484140 2147484142 2147484145 2147484170 49 53 51 134 131 2147484140 2147484142 2147484145 2147484170 
2147484046 2147484140 2147484142 2147484145 2147484170 57 53 51 134 131 2147484140 2147484142 2147484145 2147484170 
2147484047 2147484140 2147484142 2147484145 22 24 270 267 2147484140 2147484142 2147484145 
2147484048 2147484050 2147484140 2147484142 2147484145 49 52 51 134 131 2147484050 2147484140 2147484142 2147484145 
2147484050 2147484044 2147484048 2147484044 2147484048 2147484140 2147484142 2147484145 49 52 51 133 134 131 2147484140 2147484142 2147484145 
2147484060 2147484044 2147484044 2147484122 2147484140 2147484142 2147484145 2147484149 49 52 51 133 134 131 50 2147484122 2147484140 2147484142 2147484145 2147484149 
2147484063 2147484140 2147484145 2147484149 49 52 51 131 2147484140 2147484145 2147484149 
2147484065 2147484140 2147484145 2147484149 49 52 51 131 2147484140 2147484145 2147484149 
2147484068 2147484140 2147484149 49 52 51 2147484140 2147484149 
2147484069 2147484140 2147484149 53 52 51 2147484140 2147484149 
2147484072 2147484140 2147484148 49 51 50 2147484140 2147484148 
2147484073 2147484140 49 51 2147484140 
2147484074 2147484140 49 51 2147484140 
2147484075 2147484140 53 57 51 2147484140 
2147484077 2147484140 49 51 2147484140 
2147484087 2147483782 2147483791 2147483782 2147483791 2147484088 2147484093 2147484102 2147484122 2147484140 2147484142 2147484145 2147484150 2147484152 2147484153 49 52 54 57 53 51 134 131 50 2147484088 2147484093 2147484102 2147484122 2147484140 2147484142 2147484145 2147484150 2147484152 2147484153 
2147484088 2147483782 2147483791 2147484087 2147483782 2147483791 2147484087 2147484093 2147484102 2147484122 2147484140 2147484142 2147484145 2147484150 2147484152 2147484153 22 25 27 32 26 24 23 270 267 2147484093 2147484102 2147484122 2147484140 2147484142 2147484145 2147484150 2147484152 2147484153 
2147484093 2147483782 2147483791 2147484087 2147484088 2147483782 2147483791 2147484087 2147484088 2147484102 2147484122 2147484140 2147484142 2147484145 2147484150 2147484152 49 52 54 57 53 51 134 131 50 2147484102 2147484122 2147484140 2147484142 2147484145 2147484150 2147484152 
2147484102 2147483777 2147483782 2147483791 2147484087 2147484088 2147484093 2147483777 2147483782 2147483791 2147484087 2147484088 2147484093 2147484122 2147484140 2147484142 2147484145 2147484150 2147484151 2147484152 2147484153 2147484157 2147484164 22 25 27 32 26 24 23 270 267 2147484122 2147484140 2147484142 2147484145 2147484150 2147484151 2147484152 2147484153 2147484157 2147484164 
2147484112 2147483696 2147483712 2147483714 2147483718 2147483722 2147483826 2147483832 2147483834 2147483835 2147483842 2147483844 2147483850 2147483857 2147483858 2147483859 2147483866 2147483867 2147483874 2147483875 2147483876 2147483880 2147483885 2147483889 2147483892 2147483895 2147483899 2147483910 2147483696 2147483712 2147483714 2147483718 2147483722 2147483826 2147483832 2147483834 2147483835 2147483842 2147483844 2147483850 2147483857 2147483858 2147483859 2147483866 2147483867 2147483874 2147483875 2147483876 2147483880 2147483885 2147483889 2147483892 2147483895 2147483899 2147483910 2147484115 2147484116 2147484156 2147484163 2147484183 2147484184 2147484193 2147484194 2147484195 2147484197 2147484199 2147484201 2147484202 2147484203 2147484219 2147484220 2147484221 2147484222 2147484227 2147484235 2147484236 2147484237 49 52 54 57 53 127 128 129 130 51 133 134 131 132 50 2147484115 2147484116 2147484156 2147484163 2147484183 2147484184 2147484193 2147484194 2147484195 2147484197 2147484199 2147484201 2147484202 2147484203 2147484219 2147484220 2147484221 2147484222 2147484227 2147484235 2147484236 2147484237 
2147484115 2147484112 2147484112 2147484197 2147484199 2147484203 2147484237 49 52 133 134 131 132 2147484197 2147484199 2147484203 2147484237 
2147484116 2147484112 2147484112 2147484197 2147484199 2147484203 2147484236 49 52 133 134 131 132 2147484197 2147484199 2147484203 2147484236 
2147484117 2147483953 2147483953 2147484197 2147484199 2147484203 2147484212 49 53 134 131 132 50 2147484197 2147484199 2147484203 2147484212 
2147484118 2147483724 2147483724 2147484119 2147484160 2147484186 2147484187 2147484192 2147484197 2147484199 2147484203 2147484214 2147484233 22 25 27 32 26 23 269 270 267 268 2147484119 2147484160 2147484186 2147484187 2147484192 2147484197 2147484199 2147484203 2147484214 2147484233 
2147484119 2147483724 2147483725 2147484118 2147483724 2147483725 2147484118 2147484160 2147484186 2147484187 2147484192 2147484197 2147484199 2147484203 2147484214 2147484233 22 25 27 32 26 23 269 270 267 268 2147484160 2147484186 2147484187 2147484192 2147484197 2147484199 2147484203 2147484214 2147484233 
2147484120 2147483724 2147483966 2147483967 2147483969 2147483970 2147483977 2147483724 2147483966 2147483967 2147483969 2147483970 2147483977 2147484121 2147484158 2147484192 2147484197 2147484199 2147484203 2147484215 2147484230 2147484233 49 57 52 54 53 127 128 129 130 51 133 134 131 132 50 2147484121 2147484158 2147484192 2147484197 2147484199 2147484203 2147484215 2147484230 2147484233 
2147484121 2147483977 2147483978 2147483979 2147484120 2147483977 2147483978 2147483979 2147484120 2147484197 2147484199 2147484203 2147484213 2147484215 49 53 52 54 57 127 128 129 130 51 134 131 132 50 2147484197 2147484199 2147484203 2147484213 2147484215 
2147484122 2147483682 2147483683 2147483724 2147483725 2147483745 2147483761 2147483777 2147483782 2147483791 2147483805 2147483807 2147483808 2147483936 2147483954 2147483980 2147483984 2147483989 2147483992 2147483997 2147484005 2147484006 2147484008 2147484009 2147484012 2147484013 2147484015 2147484016 2147484023 2147484024 2147484025 2147484028 2147484029 2147484032 2147484034 2147484041 2147484044 2147484060 2147484087 2147484088 2147484093 2147484102 2147483682 2147483683 2147483724 2147483725 2147483745 2147483761 2147483777 2147483782 2147483791 2147483805 2147483807 2147483808 2147483936 2147483954 2147483980 2147483984 2147483989 2147483992 2147483997 2147484005 2147484006 2147484008 2147484009 2147484012 2147484013 2147484015 2147484016 2147484023 2147484024 2147484025 2147484028 2147484029 2147484032 2147484034 2147484041 2147484044 2147484060 2147484087 2147484088 2147484093 2147484102 2147484123 2147484125 2147484140 2147484142 2147484143 2147484145 2147484147 2147484149 2147484150 2147484151 2147484152 2147484153 2147484154 2147484157 2147484161 2147484164 2147484169 2147484170 2147484171 2147484172 2147484173 2147484174 2147484175 2147484176 2147484177 2147484178 2147484179 2147484180 2147484191 2147484192 2147484197 2147484199 2147484202 2147484203 2147484208 2147484209 2147484211 2147484226 2147484228 2147484238 2147484239 2147484241 2147484242 2147484243 2147484244 2147484247 2147484248 2147484250 53 57 49 52 54 127 128 129 130 51 133 134 131 132 50 2147484123 2147484125 2147484140 2147484142 2147484143 2147484145 2147484147 2147484149 2147484150 2147484151 2147484152 2147484153 2147484154 2147484157 2147484161 2147484164 2147484169 2147484170 2147484171 2147484172 2147484173 2147484174 2147484175 2147484176 2147484177 2147484178 2147484179 2147484180 2147484191 2147484192 2147484197 2147484199 2147484202 2147484203 2147484208 2147484209 2147484211 2147484226 2147484228 2147484238 2147484239 2147484241 2147484242 2147484243 2147484244 2147484247 2147484248 2147484250 
2147484123 2147484032 2147484122 2147484032 2147484122 2147484140 2147484143 2147484197 2147484203 49 57 53 51 134 131 132 50 2147484140 2147484143 2147484197 2147484203 
2147484125 2147484034 2147484122 2147484034 2147484122 2147484140 2147484143 2147484169 2147484179 2147484197 2147484203 49 52 54 57 53 51 134 131 132 50 2147484140 2147484143 2147484169 2147484179 2147484197 2147484203 
2147484140 2147483682 2147483683 2147483745 2147483761 2147483777 2147483782 2147483791 2147483805 2147483807 2147483808 2147483815 2147484023 2147484024 2147484025 2147484028 2147484029 2147484032 2147484034 2147484041 2147484044 2147484045 2147484046 2147484047 2147484048 2147484050 2147484060 2147484063 2147484065 2147484068 2147484069 2147484072 2147484073 2147484074 2147484075 2147484077 2147484087 2147484088 2147484093 2147484102 2147484122 2147484123 2147484125 2147483682 2147483683 2147483745 2147483761 2147483777 2147483782 2147483791 2147483805 2147483807 2147483808 2147483815 2147484023 2147484024 2147484025 2147484028 2147484029 2147484032 2147484034 2147484041 2147484044 2147484045 2147484046 2147484047 2147484048 2147484050 2147484060 2147484063 2147484065 2147484068 2147484069 2147484072 2147484073 2147484074 2147484075 2147484077 2147484087 2147484088 2147484093 2147484102 2147484122 2147484123 2147484125 2147484142 2147484143 2147484145 2147484148 2147484149 2147484150 2147484151 2147484152 2147484153 2147484156 2147484157 2147484164 2147484169 2147484170 2147484176 2147484177 2147484178 2147484179 2147484180 2147484197 2147484202 2147484203 2147484243 2147484244 2147484247 2147484250 57 52 49 54 53 127 128 129 130 51 133 134 131 132 50 2147484142 2147484143 2147484145 2147484148 2147484149 2147484150 2147484151 2147484152 2147484153 2147484156 2147484157 2147484164 2147484169 2147484170 2147484176 2147484177 2147484178 2147484179 2147484180 2147484197 2147484202 2147484203 2147484243 2147484244 2147484247 2147484250 
2147484142 2147483682 2147483683 2147483761 2147483777 2147483782 2147483791 2147483805 2147483807 2147483808 2147484041 2147484044 2147484045 2147484046 2147484047 2147484048 2147484050 2147484060 2147484087 2147484088 2147484093 2147484102 2147484122 2147484140 2147483682 2147483683 2147483761 2147483777 2147483782 2147483791 2147483805 2147483807 2147483808 2147484041 2147484044 2147484045 2147484046 2147484047 2147484048 2147484050 2147484060 2147484087 2147484088 2147484093 2147484102 2147484122 2147484140 2147484145 2147484149 2147484150 2147484151 2147484152 2147484153 2147484157 2147484164 2147484170 2147484176 2147484178 26 22 25 27 32 263 264 265 266 24 23 269 270 267 2147484145 2147484149 2147484150 2147484151 2147484152 2147484153 2147484157 2147484164 2147484170 2147484176 2147484178 
2147484143 2147483745 2147484008 2147484009 2147484012 2147484013 2147484015 2147484016 2147484023 2147484024 2147484025 2147484028 2147484029 2147484032 2147484034 2147484122 2147484123 2147484125 2147484140 2147483745 2147484008 2147484009 2147484012 2147484013 2147484015 2147484016 2147484023 2147484024 2147484025 2147484028 2147484029 2147484032 2147484034 2147484122 2147484123 2147484125 2147484140 2147484169 2147484179 2147484197 2147484203 2147484228 2147484238 2147484243 2147484244 2147484247 2147484250 26 22 25 27 32 263 264 265 266 24 23 269 270 267 268 2147484169 2147484179 2147484197 2147484203 2147484228 2147484238 2147484243 2147484244 2147484247 2147484250 
2147484145 2147483682 2147483683 2147483761 2147483782 2147483791 2147483805 2147483807 2147483808 2147484041 2147484044 2147484045 2147484046 2147484047 2147484048 2147484050 2147484060 2147484063 2147484065 2147484087 2147484088 2147484093 2147484102 2147484122 2147484140 2147484142 2147483682 2147483683 2147483761 2147483782 2147483791 2147483805 2147483807 2147483808 2147484041 2147484044 2147484045 2147484046 2147484047 2147484048 2147484050 2147484060 2147484063 2147484065 2147484087 2147484088 2147484093 2147484102 2147484122 2147484140 2147484142 2147484149 2147484150 2147484153 2147484170 2147484176 49 52 54 57 53 127 128 129 130 51 133 134 131 50 2147484149 2147484150 2147484153 2147484170 2147484176 
2147484147 2147484122 2147484122 2147484197 2147484199 2147484203 49 134 131 132 50 2147484197 2147484199 2147484203 
2147484148 2147484072 2147484140 2147484072 2147484140 52 49 54 57 53 127 128 129 130 51 50 
2147484149 2147483761 2147484044 2147484060 2147484063 2147484065 2147484068 2147484069 2147484122 2147484140 2147484142 2147484145 2147483761 2147484044 2147484060 2147484063 2147484065 2147484068 2147484069 2147484122 2147484140 2147484142 2147484145 2147484176 50 49 52 57 53 51 133 134 131 2147484176 
2147484150 2147484087 2147484088 2147484093 2147484102 2147484122 2147484140 2147484142 2147484145 2147484087 2147484088 2147484093 2147484102 2147484122 2147484140 2147484142 2147484145 49 52 54 57 53 51 134 131 50 
2147484151 2147484102 2147484122 2147484140 2147484142 2147484102 2147484122 2147484140 2147484142 49 52 51 134 50 
2147484152 2147484087 2147484088 2147484093 2147484102 2147484122 2147484140 2147484142 2147484087 2147484088 2147484093 2147484102 2147484122 2147484140 2147484142 49 52 54 57 53 51 134 50 
2147484153 2147484087 2147484088 2147484102 2147484122 2147484140 2147484142 2147484145 2147484087 2147484088 2147484102 2147484122 2147484140 2147484142 2147484145 49 52 54 57 51 134 131 50 
2147484154 2147484122 2147484122 2147484197 2147484199 2147484203 49 134 131 132 50 2147484197 2147484199 2147484203 
2147484156 2147483696 2147483815 2147483826 2147483827 2147483832 2147483834 2147483835 2147483842 2147483844 2147483850 2147483857 2147483858 2147483859 2147483866 2147483867 2147483874 2147483875 2147483876 2147484041 2147484112 2147484140 2147483696 2147483815 2147483826 2147483827 2147483832 2147483834 2147483835 2147483842 2147483844 2147483850 2147483857 2147483858 2147483859 2147483866 2147483867 2147483874 2147483875 2147483876 2147484041 2147484112 2147484140 2147484163 2147484165 2147484166 2147484181 2147484183 2147484184 2147484190 2147484193 2147484194 2147484195 2147484197 2147484198 2147484199 2147484200 2147484201 2147484202 2147484203 2147484204 2147484206 2147484207 2147484219 2147484220 2147484227 49 52 54 57 53 127 128 129 130 51 133 134 131 132 50 2147484163 2147484165 2147484166 2147484181 2147484183 2147484184 2147484190 2147484193 2147484194 2147484195 2147484197 2147484198 2147484199 2147484200 2147484201 2147484202 2147484203 2147484204 2147484206 2147484207 2147484219 2147484220 2147484227 
2147484157 2147483777 2147484102 2147484122 2147484140 2147484142 2147483777 2147484102 2147484122 2147484140 2147484142 2147484164 54 49 52 57 53 51 134 50 2147484164 
2147484158 2147483724 2147483966 2147483967 2147484120 2147483724 2147483966 2147483967 2147484120 2147484192 2147484197 2147484199 2147484203 2147484231 2147484233 57 49 52 54 53 133 134 131 132 50 2147484192 2147484197 2147484199 2147484203 2147484231 2147484233 
2147484159 2147483722 2147483916 2147483920 2147483921 2147483927 2147483928 2147483722 2147483916 2147483920 2147483921 2147483927 2147483928 2147484192 2147484197 2147484199 2147484203 49 52 54 57 53 127 128 129 130 51 133 134 131 132 50 2147484192 2147484197 2147484199 2147484203 
2147484160 2147483724 2147483944 2147483945 2147483959 2147483960 2147484118 2147484119 2147483724 2147483944 2147483945 2147483959 2147483960 2147484118 2147484119 2147484192 2147484197 2147484199 2147484203 2147484214 2147484223 2147484224 2147484233 57 49 52 54 53 133 134 131 132 50 2147484192 2147484197 2147484199 2147484203 2147484214 2147484223 2147484224 2147484233 
2147484161 2147483745 2147484122 2147483745 2147484122 2147484191 2147484197 2147484199 2147484203 2147484226 49 52 51 133 134 131 132 50 2147484191 2147484197 2147484199 2147484203 2147484226 
2147484163 2147483712 2147483857 2147483858 2147483859 2147483866 2147483867 2147483874 2147483875 2147483876 2147484112 2147484156 2147483712 2147483857 2147483858 2147483859 2147483866 2147483867 2147483874 2147483875 2147483876 2147484112 2147484156 2147484193 2147484194 2147484195 2147484197 2147484199 2147484201 2147484202 2147484203 2147484219 2147484220 2147484227 2147484235 49 52 54 57 53 127 128 129 130 51 133 134 131 132 50 2147484193 2147484194 2147484195 2147484197 2147484199 2147484201 2147484202 2147484203 2147484219 2147484220 2147484227 2147484235 
2147484164 2147483777 2147484102 2147484122 2147484140 2147484142 2147484157 2147483777 2147484102 2147484122 2147484140 2147484142 2147484157 53 49 52 54 51 134 50 
2147484165 2147483696 2147484156 2147483696 2147484156 2147484190 2147484201 2147484202 49 51 134 131 132 50 2147484190 2147484201 2147484202 
2147484166 2147483696 2147484156 2147483696 2147484156 2147484190 2147484201 2147484202 2147484204 49 52 51 134 131 132 50 2147484190 2147484201 2147484202 2147484204 
2147484169 2147484034 2147484122 2147484125 2147484140 2147484143 2147484034 2147484122 2147484125 2147484140 2147484143 2147484197 2147484203 52 49 54 57 53 51 134 131 132 50 2147484197 2147484203 
2147484170 2147484045 2147484046 2147484122 2147484140 2147484142 2147484145 2147484045 2147484046 2147484122 2147484140 2147484142 2147484145 53 49 57 51 134 131 50 
2147484171 2147484122 2147484122 2147484197 2147484203 49 134 132 50 2147484197 2147484203 
2147484172 2147484122 2147484122 2147484197 2147484203 49 134 132 50 2147484197 2147484203 
2147484173 2147484122 2147484122 2147484197 2147484203 49 134 132 50 2147484197 2147484203 
2147484174 2147484122 2147484122 2147484197 2147484203 49 134 132 50 2147484197 2147484203 
2147484175 2147484122 2147484122 2147484197 2147484203 49 134 132 50 2147484197 2147484203 
2147484176 2147484044 2147484122 2147484140 2147484142 2147484145 2147484149 2147484044 2147484122 2147484140 2147484142 2147484145 2147484149 49 52 51 133 134 131 50 
2147484177 2147484041 2147484122 2147484140 2147484041 2147484122 2147484140 2147484197 2147484203 49 52 51 134 132 50 2147484197 2147484203 
2147484178 2147484044 2147484122 2147484140 2147484142 2147484044 2147484122 2147484140 2147484142 49 51 133 134 50 
2147484179 2147484122 2147484125 2147484140 2147484143 2147484122 2147484125 2147484140 2147484143 2147484197 2147484203 52 49 51 134 131 132 50 2147484197 2147484203 
2147484180 2147484122 2147484140 2147484122 2147484140 53 51 50 
2147484181 2147483815 2147484156 2147483815 2147484156 2147484198 2147484202 52 54 51 134 50 2147484198 2147484202 
2147484183 2147483696 2147483834 2147484112 2147484156 2147483696 2147483834 2147484112 2147484156 2147484201 2147484202 49 52 133 134 131 132 50 2147484201 2147484202 
2147484184 2147483696 2147483826 2147484112 2147484156 2147483696 2147483826 2147484112 2147484156 2147484201 2147484202 49 52 133 134 131 132 50 2147484201 2147484202 
2147484186 2147483724 2147484118 2147484119 2147483724 2147484118 2147484119 2147484192 2147484197 2147484199 2147484203 2147484214 22 25 27 32 23 269 270 267 268 2147484192 2147484197 2147484199 2147484203 2147484214 
2147484187 2147483724 2147484118 2147484119 2147483724 2147484118 2147484119 2147484192 2147484197 2147484199 2147484203 2147484214 22 25 27 32 23 269 270 267 268 2147484192 2147484197 2147484199 2147484203 2147484214 
2147484190 2147483696 2147483815 2147483827 2147484041 2147484156 2147484165 2147484166 2147483696 2147483815 2147483827 2147484041 2147484156 2147484165 2147484166 2147484198 2147484200 2147484201 2147484202 2147484204 2147484206 51 49 52 54 57 53 127 128 129 130 134 131 132 50 2147484198 2147484200 2147484201 2147484202 2147484204 2147484206 
2147484191 2147483745 2147484122 2147484161 2147483745 2147484122 2147484161 2147484197 2147484199 2147484203 2147484226 2147484241 49 52 54 51 133 134 131 132 50 2147484197 2147484199 2147484203 2147484226 2147484241 
2147484192 2147483722 2147483724 2147483725 2147483916 2147483920 2147483921 2147483923 2147483924 2147483926 2147483927 2147483928 2147483930 2147483936 2147483944 2147483959 2147483966 2147484118 2147484119 2147484120 2147484122 2147484158 2147484159 2147484160 2147484186 2147484187 2147483722 2147483724 2147483725 2147483916 2147483920 2147483921 2147483923 2147483924 2147483926 2147483927 2147483928 2147483930 2147483936 2147483944 2147483959 2147483966 2147484118 2147484119 2147484120 2147484122 2147484158 2147484159 2147484160 2147484186 2147484187 2147484197 2147484199 2147484203 2147484208 2147484211 2147484214 2147484223 2147484224 2147484231 2147484233 49 52 54 57 53 127 128 129 130 51 133 134 131 132 50 2147484197 2147484199 2147484203 2147484208 2147484211 2147484214 2147484223 2147484224 2147484231 2147484233 
2147484193 2147483857 2147484112 2147484156 2147484163 2147483857 2147484112 2147484156 2147484163 2147484197 2147484199 2147484203 49 52 51 133 134 131 132 50 2147484197 2147484199 2147484203 
2147484194 2147483866 2147484112 2147484156 2147484163 2147483866 2147484112 2147484156 2147484163 2147484197 2147484199 2147484203 49 52 51 133 134 131 132 50 2147484197 2147484199 2147484203 
2147484195 2147483874 2147483875 2147484112 2147484156 2147484163 2147483874 2147483875 2147484112 2147484156 2147484163 2147484197 2147484199 2147484203 49 52 54 51 133 134 131 132 50 2147484197 2147484199 2147484203 
2147484197 2147483712 2147483714 2147483718 2147483722 2147483724 2147483725 2147483745 2147483857 2147483858 2147483859 2147483866 2147483867 2147483874 2147483875 2147483876 2147483880 2147483885 2147483889 2147483892 2147483895 2147483899 2147483910 2147483916 2147483920 2147483921 2147483923 2147483924 2147483926 2147483927 2147483928 2147483930 2147483936 2147483944 2147483945 2147483947 2147483948 2147483953 2147483954 2147483959 2147483960 2147483962 2147483963 2147483966 2147483967 2147483969 2147483970 2147483977 2147483978 2147483979 2147483980 2147483984 2147483989 2147483992 2147483997 2147484005 2147484006 2147484008 2147484009 2147484012 2147484013 2147484015 2147484016 2147484023 2147484024 2147484025 2147484028 2147484029 2147484032 2147484034 2147484041 2147484112 2147484115 2147484116 2147484117 2147484118 2147484119 2147484120 2147484121 2147484122 2147484123 2147484125 2147484140 2147484143 2147484147 2147484154 2147484156 2147484158 2147484159 2147484160 2147484161 2147484163 2147484169 2147484171 2147484172 2147484173 2147484174 2147484175 2147484177 2147484179 2147484186 2147484187 2147484191 2147484192 2147484193 2147484194 2147484195 2147483712 2147483714 2147483718 2147483722 2147483724 2147483725 2147483745 2147483857 2147483858 2147483859 2147483866 2147483867 2147483874 2147483875 2147483876 2147483880 2147483885 2147483889 2147483892 2147483895 2147483899 2147483910 2147483916 2147483920 2147483921 2147483923 2147483924 2147483926 2147483927 2147483928 2147483930 2147483936 2147483944 2147483945 2147483947 2147483948 2147483953 2147483954 2147483959 2147483960 2147483962 2147483963 2147483966 2147483967 2147483969 2147483970 2147483977 2147483978 2147483979 2147483980 2147483984 2147483989 2147483992 2147483997 2147484005 2147484006 2147484008 2147484009 2147484012 2147484013 2147484015 2147484016 2147484023 2147484024 2147484025 2147484028 2147484029 2147484032 2147484034 2147484041 2147484112 2147484115 2147484116 2147484117 2147484118 2147484119 2147484120 2147484121 2147484122 2147484123 2147484125 2147484140 2147484143 2147484147 2147484154 2147484156 2147484158 2147484159 2147484160 2147484161 2147484163 2147484169 2147484171 2147484172 2147484173 2147484174 2147484175 2147484177 2147484179 2147484186 2147484187 2147484191 2147484192 2147484193 2147484194 2147484195 2147484199 2147484201 2147484202 2147484203 2147484208 2147484209 2147484211 2147484212 2147484213 2147484214 2147484215 2147484219 2147484220 2147484221 2147484222 2147484223 2147484224 2147484226 2147484227 2147484228 2147484229 2147484230 2147484231 2147484233 2147484235 2147484236 2147484237 2147484238 2147484239 2147484241 2147484242 2147484243 2147484244 2147484247 2147484248 2147484250 49 52 54 57 53 127 128 129 130 51 133 134 131 132 50 2147484199 2147484201 2147484202 2147484203 2147484208 2147484209 2147484211 2147484212 2147484213 2147484214 2147484215 2147484219 2147484220 2147484221 2147484222 2147484223 2147484224 2147484226 2147484227 2147484228 2147484229 2147484230 2147484231 2147484233 2147484235 2147484236 2147484237 2147484238 2147484239 2147484241 2147484242 2147484243 2147484244 2147484247 2147484248 2147484250 
2147484198 2147483815 2147484156 2147484181 2147484190 2147483815 2147484156 2147484181 2147484190 2147484202 19 11 5 8 254 2147484202 
2147484199 2147483712 2147483714 2147483718 2147483722 2147483724 2147483725 2147483745 2147483857 2147483858 2147483859 2147483866 2147483867 2147483874 2147483875 2147483876 2147483880 2147483885 2147483889 2147483892 2147483895 2147483899 2147483910 2147483916 2147483920 2147483921 2147483923 2147483924 2147483926 2147483927 2147483928 2147483930 2147483936 2147483944 2147483945 2147483947 2147483948 2147483953 2147483954 2147483959 2147483960 2147483962 2147483963 2147483966 2147483967 2147483969 2147483970 2147483977 2147483978 2147483979 2147483980 2147483984 2147483989 2147483992 2147484112 2147484115 2147484116 2147484117 2147484118 2147484119 2147484120 2147484121 2147484122 2147484147 2147484154 2147484156 2147484158 2147484159 2147484160 2147484161 2147484163 2147484186 2147484187 2147484191 2147484192 2147484193 2147484194 2147484195 2147484197 2147483712 2147483714 2147483718 2147483722 2147483724 2147483725 2147483745 2147483857 2147483858 2147483859 2147483866 2147483867 2147483874 2147483875 2147483876 2147483880 2147483885 2147483889 2147483892 2147483895 2147483899 2147483910 2147483916 2147483920 2147483921 2147483923 2147483924 2147483926 2147483927 2147483928 2147483930 2147483936 2147483944 2147483945 2147483947 2147483948 2147483953 2147483954 2147483959 2147483960 2147483962 2147483963 2147483966 2147483967 2147483969 2147483970 2147483977 2147483978 2147483979 2147483980 2147483984 2147483989 2147483992 2147484112 2147484115 2147484116 2147484117 2147484118 2147484119 2147484120 2147484121 2147484122 2147484147 2147484154 2147484156 2147484158 2147484159 2147484160 2147484161 2147484163 2147484186 2147484187 2147484191 2147484192 2147484193 2147484194 2147484195 2147484197 2147484202 2147484203 2147484208 2147484209 2147484211 2147484212 2147484213 2147484214 2147484215 2147484219 2147484220 2147484221 2147484222 2147484223 2147484224 2147484226 2147484227 2147484229 2147484230 2147484231 2147484233 2147484235 2147484236 2147484237 2147484239 2147484241 251 2 11 19 61 18 247 248 249 250 5 8 253 254 252 2147484202 2147484203 2147484208 2147484209 2147484211 2147484212 2147484213 2147484214 2147484215 2147484219 2147484220 2147484221 2147484222 2147484223 2147484224 2147484226 2147484227 2147484229 2147484230 2147484231 2147484233 2147484235 2147484236 2147484237 2147484239 2147484241 
2147484200 2147483696 2147483815 2147484156 2147484190 2147483696 2147483815 2147484156 2147484190 2147484201 2147484202 19 251 11 5 8 254 252 2147484201 2147484202 
2147484201 2147483696 2147483826 2147483827 2147483832 2147483834 2147483835 2147483842 2147483844 2147483850 2147484112 2147484156 2147484163 2147484165 2147484166 2147484183 2147484184 2147484190 2147484197 2147484200 2147483696 2147483826 2147483827 2147483832 2147483834 2147483835 2147483842 2147483844 2147483850 2147484112 2147484156 2147484163 2147484165 2147484166 2147484183 2147484184 2147484190 2147484197 2147484200 2147484202 2147484204 2147484206 2147484207 251 19 2 11 61 18 247 248 249 250 5 8 253 254 252 2147484202 2147484204 2147484206 2147484207 
2147484202 2147483696 2147483815 2147483826 2147483827 2147483832 2147483834 2147483835 2147483842 2147483844 2147483850 2147484041 2147484112 2147484122 2147484140 2147484156 2147484163 2147484165 2147484166 2147484181 2147484183 2147484184 2147484190 2147484197 2147484198 2147484199 2147484200 2147484201 2147483696 2147483815 2147483826 2147483827 2147483832 2147483834 2147483835 2147483842 2147483844 2147483850 2147484041 2147484112 2147484122 2147484140 2147484156 2147484163 2147484165 2147484166 2147484181 2147484183 2147484184 2147484190 2147484197 2147484198 2147484199 2147484200 2147484201 2147484204 2147484206 2147484207 134 49 52 54 57 53 127 128 129 130 51 133 131 132 50 2147484204 2147484206 2147484207 
2147484203 2147483712 2147483714 2147483718 2147483722 2147483724 2147483725 2147483745 2147483857 2147483858 2147483859 2147483866 2147483867 2147483874 2147483875 2147483876 2147483880 2147483885 2147483889 2147483892 2147483895 2147483899 2147483910 2147483916 2147483920 2147483921 2147483923 2147483924 2147483926 2147483927 2147483928 2147483930 2147483936 2147483944 2147483945 2147483947 2147483948 2147483953 2147483954 2147483959 2147483960 2147483962 2147483963 2147483966 2147483967 2147483969 2147483970 2147483977 2147483978 2147483979 2147483980 2147483984 2147483989 2147483992 2147483997 2147484005 2147484006 2147484008 2147484009 2147484012 2147484013 2147484015 2147484016 2147484023 2147484024 2147484025 2147484028 2147484029 2147484032 2147484034 2147484041 2147484112 2147484115 2147484116 2147484117 2147484118 2147484119 2147484120 2147484121 2147484122 2147484123 2147484125 2147484140 2147484143 2147484147 2147484154 2147484156 2147484158 2147484159 2147484160 2147484161 2147484163 2147484169 2147484171 2147484172 2147484173 2147484174 2147484175 2147484177 2147484179 2147484186 2147484187 2147484191 2147484192 2147484193 2147484194 2147484195 2147484197 2147484199 2147483712 2147483714 2147483718 2147483722 2147483724 2147483725 2147483745 2147483857 2147483858 2147483859 2147483866 2147483867 2147483874 2147483875 2147483876 2147483880 2147483885 2147483889 2147483892 2147483895 2147483899 2147483910 2147483916 2147483920 2147483921 2147483923 2147483924 2147483926 2147483927 2147483928 2147483930 2147483936 2147483944 2147483945 2147483947 2147483948 2147483953 2147483954 2147483959 2147483960 2147483962 2147483963 2147483966 2147483967 2147483969 2147483970 2147483977 2147483978 2147483979 2147483980 2147483984 2147483989 2147483992 2147483997 2147484005 2147484006 2147484008 2147484009 2147484012 2147484013 2147484015 2147484016 2147484023 2147484024 2147484025 2147484028 2147484029 2147484032 2147484034 2147484041 2147484112 2147484115 2147484116 2147484117 2147484118 2147484119 2147484120 2147484121 2147484122 2147484123 2147484125 2147484140 2147484143 2147484147 2147484154 2147484156 2147484158 2147484159 2147484160 2147484161 2147484163 2147484169 2147484171 2147484172 2147484173 2147484174 2147484175 2147484177 2147484179 2147484186 2147484187 2147484191 2147484192 2147484193 2147484194 2147484195 2147484197 2147484199 2147484208 2147484209 2147484211 2147484212 2147484213 2147484214 2147484215 2147484219 2147484220 2147484221 2147484222 2147484223 2147484224 2147484226 2147484227 2147484228 2147484229 2147484230 2147484231 2147484233 2147484235 2147484236 2147484237 2147484238 2147484239 2147484241 2147484242 2147484243 2147484244 2147484247 2147484248 2147484250 134 49 52 54 57 53 127 128 129 130 51 133 131 132 50 2147484208 2147484209 2147484211 2147484212 2147484213 2147484214 2147484215 2147484219 2147484220 2147484221 2147484222 2147484223 2147484224 2147484226 2147484227 2147484228 2147484229 2147484230 2147484231 2147484233 2147484235 2147484236 2147484237 2147484238 2147484239 2147484241 2147484242 2147484243 2147484244 2147484247 2147484248 2147484250 
2147484204 2147483696 2147484156 2147484166 2147484190 2147484201 2147484202 2147483696 2147484156 2147484166 2147484190 2147484201 2147484202 49 52 51 134 131 132 50 
2147484206 2147483696 2147484156 2147484190 2147484201 2147484202 2147483696 2147484156 2147484190 2147484201 2147484202 132 49 51 134 131 50 
2147484207 2147483696 2147484156 2147484201 2147484202 2147483696 2147484156 2147484201 2147484202 49 134 131 132 50 
2147484208 2147484122 2147484192 2147484197 2147484199 2147484203 2147484122 2147484192 2147484197 2147484199 2147484203 49 133 134 131 132 50 
2147484209 2147484122 2147484197 2147484199 2147484203 2147484122 2147484197 2147484199 2147484203 49 134 131 132 50 
2147484211 2147484122 2147484192 2147484197 2147484199 2147484203 2147484122 2147484192 2147484197 2147484199 2147484203 50 49 133 134 131 132 
2147484212 2147483953 2147483954 2147484117 2147484197 2147484199 2147484203 2147483953 2147483954 2147484117 2147484197 2147484199 2147484203 50 49 52 54 57 53 127 128 129 130 134 131 132 
2147484213 2147483979 2147483980 2147484121 2147484197 2147484199 2147484203 2147483979 2147483980 2147484121 2147484197 2147484199 2147484203 50 49 52 54 57 53 127 128 129 130 51 134 131 132 
2147484214 2147483724 2147484118 2147484119 2147484160 2147484186 2147484187 2147484192 2147484197 2147484199 2147484203 2147483724 2147484118 2147484119 2147484160 2147484186 2147484187 2147484192 2147484197 2147484199 2147484203 2147484233 50 49 52 54 57 53 133 134 131 132 2147484233 
2147484215 2147484120 2147484121 2147484197 2147484199 2147484203 2147484120 2147484121 2147484197 2147484199 2147484203 49 51 134 131 132 50 
2147484219 2147483866 2147483867 2147483874 2147484112 2147484156 2147484163 2147484197 2147484199 2147484203 2147483866 2147483867 2147483874 2147484112 2147484156 2147484163 2147484197 2147484199 2147484203 49 52 54 51 133 134 131 132 50 
2147484220 2147484112 2147484156 2147484163 2147484197 2147484199 2147484203 2147484112 2147484156 2147484163 2147484197 2147484199 2147484203 49 51 133 134 131 132 50 
2147484221 2147484112 2147484197 2147484199 2147484203 2147484112 2147484197 2147484199 2147484203 49 133 134 131 132 
2147484222 2147484112 2147484197 2147484199 2147484203 2147484112 2147484197 2147484199 2147484203 49 133 134 131 132 
2147484223 2147483724 2147484160 2147484192 2147484197 2147484199 2147484203 2147483724 2147484160 2147484192 2147484197 2147484199 2147484203 2147484233 49 54 57 53 133 134 131 132 2147484233 
2147484224 2147483724 2147484160 2147484192 2147484197 2147484199 2147484203 2147483724 2147484160 2147484192 2147484197 2147484199 2147484203 2147484233 49 54 57 53 133 134 131 132 2147484233 
2147484226 2147483745 2147483989 2147483992 2147483997 2147484005 2147484006 2147484122 2147484161 2147484191 2147484197 2147484199 2147484203 2147483745 2147483989 2147483992 2147483997 2147484005 2147484006 2147484122 2147484161 2147484191 2147484197 2147484199 2147484203 2147484239 2147484241 2147484248 51 49 52 54 57 53 133 134 131 132 50 2147484239 2147484241 2147484248 
2147484227 2147483857 2147483858 2147483859 2147484112 2147484156 2147484163 2147484197 2147484199 2147484203 2147483857 2147483858 2147483859 2147484112 2147484156 2147484163 2147484197 2147484199 2147484203 49 52 54 51 133 134 131 132 50 
2147484228 2147483745 2147484008 2147484009 2147484012 2147484013 2147484122 2147484143 2147484197 2147484203 2147483745 2147484008 2147484009 2147484012 2147484013 2147484122 2147484143 2147484197 2147484203 2147484238 2147484241 2147484242 51 49 52 54 57 53 127 128 129 130 133 134 131 132 50 2147484238 2147484241 2147484242 
2147484229 2147484197 2147484199 2147484203 2147484197 2147484199 2147484203 49 134 131 132 
2147484230 2147484120 2147484197 2147484199 2147484203 2147484120 2147484197 2147484199 2147484203 49 134 131 132 50 
2147484231 2147483724 2147484158 2147484192 2147484197 2147484199 2147484203 2147483724 2147484158 2147484192 2147484197 2147484199 2147484203 2147484233 49 54 57 53 133 134 131 132 2147484233 
2147484233 2147483724 2147484118 2147484119 2147484120 2147484158 2147484160 2147484192 2147484197 2147484199 2147484203 2147484214 2147484223 2147484224 2147484231 2147483724 2147484118 2147484119 2147484120 2147484158 2147484160 2147484192 2147484197 2147484199 2147484203 2147484214 2147484223 2147484224 2147484231 49 52 54 57 53 133 134 131 132 50 
2147484235 2147483712 2147483874 2147483875 2147483876 2147484112 2147484163 2147484197 2147484199 2147484203 2147483712 2147483874 2147483875 2147483876 2147484112 2147484163 2147484197 2147484199 2147484203 49 52 54 57 51 133 134 131 132 50 
2147484236 2147484112 2147484116 2147484197 2147484199 2147484203 2147484112 2147484116 2147484197 2147484199 2147484203 49 52 133 134 131 132 
2147484237 2147484112 2147484115 2147484197 2147484199 2147484203 2147484112 2147484115 2147484197 2147484199 2147484203 49 52 133 134 131 132 
2147484238 2147483745 2147484122 2147484143 2147484197 2147484203 2147484228 2147483745 2147484122 2147484143 2147484197 2147484203 2147484228 49 51 133 134 131 132 50 
2147484239 2147483745 2147484122 2147484197 2147484199 2147484203 2147484226 2147483745 2147484122 2147484197 2147484199 2147484203 2147484226 49 51 133 134 131 132 50 
2147484241 2147483745 2147483997 2147484005 2147484006 2147484122 2147484191 2147484197 2147484199 2147484203 2147484226 2147484228 2147483745 2147483997 2147484005 2147484006 2147484122 2147484191 2147484197 2147484199 2147484203 2147484226 2147484228 2147484248 131 49 52 54 57 53 51 133 134 132 50 2147484248 
2147484242 2147483745 2147484122 2147484197 2147484203 2147484228 2147483745 2147484122 2147484197 2147484203 2147484228 54 49 52 57 53 127 128 129 130 51 133 134 131 132 50 
2147484243 2147483745 2147484122 2147484140 2147484143 2147484197 2147484203 2147483745 2147484122 2147484140 2147484143 2147484197 2147484203 49 51 133 134 131 132 50 
2147484244 2147483745 2147484122 2147484140 2147484143 2147484197 2147484203 2147483745 2147484122 2147484140 2147484143 2147484197 2147484203 2147484250 49 52 51 133 134 131 132 50 2147484250 
2147484247 2147483745 2147484122 2147484140 2147484143 2147484197 2147484203 2147483745 2147484122 2147484140 2147484143 2147484197 2147484203 2147484250 49 52 51 133 134 131 132 50 2147484250 
2147484248 2147483745 2147484005 2147484122 2147484197 2147484203 2147484226 2147484241 2147483745 2147484005 2147484122 2147484197 2147484203 2147484226 2147484241 49 52 54 51 133 134 132 50 
2147484250 2147483745 2147484028 2147484122 2147484140 2147484143 2147484197 2147484203 2147484244 2147484247 2147483745 2147484028 2147484122 2147484140 2147484143 2147484197 2147484203 2147484244 2147484247 49 52 54 57 53 51 133 134 131 132 50 
