2 2147483728 2147483753 2147483774 
5 2147483728 2147483753 
8 2147483728 2147483774 
11 
18 
19 
22 2147483733 2147483920 2147483928 2147483963 2147483965 2147483967 2147483968 2147483969 2147483970 2147483971 2147483972 2147483987 2147483989 2147483990 2147483992 2147484002 2147484003 
23 2147483733 2147483780 2147483920 2147483928 2147483963 2147483967 2147483969 2147483970 2147483971 2147483987 2147483989 2147483990 2147483992 2147484001 2147484002 2147484003 
24 2147483733 2147483920 2147483928 2147483967 2147483968 2147483969 2147483970 2147483971 2147483972 2147483987 2147483990 2147484002 
25 2147483920 2147483928 2147483967 2147483969 2147483970 2147483971 2147483972 2147483987 2147483989 2147483990 2147483992 2147484002 
26 2147483780 2147483920 2147483928 2147483967 2147483969 2147483970 2147483971 2147483987 2147483990 2147484001 2147484002 
27 2147483920 2147483928 2147483967 2147483969 2147483970 2147483971 2147483987 2147483990 2147484002 
32 2147483780 2147483920 2147483928 2147483967 2147483969 2147483970 2147483971 2147483987 2147483990 2147484002 
49 2147483651 2147483657 2147483675 2147483720 2147483744 2147483770 2147483771 2147483791 2147483792 2147483793 2147483795 2147483825 2147483839 2147483845 2147483855 2147483862 2147483868 2147483877 2147483880 2147483881 2147483884 2147483896 2147483899 2147483902 2147483906 2147483907 2147483916 2147483926 2147483927 2147483935 2147483940 2147483943 2147483947 2147483950 2147483951 2147483952 2147483953 2147483954 2147483955 2147483957 2147483959 2147483960 2147483973 2147483974 2147483976 2147483978 2147483980 2147483982 2147483983 2147483984 2147483997 2147483999 2147484004 2147484005 2147484007 
50 2147483651 2147483657 2147483675 2147483720 2147483791 2147483792 2147483793 2147483795 2147483806 2147483839 2147483845 2147483877 2147483880 2147483881 2147483884 2147483896 2147483899 2147483902 2147483906 2147483907 2147483926 2147483927 2147483935 2147483940 2147483943 2147483947 2147483950 2147483954 2147483955 2147483957 2147483959 2147483960 2147483973 2147483974 2147483976 2147483978 2147483980 2147483982 2147483983 2147483984 2147483999 2147484004 2147484005 2147484007 2147484008 2147484010 
51 2147483651 2147483657 2147483675 2147483720 2147483752 2147483770 2147483771 2147483791 2147483792 2147483793 2147483806 2147483825 2147483839 2147483855 2147483862 2147483868 2147483877 2147483880 2147483881 2147483884 2147483896 2147483899 2147483902 2147483906 2147483907 2147483916 2147483926 2147483935 2147483940 2147483943 2147483947 2147483950 2147483951 2147483952 2147483953 2147483954 2147483957 2147483960 2147483973 2147483974 2147483976 2147483978 2147483980 2147483982 2147483983 2147483984 2147483995 2147483999 2147484004 2147484005 2147484007 2147484008 
52 2147483651 2147483657 2147483675 2147483720 2147483770 2147483771 2147483792 2147483793 2147483825 2147483862 2147483877 2147483880 2147483884 2147483896 2147483902 2147483906 2147483916 2147483926 2147483935 2147483940 2147483943 2147483947 2147483950 2147483951 2147483952 2147483953 2147483954 2147483957 2147483973 2147483974 2147483976 2147483978 2147483980 2147483982 2147483983 2147483984 2147484004 2147484005 2147484007 2147484010 
53 2147483651 2147483657 2147483675 2147483720 2147483752 2147483792 2147483793 2147483795 2147483806 2147483839 2147483845 2147483855 2147483862 2147483868 2147483877 2147483880 2147483881 2147483884 2147483896 2147483899 2147483902 2147483906 2147483907 2147483916 2147483926 2147483927 2147483935 2147483940 2147483943 2147483947 2147483950 2147483951 2147483952 2147483953 2147483954 2147483957 2147483959 2147483960 2147483973 2147483974 2147483976 2147483978 2147483980 2147483982 2147483983 2147483984 2147483999 2147484004 2147484005 2147484007 2147484008 
54 2147483651 2147483657 2147483675 2147483720 2147483792 2147483793 2147483795 2147483839 2147483845 2147483855 2147483862 2147483877 2147483880 2147483881 2147483884 2147483896 2147483899 2147483902 2147483906 2147483907 2147483916 2147483926 2147483935 2147483940 2147483943 2147483947 2147483950 2147483951 2147483952 2147483953 2147483954 2147483957 2147483959 2147483960 2147483973 2147483974 2147483976 2147483978 2147483980 2147483982 2147483983 2147483984 2147484004 2147484005 2147484007 
57 2147483651 2147483657 2147483675 2147483720 2147483792 2147483793 2147483795 2147483806 2147483839 2147483845 2147483855 2147483862 2147483877 2147483880 2147483881 2147483884 2147483896 2147483899 2147483902 2147483906 2147483907 2147483916 2147483926 2147483935 2147483940 2147483943 2147483947 2147483950 2147483951 2147483952 2147483953 2147483954 2147483957 2147483959 2147483960 2147483973 2147483974 2147483976 2147483978 2147483980 2147483982 2147483983 2147483984 2147484004 2147484005 2147484007 
61 
127 2147483651 2147483657 2147483675 2147483720 2147483792 2147483793 2147483877 2147483880 2147483884 2147483896 2147483902 2147483906 2147483916 2147483926 2147483935 2147483940 2147483943 2147483947 2147483950 2147483951 2147483952 2147483953 2147483954 2147483957 2147483973 2147483974 2147483976 2147483978 2147483982 2147483984 2147484004 2147484007 
128 2147483651 2147483657 2147483675 2147483720 2147483792 2147483793 2147483877 2147483880 2147483884 2147483896 2147483902 2147483906 2147483916 2147483926 2147483935 2147483940 2147483943 2147483947 2147483950 2147483951 2147483952 2147483953 2147483954 2147483957 2147483973 2147483974 2147483976 2147483978 2147483982 2147483984 2147484004 2147484007 
129 2147483651 2147483657 2147483675 2147483720 2147483792 2147483793 2147483877 2147483880 2147483884 2147483896 2147483902 2147483906 2147483916 2147483926 2147483935 2147483940 2147483943 2147483947 2147483950 2147483951 2147483952 2147483953 2147483954 2147483957 2147483973 2147483974 2147483976 2147483978 2147483982 2147483984 2147484004 2147484007 
130 2147483651 2147483657 2147483675 2147483720 2147483792 2147483793 2147483877 2147483880 2147483884 2147483896 2147483902 2147483906 2147483916 2147483926 2147483935 2147483940 2147483943 2147483947 2147483950 2147483951 2147483952 2147483953 2147483954 2147483957 2147483973 2147483974 2147483976 2147483978 2147483982 2147483984 2147484004 2147484007 
131 2147483651 2147483657 2147483675 2147483752 2147483770 2147483771 2147483791 2147483792 2147483793 2147483795 2147483806 2147483839 2147483845 2147483877 2147483880 2147483881 2147483884 2147483896 2147483899 2147483902 2147483906 2147483907 2147483926 2147483927 2147483935 2147483940 2147483947 2147483951 2147483952 2147483953 2147483954 2147483955 2147483959 2147483960 2147483973 2147483974 2147483976 2147483978 2147483980 2147483982 2147483983 2147483984 2147483995 2147483997 2147483999 2147484004 2147484005 2147484007 2147484010 
132 2147483651 2147483657 2147483675 2147483720 2147483744 2147483752 2147483770 2147483771 2147483791 2147483792 2147483793 2147483795 2147483806 2147483825 2147483839 2147483845 2147483855 2147483862 2147483868 2147483877 2147483880 2147483881 2147483884 2147483896 2147483899 2147483902 2147483906 2147483907 2147483926 2147483927 2147483935 2147483940 2147483943 2147483947 2147483950 2147483951 2147483952 2147483953 2147483954 2147483955 2147483957 2147483959 2147483960 2147483973 2147483974 2147483976 2147483978 2147483980 2147483982 2147483983 2147483984 2147483995 2147483997 2147483999 2147484004 2147484005 2147484007 2147484008 2147484010 
133 2147483651 2147483657 2147483675 2147483744 2147483752 2147483770 2147483771 2147483791 2147483792 2147483793 2147483806 2147483825 2147483839 2147483845 2147483855 2147483877 2147483880 2147483881 2147483884 2147483896 2147483899 2147483902 2147483906 2147483907 2147483926 2147483927 2147483935 2147483940 2147483943 2147483947 2147483950 2147483951 2147483952 2147483953 2147483954 2147483955 2147483957 2147483959 2147483960 2147483973 2147483974 2147483976 2147483978 2147483980 2147483982 2147483983 2147483984 2147483999 2147484004 2147484005 2147484007 2147484008 2147484010 
134 2147483651 2147483657 2147483675 2147483720 2147483770 2147483771 2147483791 2147483792 2147483793 2147483795 2147483806 2147483825 2147483839 2147483845 2147483855 2147483862 2147483877 2147483880 2147483881 2147483884 2147483896 2147483899 2147483902 2147483906 2147483907 2147483926 2147483927 2147483935 2147483940 2147483943 2147483947 2147483952 2147483953 2147483954 2147483959 2147483960 2147483973 2147483974 2147483976 2147483978 2147483980 2147483982 2147483983 2147483984 2147483995 2147483997 2147483999 2147484004 2147484005 2147484007 2147484008 2147484010 
247 
248 
249 
250 
251 2147483753 2147483774 
252 2147483728 2147483753 2147483774 
253 2147483728 2147483753 2147483774 
254 2147483774 
263 2147483920 2147483928 2147483967 2147483969 2147483970 2147483971 2147483990 2147484002 
264 2147483920 2147483928 2147483967 2147483969 2147483970 2147483971 2147483990 2147484002 
265 2147483920 2147483928 2147483967 2147483969 2147483970 2147483971 2147483990 2147484002 
266 2147483920 2147483928 2147483967 2147483969 2147483970 2147483971 2147483990 2147484002 
267 2147483780 2147483920 2147483928 2147483963 2147483965 2147483967 2147483969 2147483970 2147483987 2147483989 2147483990 2147483992 2147484001 2147484002 2147484003 
268 2147483733 2147483780 2147483920 2147483928 2147483963 2147483965 2147483967 2147483968 2147483969 2147483970 2147483971 2147483972 2147483987 2147483989 2147483990 2147483992 2147484001 2147484002 2147484003 
269 2147483733 2147483920 2147483928 2147483963 2147483965 2147483967 2147483968 2147483969 2147483970 2147483972 2147483987 2147483989 2147483990 2147483992 2147484002 
270 2147483780 2147483920 2147483928 2147483963 2147483967 2147483968 2147483969 2147483970 2147483971 2147483987 2147483989 2147483990 2147483992 2147484001 2147484002 2147484003 
2147483651 2147483657 2147483675 2147483752 2147483753 2147483770 2147483771 2147483774 2147483780 2147483791 2147483792 2147483793 2147483795 2147483806 2147483920 2147483926 2147483927 2147483947 2147483951 2147483952 2147483953 2147483955 2147483963 2147483965 2147483974 2147483976 2147483989 2147483990 2147483992 2147483999 2147484001 2147484002 2147484003 2147484010 49 52 54 57 53 127 128 129 130 51 133 134 131 132 50 2147483657 2147483675 2147483752 2147483753 2147483770 2147483771 2147483774 2147483780 2147483791 2147483792 2147483793 2147483795 2147483806 2147483920 2147483926 2147483927 2147483947 2147483951 2147483952 2147483953 2147483955 2147483963 2147483965 2147483974 2147483976 2147483989 2147483990 2147483992 2147483999 2147484001 2147484002 2147484003 2147484010 
2147483657 2147483651 2147483651 2147483770 2147483771 2147483920 2147483947 2147483974 2147483976 2147483990 2147483999 53 49 52 54 57 127 128 129 130 51 133 134 131 132 50 2147483770 2147483771 2147483920 2147483947 2147483974 2147483976 2147483990 2147483999 
2147483675 2147483651 2147483651 2147483806 2147483926 2147483927 2147483947 2147483974 2147483976 49 53 52 54 57 127 128 129 130 51 133 134 131 132 50 2147483806 2147483926 2147483927 2147483947 2147483974 2147483976 
2147483720 2147483967 2147483971 2147483974 2147483976 57 49 52 54 53 127 128 129 130 51 134 132 50 2147483967 2147483971 2147483974 2147483976 
2147483728 2147483947 2147483950 2147483957 2147483974 2 5 8 253 252 2147483947 2147483950 2147483957 2147483974 
2147483733 2147483947 2147483950 2147483957 2147483974 22 24 23 269 268 2147483947 2147483950 2147483957 2147483974 
2147483744 2147483947 2147483974 49 133 132 2147483947 2147483974 
2147483752 2147483651 2147483651 2147483947 2147483951 2147483974 53 51 133 131 132 2147483947 2147483951 2147483974 
2147483753 2147483651 2147483651 2147483947 2147483951 2147483974 2 5 253 251 252 2147483947 2147483951 2147483974 
2147483770 2147483651 2147483657 2147483651 2147483657 2147483947 2147483974 2147483976 49 52 51 133 134 131 132 2147483947 2147483974 2147483976 
2147483771 2147483651 2147483657 2147483651 2147483657 2147483947 2147483974 2147483976 49 52 51 133 134 131 132 2147483947 2147483974 2147483976 
2147483774 2147483651 2147483651 2147483947 2147483974 2147483976 2147483990 2 8 253 254 251 252 2147483947 2147483974 2147483976 2147483990 
2147483780 2147483651 2147483651 2147483920 2147483974 2147483976 32 23 26 270 267 268 2147483920 2147483974 2147483976 
2147483791 2147483651 2147483651 2147483792 2147483793 2147483920 2147483974 2147483976 49 51 133 134 131 132 50 2147483792 2147483793 2147483920 2147483974 2147483976 
2147483792 2147483651 2147483791 2147483651 2147483791 2147483793 2147483920 2147483974 2147483976 2147484002 57 49 52 54 53 127 128 129 130 51 133 134 131 132 50 2147483793 2147483920 2147483974 2147483976 2147484002 
2147483793 2147483651 2147483791 2147483792 2147483651 2147483791 2147483792 2147483920 2147483974 2147483976 2147484002 53 49 52 54 57 127 128 129 130 51 133 134 131 132 50 2147483920 2147483974 2147483976 2147484002 
2147483795 2147483651 2147483651 2147483974 2147483976 2147484002 49 54 57 53 134 131 132 50 2147483974 2147483976 2147484002 
2147483806 2147483651 2147483675 2147483651 2147483675 2147483926 2147483947 2147483974 2147483976 57 53 51 133 134 131 132 50 2147483926 2147483947 2147483974 2147483976 
2147483825 2147483928 2147483947 2147483972 2147483974 2147483976 49 52 51 133 134 132 2147483928 2147483947 2147483972 2147483974 2147483976 
2147483839 2147483928 2147483947 2147483954 2147483974 2147483976 2147483978 2147483980 2147483983 2147483987 2147484005 49 54 57 53 51 133 134 131 132 50 2147483928 2147483947 2147483954 2147483974 2147483976 2147483978 2147483980 2147483983 2147483987 2147484005 
2147483845 2147483947 2147483954 2147483967 2147483974 2147483984 49 54 57 53 133 134 131 132 50 2147483947 2147483954 2147483967 2147483974 2147483984 
2147483855 2147483943 2147483947 2147483967 2147483974 49 54 57 53 51 133 134 132 2147483943 2147483947 2147483967 2147483974 
2147483862 2147483943 2147483967 2147483974 49 52 54 57 53 51 134 132 2147483943 2147483967 2147483974 
2147483868 2147483971 2147483974 49 53 51 132 2147483971 2147483974 
2147483877 2147483880 2147483881 2147483884 2147483940 2147483954 2147483960 2147483970 2147483973 2147483974 2147483976 49 53 127 52 54 57 128 129 130 51 133 134 131 132 50 2147483880 2147483881 2147483884 2147483940 2147483954 2147483960 2147483970 2147483973 2147483974 2147483976 
2147483880 2147483877 2147483877 2147483881 2147483884 2147483940 2147483970 2147483973 2147483974 49 54 52 57 53 127 128 129 130 51 133 134 131 132 50 2147483881 2147483884 2147483940 2147483970 2147483973 2147483974 
2147483881 2147483877 2147483880 2147483877 2147483880 2147483884 2147483940 2147483954 2147483970 2147483973 49 54 57 53 51 133 134 131 132 50 2147483884 2147483940 2147483954 2147483970 2147483973 
2147483884 2147483877 2147483880 2147483881 2147483877 2147483880 2147483881 2147483940 2147483954 2147483960 2147483970 2147483973 2147483974 2147483976 57 49 52 54 53 127 128 129 130 51 133 134 131 132 50 2147483940 2147483954 2147483960 2147483970 2147483973 2147483974 2147483976 
2147483896 2147483899 2147483902 2147483906 2147483907 2147483935 2147483954 2147483959 2147483969 2147483974 2147483976 49 53 127 52 54 57 128 129 130 51 133 134 131 132 50 2147483899 2147483902 2147483906 2147483907 2147483935 2147483954 2147483959 2147483969 2147483974 2147483976 
2147483899 2147483896 2147483896 2147483902 2147483935 2147483969 2147483974 2147483976 49 54 57 53 51 133 134 131 132 50 2147483902 2147483935 2147483969 2147483974 2147483976 
2147483902 2147483896 2147483899 2147483896 2147483899 2147483906 2147483907 2147483935 2147483954 2147483959 2147483969 2147483974 2147483976 57 49 52 54 53 127 128 129 130 51 133 134 131 132 50 2147483906 2147483907 2147483935 2147483954 2147483959 2147483969 2147483974 2147483976 
2147483906 2147483896 2147483902 2147483896 2147483902 2147483907 2147483969 2147483974 2147483976 49 54 52 57 53 127 128 129 130 51 133 134 131 132 50 2147483907 2147483969 2147483974 2147483976 
2147483907 2147483896 2147483902 2147483906 2147483896 2147483902 2147483906 2147483969 2147483974 2147483976 49 54 57 53 51 133 134 131 132 50 2147483969 2147483974 2147483976 
2147483916 49 53 52 54 57 127 128 129 130 51 
2147483920 2147483651 2147483657 2147483780 2147483791 2147483792 2147483793 2147483651 2147483657 2147483780 2147483791 2147483792 2147483793 2147483947 2147483955 2147483974 2147483976 2147483989 2147483992 2147484001 2147484003 2147484010 25 32 22 27 26 263 264 265 266 24 23 269 270 267 268 2147483947 2147483955 2147483974 2147483976 2147483989 2147483992 2147484001 2147484003 2147484010 
2147483926 2147483651 2147483675 2147483806 2147483651 2147483675 2147483806 2147483947 2147483974 2147483976 54 49 52 57 53 127 128 129 130 51 133 134 131 132 50 2147483947 2147483974 2147483976 
2147483927 2147483651 2147483675 2147483651 2147483675 2147483947 2147483974 2147483976 49 53 133 134 131 132 50 2147483947 2147483974 2147483976 
2147483928 2147483825 2147483839 2147483825 2147483839 2147483947 2147483954 2147483968 2147483972 2147483974 2147483976 2147483980 2147483983 2147483987 2147484005 25 22 27 32 26 263 264 265 266 24 23 269 270 267 268 2147483947 2147483954 2147483968 2147483972 2147483974 2147483976 2147483980 2147483983 2147483987 2147484005 
2147483935 2147483896 2147483899 2147483902 2147483896 2147483899 2147483902 2147483954 2147483969 2147483974 2147483976 49 57 54 52 53 127 128 129 130 51 133 134 131 132 50 2147483954 2147483969 2147483974 2147483976 
2147483940 2147483877 2147483880 2147483881 2147483884 2147483877 2147483880 2147483881 2147483884 2147483954 2147483960 2147483970 2147483973 2147483974 2147483976 49 57 54 52 53 127 128 129 130 51 133 134 131 132 50 2147483954 2147483960 2147483970 2147483973 2147483974 2147483976 
2147483943 2147483855 2147483862 2147483855 2147483862 2147483947 2147483967 2147483974 2147483984 2147484008 49 54 52 57 53 127 128 129 130 51 133 134 132 50 2147483947 2147483967 2147483974 2147483984 2147484008 
2147483947 2147483651 2147483657 2147483675 2147483728 2147483733 2147483744 2147483752 2147483753 2147483770 2147483771 2147483774 2147483806 2147483825 2147483839 2147483845 2147483855 2147483920 2147483926 2147483927 2147483928 2147483943 2147483651 2147483657 2147483675 2147483728 2147483733 2147483744 2147483752 2147483753 2147483770 2147483771 2147483774 2147483806 2147483825 2147483839 2147483845 2147483855 2147483920 2147483926 2147483927 2147483928 2147483943 2147483950 2147483951 2147483952 2147483953 2147483954 2147483955 2147483957 2147483963 2147483965 2147483967 2147483968 2147483972 2147483974 2147483976 2147483978 2147483980 2147483983 2147483984 2147483987 2147483989 2147483990 2147483992 2147483999 2147484002 2147484005 2147484007 2147484008 2147484010 54 127 49 57 52 53 128 129 130 51 133 134 131 132 50 2147483950 2147483951 2147483952 2147483953 2147483954 2147483955 2147483957 2147483963 2147483965 2147483967 2147483968 2147483972 2147483974 2147483976 2147483978 2147483980 2147483983 2147483984 2147483987 2147483989 2147483990 2147483992 2147483999 2147484002 2147484005 2147484007 2147484008 2147484010 
2147483950 2147483728 2147483733 2147483947 2147483728 2147483733 2147483947 2147483957 2147483974 53 54 49 52 57 127 128 129 130 51 133 132 50 2147483957 2147483974 
2147483951 2147483651 2147483752 2147483753 2147483947 2147483651 2147483752 2147483753 2147483947 2147483974 54 49 52 57 53 127 128 129 130 51 133 131 132 2147483974 
2147483952 2147483651 2147483947 2147483651 2147483947 2147483974 2147483976 53 51 49 52 54 57 127 128 129 130 133 134 131 132 2147483974 2147483976 
2147483953 2147483651 2147483947 2147483651 2147483947 2147483974 2147483976 57 51 49 52 54 53 127 128 129 130 133 134 131 132 2147483974 2147483976 
2147483954 2147483839 2147483845 2147483877 2147483881 2147483884 2147483896 2147483902 2147483928 2147483935 2147483940 2147483947 2147483839 2147483845 2147483877 2147483881 2147483884 2147483896 2147483902 2147483928 2147483935 2147483940 2147483947 2147483959 2147483960 2147483967 2147483970 2147483973 2147483974 2147483976 2147483978 2147483980 2147483982 2147483983 2147483984 2147483987 2147483995 2147483997 2147484004 2147484005 2147484007 53 57 49 52 54 127 128 129 130 51 133 134 131 132 50 2147483959 2147483960 2147483967 2147483970 2147483973 2147483974 2147483976 2147483978 2147483980 2147483982 2147483983 2147483984 2147483987 2147483995 2147483997 2147484004 2147484005 2147484007 
2147483955 2147483651 2147483920 2147483947 2147483651 2147483920 2147483947 2147483974 49 133 131 132 50 2147483974 
2147483957 2147483728 2147483733 2147483947 2147483950 2147483728 2147483733 2147483947 2147483950 2147483974 52 57 49 54 53 127 128 129 130 51 133 132 50 2147483974 
2147483959 2147483896 2147483902 2147483954 2147483896 2147483902 2147483954 2147483969 2147483974 2147483976 49 54 57 53 133 134 131 132 50 2147483969 2147483974 2147483976 
2147483960 2147483877 2147483884 2147483940 2147483954 2147483877 2147483884 2147483940 2147483954 2147483970 2147483973 2147483974 2147483976 49 54 57 53 51 133 134 131 132 50 2147483970 2147483973 2147483974 2147483976 
2147483963 2147483651 2147483947 2147483651 2147483947 2147483974 2147483976 2147483990 2147484002 22 23 269 270 267 268 2147483974 2147483976 2147483990 2147484002 
2147483965 2147483651 2147483947 2147483651 2147483947 2147483974 22 269 267 268 2147483974 
2147483967 2147483720 2147483845 2147483855 2147483862 2147483943 2147483947 2147483954 2147483720 2147483845 2147483855 2147483862 2147483943 2147483947 2147483954 2147483974 2147483983 2147483984 2147484005 2147484007 2147484008 26 27 24 22 25 32 263 264 265 266 23 269 270 267 268 2147483974 2147483983 2147483984 2147484005 2147484007 2147484008 
2147483968 2147483928 2147483947 2147483928 2147483947 2147483974 2147483976 22 24 269 270 268 2147483974 2147483976 
2147483969 2147483896 2147483899 2147483902 2147483906 2147483907 2147483935 2147483959 2147483896 2147483899 2147483902 2147483906 2147483907 2147483935 2147483959 2147483974 2147483976 26 27 22 25 32 263 264 265 266 24 23 269 270 267 268 2147483974 2147483976 
2147483970 2147483877 2147483880 2147483881 2147483884 2147483940 2147483954 2147483960 2147483877 2147483880 2147483881 2147483884 2147483940 2147483954 2147483960 2147483973 26 27 22 25 32 263 264 265 266 24 23 269 270 267 268 2147483973 
2147483971 2147483720 2147483868 2147483720 2147483868 2147483974 2147483976 26 27 270 22 25 32 263 264 265 266 24 23 268 2147483974 2147483976 
2147483972 2147483825 2147483928 2147483947 2147483825 2147483928 2147483947 2147483974 22 25 24 269 268 2147483974 
2147483973 2147483877 2147483880 2147483881 2147483884 2147483940 2147483954 2147483960 2147483970 2147483877 2147483880 2147483881 2147483884 2147483940 2147483954 2147483960 2147483970 132 49 52 54 57 53 127 128 129 130 51 133 134 131 50 
2147483974 2147483651 2147483657 2147483675 2147483720 2147483728 2147483733 2147483744 2147483752 2147483753 2147483770 2147483771 2147483774 2147483780 2147483791 2147483792 2147483793 2147483795 2147483806 2147483825 2147483839 2147483845 2147483855 2147483862 2147483868 2147483877 2147483880 2147483884 2147483896 2147483899 2147483902 2147483906 2147483907 2147483920 2147483926 2147483927 2147483928 2147483935 2147483940 2147483943 2147483947 2147483950 2147483951 2147483952 2147483953 2147483954 2147483955 2147483957 2147483959 2147483960 2147483963 2147483965 2147483967 2147483968 2147483969 2147483971 2147483972 2147483651 2147483657 2147483675 2147483720 2147483728 2147483733 2147483744 2147483752 2147483753 2147483770 2147483771 2147483774 2147483780 2147483791 2147483792 2147483793 2147483795 2147483806 2147483825 2147483839 2147483845 2147483855 2147483862 2147483868 2147483877 2147483880 2147483884 2147483896 2147483899 2147483902 2147483906 2147483907 2147483920 2147483926 2147483927 2147483928 2147483935 2147483940 2147483943 2147483947 2147483950 2147483951 2147483952 2147483953 2147483954 2147483955 2147483957 2147483959 2147483960 2147483963 2147483965 2147483967 2147483968 2147483969 2147483971 2147483972 2147483976 2147483978 2147483980 2147483982 2147483983 2147483984 2147483987 2147483989 2147483990 2147483992 2147483995 2147483997 2147483999 2147484001 2147484002 2147484003 2147484004 2147484005 2147484007 2147484008 2147484010 54 53 52 57 134 49 127 128 129 130 51 133 131 132 50 2147483976 2147483978 2147483980 2147483982 2147483983 2147483984 2147483987 2147483989 2147483990 2147483992 2147483995 2147483997 2147483999 2147484001 2147484002 2147484003 2147484004 2147484005 2147484007 2147484008 2147484010 
2147483976 2147483651 2147483657 2147483675 2147483720 2147483770 2147483771 2147483774 2147483780 2147483791 2147483792 2147483793 2147483795 2147483806 2147483825 2147483839 2147483877 2147483884 2147483896 2147483899 2147483902 2147483906 2147483907 2147483920 2147483926 2147483927 2147483928 2147483935 2147483940 2147483947 2147483952 2147483953 2147483954 2147483959 2147483960 2147483963 2147483968 2147483969 2147483971 2147483974 2147483651 2147483657 2147483675 2147483720 2147483770 2147483771 2147483774 2147483780 2147483791 2147483792 2147483793 2147483795 2147483806 2147483825 2147483839 2147483877 2147483884 2147483896 2147483899 2147483902 2147483906 2147483907 2147483920 2147483926 2147483927 2147483928 2147483935 2147483940 2147483947 2147483952 2147483953 2147483954 2147483959 2147483960 2147483963 2147483968 2147483969 2147483971 2147483974 2147483978 2147483980 2147483982 2147483983 2147483987 2147483989 2147483990 2147483992 2147483995 2147483997 2147483999 2147484001 2147484002 2147484003 2147484004 2147484005 2147484010 49 57 52 53 51 54 127 128 129 130 133 134 131 132 50 2147483978 2147483980 2147483982 2147483983 2147483987 2147483989 2147483990 2147483992 2147483995 2147483997 2147483999 2147484001 2147484002 2147484003 2147484004 2147484005 2147484010 
2147483978 2147483839 2147483947 2147483954 2147483974 2147483976 2147483839 2147483947 2147483954 2147483974 2147483976 2147483982 2147483983 2147483987 2147484004 2147484005 54 49 52 57 53 127 128 129 130 51 133 134 131 132 50 2147483982 2147483983 2147483987 2147484004 2147484005 
2147483980 2147483839 2147483928 2147483947 2147483954 2147483974 2147483976 2147483839 2147483928 2147483947 2147483954 2147483974 2147483976 2147483983 2147483987 2147484005 51 49 52 54 57 53 133 134 131 132 50 2147483983 2147483987 2147484005 
2147483982 2147483954 2147483974 2147483976 2147483978 2147483954 2147483974 2147483976 2147483978 2147483987 2147484004 50 49 52 54 57 53 127 128 129 130 51 133 134 131 132 2147483987 2147484004 
2147483983 2147483839 2147483928 2147483947 2147483954 2147483967 2147483974 2147483976 2147483978 2147483980 2147483839 2147483928 2147483947 2147483954 2147483967 2147483974 2147483976 2147483978 2147483980 2147483987 2147484004 2147484005 2147484007 50 49 52 54 57 53 51 133 134 131 132 2147483987 2147484004 2147484005 2147484007 
2147483984 2147483845 2147483943 2147483947 2147483954 2147483967 2147483974 2147483845 2147483943 2147483947 2147483954 2147483967 2147483974 2147484005 2147484007 2147484008 57 50 49 52 54 53 127 128 129 130 51 133 134 131 132 2147484005 2147484007 2147484008 
2147483987 2147483839 2147483928 2147483947 2147483954 2147483974 2147483976 2147483978 2147483980 2147483982 2147483983 2147483839 2147483928 2147483947 2147483954 2147483974 2147483976 2147483978 2147483980 2147483982 2147483983 2147484004 2147484005 22 25 27 32 26 24 23 269 270 267 268 2147484004 2147484005 
2147483989 2147483651 2147483920 2147483947 2147483974 2147483976 2147483651 2147483920 2147483947 2147483974 2147483976 2147483992 22 25 23 269 270 267 268 2147483992 
2147483990 2147483651 2147483657 2147483774 2147483947 2147483963 2147483974 2147483976 2147483651 2147483657 2147483774 2147483947 2147483963 2147483974 2147483976 2147483999 26 22 25 27 32 263 264 265 266 24 23 269 270 267 268 2147483999 
2147483992 2147483651 2147483920 2147483947 2147483974 2147483976 2147483989 2147483651 2147483920 2147483947 2147483974 2147483976 2147483989 22 25 23 269 270 267 268 
2147483995 2147483954 2147483974 2147483976 2147483954 2147483974 2147483976 51 134 131 132 
2147483997 2147483954 2147483974 2147483976 2147483954 2147483974 2147483976 49 134 131 132 
2147483999 2147483651 2147483657 2147483947 2147483974 2147483976 2147483990 2147483651 2147483657 2147483947 2147483974 2147483976 2147483990 49 53 51 133 134 131 132 50 
2147484001 2147483651 2147483920 2147483974 2147483976 2147483651 2147483920 2147483974 2147483976 26 23 270 267 268 
2147484002 2147483651 2147483792 2147483793 2147483795 2147483947 2147483963 2147483974 2147483976 2147483651 2147483792 2147483793 2147483795 2147483947 2147483963 2147483974 2147483976 26 27 23 22 25 32 263 264 265 266 24 269 270 267 268 
2147484003 2147483651 2147483920 2147483974 2147483976 2147483651 2147483920 2147483974 2147483976 22 23 270 267 268 
2147484004 2147483954 2147483974 2147483976 2147483978 2147483982 2147483983 2147483987 2147483954 2147483974 2147483976 2147483978 2147483982 2147483983 2147483987 57 49 52 54 53 127 128 129 130 51 133 134 131 132 50 
2147484005 2147483839 2147483928 2147483947 2147483954 2147483967 2147483974 2147483976 2147483978 2147483980 2147483983 2147483984 2147483987 2147483839 2147483928 2147483947 2147483954 2147483967 2147483974 2147483976 2147483978 2147483980 2147483983 2147483984 2147483987 2147484007 57 133 49 52 54 53 51 134 131 132 50 2147484007 
2147484007 2147483947 2147483954 2147483967 2147483974 2147483983 2147483984 2147484005 2147483947 2147483954 2147483967 2147483974 2147483983 2147483984 2147484005 53 51 49 52 54 57 127 128 129 130 133 134 131 132 50 
2147484008 2147483943 2147483947 2147483967 2147483974 2147483984 2147483943 2147483947 2147483967 2147483974 2147483984 53 51 133 134 132 50 
2147484010 2147483651 2147483920 2147483947 2147483974 2147483976 2147483651 2147483920 2147483947 2147483974 2147483976 52 133 134 131 132 50 
