3 2147483704 2147483726 2147483757 
6 2147483704 2147483726 2147483757 
9 2147483726 2147483757 
13 2147483726 2147483757 
16 
21 
22 2147483692 2147483714 2147483735 2147483740 2147483747 2147483766 2147483771 2147483786 
23 2147483692 2147483714 2147483735 2147483766 2147483786 
24 2147483692 2147483714 2147483735 2147483747 2147483786 
25 2147483786 
26 2147483786 
27 2147483786 
32 2147483714 2147483747 2147483786 
49 2147483650 2147483658 2147483662 2147483668 2147483670 2147483678 2147483682 2147483690 2147483736 2147483741 2147483767 2147483774 2147483775 2147483777 2147483778 2147483780 2147483781 2147483782 2147483784 2147483785 2147483788 2147483790 2147483792 2147483793 
50 2147483650 2147483658 2147483662 2147483668 2147483670 2147483678 2147483682 2147483690 2147483733 2147483734 2147483736 2147483764 2147483765 2147483767 2147483777 2147483778 2147483781 2147483782 2147483784 2147483785 2147483788 2147483789 2147483790 
51 2147483650 2147483658 2147483662 2147483668 2147483670 2147483678 2147483682 2147483690 2147483733 2147483734 2147483736 2147483774 2147483775 2147483777 2147483778 2147483781 2147483782 2147483784 2147483785 2147483788 2147483789 2147483790 2147483792 
52 2147483650 2147483658 2147483662 2147483668 2147483670 2147483678 2147483682 2147483690 2147483736 2147483741 2147483767 2147483777 2147483778 2147483780 2147483784 2147483785 2147483788 2147483790 2147483792 
53 2147483650 2147483658 2147483662 2147483668 2147483670 2147483678 2147483682 2147483690 2147483733 2147483734 2147483739 2147483764 2147483765 2147483770 2147483774 2147483775 2147483777 2147483781 2147483782 2147483784 2147483788 2147483790 2147483792 
54 2147483650 2147483658 2147483662 2147483668 2147483670 2147483678 2147483682 2147483690 2147483777 2147483784 2147483788 2147483790 2147483792 
57 2147483650 2147483658 2147483662 2147483668 2147483670 2147483678 2147483682 2147483690 2147483733 2147483734 2147483739 2147483764 2147483765 2147483770 2147483774 2147483775 2147483777 2147483781 2147483782 2147483784 2147483788 2147483790 2147483792 
59 
127 2147483650 2147483658 2147483662 2147483668 2147483670 2147483678 2147483682 2147483690 2147483777 2147483784 2147483788 2147483790 2147483792 
128 2147483650 2147483658 2147483662 2147483668 2147483670 2147483678 2147483682 2147483690 2147483777 2147483784 2147483788 2147483790 2147483792 
129 2147483650 2147483658 2147483662 2147483668 2147483670 2147483678 2147483682 2147483690 2147483777 2147483784 2147483788 2147483790 2147483792 
130 2147483650 2147483658 2147483662 2147483668 2147483670 2147483678 2147483682 2147483690 2147483777 2147483784 2147483788 2147483790 2147483792 
131 2147483650 2147483658 2147483668 2147483670 2147483678 2147483682 2147483733 2147483734 2147483736 2147483739 2147483770 2147483774 2147483775 2147483781 2147483782 2147483784 2147483785 2147483788 2147483789 2147483790 
132 2147483668 2147483670 2147483678 2147483682 2147483733 2147483734 2147483736 2147483739 2147483741 2147483780 2147483781 2147483782 2147483784 2147483785 2147483789 2147483790 2147483793 
133 2147483650 2147483658 2147483662 2147483668 2147483670 2147483678 2147483682 2147483690 2147483733 2147483734 2147483736 2147483764 2147483765 2147483767 2147483774 2147483775 2147483777 2147483778 2147483784 2147483785 2147483788 
134 2147483650 2147483658 2147483662 2147483668 2147483670 2147483678 2147483682 2147483764 2147483765 2147483767 2147483777 2147483778 2147483784 2147483785 
263 2147483786 
264 2147483786 
265 2147483786 
266 2147483786 
267 2147483714 2147483735 2147483740 2147483747 2147483771 2147483786 
268 2147483714 2147483735 2147483740 2147483786 
269 2147483735 2147483747 2147483766 2147483786 
270 2147483766 2147483786 
271 
272 
273 
274 
275 2147483726 
276 2147483704 2147483726 
277 2147483726 2147483757 
278 2147483726 2147483757 
2147483650 2147483658 2147483662 2147483690 2147483747 2147483757 2147483764 2147483765 2147483766 2147483767 2147483774 2147483775 2147483777 2147483778 2147483786 2147483788 49 57 52 54 53 127 128 129 130 51 133 134 131 50 2147483658 2147483662 2147483690 2147483747 2147483757 2147483764 2147483765 2147483766 2147483767 2147483774 2147483775 2147483777 2147483778 2147483786 2147483788 
2147483658 2147483650 2147483650 2147483662 2147483757 2147483764 2147483765 2147483766 2147483767 2147483777 2147483778 2147483786 49 52 54 57 53 127 128 129 130 51 133 134 131 50 2147483662 2147483757 2147483764 2147483765 2147483766 2147483767 2147483777 2147483778 2147483786 
2147483662 2147483650 2147483658 2147483650 2147483658 2147483757 2147483777 2147483778 49 52 54 57 53 127 128 129 130 51 133 134 50 2147483757 2147483777 2147483778 
2147483668 2147483670 2147483678 2147483682 2147483704 2147483714 2147483726 2147483733 2147483734 2147483735 2147483736 2147483739 2147483740 2147483741 2147483780 2147483781 2147483782 2147483784 2147483785 2147483786 2147483789 2147483790 2147483793 49 52 54 57 53 127 128 129 130 51 133 134 131 132 50 2147483670 2147483678 2147483682 2147483704 2147483714 2147483726 2147483733 2147483734 2147483735 2147483736 2147483739 2147483740 2147483741 2147483780 2147483781 2147483782 2147483784 2147483785 2147483786 2147483789 2147483790 2147483793 
2147483670 2147483668 2147483668 2147483678 2147483682 2147483704 2147483714 2147483726 2147483733 2147483734 2147483735 2147483736 2147483781 2147483782 2147483784 2147483785 2147483786 2147483789 2147483790 49 52 54 57 53 127 128 129 130 51 133 134 131 132 50 2147483678 2147483682 2147483704 2147483714 2147483726 2147483733 2147483734 2147483735 2147483736 2147483781 2147483782 2147483784 2147483785 2147483786 2147483789 2147483790 
2147483678 2147483668 2147483670 2147483668 2147483670 2147483682 2147483726 2147483733 2147483734 2147483735 2147483736 2147483784 2147483785 2147483786 49 52 54 57 53 127 128 129 130 51 133 134 131 132 50 2147483682 2147483726 2147483733 2147483734 2147483735 2147483736 2147483784 2147483785 2147483786 
2147483682 2147483668 2147483670 2147483678 2147483668 2147483670 2147483678 2147483726 2147483784 2147483785 2147483786 49 52 54 57 53 127 128 129 130 51 133 134 131 132 50 2147483726 2147483784 2147483785 2147483786 
2147483690 2147483650 2147483650 2147483692 2147483788 57 53 49 52 54 127 128 129 130 51 133 50 2147483692 2147483788 
2147483692 2147483690 2147483690 2147483788 22 24 23 2147483788 
2147483704 2147483668 2147483670 2147483668 2147483670 3 6 276 
2147483714 2147483668 2147483670 2147483668 2147483670 2147483781 2147483786 2147483790 22 32 24 23 267 268 2147483781 2147483786 2147483790 
2147483726 2147483668 2147483670 2147483678 2147483682 2147483668 2147483670 2147483678 2147483682 2147483784 2147483785 2147483786 3 13 9 6 277 278 275 276 2147483784 2147483785 2147483786 
2147483733 2147483668 2147483670 2147483678 2147483668 2147483670 2147483678 2147483734 2147483784 2147483786 53 57 51 133 131 132 50 2147483734 2147483784 2147483786 
2147483734 2147483668 2147483670 2147483678 2147483733 2147483668 2147483670 2147483678 2147483733 2147483784 2147483786 57 53 51 133 131 132 50 2147483784 2147483786 
2147483735 2147483668 2147483670 2147483678 2147483668 2147483670 2147483678 2147483784 2147483786 22 24 23 269 267 268 2147483784 2147483786 
2147483736 2147483668 2147483670 2147483678 2147483668 2147483670 2147483678 2147483784 2147483785 2147483786 49 52 51 133 131 132 50 2147483784 2147483785 2147483786 
2147483739 2147483668 2147483668 2147483781 2147483786 53 57 131 132 2147483781 2147483786 
2147483740 2147483668 2147483668 2147483786 22 267 268 2147483786 
2147483741 2147483668 2147483668 2147483780 49 52 132 2147483780 
2147483747 2147483650 2147483650 2147483774 2147483786 2147483788 22 32 24 269 267 2147483774 2147483786 2147483788 
2147483757 2147483650 2147483658 2147483662 2147483650 2147483658 2147483662 2147483777 2147483778 3 13 9 6 277 278 2147483777 2147483778 
2147483764 2147483650 2147483658 2147483650 2147483658 2147483765 2147483777 53 57 133 134 50 2147483765 2147483777 
2147483765 2147483650 2147483658 2147483764 2147483650 2147483658 2147483764 2147483777 57 53 133 134 50 2147483777 
2147483766 2147483650 2147483658 2147483650 2147483658 2147483777 22 23 269 270 2147483777 
2147483767 2147483650 2147483658 2147483650 2147483658 2147483777 2147483778 49 52 133 134 50 2147483777 2147483778 
2147483770 2147483774 2147483786 53 57 131 2147483774 2147483786 
2147483771 2147483786 22 267 2147483786 
2147483774 2147483650 2147483747 2147483770 2147483650 2147483747 2147483770 2147483775 2147483786 2147483788 57 49 53 51 133 131 2147483775 2147483786 2147483788 
2147483775 2147483650 2147483774 2147483650 2147483774 2147483786 2147483788 49 57 53 51 133 131 2147483786 2147483788 
2147483777 2147483650 2147483658 2147483662 2147483757 2147483764 2147483765 2147483766 2147483767 2147483650 2147483658 2147483662 2147483757 2147483764 2147483765 2147483766 2147483767 2147483778 49 52 54 57 53 127 128 129 130 51 133 134 50 2147483778 
2147483778 2147483650 2147483658 2147483662 2147483757 2147483767 2147483777 2147483650 2147483658 2147483662 2147483757 2147483767 2147483777 49 52 51 133 134 50 
2147483780 2147483668 2147483741 2147483668 2147483741 49 52 132 
2147483781 2147483668 2147483670 2147483714 2147483739 2147483668 2147483670 2147483714 2147483739 2147483782 2147483786 2147483790 57 49 53 51 131 132 50 2147483782 2147483786 2147483790 
2147483782 2147483668 2147483670 2147483781 2147483668 2147483670 2147483781 2147483786 2147483790 49 57 53 51 131 132 50 2147483786 2147483790 
2147483784 2147483668 2147483670 2147483678 2147483682 2147483726 2147483733 2147483734 2147483735 2147483736 2147483668 2147483670 2147483678 2147483682 2147483726 2147483733 2147483734 2147483735 2147483736 2147483785 2147483786 49 52 54 57 53 127 128 129 130 51 133 134 131 132 50 2147483785 2147483786 
2147483785 2147483668 2147483670 2147483678 2147483682 2147483726 2147483736 2147483784 2147483668 2147483670 2147483678 2147483682 2147483726 2147483736 2147483784 2147483786 49 52 51 133 134 131 132 50 2147483786 
2147483786 2147483650 2147483658 2147483668 2147483670 2147483678 2147483682 2147483714 2147483726 2147483733 2147483734 2147483735 2147483736 2147483739 2147483740 2147483747 2147483770 2147483771 2147483774 2147483775 2147483781 2147483782 2147483784 2147483785 2147483650 2147483658 2147483668 2147483670 2147483678 2147483682 2147483714 2147483726 2147483733 2147483734 2147483735 2147483736 2147483739 2147483740 2147483747 2147483770 2147483771 2147483774 2147483775 2147483781 2147483782 2147483784 2147483785 2147483788 2147483789 2147483790 22 25 27 32 26 263 264 265 266 24 23 269 270 267 268 2147483788 2147483789 2147483790 
2147483788 2147483650 2147483690 2147483692 2147483747 2147483774 2147483775 2147483786 2147483650 2147483690 2147483692 2147483747 2147483774 2147483775 2147483786 53 49 52 54 57 127 128 129 130 51 133 131 50 
2147483789 2147483668 2147483670 2147483786 2147483668 2147483670 2147483786 51 131 132 50 
2147483790 2147483668 2147483670 2147483714 2147483781 2147483782 2147483786 2147483668 2147483670 2147483714 2147483781 2147483782 2147483786 53 51 49 52 54 57 127 128 129 130 131 132 50 
2147483792 49 52 54 57 53 127 128 129 130 51 
2147483793 2147483668 2147483668 49 132 
