2,1,2,-1,0,1,0,0,0,
5,1,5,-1,0,1,0,0,0,
8,1,8,-1,0,1,0,0,0,
11,1,11,-1,0,1,0,0,0,
18,1,18,-1,0,1,0,0,0,
19,1,19,-1,0,1,0,0,0,
22,1,22,-1,0,1,0,0,0,
23,1,23,-1,0,1,0,0,0,
24,1,24,-1,0,1,0,0,0,
25,1,25,-1,0,1,0,0,0,
26,1,26,-1,0,1,0,0,0,
27,1,27,-1,0,1,0,0,0,
32,1,32,-1,0,1,0,0,0,
49,1,49,-1,0,1,0,0,0,
50,1,50,-1,0,1,0,0,0,
51,1,51,-1,0,1,0,0,0,
52,1,52,-1,0,1,0,0,0,
53,1,53,-1,0,1,0,0,0,
54,1,54,-1,0,1,0,0,0,
57,1,57,-1,0,1,0,0,0,
61,1,61,-1,0,1,0,0,0,
127,1,127,-1,0,1,0,0,0,
128,1,128,-1,0,1,0,0,0,
129,1,129,-1,0,1,0,0,0,
130,1,130,-1,0,1,0,0,0,
131,1,131,-1,0,1,0,0,0,
132,1,132,-1,0,1,0,0,0,
133,1,133,-1,0,1,0,0,0,
134,1,134,-1,0,1,0,0,0,
247,1,247,-1,0,1,0,0,0,
248,1,248,-1,0,1,0,0,0,
249,1,249,-1,0,1,0,0,0,
250,1,250,-1,0,1,0,0,0,
251,1,251,-1,0,1,0,0,0,
252,1,252,-1,0,1,0,0,0,
253,1,253,-1,0,1,0,0,0,
254,1,254,-1,0,1,0,0,0,
263,1,263,-1,0,1,0,0,0,
264,1,264,-1,0,1,0,0,0,
265,1,265,-1,0,1,0,0,0,
266,1,266,-1,0,1,0,0,0,
267,1,267,-1,0,1,0,0,0,
268,1,268,-1,0,1,0,0,0,
269,1,269,-1,0,1,0,0,0,
270,1,270,-1,0,1,0,0,0,
2147483650,0,0,0.00521086,3,0,1,0,0,127 128 129 130 51 134 132 50
2147483659,0,0,0.013151,1,0,1,0,0,57 53 127 128 129 130 51 134 132 50
2147483664,0,0,0.000636282,1,0,1,0,0,127 128 129 130 51 134 132 50
2147483681,0,0,0.00158737,5,0,1,0,0,
2147483683,0,0,0.000932608,2,0,1,0,0,
2147483684,0,0,0.000565284,1,0,1,0,0,
2147483685,0,0,0.000928397,2,0,1,0,0,
2147483698,0,0,0.00271186,2,0,1,0,0,
2147483701,0,0,inf,1,0,1,0,0,11 19 61 18 247 248 249 250 5 252
2147483709,0,0,0.00427177,3,0,1,0,0,27 32 26 263 264 265 266 24 23 268
2147483716,0,0,0.0161544,1,0,1,0,0,54 57 53 127 128 129 130 132 50
2147483717,0,0,0.00257392,1,0,1,0,0,132
2147483725,0,0,0.000943898,10,0,1,0,0,
2147483729,0,0,inf,1,0,1,0,0,54 57 53 127 128 129 130 51 134 132 50
2147483747,0,0,0.000424581,1,0,1,0,0,49 52 127 128 129 130 51 134 132 50
2147483757,0,0,inf,1,0,1,0,0,127 128 129 130 51 134 132 50
2147483763,0,0,inf,1,0,1,0,0,57 53 127 128 129 130 51 134 132 50
2147483767,0,0,inf,1,0,1,0,0,57 53 127 128 129 130 51 134 132 50
2147483771,0,0,inf,1,0,1,0,0,57 53 127 128 129 130 51 134 132 50
2147483775,0,0,inf,1,0,1,0,0,57 53 127 128 129 130 51 134 132 50
2147483780,0,0,inf,2,0,1,0,0,25 27 32 26 263 264 265 266 24 23 270 268
2147483781,0,0,0.000761133,12,0,1,0,0,
2147483795,0,0,0.000788563,1,0,1,0,0,
2147483797,0,0,inf,3,0,1,0,0,52 54 57 53 127 128 129 130 133 134
2147483800,0,0,inf,2,0,1,0,0,25 27 32 26 263 264 265 266
2147483807,0,0,0.0017291,3,0,1,0,0,49 52 57 127 128 129 130 133
2147483808,0,0,0.000653217,1,0,1,0,0,49 52 127 128 129 130 51 133 134
2147483811,0,0,0.000545953,1,0,1,0,0,49 52 54 57 127 128 129 130 51 134
2147483812,0,0,inf,1,0,1,0,0,25 27 32 26 263 264 265 266 24 270
2147483819,0,0,0.000725796,1,0,1,0,0,49 52 54 57 127 128 129 130 51 134 132 50
2147483820,0,0,inf,1,0,1,0,0,25 27 32 26 263 264 265 266 24 23 270 268
2147483829,0,0,inf,1,0,1,0,0,25 27 32 26 263 264 265 266
2147483832,0,0,0.000823747,1,0,1,0,0,54 57 53 127 128 129 130 51 132
2147483833,0,0,inf,1,0,1,0,0,54 57 53 127 128 129 130 51 132
2147483834,0,0,inf,1,0,1,0,0,54 57 53 127 128 129 130 51 132
2147483835,0,0,inf,1,0,1,0,0,52 54 57 53 127 128 129 130 51 132
2147483836,0,0,0.00159068,1,0,1,0,0,49 52 127 128 129 130 51 132
2147483838,0,0,inf,1,0,1,0,0,54 57 53 127 128 129 130 51
2147483842,0,0,0.0061532,3,0,1,0,0,27 32 26 263 264 265 266 24 23 268
2147483850,0,0,inf,1,0,1,0,0,52 54 57 53 127 128 129 130 51 132 50
2147483852,0,0,inf,2,0,1,0,0,27 32 26 263 264 265 266 23 268
2147483857,0,0,inf,2,0,1,0,0,27 32 26 263 264 265 266 23 268
2147483859,0,0,inf,1,0,1,0,0,54 57 53 127 128 129 130 132
2147483860,0,0,0.00337273,1,0,1,0,0,49 52 127 128 129 130 132
2147483865,0,0,0.0410496,7,0,1,0,0,127 128 129 130 51 134 132 50
2147483871,0,0,0.026495,8,0,1,0,0,127 128 129 130 51 134 132 50
2147483872,0,0,0.0437636,8,0,1,0,0,127 128 129 130 51 134 132 50
2147483876,0,0,0.06152,10,0,1,0,0,127 128 129 130 51 134 132 50
2147483880,0,0,0.00231431,4,0,1,0,0,25 27 32 26 263 264 265 266 24 270
2147483881,0,0,0.00118736,8,0,1,0,0,
2147483882,0,0,0.00342063,3,0,1,0,0,
2147483883,0,0,0.00366525,4,0,1,0,0,54 57 53 127 128 129 130 51
2147483889,0,0,0.0567768,8,0,1,0,0,54 57 53 127 128 129 130 132
2147483893,0,0,0.00487987,4,0,1,0,0,132
2147483897,0,0,0.0409577,3,0,1,0,0,127 128 129 130 51 134 132 50
2147483898,0,0,inf,1,0,1,0,0,263 264 265 266 24 23 270 268
2147483900,0,0,inf,1,0,1,0,0,32 26 263 264 265 266 24 23 270 268
2147483902,0,0,inf,1,0,1,0,0,32 26 263 264 265 266 24 23 270 268
2147483903,0,0,0.0188565,6,0,1,0,1,127 128 129 130 51 134 132 50
2147483904,0,0,inf,1,0,1,0,0,32 26 263 264 265 266 24 23 270 268
2147483916,0,0,0.000578836,9,0,1,0,0,
