2 2147483675 
5 2147483675 
8 2147483675 
11 2147483675 
18 
19 
22 2147483670 2147483694 
23 
24 2147483670 
25 2147483694 
26 
27 2147483694 
32 
49 2147483657 2147483659 2147483666 2147483667 2147483668 2147483671 2147483673 2147483678 2147483680 2147483686 2147483696 2147483698 2147483700 2147483701 2147483702 2147483705 2147483706 2147483707 2147483708 
50 2147483657 2147483659 2147483666 2147483667 2147483668 2147483673 2147483678 2147483679 2147483680 2147483684 2147483686 2147483687 2147483700 2147483701 2147483705 2147483706 2147483707 2147483708 
51 2147483648 2147483657 2147483659 2147483666 2147483667 2147483668 2147483671 2147483673 2147483678 2147483679 2147483680 2147483684 2147483686 2147483687 2147483700 2147483701 2147483705 2147483706 2147483707 2147483708 
52 2147483657 2147483666 2147483667 2147483668 2147483678 2147483696 2147483698 2147483700 2147483701 2147483702 2147483706 2147483708 
53 2147483648 2147483657 2147483666 2147483667 2147483668 2147483679 2147483684 2147483687 2147483700 2147483701 
54 2147483657 2147483666 2147483667 2147483668 2147483698 2147483700 2147483701 2147483702 
57 2147483657 2147483666 2147483667 2147483668 2147483700 2147483701 
61 
127 2147483657 2147483666 2147483667 2147483668 2147483700 2147483701 
128 2147483657 2147483666 2147483667 2147483668 2147483700 2147483701 
129 2147483657 2147483666 2147483667 2147483668 2147483700 2147483701 
130 2147483657 2147483666 2147483667 2147483668 2147483700 2147483701 
131 2147483657 2147483666 2147483667 2147483668 2147483686 2147483687 2147483700 2147483701 
132 2147483657 2147483659 2147483666 2147483667 2147483668 2147483684 2147483686 2147483687 2147483700 2147483701 
133 2147483648 2147483657 2147483659 2147483666 2147483667 2147483668 2147483671 2147483673 2147483678 2147483679 2147483680 2147483684 2147483686 2147483687 2147483696 2147483698 2147483700 2147483701 2147483702 2147483705 2147483706 2147483707 2147483708 
134 2147483648 2147483657 2147483659 2147483666 2147483667 2147483668 2147483671 2147483673 2147483678 2147483679 2147483680 2147483684 2147483686 2147483687 2147483696 2147483698 2147483700 2147483701 2147483702 2147483705 2147483706 2147483707 2147483708 
247 
248 
249 
250 
251 
252 
253 2147483675 
254 2147483675 
263 
264 
265 
266 
267 
268 
269 2147483670 2147483694 
270 2147483670 2147483694 
2147483648 2147483666 2147483667 2147483668 53 51 133 134 2147483666 2147483667 2147483668 
2147483657 2147483659 2147483666 2147483667 2147483668 2147483675 2147483678 2147483679 2147483680 2147483684 2147483686 2147483687 2147483700 2147483701 2147483706 2147483708 49 52 54 57 53 127 128 129 130 51 133 134 131 132 50 2147483659 2147483666 2147483667 2147483668 2147483675 2147483678 2147483679 2147483680 2147483684 2147483686 2147483687 2147483700 2147483701 2147483706 2147483708 
2147483659 2147483657 2147483657 2147483666 2147483667 2147483668 2147483700 49 51 133 134 132 50 2147483666 2147483667 2147483668 2147483700 
2147483666 2147483648 2147483657 2147483659 2147483648 2147483657 2147483659 2147483667 2147483668 2147483670 2147483671 2147483673 2147483675 2147483678 2147483679 2147483680 2147483684 2147483686 2147483687 2147483694 2147483696 2147483698 2147483700 2147483701 2147483702 2147483705 2147483706 2147483707 2147483708 53 49 52 54 57 127 128 129 130 51 133 134 131 132 50 2147483667 2147483668 2147483670 2147483671 2147483673 2147483675 2147483678 2147483679 2147483680 2147483684 2147483686 2147483687 2147483694 2147483696 2147483698 2147483700 2147483701 2147483702 2147483705 2147483706 2147483707 2147483708 
2147483667 2147483648 2147483657 2147483659 2147483666 2147483648 2147483657 2147483659 2147483666 2147483668 2147483670 2147483671 2147483673 2147483675 2147483678 2147483679 2147483680 2147483684 2147483686 2147483687 2147483700 2147483701 2147483705 2147483706 2147483707 2147483708 57 49 52 54 53 127 128 129 130 51 133 134 131 132 50 2147483668 2147483670 2147483671 2147483673 2147483675 2147483678 2147483679 2147483680 2147483684 2147483686 2147483687 2147483700 2147483701 2147483705 2147483706 2147483707 2147483708 
2147483668 2147483648 2147483657 2147483659 2147483666 2147483667 2147483648 2147483657 2147483659 2147483666 2147483667 2147483670 2147483671 2147483673 2147483675 2147483678 2147483679 2147483680 2147483684 2147483686 2147483687 2147483694 2147483696 2147483698 2147483700 2147483701 2147483702 2147483705 2147483706 2147483707 2147483708 54 49 52 57 53 127 128 129 130 51 133 134 131 132 50 2147483670 2147483671 2147483673 2147483675 2147483678 2147483679 2147483680 2147483684 2147483686 2147483687 2147483694 2147483696 2147483698 2147483700 2147483701 2147483702 2147483705 2147483706 2147483707 2147483708 
2147483670 2147483666 2147483667 2147483668 2147483666 2147483667 2147483668 22 24 269 270 
2147483671 2147483666 2147483667 2147483668 2147483666 2147483667 2147483668 49 51 133 134 
2147483673 2147483666 2147483667 2147483668 2147483666 2147483667 2147483668 2147483705 49 51 133 134 50 2147483705 
2147483675 2147483657 2147483666 2147483667 2147483668 2147483657 2147483666 2147483667 2147483668 2147483706 2 11 5 8 253 254 2147483706 
2147483678 2147483657 2147483666 2147483667 2147483668 2147483657 2147483666 2147483667 2147483668 2147483706 49 52 51 133 134 50 2147483706 
2147483679 2147483657 2147483666 2147483667 2147483668 2147483657 2147483666 2147483667 2147483668 53 51 133 134 50 
2147483680 2147483657 2147483666 2147483667 2147483668 2147483657 2147483666 2147483667 2147483668 49 51 133 134 50 
2147483684 2147483657 2147483666 2147483667 2147483668 2147483657 2147483666 2147483667 2147483668 2147483700 53 51 133 134 132 50 2147483700 
2147483686 2147483657 2147483666 2147483667 2147483668 2147483657 2147483666 2147483667 2147483668 2147483700 2147483701 49 51 133 134 131 132 50 2147483700 2147483701 
2147483687 2147483657 2147483666 2147483667 2147483668 2147483657 2147483666 2147483667 2147483668 2147483700 2147483701 53 51 133 134 131 132 50 2147483700 2147483701 
2147483694 2147483666 2147483668 2147483666 2147483668 2147483698 2147483702 22 25 27 269 270 2147483698 2147483702 
2147483696 2147483666 2147483668 2147483666 2147483668 2147483698 49 52 133 134 2147483698 
2147483698 2147483666 2147483668 2147483694 2147483696 2147483666 2147483668 2147483694 2147483696 2147483702 49 52 54 133 134 2147483702 
2147483700 2147483657 2147483659 2147483666 2147483667 2147483668 2147483684 2147483686 2147483687 2147483657 2147483659 2147483666 2147483667 2147483668 2147483684 2147483686 2147483687 2147483701 49 52 54 57 53 127 128 129 130 51 133 134 131 132 50 2147483701 
2147483701 2147483657 2147483666 2147483667 2147483668 2147483686 2147483687 2147483700 2147483657 2147483666 2147483667 2147483668 2147483686 2147483687 2147483700 49 52 54 57 53 127 128 129 130 51 133 134 131 132 50 
2147483702 2147483666 2147483668 2147483694 2147483698 2147483666 2147483668 2147483694 2147483698 49 52 54 133 134 
2147483705 2147483666 2147483667 2147483668 2147483673 2147483666 2147483667 2147483668 2147483673 2147483707 50 49 51 133 134 2147483707 
2147483706 2147483657 2147483666 2147483667 2147483668 2147483675 2147483678 2147483657 2147483666 2147483667 2147483668 2147483675 2147483678 2147483708 49 52 51 133 134 50 2147483708 
2147483707 2147483666 2147483667 2147483668 2147483705 2147483666 2147483667 2147483668 2147483705 49 51 133 134 50 
2147483708 2147483657 2147483666 2147483667 2147483668 2147483706 2147483657 2147483666 2147483667 2147483668 2147483706 49 52 51 133 134 50 
