3 2147483766 2147483854 2147483857 
6 2147483766 2147483854 
9 2147483766 2147483854 2147483857 
13 2147483857 
16 
21 2147483857 
22 2147483661 2147483677 2147483679 2147483736 2147483756 2147483763 2147483771 2147483777 2147483827 2147483844 2147483846 2147483871 2147483881 
23 2147483661 2147483736 2147483756 2147483763 2147483771 2147483777 2147483827 2147483844 2147483846 2147483871 2147483881 
24 2147483661 2147483677 2147483679 2147483736 2147483756 2147483763 2147483771 2147483777 2147483827 2147483844 2147483846 2147483861 2147483871 2147483881 
25 2147483661 2147483871 2147483881 
26 2147483661 2147483715 2147483861 2147483862 2147483871 2147483881 
27 2147483661 2147483715 2147483881 
32 2147483661 2147483715 2147483881 
49 2147483657 2147483660 2147483691 2147483698 2147483699 2147483700 2147483713 2147483722 2147483724 2147483729 2147483747 2147483750 2147483752 2147483754 2147483787 2147483788 2147483793 2147483797 2147483799 2147483804 2147483805 2147483806 2147483810 2147483812 2147483815 2147483825 2147483834 2147483837 2147483858 2147483860 2147483867 2147483869 2147483874 2147483879 2147483885 2147483887 2147483888 2147483889 2147483890 2147483891 2147483893 2147483894 2147483895 2147483896 2147483899 2147483900 2147483901 2147483902 
50 2147483657 2147483660 2147483691 2147483713 2147483729 2147483747 2147483750 2147483755 2147483760 2147483761 2147483770 2147483776 2147483793 2147483797 2147483798 2147483799 2147483834 2147483837 2147483843 2147483867 2147483869 2147483874 2147483879 2147483885 2147483887 2147483888 2147483889 2147483890 2147483900 
51 2147483657 2147483660 2147483676 2147483691 2147483698 2147483699 2147483700 2147483713 2147483722 2147483724 2147483729 2147483740 2147483747 2147483750 2147483752 2147483754 2147483755 2147483760 2147483761 2147483770 2147483776 2147483787 2147483788 2147483793 2147483797 2147483798 2147483799 2147483802 2147483804 2147483805 2147483806 2147483810 2147483812 2147483815 2147483825 2147483834 2147483837 2147483843 2147483858 2147483860 2147483867 2147483869 2147483874 2147483879 2147483885 2147483887 2147483888 2147483889 2147483890 2147483891 2147483894 2147483895 2147483896 2147483900 2147483902 
52 2147483657 2147483660 2147483698 2147483699 2147483700 2147483713 2147483722 2147483724 2147483729 2147483747 2147483752 2147483754 2147483787 2147483788 2147483797 2147483799 2147483805 2147483806 2147483810 2147483812 2147483815 2147483858 2147483860 2147483867 2147483869 2147483874 2147483879 2147483885 2147483887 2147483889 2147483894 2147483895 2147483900 
53 2147483657 2147483660 2147483676 2147483698 2147483699 2147483700 2147483713 2147483729 2147483740 2147483747 2147483750 2147483755 2147483760 2147483761 2147483770 2147483776 2147483797 2147483798 2147483799 2147483802 2147483812 2147483815 2147483843 2147483867 2147483869 2147483874 2147483879 2147483885 2147483887 2147483888 2147483889 2147483890 2147483894 2147483895 
54 2147483657 2147483660 2147483698 2147483699 2147483700 2147483713 2147483747 2147483787 2147483788 2147483793 2147483797 2147483799 2147483810 2147483812 2147483815 2147483858 2147483860 2147483867 2147483869 2147483879 2147483885 2147483887 2147483889 2147483894 2147483895 2147483900 
57 2147483657 2147483660 2147483698 2147483699 2147483700 2147483713 2147483747 2147483760 2147483761 2147483770 2147483776 2147483797 2147483799 2147483812 2147483815 2147483843 2147483867 2147483869 2147483879 2147483885 2147483887 2147483889 2147483894 2147483895 
59 
127 2147483657 2147483660 2147483713 2147483747 2147483797 2147483799 2147483867 2147483869 2147483879 2147483885 2147483887 2147483889 2147483894 2147483895 
128 2147483657 2147483660 2147483713 2147483747 2147483797 2147483799 2147483867 2147483869 2147483879 2147483885 2147483887 2147483889 2147483894 2147483895 
129 2147483657 2147483660 2147483713 2147483747 2147483797 2147483799 2147483867 2147483869 2147483879 2147483885 2147483887 2147483889 2147483894 2147483895 
130 2147483657 2147483660 2147483713 2147483747 2147483797 2147483799 2147483867 2147483869 2147483879 2147483885 2147483887 2147483889 2147483894 2147483895 
131 2147483657 2147483660 2147483676 2147483691 2147483713 2147483729 2147483740 2147483747 2147483750 2147483752 2147483754 2147483755 2147483760 2147483761 2147483770 2147483776 2147483867 2147483869 2147483874 2147483879 2147483885 2147483896 
132 2147483657 2147483660 2147483676 2147483713 2147483729 2147483740 2147483747 2147483750 2147483752 2147483754 2147483755 2147483760 2147483761 2147483867 2147483869 2147483874 2147483879 2147483902 
133 2147483657 2147483660 2147483676 2147483691 2147483698 2147483699 2147483700 2147483713 2147483722 2147483724 2147483729 2147483740 2147483747 2147483750 2147483752 2147483754 2147483755 2147483760 2147483761 2147483770 2147483776 2147483787 2147483788 2147483793 2147483797 2147483798 2147483799 2147483802 2147483804 2147483805 2147483806 2147483810 2147483812 2147483815 2147483825 2147483834 2147483837 2147483843 2147483867 2147483869 2147483874 2147483879 2147483885 2147483887 2147483888 2147483889 2147483890 2147483893 2147483894 2147483895 2147483896 2147483899 2147483900 2147483901 2147483902 
134 2147483657 2147483660 2147483676 2147483691 2147483713 2147483729 2147483747 2147483750 2147483752 2147483754 2147483755 2147483760 2147483761 2147483770 2147483776 2147483793 2147483797 2147483798 2147483799 2147483802 2147483867 2147483869 2147483874 2147483879 2147483885 2147483896 2147483900 2147483902 
263 2147483661 2147483881 
264 2147483661 2147483881 
265 2147483661 2147483881 
266 2147483661 2147483881 
267 2147483661 2147483677 2147483679 2147483736 2147483756 2147483763 2147483771 2147483777 2147483871 2147483881 
268 2147483661 2147483677 2147483679 2147483736 2147483756 2147483763 2147483871 2147483881 
269 2147483661 2147483677 2147483679 2147483715 2147483736 2147483756 2147483763 2147483771 2147483777 2147483827 2147483844 2147483846 2147483871 2147483881 
270 2147483661 2147483677 2147483679 2147483736 2147483756 2147483763 2147483771 2147483777 2147483871 2147483881 
271 
272 
273 
274 
275 2147483766 
276 
277 2147483766 2147483854 
278 2147483766 
2147483657 2147483660 2147483661 2147483676 2147483677 2147483679 2147483713 2147483729 2147483736 2147483740 2147483747 2147483750 2147483752 2147483754 2147483755 2147483756 2147483760 2147483761 2147483763 2147483867 2147483869 2147483871 2147483874 2147483879 2147483881 2147483902 57 53 49 52 54 127 128 129 130 51 133 134 131 132 50 2147483660 2147483661 2147483676 2147483677 2147483679 2147483713 2147483729 2147483736 2147483740 2147483747 2147483750 2147483752 2147483754 2147483755 2147483756 2147483760 2147483761 2147483763 2147483867 2147483869 2147483871 2147483874 2147483879 2147483881 2147483902 
2147483660 2147483657 2147483657 2147483661 2147483713 2147483729 2147483736 2147483867 2147483869 2147483871 2147483874 134 49 52 54 57 53 127 128 129 130 51 133 131 132 50 2147483661 2147483713 2147483729 2147483736 2147483867 2147483869 2147483871 2147483874 
2147483661 2147483657 2147483660 2147483657 2147483660 2147483676 2147483677 2147483679 2147483691 2147483713 2147483729 2147483736 2147483740 2147483747 2147483750 2147483752 2147483754 2147483755 2147483756 2147483760 2147483761 2147483763 2147483766 2147483770 2147483771 2147483776 2147483777 2147483867 2147483869 2147483871 2147483874 2147483879 2147483881 2147483885 2147483896 22 25 27 32 26 263 264 265 266 24 23 269 270 267 268 2147483676 2147483677 2147483679 2147483691 2147483713 2147483729 2147483736 2147483740 2147483747 2147483750 2147483752 2147483754 2147483755 2147483756 2147483760 2147483761 2147483763 2147483766 2147483770 2147483771 2147483776 2147483777 2147483867 2147483869 2147483871 2147483874 2147483879 2147483881 2147483885 2147483896 
2147483676 2147483657 2147483661 2147483657 2147483661 2147483713 2147483867 2147483881 53 51 133 134 131 132 2147483713 2147483867 2147483881 
2147483677 2147483657 2147483661 2147483657 2147483661 2147483713 2147483867 2147483881 22 24 269 270 267 268 2147483713 2147483867 2147483881 
2147483679 2147483657 2147483661 2147483657 2147483661 2147483713 2147483867 2147483881 22 24 269 270 267 268 2147483713 2147483867 2147483881 
2147483691 2147483661 2147483661 2147483713 2147483867 2147483881 2147483885 49 51 133 134 131 50 2147483713 2147483867 2147483881 2147483885 
2147483698 2147483699 2147483700 2147483713 2147483810 2147483812 2147483815 2147483867 49 52 54 57 53 51 133 2147483699 2147483700 2147483713 2147483810 2147483812 2147483815 2147483867 
2147483699 2147483698 2147483698 2147483700 2147483713 2147483812 2147483815 2147483867 49 52 54 57 53 51 133 2147483700 2147483713 2147483812 2147483815 2147483867 
2147483700 2147483698 2147483699 2147483698 2147483699 2147483713 2147483810 2147483812 2147483815 2147483867 54 49 52 57 53 51 133 2147483713 2147483810 2147483812 2147483815 2147483867 
2147483713 2147483657 2147483660 2147483661 2147483676 2147483677 2147483679 2147483691 2147483698 2147483699 2147483700 2147483657 2147483660 2147483661 2147483676 2147483677 2147483679 2147483691 2147483698 2147483699 2147483700 2147483715 2147483722 2147483724 2147483729 2147483736 2147483740 2147483747 2147483750 2147483752 2147483754 2147483755 2147483756 2147483760 2147483761 2147483763 2147483766 2147483770 2147483771 2147483776 2147483777 2147483787 2147483788 2147483793 2147483797 2147483798 2147483799 2147483802 2147483804 2147483805 2147483806 2147483810 2147483812 2147483815 2147483825 2147483827 2147483834 2147483837 2147483843 2147483844 2147483846 2147483854 2147483867 2147483869 2147483871 2147483874 2147483879 2147483881 2147483885 2147483887 2147483888 2147483889 2147483890 2147483893 2147483894 2147483895 2147483896 2147483899 2147483900 2147483901 2147483902 53 57 49 52 54 127 128 129 130 51 133 134 131 132 50 2147483715 2147483722 2147483724 2147483729 2147483736 2147483740 2147483747 2147483750 2147483752 2147483754 2147483755 2147483756 2147483760 2147483761 2147483763 2147483766 2147483770 2147483771 2147483776 2147483777 2147483787 2147483788 2147483793 2147483797 2147483798 2147483799 2147483802 2147483804 2147483805 2147483806 2147483810 2147483812 2147483815 2147483825 2147483827 2147483834 2147483837 2147483843 2147483844 2147483846 2147483854 2147483867 2147483869 2147483871 2147483874 2147483879 2147483881 2147483885 2147483887 2147483888 2147483889 2147483890 2147483893 2147483894 2147483895 2147483896 2147483899 2147483900 2147483901 2147483902 
2147483715 2147483713 2147483713 27 32 26 269 
2147483722 2147483713 2147483713 2147483724 2147483867 49 52 51 133 2147483724 2147483867 
2147483724 2147483713 2147483722 2147483713 2147483722 2147483867 49 52 51 133 2147483867 
2147483729 2147483657 2147483660 2147483661 2147483713 2147483657 2147483660 2147483661 2147483713 2147483867 2147483869 2147483871 2147483874 49 52 53 51 133 134 131 132 50 2147483867 2147483869 2147483871 2147483874 
2147483736 2147483657 2147483660 2147483661 2147483713 2147483657 2147483660 2147483661 2147483713 2147483867 2147483869 22 24 23 269 270 267 268 2147483867 2147483869 
2147483740 2147483657 2147483661 2147483713 2147483657 2147483661 2147483713 2147483867 53 51 133 131 132 2147483867 
2147483747 2147483657 2147483661 2147483713 2147483657 2147483661 2147483713 2147483750 2147483867 2147483881 53 49 52 54 57 127 128 129 130 51 133 134 131 132 50 2147483750 2147483867 2147483881 
2147483750 2147483657 2147483661 2147483713 2147483747 2147483657 2147483661 2147483713 2147483747 2147483867 2147483881 49 53 51 133 134 131 132 50 2147483867 2147483881 
2147483752 2147483657 2147483661 2147483713 2147483657 2147483661 2147483713 2147483754 2147483867 2147483881 49 52 51 133 134 131 132 2147483754 2147483867 2147483881 
2147483754 2147483657 2147483661 2147483713 2147483752 2147483657 2147483661 2147483713 2147483752 2147483867 2147483881 49 52 51 133 134 131 132 2147483867 2147483881 
2147483755 2147483657 2147483661 2147483713 2147483657 2147483661 2147483713 2147483867 2147483879 2147483881 53 51 133 134 131 132 50 2147483867 2147483879 2147483881 
2147483756 2147483657 2147483661 2147483713 2147483657 2147483661 2147483713 2147483867 2147483879 2147483881 22 24 23 269 270 267 268 2147483867 2147483879 2147483881 
2147483760 2147483657 2147483661 2147483713 2147483657 2147483661 2147483713 2147483761 2147483867 2147483879 2147483881 53 57 51 133 134 131 132 50 2147483761 2147483867 2147483879 2147483881 
2147483761 2147483657 2147483661 2147483713 2147483760 2147483657 2147483661 2147483713 2147483760 2147483867 2147483879 2147483881 57 53 51 133 134 131 132 50 2147483867 2147483879 2147483881 
2147483763 2147483657 2147483661 2147483713 2147483657 2147483661 2147483713 2147483867 2147483879 2147483881 22 24 23 269 270 267 268 2147483867 2147483879 2147483881 
2147483766 2147483661 2147483713 2147483661 2147483713 2147483867 2147483881 2147483885 3 9 6 277 278 275 2147483867 2147483881 2147483885 
2147483770 2147483661 2147483713 2147483661 2147483713 2147483867 2147483881 2147483885 57 53 51 133 134 131 50 2147483867 2147483881 2147483885 
2147483771 2147483661 2147483713 2147483661 2147483713 2147483867 2147483881 2147483885 22 24 23 269 270 267 2147483867 2147483881 2147483885 
2147483776 2147483661 2147483713 2147483661 2147483713 2147483867 2147483881 2147483885 57 53 51 133 134 131 50 2147483867 2147483881 2147483885 
2147483777 2147483661 2147483713 2147483661 2147483713 2147483867 2147483881 2147483885 22 24 23 269 270 267 2147483867 2147483881 2147483885 
2147483787 2147483713 2147483713 2147483788 2147483867 2147483900 49 52 54 51 133 2147483788 2147483867 2147483900 
2147483788 2147483713 2147483787 2147483713 2147483787 2147483867 2147483900 49 52 54 51 133 2147483867 2147483900 
2147483793 2147483713 2147483713 2147483797 2147483799 2147483867 2147483900 134 49 54 51 133 50 2147483797 2147483799 2147483867 2147483900 
2147483797 2147483713 2147483793 2147483713 2147483793 2147483798 2147483799 2147483867 2147483900 49 52 54 57 53 127 128 129 130 51 133 134 50 2147483798 2147483799 2147483867 2147483900 
2147483798 2147483713 2147483797 2147483713 2147483797 2147483799 2147483867 53 51 133 134 50 2147483799 2147483867 
2147483799 2147483713 2147483793 2147483797 2147483798 2147483713 2147483793 2147483797 2147483798 2147483802 2147483867 2147483900 54 49 52 57 53 127 128 129 130 51 133 134 50 2147483802 2147483867 2147483900 
2147483802 2147483713 2147483799 2147483713 2147483799 2147483867 53 51 133 134 2147483867 
2147483804 2147483713 2147483713 2147483867 49 51 133 2147483867 
2147483805 2147483713 2147483713 2147483806 2147483867 49 52 51 133 2147483806 2147483867 
2147483806 2147483713 2147483805 2147483713 2147483805 2147483867 49 52 51 133 2147483867 
2147483810 2147483698 2147483700 2147483713 2147483698 2147483700 2147483713 2147483867 49 52 54 51 133 2147483867 
2147483812 2147483698 2147483699 2147483700 2147483713 2147483698 2147483699 2147483700 2147483713 2147483815 2147483867 49 52 54 57 53 51 133 2147483815 2147483867 
2147483815 2147483698 2147483699 2147483700 2147483713 2147483812 2147483698 2147483699 2147483700 2147483713 2147483812 2147483867 49 52 54 57 53 51 133 2147483867 
2147483825 2147483713 2147483713 2147483867 49 51 133 2147483867 
2147483827 2147483713 2147483713 2147483867 2147483887 22 24 23 269 2147483867 2147483887 
2147483834 2147483713 2147483713 2147483867 2147483887 49 51 133 50 2147483867 2147483887 
2147483837 2147483713 2147483713 2147483867 2147483887 49 51 133 50 2147483867 2147483887 
2147483843 2147483713 2147483713 2147483867 2147483887 57 53 51 133 50 2147483867 2147483887 
2147483844 2147483713 2147483713 2147483867 2147483887 22 24 23 269 2147483867 2147483887 
2147483846 2147483713 2147483713 2147483867 2147483889 22 24 23 269 2147483867 2147483889 
2147483854 2147483713 2147483713 2147483867 2147483889 3 9 6 277 2147483867 2147483889 
2147483857 2147483858 2147483860 2147483867 3 13 21 9 2147483858 2147483860 2147483867 
2147483858 2147483857 2147483857 2147483860 2147483867 49 52 54 51 2147483860 2147483867 
2147483860 2147483857 2147483858 2147483857 2147483858 2147483867 49 52 54 51 2147483867 
2147483861 2147483867 26 24 2147483867 
2147483862 26 
2147483867 2147483657 2147483660 2147483661 2147483676 2147483677 2147483679 2147483691 2147483698 2147483699 2147483700 2147483713 2147483722 2147483724 2147483729 2147483736 2147483740 2147483747 2147483750 2147483752 2147483754 2147483755 2147483756 2147483760 2147483761 2147483763 2147483766 2147483770 2147483771 2147483776 2147483777 2147483787 2147483788 2147483793 2147483797 2147483798 2147483799 2147483802 2147483804 2147483805 2147483806 2147483810 2147483812 2147483815 2147483825 2147483827 2147483834 2147483837 2147483843 2147483844 2147483846 2147483854 2147483857 2147483858 2147483860 2147483861 2147483657 2147483660 2147483661 2147483676 2147483677 2147483679 2147483691 2147483698 2147483699 2147483700 2147483713 2147483722 2147483724 2147483729 2147483736 2147483740 2147483747 2147483750 2147483752 2147483754 2147483755 2147483756 2147483760 2147483761 2147483763 2147483766 2147483770 2147483771 2147483776 2147483777 2147483787 2147483788 2147483793 2147483797 2147483798 2147483799 2147483802 2147483804 2147483805 2147483806 2147483810 2147483812 2147483815 2147483825 2147483827 2147483834 2147483837 2147483843 2147483844 2147483846 2147483854 2147483857 2147483858 2147483860 2147483861 2147483869 2147483871 2147483874 2147483879 2147483881 2147483885 2147483887 2147483888 2147483889 2147483890 2147483891 2147483896 2147483900 2147483902 57 53 49 52 54 127 128 129 130 51 133 134 131 132 50 2147483869 2147483871 2147483874 2147483879 2147483881 2147483885 2147483887 2147483888 2147483889 2147483890 2147483891 2147483896 2147483900 2147483902 
2147483869 2147483657 2147483660 2147483661 2147483713 2147483729 2147483736 2147483867 2147483657 2147483660 2147483661 2147483713 2147483729 2147483736 2147483867 2147483871 2147483874 2147483902 50 49 52 54 57 53 127 128 129 130 51 133 134 131 132 2147483871 2147483874 2147483902 
2147483871 2147483657 2147483660 2147483661 2147483713 2147483729 2147483867 2147483869 2147483657 2147483660 2147483661 2147483713 2147483729 2147483867 2147483869 2147483874 22 25 26 24 23 269 270 267 268 2147483874 
2147483874 2147483657 2147483660 2147483661 2147483713 2147483729 2147483867 2147483869 2147483871 2147483657 2147483660 2147483661 2147483713 2147483729 2147483867 2147483869 2147483871 53 49 52 51 133 134 131 132 50 
2147483879 2147483657 2147483661 2147483713 2147483755 2147483756 2147483760 2147483761 2147483763 2147483867 2147483657 2147483661 2147483713 2147483755 2147483756 2147483760 2147483761 2147483763 2147483867 2147483881 49 52 54 57 53 127 128 129 130 51 133 134 131 132 50 2147483881 
2147483881 2147483657 2147483661 2147483676 2147483677 2147483679 2147483691 2147483713 2147483747 2147483750 2147483752 2147483754 2147483755 2147483756 2147483760 2147483761 2147483763 2147483766 2147483770 2147483771 2147483776 2147483777 2147483867 2147483879 2147483657 2147483661 2147483676 2147483677 2147483679 2147483691 2147483713 2147483747 2147483750 2147483752 2147483754 2147483755 2147483756 2147483760 2147483761 2147483763 2147483766 2147483770 2147483771 2147483776 2147483777 2147483867 2147483879 2147483885 2147483896 22 25 27 32 26 263 264 265 266 24 23 269 270 267 268 2147483885 2147483896 
2147483885 2147483661 2147483691 2147483713 2147483766 2147483770 2147483771 2147483776 2147483777 2147483867 2147483881 2147483661 2147483691 2147483713 2147483766 2147483770 2147483771 2147483776 2147483777 2147483867 2147483881 49 52 54 57 53 127 128 129 130 51 133 134 131 50 
2147483887 2147483713 2147483827 2147483834 2147483837 2147483843 2147483844 2147483867 2147483713 2147483827 2147483834 2147483837 2147483843 2147483844 2147483867 2147483888 53 49 52 54 57 127 128 129 130 51 133 50 2147483888 
2147483888 2147483713 2147483867 2147483887 2147483713 2147483867 2147483887 49 53 51 133 50 
2147483889 2147483713 2147483846 2147483854 2147483867 2147483713 2147483846 2147483854 2147483867 2147483890 53 49 52 54 57 127 128 129 130 51 133 50 2147483890 
2147483890 2147483713 2147483867 2147483889 2147483713 2147483867 2147483889 49 53 51 133 50 
2147483891 2147483867 2147483867 49 51 
2147483893 2147483713 2147483713 49 133 
2147483894 2147483713 2147483713 53 49 52 54 57 127 128 129 130 51 133 
2147483895 2147483713 2147483713 53 49 52 54 57 127 128 129 130 51 133 
2147483896 2147483661 2147483713 2147483867 2147483881 2147483661 2147483713 2147483867 2147483881 49 51 133 134 131 
2147483899 2147483713 2147483713 49 133 
2147483900 2147483713 2147483787 2147483788 2147483793 2147483797 2147483799 2147483867 2147483713 2147483787 2147483788 2147483793 2147483797 2147483799 2147483867 49 52 54 51 133 134 50 
2147483901 2147483713 2147483713 49 133 
2147483902 2147483657 2147483713 2147483867 2147483869 2147483657 2147483713 2147483867 2147483869 49 51 133 134 132 
