2 2147483658 2147483721 
5 2147483658 
11 2147483721 
18 2147483721 
19 2147483721 
22 2147483675 2147483676 
24 2147483675 2147483676 
25 2147483675 
26 2147483675 
27 2147483675 
32 2147483675 
49 2147483657 2147483672 2147483678 2147483679 2147483680 2147483682 2147483685 2147483687 2147483688 2147483698 2147483699 2147483700 2147483711 2147483712 2147483718 2147483719 2147483720 2147483722 2147483723 2147483724 2147483726 
51 2147483653 2147483657 2147483672 2147483678 2147483679 2147483680 2147483681 2147483682 2147483685 2147483687 2147483688 2147483695 2147483698 2147483699 2147483700 2147483703 2147483711 2147483712 2147483713 2147483719 2147483720 2147483722 2147483723 2147483724 2147483726 2147483727 2147483728 
52 2147483679 2147483698 2147483699 2147483700 2147483705 2147483712 2147483719 2147483720 2147483722 2147483723 2147483724 2147483726 
53 2147483653 2147483654 2147483679 2147483681 2147483682 2147483688 2147483695 2147483699 2147483703 2147483705 2147483710 2147483712 2147483713 2147483715 2147483719 2147483720 2147483722 2147483723 2147483724 2147483726 2147483727 2147483728 2147483729 
54 2147483679 2147483682 2147483699 2147483705 2147483712 2147483719 2147483720 2147483722 2147483723 2147483724 2147483726 
57 2147483653 2147483654 2147483679 2147483682 2147483699 2147483703 2147483705 2147483712 2147483713 2147483715 2147483719 2147483720 2147483722 2147483723 2147483724 2147483726 2147483727 2147483728 
61 2147483721 
127 2147483679 2147483699 2147483712 2147483719 2147483720 2147483722 2147483723 2147483724 2147483726 
128 2147483679 2147483699 2147483712 2147483719 2147483720 2147483722 2147483723 2147483724 2147483726 
129 2147483679 2147483699 2147483712 2147483719 2147483720 2147483722 2147483723 2147483724 2147483726 
130 2147483679 2147483699 2147483712 2147483719 2147483720 2147483722 2147483723 2147483724 2147483726 
131 2147483653 2147483654 2147483719 2147483720 2147483722 2147483723 2147483727 2147483728 2147483729 
132 2147483653 2147483654 2147483657 2147483672 2147483719 2147483720 2147483722 2147483723 2147483724 2147483726 2147483729 
133 2147483679 2147483680 2147483681 2147483682 2147483719 2147483720 2147483722 2147483724 2147483726 2147483729 
134 2147483653 2147483654 2147483657 2147483672 2147483678 2147483679 2147483680 2147483681 2147483682 2147483685 2147483687 2147483688 2147483719 2147483720 2147483722 2147483723 2147483724 2147483726 2147483727 2147483728 2147483729 
151 2147483701 2147483702 
152 
153 
154 
155 
156 
157 
158 
159 
160 
161 
162 
163 
164 
165 
166 
247 2147483721 
248 2147483721 
249 2147483721 
250 2147483721 
251 2147483721 
252 2147483721 
253 2147483721 
254 2147483658 2147483721 
263 2147483675 
264 2147483675 
265 2147483675 
266 2147483675 
267 
268 2147483675 2147483676 
269 2147483675 2147483676 
270 2147483675 2147483676 
2147483653 2147483654 2147483719 2147483720 2147483722 2147483723 53 57 51 134 131 132 2147483654 2147483719 2147483720 2147483722 2147483723 
2147483654 2147483653 2147483653 2147483719 2147483720 2147483722 57 53 134 131 132 2147483719 2147483720 2147483722 
2147483657 2147483719 2147483722 2147483726 49 51 134 132 2147483719 2147483722 2147483726 
2147483658 2147483719 2147483726 2 5 254 2147483719 2147483726 
2147483672 2147483719 2147483722 2147483726 49 51 134 132 2147483719 2147483722 2147483726 
2147483675 2147483676 2147483719 2147483722 2147483724 2147483726 22 25 27 32 26 263 264 265 266 24 269 270 268 2147483676 2147483719 2147483722 2147483724 2147483726 
2147483676 2147483675 2147483675 2147483719 2147483724 2147483726 22 24 269 270 268 2147483719 2147483724 2147483726 
2147483678 2147483719 2147483726 49 51 134 2147483719 2147483726 
2147483679 2147483680 2147483681 2147483682 2147483719 2147483726 54 49 52 57 53 127 128 129 130 51 133 134 2147483680 2147483681 2147483682 2147483719 2147483726 
2147483680 2147483679 2147483679 2147483719 2147483726 49 51 133 134 2147483719 2147483726 
2147483681 2147483679 2147483679 2147483719 2147483726 53 51 133 134 2147483719 2147483726 
2147483682 2147483679 2147483679 2147483719 2147483726 49 54 57 53 51 133 134 2147483719 2147483726 
2147483685 2147483719 2147483726 49 51 134 2147483719 2147483726 
2147483687 2147483719 2147483726 49 51 134 2147483719 2147483726 
2147483688 2147483719 2147483726 49 53 51 134 2147483719 2147483726 
2147483695 2147483726 53 51 2147483726 
2147483698 2147483699 2147483700 2147483701 2147483702 49 52 51 2147483699 2147483700 2147483701 2147483702 
2147483699 2147483698 2147483698 2147483700 2147483701 2147483702 2147483703 53 49 52 54 57 127 128 129 130 51 2147483700 2147483701 2147483702 2147483703 
2147483700 2147483698 2147483699 2147483698 2147483699 49 52 51 
2147483701 2147483698 2147483699 2147483698 2147483699 151 
2147483702 2147483698 2147483699 2147483698 2147483699 151 
2147483703 2147483699 2147483699 57 53 51 
2147483705 52 54 57 53 
2147483710 53 
2147483711 2147483712 49 51 2147483712 
2147483712 2147483711 2147483711 2147483713 53 49 52 54 57 127 128 129 130 51 2147483713 
2147483713 2147483712 2147483712 57 53 51 
2147483715 57 53 
2147483718 49 
2147483719 2147483653 2147483654 2147483657 2147483658 2147483672 2147483675 2147483676 2147483678 2147483679 2147483680 2147483681 2147483682 2147483685 2147483687 2147483688 2147483653 2147483654 2147483657 2147483658 2147483672 2147483675 2147483676 2147483678 2147483679 2147483680 2147483681 2147483682 2147483685 2147483687 2147483688 2147483720 2147483721 2147483722 2147483723 2147483724 2147483726 2147483727 2147483728 2147483729 49 52 54 57 53 127 128 129 130 51 133 134 131 132 2147483720 2147483721 2147483722 2147483723 2147483724 2147483726 2147483727 2147483728 2147483729 
2147483720 2147483653 2147483654 2147483719 2147483653 2147483654 2147483719 2147483721 2147483722 2147483723 2147483727 2147483728 2147483729 53 49 52 54 57 127 128 129 130 51 133 134 131 132 2147483721 2147483722 2147483723 2147483727 2147483728 2147483729 
2147483721 2147483719 2147483720 2147483719 2147483720 2147483722 2147483729 2 11 19 61 18 247 248 249 250 253 254 251 252 2147483722 2147483729 
2147483722 2147483653 2147483654 2147483657 2147483672 2147483675 2147483719 2147483720 2147483721 2147483653 2147483654 2147483657 2147483672 2147483675 2147483719 2147483720 2147483721 2147483723 2147483726 2147483729 51 132 49 52 54 57 53 127 128 129 130 133 134 131 2147483723 2147483726 2147483729 
2147483723 2147483653 2147483719 2147483720 2147483722 2147483653 2147483719 2147483720 2147483722 2147483727 2147483728 57 132 49 52 54 53 127 128 129 130 51 134 131 2147483727 2147483728 
2147483724 2147483675 2147483676 2147483719 2147483675 2147483676 2147483719 2147483726 53 132 49 52 54 57 127 128 129 130 51 133 134 2147483726 
2147483726 2147483657 2147483658 2147483672 2147483675 2147483676 2147483678 2147483679 2147483680 2147483681 2147483682 2147483685 2147483687 2147483688 2147483695 2147483719 2147483722 2147483724 2147483657 2147483658 2147483672 2147483675 2147483676 2147483678 2147483679 2147483680 2147483681 2147483682 2147483685 2147483687 2147483688 2147483695 2147483719 2147483722 2147483724 57 53 49 52 54 127 128 129 130 51 133 134 132 
2147483727 2147483719 2147483720 2147483723 2147483719 2147483720 2147483723 2147483728 57 53 51 134 131 2147483728 
2147483728 2147483719 2147483720 2147483723 2147483727 2147483719 2147483720 2147483723 2147483727 53 57 51 134 131 
2147483729 2147483719 2147483720 2147483721 2147483722 2147483719 2147483720 2147483721 2147483722 53 133 134 131 132 
