2 2147483949 2147483950 2147483973 2147483974 2147483999 2147484000 2147484019 2147484020 2147484048 2147484049 2147484071 2147484072 2147484117 2147484118 2147484154 2147484155 
5 2147483949 2147483950 2147483973 2147483974 2147483999 2147484000 2147484019 2147484020 2147484048 2147484049 2147484071 2147484072 2147484117 2147484118 2147484154 2147484155 
8 2147483949 2147483950 2147483973 2147483974 2147483999 2147484000 2147484019 2147484020 2147484048 2147484049 2147484071 2147484072 2147484117 2147484118 2147484154 2147484155 
11 2147483949 2147483950 2147483973 2147483974 2147483999 2147484000 2147484019 2147484020 2147484048 2147484049 2147484071 2147484072 2147484117 2147484118 2147484154 2147484155 
18 2147484048 2147484049 2147484071 2147484072 
19 2147483949 2147483950 2147483973 2147483974 2147483999 2147484000 2147484019 2147484020 2147484048 2147484049 2147484071 2147484072 2147484117 2147484118 2147484154 2147484155 
22 2147483932 2147483933 2147483934 2147483936 2147483937 2147483938 2147483940 2147483941 2147483942 2147483943 2147483944 2147483945 2147483946 2147483954 2147483955 2147483962 2147483963 2147483970 2147483978 2147483979 2147483986 2147483987 2147483990 2147483996 2147484004 2147484005 2147484012 2147484013 2147484016 2147484024 2147484025 2147484032 2147484033 2147484054 2147484055 2147484077 2147484078 2147484114 2147484122 2147484123 2147484132 2147484133 2147484134 2147484138 2147484151 2147484159 2147484160 2147484169 2147484170 2147484171 2147484175 2147484248 2147484344 2147484345 2147484347 2147484348 2147484350 2147484353 
23 2147483932 2147483933 2147483934 2147483936 2147483940 2147483941 2147483942 2147483943 2147483944 2147483946 2147483954 2147483955 2147483962 2147483963 2147483970 2147483978 2147483979 2147483986 2147483987 2147483990 2147483996 2147484004 2147484005 2147484012 2147484013 2147484016 2147484024 2147484025 2147484032 2147484033 2147484054 2147484055 2147484077 2147484078 2147484114 2147484122 2147484123 2147484151 2147484159 2147484160 2147484248 
24 2147483933 2147483934 2147483943 2147483945 2147483970 2147483990 2147483996 2147484016 2147484054 2147484055 2147484077 2147484078 2147484132 2147484133 2147484134 2147484138 2147484169 2147484170 2147484171 2147484175 2147484248 
25 2147483943 2147483954 2147483955 2147483962 2147483963 2147483978 2147483979 2147483986 2147483987 2147484004 2147484005 2147484012 2147484013 2147484024 2147484025 2147484032 2147484033 2147484054 2147484055 2147484077 2147484078 2147484122 2147484123 2147484133 2147484134 2147484159 2147484160 2147484170 2147484171 2147484248 2147484344 2147484345 2147484347 2147484350 2147484353 
26 2147483943 2147484054 2147484055 2147484077 2147484078 2147484248 2147484347 2147484350 2147484353 
27 2147483943 2147483954 2147483955 2147483978 2147483979 2147484004 2147484005 2147484024 2147484025 2147484054 2147484055 2147484077 2147484078 2147484122 2147484123 2147484133 2147484134 2147484159 2147484160 2147484170 2147484171 2147484248 2147484344 2147484347 2147484350 2147484353 
32 2147483943 2147483954 2147483955 2147483978 2147483979 2147484004 2147484005 2147484024 2147484025 2147484054 2147484055 2147484077 2147484078 2147484122 2147484123 2147484159 2147484160 2147484248 2147484344 2147484347 2147484350 2147484353 
49 2147483679 2147483681 2147483716 2147483721 2147483784 2147483842 2147483844 2147483860 2147483862 2147483863 2147483880 2147483881 2147483882 2147483914 2147483959 2147483960 2147483964 2147483965 2147483983 2147483984 2147483992 2147483993 2147484009 2147484010 2147484029 2147484030 2147484034 2147484035 2147484038 2147484039 2147484060 2147484061 2147484083 2147484084 2147484088 2147484098 2147484106 2147484127 2147484128 2147484135 2147484139 2147484140 2147484141 2147484164 2147484165 2147484172 2147484176 2147484177 2147484178 2147484186 2147484192 2147484193 2147484194 2147484195 2147484196 2147484197 2147484198 2147484199 2147484200 2147484201 2147484202 2147484215 2147484216 2147484217 2147484218 2147484219 2147484220 2147484221 2147484235 2147484236 2147484237 2147484238 2147484239 2147484240 2147484244 2147484245 2147484254 2147484255 2147484256 2147484257 2147484258 2147484259 2147484264 2147484265 2147484266 2147484267 2147484268 2147484269 2147484272 2147484273 2147484275 2147484276 2147484277 2147484278 2147484279 2147484280 2147484281 2147484282 2147484283 2147484284 2147484286 2147484287 2147484289 2147484290 2147484292 2147484293 2147484295 2147484296 2147484300 2147484301 2147484302 2147484303 2147484305 2147484306 2147484307 2147484308 2147484309 2147484310 2147484311 2147484312 2147484313 2147484314 2147484315 2147484316 2147484317 2147484318 2147484319 2147484320 2147484321 2147484322 2147484323 2147484324 2147484325 2147484326 2147484327 2147484329 2147484330 2147484331 2147484333 2147484334 2147484335 2147484336 2147484337 2147484338 2147484340 2147484342 2147484356 2147484357 2147484358 2147484361 2147484362 2147484365 2147484366 2147484369 2147484370 2147484372 2147484373 2147484374 2147484375 2147484378 2147484379 2147484383 2147484385 2147484387 2147484389 2147484391 2147484392 2147484395 2147484396 2147484397 2147484399 2147484400 2147484403 2147484404 2147484406 2147484407 2147484410 
50 2147483679 2147483716 2147483721 2147483784 2147483842 2147483844 2147483860 2147483862 2147483863 2147483880 2147483881 2147483882 2147483959 2147483960 2147483964 2147483965 2147483983 2147483984 2147483992 2147483993 2147484009 2147484010 2147484029 2147484030 2147484034 2147484035 2147484038 2147484039 2147484060 2147484061 2147484083 2147484084 2147484127 2147484128 2147484186 2147484192 2147484195 2147484196 2147484199 2147484200 2147484201 2147484202 2147484215 2147484216 2147484217 2147484218 2147484219 2147484220 2147484221 2147484235 2147484236 2147484237 2147484238 2147484239 2147484240 2147484244 2147484245 2147484254 2147484255 2147484256 2147484257 2147484258 2147484259 2147484264 2147484265 2147484266 2147484267 2147484268 2147484269 2147484272 2147484273 2147484277 2147484278 2147484279 2147484280 2147484281 2147484282 2147484283 2147484284 2147484286 2147484287 2147484289 2147484290 2147484292 2147484293 2147484295 2147484296 2147484300 2147484301 2147484302 2147484303 2147484305 2147484306 2147484314 2147484320 2147484322 2147484323 2147484326 2147484327 2147484329 2147484331 2147484333 2147484334 2147484335 2147484336 2147484337 2147484338 2147484361 2147484366 2147484369 2147484372 2147484373 2147484374 2147484375 2147484377 2147484378 2147484391 2147484392 2147484395 2147484396 2147484397 2147484398 2147484403 2147484404 2147484406 2147484407 2147484410 
51 2147483679 2147483716 2147483721 2147483784 2147483842 2147483860 2147483862 2147483863 2147483881 2147483882 2147484060 2147484061 2147484083 2147484084 2147484131 2147484135 2147484137 2147484139 2147484140 2147484141 2147484168 2147484172 2147484174 2147484176 2147484177 2147484178 2147484186 2147484192 2147484193 2147484194 2147484195 2147484196 2147484201 2147484202 2147484215 2147484220 2147484221 2147484239 2147484240 2147484244 2147484245 2147484258 2147484259 2147484268 2147484269 2147484272 2147484273 2147484275 2147484276 2147484277 2147484278 2147484283 2147484284 2147484286 2147484287 2147484289 2147484290 2147484292 2147484293 2147484295 2147484296 2147484297 2147484300 2147484301 2147484302 2147484303 2147484305 2147484306 2147484307 2147484308 2147484309 2147484310 2147484314 2147484315 2147484316 2147484318 2147484319 2147484326 2147484327 2147484329 2147484331 2147484337 2147484338 2147484361 2147484366 2147484369 2147484370 2147484372 2147484373 2147484379 2147484392 2147484395 2147484397 2147484403 2147484404 2147484406 2147484407 
52 2147483679 2147483681 2147483716 2147483721 2147483784 2147483842 2147483844 2147483860 2147483862 2147483863 2147483880 2147483881 2147483882 2147483914 2147483959 2147483960 2147483964 2147483965 2147483983 2147483984 2147483992 2147483993 2147484009 2147484010 2147484029 2147484030 2147484034 2147484035 2147484038 2147484039 2147484060 2147484061 2147484083 2147484084 2147484088 2147484106 2147484127 2147484128 2147484139 2147484140 2147484164 2147484165 2147484176 2147484177 2147484186 2147484192 2147484193 2147484194 2147484195 2147484196 2147484197 2147484198 2147484199 2147484200 2147484201 2147484202 2147484215 2147484216 2147484217 2147484218 2147484219 2147484220 2147484221 2147484235 2147484236 2147484237 2147484238 2147484239 2147484240 2147484244 2147484245 2147484254 2147484255 2147484256 2147484257 2147484258 2147484259 2147484264 2147484265 2147484266 2147484267 2147484268 2147484269 2147484272 2147484273 2147484275 2147484276 2147484277 2147484278 2147484279 2147484280 2147484281 2147484282 2147484283 2147484284 2147484286 2147484287 2147484289 2147484290 2147484292 2147484293 2147484295 2147484296 2147484300 2147484301 2147484302 2147484303 2147484305 2147484307 2147484308 2147484309 2147484310 2147484312 2147484313 2147484324 2147484340 2147484342 2147484356 2147484357 2147484361 2147484365 2147484369 2147484370 2147484372 2147484373 2147484374 2147484375 2147484378 2147484379 2147484383 2147484385 2147484387 2147484389 2147484392 2147484395 2147484397 2147484399 2147484400 2147484403 2147484404 2147484406 2147484407 2147484411 
53 2147483679 2147483681 2147483716 2147483721 2147483784 2147483842 2147483844 2147483860 2147483862 2147483863 2147483881 2147483882 2147483914 2147484060 2147484061 2147484083 2147484084 2147484127 2147484128 2147484131 2147484137 2147484164 2147484165 2147484168 2147484174 2147484186 2147484192 2147484193 2147484194 2147484195 2147484196 2147484197 2147484198 2147484215 2147484244 2147484245 2147484272 2147484273 2147484275 2147484276 2147484277 2147484278 2147484279 2147484280 2147484286 2147484287 2147484289 2147484290 2147484292 2147484293 2147484295 2147484296 2147484297 2147484300 2147484301 2147484302 2147484303 2147484305 2147484340 2147484342 2147484356 2147484357 2147484358 2147484369 2147484370 2147484372 2147484373 2147484374 2147484375 2147484377 2147484378 2147484379 2147484392 2147484395 2147484397 2147484398 2147484399 2147484400 2147484403 2147484404 2147484406 2147484407 
54 2147483679 2147483681 2147483716 2147483721 2147483784 2147483842 2147483844 2147483860 2147483862 2147483863 2147483880 2147483881 2147483882 2147483914 2147483959 2147483960 2147483983 2147483984 2147484009 2147484010 2147484029 2147484030 2147484060 2147484061 2147484083 2147484084 2147484127 2147484128 2147484139 2147484140 2147484164 2147484165 2147484176 2147484177 2147484186 2147484192 2147484193 2147484194 2147484195 2147484196 2147484197 2147484198 2147484199 2147484200 2147484201 2147484202 2147484215 2147484216 2147484217 2147484218 2147484219 2147484220 2147484221 2147484235 2147484236 2147484237 2147484238 2147484239 2147484240 2147484244 2147484245 2147484254 2147484255 2147484256 2147484257 2147484258 2147484259 2147484264 2147484265 2147484266 2147484267 2147484268 2147484269 2147484272 2147484273 2147484275 2147484276 2147484277 2147484278 2147484279 2147484280 2147484281 2147484282 2147484283 2147484284 2147484286 2147484287 2147484289 2147484290 2147484292 2147484293 2147484295 2147484296 2147484300 2147484301 2147484302 2147484303 2147484305 2147484307 2147484308 2147484309 2147484310 2147484340 2147484342 2147484356 2147484369 2147484370 2147484372 2147484373 2147484374 2147484375 2147484378 2147484379 2147484383 2147484385 2147484387 2147484392 2147484395 2147484397 2147484399 2147484400 2147484403 2147484404 2147484406 2147484407 
57 2147483679 2147483681 2147483716 2147483721 2147483784 2147483842 2147483844 2147483860 2147483862 2147483863 2147483880 2147483881 2147483882 2147483914 2147483959 2147483960 2147483983 2147483984 2147484009 2147484010 2147484029 2147484030 2147484060 2147484061 2147484083 2147484084 2147484127 2147484128 2147484131 2147484137 2147484164 2147484165 2147484168 2147484174 2147484186 2147484192 2147484193 2147484194 2147484195 2147484196 2147484197 2147484198 2147484199 2147484200 2147484215 2147484216 2147484217 2147484218 2147484219 2147484235 2147484236 2147484237 2147484238 2147484244 2147484245 2147484254 2147484255 2147484256 2147484257 2147484264 2147484265 2147484266 2147484267 2147484272 2147484273 2147484275 2147484276 2147484277 2147484278 2147484279 2147484280 2147484281 2147484282 2147484286 2147484287 2147484289 2147484290 2147484292 2147484293 2147484295 2147484296 2147484297 2147484300 2147484301 2147484302 2147484303 2147484305 2147484340 2147484342 2147484356 2147484357 2147484358 2147484369 2147484370 2147484372 2147484373 2147484374 2147484375 2147484378 2147484379 2147484392 2147484395 2147484397 2147484399 2147484400 2147484403 2147484404 2147484406 2147484407 
61 2147484048 2147484049 2147484071 2147484072 
127 2147483679 2147483716 2147483721 2147483784 2147483842 2147483860 2147483862 2147483863 2147483880 2147483881 2147483882 2147484060 2147484061 2147484083 2147484084 2147484088 2147484186 2147484192 2147484193 2147484194 2147484195 2147484196 2147484215 2147484244 2147484245 2147484272 2147484273 2147484275 2147484276 2147484277 2147484278 2147484286 2147484287 2147484289 2147484290 2147484292 2147484293 2147484295 2147484296 2147484300 2147484301 2147484302 2147484303 2147484305 2147484312 2147484324 2147484361 2147484365 2147484369 2147484370 2147484372 2147484373 2147484374 2147484375 2147484378 2147484379 2147484389 2147484392 2147484395 2147484397 2147484399 2147484400 2147484403 2147484404 2147484406 2147484407 2147484411 
128 2147483679 2147483716 2147483721 2147483784 2147483842 2147484186 2147484192 2147484193 2147484194 2147484195 2147484196 2147484215 2147484244 2147484245 2147484272 2147484273 2147484275 2147484276 2147484277 2147484278 2147484300 2147484301 2147484302 2147484303 2147484305 2147484370 2147484372 2147484373 2147484374 2147484375 2147484378 2147484379 2147484392 2147484395 2147484397 2147484399 2147484400 2147484403 2147484404 2147484406 2147484407 
129 2147483679 2147483716 2147483721 2147483784 2147483842 2147484186 2147484192 2147484193 2147484194 2147484195 2147484196 2147484215 2147484244 2147484245 2147484272 2147484273 2147484275 2147484276 2147484277 2147484278 2147484300 2147484301 2147484302 2147484303 2147484305 2147484370 2147484372 2147484373 2147484374 2147484375 2147484378 2147484379 2147484392 2147484395 2147484397 2147484399 2147484400 2147484403 2147484404 2147484406 2147484407 
130 2147483679 2147483716 2147483721 2147483784 2147483842 2147484186 2147484192 2147484193 2147484194 2147484195 2147484196 2147484215 2147484244 2147484245 2147484272 2147484273 2147484275 2147484276 2147484277 2147484278 2147484300 2147484301 2147484302 2147484303 2147484305 2147484370 2147484372 2147484373 2147484374 2147484375 2147484378 2147484379 2147484392 2147484395 2147484397 2147484399 2147484400 2147484403 2147484404 2147484406 2147484407 
131 2147483679 2147483681 2147483716 2147483721 2147483784 2147483842 2147483860 2147483862 2147483863 2147483880 2147483983 2147483984 2147483992 2147483993 2147484009 2147484010 2147484029 2147484030 2147484034 2147484035 2147484038 2147484039 2147484060 2147484061 2147484164 2147484165 2147484186 2147484192 2147484195 2147484196 2147484197 2147484198 2147484199 2147484200 2147484201 2147484202 2147484215 2147484235 2147484236 2147484237 2147484238 2147484239 2147484240 2147484244 2147484245 2147484254 2147484255 2147484256 2147484257 2147484258 2147484259 2147484264 2147484265 2147484266 2147484267 2147484268 2147484269 2147484272 2147484273 2147484277 2147484278 2147484281 2147484282 2147484283 2147484284 2147484286 2147484287 2147484289 2147484290 2147484300 2147484301 2147484302 2147484303 2147484305 2147484306 2147484314 2147484317 2147484322 2147484323 2147484326 2147484327 2147484329 2147484331 2147484333 2147484334 2147484335 2147484336 2147484337 2147484338 2147484361 2147484366 2147484369 2147484372 2147484373 2147484374 2147484375 2147484377 2147484378 2147484379 2147484391 2147484392 2147484395 2147484396 2147484397 2147484398 2147484399 2147484400 2147484403 2147484404 2147484406 2147484407 2147484410 
132 2147483679 2147483681 2147483716 2147483721 2147483784 2147483842 2147483844 2147483860 2147483862 2147483863 2147483880 2147483881 2147483882 2147483914 2147483959 2147483960 2147483964 2147483965 2147483983 2147483984 2147483992 2147483993 2147484009 2147484010 2147484029 2147484030 2147484034 2147484035 2147484038 2147484039 2147484060 2147484061 2147484083 2147484084 2147484088 2147484098 2147484106 2147484127 2147484128 2147484131 2147484135 2147484137 2147484139 2147484140 2147484141 2147484164 2147484165 2147484168 2147484172 2147484174 2147484176 2147484177 2147484178 2147484186 2147484192 2147484193 2147484194 2147484195 2147484196 2147484197 2147484198 2147484199 2147484200 2147484201 2147484202 2147484215 2147484216 2147484217 2147484218 2147484219 2147484220 2147484221 2147484235 2147484236 2147484237 2147484238 2147484239 2147484240 2147484244 2147484245 2147484254 2147484255 2147484256 2147484257 2147484258 2147484259 2147484264 2147484265 2147484266 2147484267 2147484268 2147484269 2147484272 2147484273 2147484275 2147484276 2147484277 2147484278 2147484279 2147484280 2147484281 2147484282 2147484283 2147484284 2147484286 2147484287 2147484289 2147484290 2147484292 2147484293 2147484295 2147484296 2147484297 2147484300 2147484301 2147484302 2147484303 2147484305 2147484306 2147484307 2147484308 2147484309 2147484310 2147484311 2147484312 2147484313 2147484314 2147484315 2147484316 2147484317 2147484318 2147484319 2147484320 2147484321 2147484322 2147484323 2147484324 2147484325 2147484326 2147484327 2147484329 2147484330 2147484331 2147484333 2147484334 2147484335 2147484336 2147484337 2147484338 2147484340 2147484342 2147484356 2147484357 2147484358 2147484361 2147484362 2147484365 2147484366 2147484369 2147484370 2147484372 2147484373 2147484374 2147484375 2147484377 2147484378 2147484379 2147484383 2147484385 2147484387 2147484389 2147484391 2147484392 2147484395 2147484396 2147484397 2147484398 2147484399 2147484400 2147484403 2147484404 2147484406 2147484407 2147484410 2147484411 
133 2147483679 2147483681 2147483716 2147483721 2147483784 2147483842 2147483844 2147483860 2147483862 2147483863 2147483880 2147483881 2147483882 2147483914 2147483959 2147483960 2147483964 2147483965 2147483983 2147483984 2147483992 2147483993 2147484009 2147484010 2147484029 2147484030 2147484034 2147484035 2147484038 2147484039 2147484083 2147484084 2147484088 2147484098 2147484106 2147484127 2147484128 2147484164 2147484165 2147484186 2147484192 2147484195 2147484196 2147484197 2147484198 2147484199 2147484200 2147484201 2147484202 2147484215 2147484216 2147484217 2147484218 2147484219 2147484220 2147484221 2147484235 2147484236 2147484237 2147484238 2147484239 2147484240 2147484244 2147484245 2147484254 2147484255 2147484256 2147484257 2147484258 2147484259 2147484264 2147484265 2147484266 2147484267 2147484268 2147484269 2147484272 2147484273 2147484277 2147484278 2147484279 2147484280 2147484281 2147484282 2147484283 2147484284 2147484292 2147484293 2147484295 2147484296 2147484297 2147484300 2147484301 2147484302 2147484303 2147484305 2147484306 2147484314 2147484317 2147484320 2147484322 2147484323 2147484326 2147484327 2147484329 2147484330 2147484331 2147484335 2147484336 2147484337 2147484338 2147484340 2147484342 2147484356 2147484357 2147484358 2147484361 2147484362 2147484366 2147484369 2147484370 2147484372 2147484373 2147484374 2147484375 2147484378 2147484379 2147484391 2147484392 2147484395 2147484396 2147484397 2147484398 2147484406 2147484407 2147484410 
134 2147483679 2147483681 2147483716 2147483721 2147483784 2147483842 2147483844 2147483860 2147483862 2147483863 2147483880 2147483881 2147483882 2147483914 2147483959 2147483960 2147483964 2147483965 2147483983 2147483984 2147483992 2147483993 2147484009 2147484010 2147484029 2147484030 2147484034 2147484035 2147484038 2147484039 2147484060 2147484061 2147484083 2147484084 2147484088 2147484098 2147484106 2147484127 2147484128 2147484131 2147484135 2147484137 2147484139 2147484140 2147484141 2147484164 2147484165 2147484168 2147484172 2147484174 2147484176 2147484177 2147484178 2147484186 2147484192 2147484193 2147484194 2147484195 2147484196 2147484197 2147484198 2147484199 2147484200 2147484201 2147484202 2147484215 2147484216 2147484217 2147484218 2147484219 2147484220 2147484221 2147484235 2147484236 2147484237 2147484238 2147484239 2147484240 2147484244 2147484245 2147484254 2147484255 2147484256 2147484257 2147484258 2147484259 2147484264 2147484265 2147484266 2147484267 2147484268 2147484269 2147484272 2147484273 2147484275 2147484276 2147484277 2147484278 2147484279 2147484280 2147484281 2147484282 2147484283 2147484284 2147484286 2147484287 2147484289 2147484290 2147484292 2147484293 2147484295 2147484296 2147484297 2147484300 2147484301 2147484302 2147484303 2147484305 2147484306 2147484307 2147484308 2147484309 2147484310 2147484311 2147484313 2147484314 2147484315 2147484316 2147484317 2147484318 2147484319 2147484320 2147484321 2147484322 2147484323 2147484325 2147484326 2147484327 2147484329 2147484330 2147484331 2147484333 2147484334 2147484335 2147484336 2147484337 2147484338 2147484340 2147484342 2147484356 2147484357 2147484358 2147484361 2147484362 2147484365 2147484366 2147484369 2147484370 2147484372 2147484373 2147484374 2147484375 2147484377 2147484378 2147484379 2147484383 2147484385 2147484387 2147484392 2147484395 2147484397 2147484398 2147484399 2147484400 2147484406 2147484407 2147484410 2147484411 
247 2147484048 2147484049 2147484071 2147484072 
248 
249 
250 
251 2147483973 2147483974 2147483999 2147484000 2147484019 2147484020 2147484048 2147484049 2147484117 2147484118 2147484154 2147484155 
252 2147483949 2147483950 2147483973 2147483974 2147483999 2147484000 2147484019 2147484020 2147484048 2147484049 2147484071 2147484072 2147484117 2147484118 2147484154 2147484155 
253 2147483949 2147483950 2147483973 2147483974 2147483999 2147484000 2147484019 2147484020 2147484071 2147484072 2147484117 2147484118 2147484154 2147484155 
254 2147483949 2147483950 2147483973 2147483974 2147483999 2147484000 2147484019 2147484020 2147484048 2147484049 2147484071 2147484072 2147484117 2147484118 2147484154 2147484155 
263 2147483943 2147484054 2147484055 2147484077 2147484078 2147484248 
264 2147483943 2147484248 
265 2147483943 2147484248 
266 2147483943 2147484248 
267 2147483932 2147483933 2147483934 2147483936 2147483937 2147483938 2147483941 2147483942 2147483943 2147483944 2147483945 2147483946 2147483970 2147483978 2147483979 2147483986 2147483987 2147483990 2147483996 2147484004 2147484005 2147484012 2147484013 2147484016 2147484024 2147484025 2147484032 2147484033 2147484054 2147484055 2147484114 2147484122 2147484123 2147484151 2147484159 2147484160 2147484248 
268 2147483932 2147483933 2147483934 2147483936 2147483937 2147483938 2147483940 2147483941 2147483942 2147483943 2147483944 2147483945 2147483946 2147483954 2147483955 2147483962 2147483963 2147483970 2147483978 2147483979 2147483986 2147483987 2147483990 2147483996 2147484004 2147484005 2147484012 2147484013 2147484016 2147484024 2147484025 2147484032 2147484033 2147484054 2147484055 2147484077 2147484078 2147484114 2147484122 2147484123 2147484132 2147484133 2147484134 2147484138 2147484151 2147484159 2147484160 2147484169 2147484170 2147484171 2147484175 2147484248 2147484344 2147484345 2147484347 2147484348 2147484350 2147484353 
269 2147483936 2147483940 2147483941 2147483942 2147483943 2147483944 2147483945 2147483946 2147483954 2147483955 2147483962 2147483963 2147483970 2147483978 2147483979 2147483986 2147483987 2147483990 2147483996 2147484004 2147484005 2147484012 2147484013 2147484016 2147484024 2147484025 2147484032 2147484033 2147484077 2147484078 2147484114 2147484122 2147484123 2147484151 2147484159 2147484160 2147484248 2147484344 2147484345 2147484347 2147484348 2147484350 2147484353 
270 2147483932 2147483936 2147483937 2147483938 2147483941 2147483942 2147483943 2147483944 2147483945 2147483946 2147483954 2147483955 2147483962 2147483963 2147483970 2147483978 2147483979 2147483986 2147483987 2147483990 2147483996 2147484004 2147484005 2147484012 2147484013 2147484016 2147484024 2147484025 2147484032 2147484033 2147484054 2147484055 2147484077 2147484078 2147484114 2147484122 2147484123 2147484132 2147484133 2147484134 2147484138 2147484151 2147484159 2147484160 2147484169 2147484170 2147484171 2147484175 2147484248 2147484344 2147484345 2147484347 2147484348 2147484350 2147484353 
2147483679 2147484151 2147484154 2147484155 2147484159 2147484160 2147484186 2147484192 2147484195 2147484196 2147484199 2147484200 2147484201 2147484202 2147484333 57 133 49 52 54 53 127 128 129 130 51 134 131 132 50 2147484151 2147484154 2147484155 2147484159 2147484160 2147484186 2147484192 2147484195 2147484196 2147484199 2147484200 2147484201 2147484202 2147484333 
2147483681 2147484164 2147484165 2147484186 2147484192 2147484195 2147484196 2147484197 2147484198 49 52 54 57 53 133 134 131 132 2147484164 2147484165 2147484186 2147484192 2147484195 2147484196 2147484197 2147484198 
2147483716 2147483932 2147483933 2147483934 2147483936 2147483937 2147483938 2147484186 2147484215 2147484300 2147484301 2147484305 2147484391 2147484396 2147484397 2147484398 2147484399 2147484400 2147484403 2147484404 2147484406 2147484407 2147484410 57 50 49 52 54 53 127 128 129 130 51 133 134 131 132 2147483932 2147483933 2147483934 2147483936 2147483937 2147483938 2147484186 2147484215 2147484300 2147484301 2147484305 2147484391 2147484396 2147484397 2147484398 2147484399 2147484400 2147484403 2147484404 2147484406 2147484407 2147484410 
2147483721 2147483940 2147483941 2147483942 2147484186 2147484215 2147484302 2147484373 2147484374 2147484375 2147484392 2147484395 53 49 52 54 57 127 128 129 130 51 133 134 131 132 50 2147483940 2147483941 2147483942 2147484186 2147484215 2147484302 2147484373 2147484374 2147484375 2147484392 2147484395 
2147483784 2147483860 2147483862 2147483863 2147483880 2147483881 2147483882 2147483970 2147483973 2147483974 2147483978 2147483979 2147483983 2147483984 2147483986 2147483987 2147483990 2147483992 2147483993 2147483996 2147483999 2147484000 2147484004 2147484005 2147484009 2147484010 2147484012 2147484013 2147484016 2147484019 2147484020 2147484024 2147484025 2147484029 2147484030 2147484032 2147484033 2147484034 2147484035 2147484038 2147484039 2147484048 2147484049 2147484054 2147484055 2147484060 2147484061 2147484071 2147484072 2147484077 2147484078 2147484083 2147484084 2147484088 2147484098 2147484186 2147484235 2147484236 2147484237 2147484238 2147484239 2147484240 2147484244 2147484245 2147484248 2147484254 2147484255 2147484256 2147484257 2147484258 2147484259 2147484264 2147484265 2147484266 2147484267 2147484268 2147484269 2147484272 2147484286 2147484287 2147484289 2147484290 2147484292 2147484293 2147484295 2147484296 2147484297 2147484305 2147484306 2147484314 2147484322 2147484323 2147484326 2147484327 2147484329 2147484331 2147484335 2147484336 2147484337 2147484338 2147484361 2147484366 2147484369 2147484370 49 131 52 54 57 53 127 128 129 130 51 133 134 132 50 2147483860 2147483862 2147483863 2147483880 2147483881 2147483882 2147483970 2147483973 2147483974 2147483978 2147483979 2147483983 2147483984 2147483986 2147483987 2147483990 2147483992 2147483993 2147483996 2147483999 2147484000 2147484004 2147484005 2147484009 2147484010 2147484012 2147484013 2147484016 2147484019 2147484020 2147484024 2147484025 2147484029 2147484030 2147484032 2147484033 2147484034 2147484035 2147484038 2147484039 2147484048 2147484049 2147484054 2147484055 2147484060 2147484061 2147484071 2147484072 2147484077 2147484078 2147484083 2147484084 2147484088 2147484098 2147484186 2147484235 2147484236 2147484237 2147484238 2147484239 2147484240 2147484244 2147484245 2147484248 2147484254 2147484255 2147484256 2147484257 2147484258 2147484259 2147484264 2147484265 2147484266 2147484267 2147484268 2147484269 2147484272 2147484286 2147484287 2147484289 2147484290 2147484292 2147484293 2147484295 2147484296 2147484297 2147484305 2147484306 2147484314 2147484322 2147484323 2147484326 2147484327 2147484329 2147484331 2147484335 2147484336 2147484337 2147484338 2147484361 2147484366 2147484369 2147484370 
2147483842 2147484114 2147484117 2147484118 2147484122 2147484123 2147484186 2147484273 2147484277 2147484278 2147484281 2147484282 2147484283 2147484284 2147484334 57 133 49 52 54 53 127 128 129 130 51 134 131 132 50 2147484114 2147484117 2147484118 2147484122 2147484123 2147484186 2147484273 2147484277 2147484278 2147484281 2147484282 2147484283 2147484284 2147484334 
2147483844 2147484127 2147484128 2147484186 2147484273 2147484277 2147484278 2147484279 2147484280 49 52 54 57 53 133 134 132 50 2147484127 2147484128 2147484186 2147484273 2147484277 2147484278 2147484279 2147484280 
2147483860 2147483784 2147483784 2147483862 2147483863 2147483880 2147483881 2147483882 2147484048 2147484049 2147484054 2147484055 2147484060 2147484061 2147484071 2147484072 2147484077 2147484078 2147484083 2147484084 2147484088 2147484186 2147484244 2147484245 2147484272 2147484286 2147484287 2147484289 2147484290 2147484292 2147484293 2147484295 2147484296 2147484305 2147484369 2147484370 49 50 52 54 57 53 127 51 133 134 131 132 2147483862 2147483863 2147483880 2147483881 2147483882 2147484048 2147484049 2147484054 2147484055 2147484060 2147484061 2147484071 2147484072 2147484077 2147484078 2147484083 2147484084 2147484088 2147484186 2147484244 2147484245 2147484272 2147484286 2147484287 2147484289 2147484290 2147484292 2147484293 2147484295 2147484296 2147484305 2147484369 2147484370 
2147483862 2147483784 2147483860 2147483784 2147483860 2147483863 2147484048 2147484049 2147484054 2147484055 2147484060 2147484061 2147484186 2147484244 2147484245 2147484272 2147484286 2147484287 2147484289 2147484290 2147484369 50 49 52 54 57 53 127 51 133 134 131 132 2147483863 2147484048 2147484049 2147484054 2147484055 2147484060 2147484061 2147484186 2147484244 2147484245 2147484272 2147484286 2147484287 2147484289 2147484290 2147484369 
2147483863 2147483784 2147483860 2147483862 2147483784 2147483860 2147483862 2147484054 2147484055 2147484060 2147484061 2147484186 2147484244 2147484245 2147484272 2147484286 2147484287 2147484369 49 52 54 57 53 127 51 133 134 131 132 50 2147484054 2147484055 2147484060 2147484061 2147484186 2147484244 2147484245 2147484272 2147484286 2147484287 2147484369 
2147483880 2147483784 2147483860 2147483784 2147483860 2147483881 2147483882 2147484186 2147484244 2147484272 2147484305 2147484369 49 52 54 57 127 133 134 131 132 50 2147483881 2147483882 2147484186 2147484244 2147484272 2147484305 2147484369 
2147483881 2147483784 2147483860 2147483880 2147483784 2147483860 2147483880 2147483882 2147484071 2147484072 2147484077 2147484078 2147484083 2147484084 2147484186 2147484244 2147484292 2147484293 2147484295 2147484296 2147484305 2147484369 49 52 54 57 53 127 51 133 134 132 50 2147483882 2147484071 2147484072 2147484077 2147484078 2147484083 2147484084 2147484186 2147484244 2147484292 2147484293 2147484295 2147484296 2147484305 2147484369 
2147483882 2147483784 2147483860 2147483880 2147483881 2147483784 2147483860 2147483880 2147483881 2147484077 2147484078 2147484083 2147484084 2147484186 2147484244 2147484292 2147484293 2147484305 2147484369 49 52 54 57 53 127 51 133 134 132 50 2147484077 2147484078 2147484083 2147484084 2147484186 2147484244 2147484292 2147484293 2147484305 2147484369 
2147483914 2147484186 2147484305 2147484344 2147484347 2147484350 2147484353 2147484395 132 49 52 54 57 53 133 134 2147484186 2147484305 2147484344 2147484347 2147484350 2147484353 2147484395 
2147483932 2147483716 2147483716 2147484186 2147484215 22 23 270 267 268 2147484186 2147484215 
2147483933 2147483716 2147483716 2147484186 2147484215 2147484404 22 24 23 267 268 2147484186 2147484215 2147484404 
2147483934 2147483716 2147483716 2147484186 2147484215 2147484403 22 24 23 267 268 2147484186 2147484215 2147484403 
2147483936 2147483716 2147483716 2147484186 2147484215 2147484397 2147484406 22 23 269 270 267 268 2147484186 2147484215 2147484397 2147484406 
2147483937 2147483716 2147483716 2147484186 2147484400 22 270 267 268 2147484186 2147484400 
2147483938 2147483716 2147483716 2147484186 2147484399 22 270 267 268 2147484186 2147484399 
2147483940 2147483721 2147483721 2147484186 2147484215 22 23 269 268 2147484186 2147484215 
2147483941 2147483721 2147483721 2147484186 2147484215 2147484375 2147484395 22 23 269 270 267 268 2147484186 2147484215 2147484375 2147484395 
2147483942 2147483721 2147483721 2147484186 2147484215 2147484374 2147484395 22 23 269 270 267 268 2147484186 2147484215 2147484374 2147484395 
2147483943 2147483944 2147484186 2147484215 2147484303 2147484372 2147484395 22 25 27 32 26 263 264 265 266 24 23 269 270 267 268 2147483944 2147484186 2147484215 2147484303 2147484372 2147484395 
2147483944 2147483943 2147483943 2147484186 2147484215 2147484372 2147484395 22 23 269 270 267 268 2147484186 2147484215 2147484372 2147484395 
2147483945 2147484186 2147484305 2147484372 2147484379 2147484395 22 24 269 270 267 268 2147484186 2147484305 2147484372 2147484379 2147484395 
2147483946 2147484186 2147484305 2147484372 2147484378 2147484395 22 23 269 270 267 268 2147484186 2147484305 2147484372 2147484378 2147484395 
2147483949 2147483950 2147484186 2147484215 2147484220 2147484221 2147484305 2147484395 2 11 19 5 8 253 254 252 2147483950 2147484186 2147484215 2147484220 2147484221 2147484305 2147484395 
2147483950 2147483949 2147483949 2147484186 2147484215 2147484220 2147484221 2147484305 2147484395 2 11 19 5 8 253 254 252 2147484186 2147484215 2147484220 2147484221 2147484305 2147484395 
2147483954 2147483955 2147484186 2147484215 2147484218 2147484219 2147484305 2147484395 22 25 27 32 23 269 270 268 2147483955 2147484186 2147484215 2147484218 2147484219 2147484305 2147484395 
2147483955 2147483954 2147483954 2147484186 2147484215 2147484218 2147484219 2147484305 2147484395 22 25 27 32 23 269 270 268 2147484186 2147484215 2147484218 2147484219 2147484305 2147484395 
2147483959 2147483960 2147484186 2147484215 2147484216 2147484217 2147484305 2147484395 49 52 54 57 133 134 132 50 2147483960 2147484186 2147484215 2147484216 2147484217 2147484305 2147484395 
2147483960 2147483959 2147483959 2147484186 2147484215 2147484216 2147484217 2147484305 2147484395 49 52 54 57 133 134 132 50 2147484186 2147484215 2147484216 2147484217 2147484305 2147484395 
2147483962 2147483963 2147484186 2147484215 2147484305 2147484395 22 25 23 269 270 268 2147483963 2147484186 2147484215 2147484305 2147484395 
2147483963 2147483962 2147483962 2147484186 2147484215 2147484305 2147484395 22 25 23 269 270 268 2147484186 2147484215 2147484305 2147484395 
2147483964 2147483965 2147484186 2147484215 2147484305 2147484395 49 52 133 134 132 50 2147483965 2147484186 2147484215 2147484305 2147484395 
2147483965 2147483964 2147483964 2147484186 2147484215 2147484305 2147484395 49 52 133 134 132 50 2147484186 2147484215 2147484305 2147484395 
2147483970 2147483784 2147483784 2147484186 2147484244 2147484245 2147484248 2147484272 22 24 23 269 270 267 268 2147484186 2147484244 2147484245 2147484248 2147484272 
2147483973 2147483784 2147483784 2147483974 2147484186 2147484239 2147484240 2147484244 2147484245 2147484272 2 11 19 5 8 253 254 251 252 2147483974 2147484186 2147484239 2147484240 2147484244 2147484245 2147484272 
2147483974 2147483784 2147483973 2147483784 2147483973 2147484186 2147484239 2147484240 2147484244 2147484245 2147484272 2 11 19 5 8 253 254 251 252 2147484186 2147484239 2147484240 2147484244 2147484245 2147484272 
2147483978 2147483784 2147483784 2147483979 2147484186 2147484237 2147484238 2147484244 2147484245 2147484272 22 25 27 32 23 269 270 267 268 2147483979 2147484186 2147484237 2147484238 2147484244 2147484245 2147484272 
2147483979 2147483784 2147483978 2147483784 2147483978 2147484186 2147484237 2147484238 2147484244 2147484245 2147484272 22 25 27 32 23 269 270 267 268 2147484186 2147484237 2147484238 2147484244 2147484245 2147484272 
2147483983 2147483784 2147483784 2147483984 2147484186 2147484235 2147484236 2147484244 2147484245 2147484272 49 52 54 57 133 134 131 132 50 2147483984 2147484186 2147484235 2147484236 2147484244 2147484245 2147484272 
2147483984 2147483784 2147483983 2147483784 2147483983 2147484186 2147484235 2147484236 2147484244 2147484245 2147484272 49 52 54 57 133 134 131 132 50 2147484186 2147484235 2147484236 2147484244 2147484245 2147484272 
2147483986 2147483784 2147483784 2147483987 2147484186 2147484244 2147484245 2147484272 22 25 23 269 270 267 268 2147483987 2147484186 2147484244 2147484245 2147484272 
2147483987 2147483784 2147483986 2147483784 2147483986 2147484186 2147484244 2147484245 2147484272 22 25 23 269 270 267 268 2147484186 2147484244 2147484245 2147484272 
2147483990 2147483784 2147483784 2147484186 2147484244 2147484245 2147484248 2147484272 22 24 23 269 270 267 268 2147484186 2147484244 2147484245 2147484248 2147484272 
2147483992 2147483784 2147483784 2147483993 2147484186 2147484244 2147484245 2147484272 49 52 133 134 131 132 50 2147483993 2147484186 2147484244 2147484245 2147484272 
2147483993 2147483784 2147483992 2147483784 2147483992 2147484186 2147484244 2147484245 2147484272 49 52 133 134 131 132 50 2147484186 2147484244 2147484245 2147484272 
2147483996 2147483784 2147483784 2147484186 2147484244 2147484245 2147484248 2147484272 22 24 23 269 270 267 268 2147484186 2147484244 2147484245 2147484248 2147484272 
2147483999 2147483784 2147483784 2147484000 2147484186 2147484244 2147484245 2147484258 2147484259 2147484272 2 11 19 5 8 253 254 251 252 2147484000 2147484186 2147484244 2147484245 2147484258 2147484259 2147484272 
2147484000 2147483784 2147483999 2147483784 2147483999 2147484186 2147484244 2147484245 2147484258 2147484259 2147484272 2 11 19 5 8 253 254 251 252 2147484186 2147484244 2147484245 2147484258 2147484259 2147484272 
2147484004 2147483784 2147483784 2147484005 2147484186 2147484244 2147484245 2147484256 2147484257 2147484272 22 25 27 32 23 269 270 267 268 2147484005 2147484186 2147484244 2147484245 2147484256 2147484257 2147484272 
2147484005 2147483784 2147484004 2147483784 2147484004 2147484186 2147484244 2147484245 2147484256 2147484257 2147484272 22 25 27 32 23 269 270 267 268 2147484186 2147484244 2147484245 2147484256 2147484257 2147484272 
2147484009 2147483784 2147483784 2147484010 2147484186 2147484244 2147484245 2147484254 2147484255 2147484272 49 52 54 57 133 134 131 132 50 2147484010 2147484186 2147484244 2147484245 2147484254 2147484255 2147484272 
2147484010 2147483784 2147484009 2147483784 2147484009 2147484186 2147484244 2147484245 2147484254 2147484255 2147484272 49 52 54 57 133 134 131 132 50 2147484186 2147484244 2147484245 2147484254 2147484255 2147484272 
2147484012 2147483784 2147483784 2147484013 2147484186 2147484244 2147484245 2147484272 22 25 23 269 270 267 268 2147484013 2147484186 2147484244 2147484245 2147484272 
2147484013 2147483784 2147484012 2147483784 2147484012 2147484186 2147484244 2147484245 2147484272 22 25 23 269 270 267 268 2147484186 2147484244 2147484245 2147484272 
2147484016 2147483784 2147483784 2147484186 2147484244 2147484245 2147484248 2147484272 22 24 23 269 270 267 268 2147484186 2147484244 2147484245 2147484248 2147484272 
2147484019 2147483784 2147483784 2147484020 2147484186 2147484244 2147484245 2147484268 2147484269 2147484272 2 11 19 5 8 253 254 251 252 2147484020 2147484186 2147484244 2147484245 2147484268 2147484269 2147484272 
2147484020 2147483784 2147484019 2147483784 2147484019 2147484186 2147484244 2147484245 2147484268 2147484269 2147484272 2 11 19 5 8 253 254 251 252 2147484186 2147484244 2147484245 2147484268 2147484269 2147484272 
2147484024 2147483784 2147483784 2147484025 2147484186 2147484244 2147484245 2147484266 2147484267 2147484272 22 25 27 32 23 269 270 267 268 2147484025 2147484186 2147484244 2147484245 2147484266 2147484267 2147484272 
2147484025 2147483784 2147484024 2147483784 2147484024 2147484186 2147484244 2147484245 2147484266 2147484267 2147484272 22 25 27 32 23 269 270 267 268 2147484186 2147484244 2147484245 2147484266 2147484267 2147484272 
2147484029 2147483784 2147483784 2147484030 2147484186 2147484244 2147484245 2147484264 2147484265 2147484272 49 52 54 57 133 134 131 132 50 2147484030 2147484186 2147484244 2147484245 2147484264 2147484265 2147484272 
2147484030 2147483784 2147484029 2147483784 2147484029 2147484186 2147484244 2147484245 2147484264 2147484265 2147484272 49 52 54 57 133 134 131 132 50 2147484186 2147484244 2147484245 2147484264 2147484265 2147484272 
2147484032 2147483784 2147483784 2147484033 2147484186 2147484244 2147484245 2147484272 22 25 23 269 270 267 268 2147484033 2147484186 2147484244 2147484245 2147484272 
2147484033 2147483784 2147484032 2147483784 2147484032 2147484186 2147484244 2147484245 2147484272 22 25 23 269 270 267 268 2147484186 2147484244 2147484245 2147484272 
2147484034 2147483784 2147483784 2147484035 2147484186 2147484244 2147484245 2147484272 49 52 133 134 131 132 50 2147484035 2147484186 2147484244 2147484245 2147484272 
2147484035 2147483784 2147484034 2147483784 2147484034 2147484186 2147484244 2147484245 2147484272 49 52 133 134 131 132 50 2147484186 2147484244 2147484245 2147484272 
2147484038 2147483784 2147483784 2147484039 2147484186 2147484244 2147484245 2147484272 49 52 133 134 131 132 50 2147484039 2147484186 2147484244 2147484245 2147484272 
2147484039 2147483784 2147484038 2147483784 2147484038 2147484186 2147484244 2147484245 2147484272 49 52 133 134 131 132 50 2147484186 2147484244 2147484245 2147484272 
2147484048 2147483784 2147483860 2147483862 2147483784 2147483860 2147483862 2147484049 2147484186 2147484244 2147484272 2147484289 2147484290 2147484369 2 11 19 61 18 247 5 8 254 251 252 2147484049 2147484186 2147484244 2147484272 2147484289 2147484290 2147484369 
2147484049 2147483784 2147483860 2147483862 2147484048 2147483784 2147483860 2147483862 2147484048 2147484186 2147484244 2147484272 2147484289 2147484290 2147484369 2 11 19 61 18 247 5 8 254 251 252 2147484186 2147484244 2147484272 2147484289 2147484290 2147484369 
2147484054 2147483784 2147483860 2147483862 2147483863 2147483784 2147483860 2147483862 2147483863 2147484055 2147484186 2147484244 2147484272 2147484287 2147484369 22 25 27 32 26 263 24 23 270 267 268 2147484055 2147484186 2147484244 2147484272 2147484287 2147484369 
2147484055 2147483784 2147483860 2147483862 2147483863 2147484054 2147483784 2147483860 2147483862 2147483863 2147484054 2147484186 2147484244 2147484272 2147484287 2147484369 22 25 27 32 26 263 24 23 270 267 268 2147484186 2147484244 2147484272 2147484287 2147484369 
2147484060 2147483784 2147483860 2147483862 2147483863 2147483784 2147483860 2147483862 2147483863 2147484061 2147484186 2147484244 2147484272 2147484286 2147484369 49 52 54 57 53 127 51 134 131 132 50 2147484061 2147484186 2147484244 2147484272 2147484286 2147484369 
2147484061 2147483784 2147483860 2147483862 2147483863 2147484060 2147483784 2147483860 2147483862 2147483863 2147484060 2147484186 2147484244 2147484272 2147484286 2147484369 49 52 54 57 53 127 51 134 131 132 50 2147484186 2147484244 2147484272 2147484286 2147484369 
2147484071 2147483784 2147483860 2147483881 2147483784 2147483860 2147483881 2147484072 2147484186 2147484244 2147484295 2147484296 2147484305 2147484369 2 11 19 61 18 247 5 8 253 254 252 2147484072 2147484186 2147484244 2147484295 2147484296 2147484305 2147484369 
2147484072 2147483784 2147483860 2147483881 2147484071 2147483784 2147483860 2147483881 2147484071 2147484186 2147484244 2147484295 2147484296 2147484305 2147484369 2 11 19 61 18 247 5 8 253 254 252 2147484186 2147484244 2147484295 2147484296 2147484305 2147484369 
2147484077 2147483784 2147483860 2147483881 2147483882 2147483784 2147483860 2147483881 2147483882 2147484078 2147484186 2147484244 2147484293 2147484305 2147484369 22 25 27 32 26 263 24 23 269 270 268 2147484078 2147484186 2147484244 2147484293 2147484305 2147484369 
2147484078 2147483784 2147483860 2147483881 2147483882 2147484077 2147483784 2147483860 2147483881 2147483882 2147484077 2147484186 2147484244 2147484293 2147484305 2147484369 22 25 27 32 26 263 24 23 269 270 268 2147484186 2147484244 2147484293 2147484305 2147484369 
2147484083 2147483784 2147483860 2147483881 2147483882 2147483784 2147483860 2147483881 2147483882 2147484084 2147484186 2147484244 2147484292 2147484305 2147484369 49 52 54 57 53 127 51 133 134 132 50 2147484084 2147484186 2147484244 2147484292 2147484305 2147484369 
2147484084 2147483784 2147483860 2147483881 2147483882 2147484083 2147483784 2147483860 2147483881 2147483882 2147484083 2147484186 2147484244 2147484292 2147484305 2147484369 49 52 54 57 53 127 51 133 134 132 50 2147484186 2147484244 2147484292 2147484305 2147484369 
2147484088 2147483784 2147483860 2147483784 2147483860 2147484186 2147484305 2147484369 49 52 127 133 134 132 2147484186 2147484305 2147484369 
2147484098 2147483784 2147483784 2147484186 2147484305 134 49 133 132 2147484186 2147484305 
2147484106 2147484186 2147484305 2147484345 2147484395 132 49 52 133 134 2147484186 2147484305 2147484345 2147484395 
2147484114 2147483842 2147483842 2147484186 2147484273 2147484277 2147484278 22 23 269 270 267 268 2147484186 2147484273 2147484277 2147484278 
2147484117 2147483842 2147483842 2147484118 2147484186 2147484273 2147484277 2147484278 2147484283 2147484284 2 11 19 5 8 253 254 251 252 2147484118 2147484186 2147484273 2147484277 2147484278 2147484283 2147484284 
2147484118 2147483842 2147484117 2147483842 2147484117 2147484186 2147484273 2147484277 2147484278 2147484283 2147484284 2 11 19 5 8 253 254 251 252 2147484186 2147484273 2147484277 2147484278 2147484283 2147484284 
2147484122 2147483842 2147483842 2147484123 2147484186 2147484273 2147484277 2147484278 2147484281 2147484282 22 25 27 32 23 269 270 267 268 2147484123 2147484186 2147484273 2147484277 2147484278 2147484281 2147484282 
2147484123 2147483842 2147484122 2147483842 2147484122 2147484186 2147484273 2147484277 2147484278 2147484281 2147484282 22 25 27 32 23 269 270 267 268 2147484186 2147484273 2147484277 2147484278 2147484281 2147484282 
2147484127 2147483844 2147483844 2147484128 2147484186 2147484273 2147484277 2147484278 2147484279 2147484280 49 52 54 57 53 133 134 132 50 2147484128 2147484186 2147484273 2147484277 2147484278 2147484279 2147484280 
2147484128 2147483844 2147484127 2147483844 2147484127 2147484186 2147484273 2147484277 2147484278 2147484279 2147484280 49 52 54 57 53 133 134 132 50 2147484186 2147484273 2147484277 2147484278 2147484279 2147484280 
2147484131 2147484186 2147484273 2147484276 57 53 51 134 132 2147484186 2147484273 2147484276 
2147484132 2147484186 2147484273 2147484276 22 24 270 268 2147484186 2147484273 2147484276 
2147484133 2147484134 2147484186 2147484273 2147484276 2147484310 22 25 27 24 270 268 2147484134 2147484186 2147484273 2147484276 2147484310 
2147484134 2147484133 2147484133 2147484186 2147484273 2147484276 2147484310 22 25 27 24 270 268 2147484186 2147484273 2147484276 2147484310 
2147484135 2147484186 2147484273 2147484276 49 51 134 132 2147484186 2147484273 2147484276 
2147484137 2147484186 2147484273 2147484275 57 53 51 134 132 2147484186 2147484273 2147484275 
2147484138 2147484186 2147484273 2147484275 22 24 270 268 2147484186 2147484273 2147484275 
2147484139 2147484140 2147484186 2147484273 2147484275 2147484309 49 52 54 51 134 132 2147484140 2147484186 2147484273 2147484275 2147484309 
2147484140 2147484139 2147484139 2147484186 2147484273 2147484275 2147484309 49 52 54 51 134 132 2147484186 2147484273 2147484275 2147484309 
2147484141 2147484186 2147484273 2147484275 49 51 134 132 2147484186 2147484273 2147484275 
2147484151 2147483679 2147483679 2147484186 2147484192 2147484195 2147484196 22 23 269 270 267 268 2147484186 2147484192 2147484195 2147484196 
2147484154 2147483679 2147483679 2147484155 2147484186 2147484192 2147484195 2147484196 2147484201 2147484202 2 11 19 5 8 253 254 251 252 2147484155 2147484186 2147484192 2147484195 2147484196 2147484201 2147484202 
2147484155 2147483679 2147484154 2147483679 2147484154 2147484186 2147484192 2147484195 2147484196 2147484201 2147484202 2 11 19 5 8 253 254 251 252 2147484186 2147484192 2147484195 2147484196 2147484201 2147484202 
2147484159 2147483679 2147483679 2147484160 2147484186 2147484192 2147484195 2147484196 2147484199 2147484200 22 25 27 32 23 269 270 267 268 2147484160 2147484186 2147484192 2147484195 2147484196 2147484199 2147484200 
2147484160 2147483679 2147484159 2147483679 2147484159 2147484186 2147484192 2147484195 2147484196 2147484199 2147484200 22 25 27 32 23 269 270 267 268 2147484186 2147484192 2147484195 2147484196 2147484199 2147484200 
2147484164 2147483681 2147483681 2147484165 2147484186 2147484192 2147484195 2147484196 2147484197 2147484198 49 52 54 57 53 133 134 131 132 2147484165 2147484186 2147484192 2147484195 2147484196 2147484197 2147484198 
2147484165 2147483681 2147484164 2147483681 2147484164 2147484186 2147484192 2147484195 2147484196 2147484197 2147484198 49 52 54 57 53 133 134 131 132 2147484186 2147484192 2147484195 2147484196 2147484197 2147484198 
2147484168 2147484186 2147484192 2147484194 57 53 51 134 132 2147484186 2147484192 2147484194 
2147484169 2147484186 2147484192 2147484194 22 24 270 268 2147484186 2147484192 2147484194 
2147484170 2147484171 2147484186 2147484192 2147484194 2147484308 22 25 27 24 270 268 2147484171 2147484186 2147484192 2147484194 2147484308 
2147484171 2147484170 2147484170 2147484186 2147484192 2147484194 2147484308 22 25 27 24 270 268 2147484186 2147484192 2147484194 2147484308 
2147484172 2147484186 2147484192 2147484194 49 51 134 132 2147484186 2147484192 2147484194 
2147484174 2147484186 2147484192 2147484193 57 53 51 134 132 2147484186 2147484192 2147484193 
2147484175 2147484186 2147484192 2147484193 22 24 270 268 2147484186 2147484192 2147484193 
2147484176 2147484177 2147484186 2147484192 2147484193 2147484307 49 52 54 51 134 132 2147484177 2147484186 2147484192 2147484193 2147484307 
2147484177 2147484176 2147484176 2147484186 2147484192 2147484193 2147484307 49 52 54 51 134 132 2147484186 2147484192 2147484193 2147484307 
2147484178 2147484186 2147484192 2147484193 49 51 134 132 2147484186 2147484192 2147484193 
2147484186 2147483679 2147483681 2147483716 2147483721 2147483784 2147483842 2147483844 2147483860 2147483862 2147483863 2147483880 2147483881 2147483882 2147483914 2147483932 2147483933 2147483934 2147483936 2147483937 2147483938 2147483940 2147483941 2147483942 2147483943 2147483944 2147483945 2147483946 2147483949 2147483950 2147483954 2147483955 2147483959 2147483960 2147483962 2147483963 2147483964 2147483965 2147483970 2147483973 2147483974 2147483978 2147483979 2147483983 2147483984 2147483986 2147483987 2147483990 2147483992 2147483993 2147483996 2147483999 2147484000 2147484004 2147484005 2147484009 2147484010 2147484012 2147484013 2147484016 2147484019 2147484020 2147484024 2147484025 2147484029 2147484030 2147484032 2147484033 2147484034 2147484035 2147484038 2147484039 2147484048 2147484049 2147484054 2147484055 2147484060 2147484061 2147484071 2147484072 2147484077 2147484078 2147484083 2147484084 2147484088 2147484098 2147484106 2147484114 2147484117 2147484118 2147484122 2147484123 2147484127 2147484128 2147484131 2147484132 2147484133 2147484134 2147484135 2147484137 2147484138 2147484139 2147484140 2147484141 2147484151 2147484154 2147484155 2147484159 2147484160 2147484164 2147484165 2147484168 2147484169 2147484170 2147484171 2147484172 2147484174 2147484175 2147484176 2147484177 2147484178 2147483679 2147483681 2147483716 2147483721 2147483784 2147483842 2147483844 2147483860 2147483862 2147483863 2147483880 2147483881 2147483882 2147483914 2147483932 2147483933 2147483934 2147483936 2147483937 2147483938 2147483940 2147483941 2147483942 2147483943 2147483944 2147483945 2147483946 2147483949 2147483950 2147483954 2147483955 2147483959 2147483960 2147483962 2147483963 2147483964 2147483965 2147483970 2147483973 2147483974 2147483978 2147483979 2147483983 2147483984 2147483986 2147483987 2147483990 2147483992 2147483993 2147483996 2147483999 2147484000 2147484004 2147484005 2147484009 2147484010 2147484012 2147484013 2147484016 2147484019 2147484020 2147484024 2147484025 2147484029 2147484030 2147484032 2147484033 2147484034 2147484035 2147484038 2147484039 2147484048 2147484049 2147484054 2147484055 2147484060 2147484061 2147484071 2147484072 2147484077 2147484078 2147484083 2147484084 2147484088 2147484098 2147484106 2147484114 2147484117 2147484118 2147484122 2147484123 2147484127 2147484128 2147484131 2147484132 2147484133 2147484134 2147484135 2147484137 2147484138 2147484139 2147484140 2147484141 2147484151 2147484154 2147484155 2147484159 2147484160 2147484164 2147484165 2147484168 2147484169 2147484170 2147484171 2147484172 2147484174 2147484175 2147484176 2147484177 2147484178 2147484192 2147484193 2147484194 2147484195 2147484196 2147484197 2147484198 2147484199 2147484200 2147484201 2147484202 2147484215 2147484216 2147484217 2147484218 2147484219 2147484220 2147484221 2147484235 2147484236 2147484237 2147484238 2147484239 2147484240 2147484244 2147484245 2147484248 2147484254 2147484255 2147484256 2147484257 2147484258 2147484259 2147484264 2147484265 2147484266 2147484267 2147484268 2147484269 2147484272 2147484273 2147484275 2147484276 2147484277 2147484278 2147484279 2147484280 2147484281 2147484282 2147484283 2147484284 2147484286 2147484287 2147484289 2147484290 2147484292 2147484293 2147484295 2147484296 2147484297 2147484300 2147484301 2147484302 2147484303 2147484305 2147484306 2147484307 2147484308 2147484309 2147484310 2147484311 2147484312 2147484313 2147484314 2147484315 2147484316 2147484317 2147484318 2147484319 2147484320 2147484321 2147484322 2147484323 2147484324 2147484325 2147484326 2147484327 2147484329 2147484330 2147484331 2147484333 2147484334 2147484335 2147484336 2147484337 2147484338 2147484340 2147484342 2147484344 2147484345 2147484347 2147484348 2147484350 2147484353 2147484356 2147484357 2147484358 2147484361 2147484362 2147484365 2147484366 2147484369 2147484370 2147484372 2147484373 2147484374 2147484375 2147484377 2147484378 2147484379 2147484383 2147484385 2147484387 2147484389 2147484391 2147484392 2147484395 2147484396 2147484397 2147484398 2147484399 2147484400 2147484403 2147484404 2147484406 2147484407 2147484410 2147484411 57 53 49 134 52 54 127 128 129 130 51 133 131 132 50 2147484192 2147484193 2147484194 2147484195 2147484196 2147484197 2147484198 2147484199 2147484200 2147484201 2147484202 2147484215 2147484216 2147484217 2147484218 2147484219 2147484220 2147484221 2147484235 2147484236 2147484237 2147484238 2147484239 2147484240 2147484244 2147484245 2147484248 2147484254 2147484255 2147484256 2147484257 2147484258 2147484259 2147484264 2147484265 2147484266 2147484267 2147484268 2147484269 2147484272 2147484273 2147484275 2147484276 2147484277 2147484278 2147484279 2147484280 2147484281 2147484282 2147484283 2147484284 2147484286 2147484287 2147484289 2147484290 2147484292 2147484293 2147484295 2147484296 2147484297 2147484300 2147484301 2147484302 2147484303 2147484305 2147484306 2147484307 2147484308 2147484309 2147484310 2147484311 2147484312 2147484313 2147484314 2147484315 2147484316 2147484317 2147484318 2147484319 2147484320 2147484321 2147484322 2147484323 2147484324 2147484325 2147484326 2147484327 2147484329 2147484330 2147484331 2147484333 2147484334 2147484335 2147484336 2147484337 2147484338 2147484340 2147484342 2147484344 2147484345 2147484347 2147484348 2147484350 2147484353 2147484356 2147484357 2147484358 2147484361 2147484362 2147484365 2147484366 2147484369 2147484370 2147484372 2147484373 2147484374 2147484375 2147484377 2147484378 2147484379 2147484383 2147484385 2147484387 2147484389 2147484391 2147484392 2147484395 2147484396 2147484397 2147484398 2147484399 2147484400 2147484403 2147484404 2147484406 2147484407 2147484410 2147484411 
2147484192 2147483679 2147483681 2147484151 2147484154 2147484155 2147484159 2147484160 2147484164 2147484165 2147484168 2147484169 2147484170 2147484171 2147484172 2147484174 2147484175 2147484176 2147484177 2147484178 2147484186 2147483679 2147483681 2147484151 2147484154 2147484155 2147484159 2147484160 2147484164 2147484165 2147484168 2147484169 2147484170 2147484171 2147484172 2147484174 2147484175 2147484176 2147484177 2147484178 2147484186 2147484193 2147484194 2147484195 2147484196 2147484197 2147484198 2147484199 2147484200 2147484201 2147484202 2147484305 2147484307 2147484308 2147484311 2147484315 2147484316 2147484317 2147484321 2147484333 2147484383 2147484385 2147484387 133 49 52 54 57 53 127 128 129 130 51 134 131 132 50 2147484193 2147484194 2147484195 2147484196 2147484197 2147484198 2147484199 2147484200 2147484201 2147484202 2147484305 2147484307 2147484308 2147484311 2147484315 2147484316 2147484317 2147484321 2147484333 2147484383 2147484385 2147484387 
2147484193 2147484174 2147484175 2147484176 2147484177 2147484178 2147484186 2147484192 2147484174 2147484175 2147484176 2147484177 2147484178 2147484186 2147484192 2147484307 2147484315 53 49 52 54 57 127 128 129 130 51 134 132 2147484307 2147484315 
2147484194 2147484168 2147484169 2147484170 2147484171 2147484172 2147484186 2147484192 2147484168 2147484169 2147484170 2147484171 2147484172 2147484186 2147484192 2147484308 2147484316 53 49 52 54 57 127 128 129 130 51 134 132 2147484308 2147484316 
2147484195 2147483679 2147483681 2147484151 2147484154 2147484155 2147484159 2147484160 2147484164 2147484165 2147484186 2147484192 2147483679 2147483681 2147484151 2147484154 2147484155 2147484159 2147484160 2147484164 2147484165 2147484186 2147484192 2147484196 2147484197 2147484198 2147484199 2147484200 2147484201 2147484202 2147484317 2147484333 49 52 54 57 53 127 128 129 130 51 133 134 131 132 50 2147484196 2147484197 2147484198 2147484199 2147484200 2147484201 2147484202 2147484317 2147484333 
2147484196 2147483679 2147483681 2147484151 2147484154 2147484155 2147484159 2147484160 2147484164 2147484165 2147484186 2147484192 2147484195 2147483679 2147483681 2147484151 2147484154 2147484155 2147484159 2147484160 2147484164 2147484165 2147484186 2147484192 2147484195 2147484197 2147484198 2147484199 2147484200 2147484201 2147484202 2147484317 53 50 134 49 52 54 57 127 128 129 130 51 133 131 132 2147484197 2147484198 2147484199 2147484200 2147484201 2147484202 2147484317 
2147484197 2147483681 2147484164 2147484165 2147484186 2147484192 2147484195 2147484196 2147483681 2147484164 2147484165 2147484186 2147484192 2147484195 2147484196 2147484198 49 52 54 57 53 133 134 131 132 2147484198 
2147484198 2147483681 2147484164 2147484165 2147484186 2147484192 2147484195 2147484196 2147484197 2147483681 2147484164 2147484165 2147484186 2147484192 2147484195 2147484196 2147484197 49 52 54 57 53 133 134 131 132 
2147484199 2147483679 2147484159 2147484160 2147484186 2147484192 2147484195 2147484196 2147483679 2147484159 2147484160 2147484186 2147484192 2147484195 2147484196 2147484200 49 52 54 57 133 134 131 132 50 2147484200 
2147484200 2147483679 2147484159 2147484160 2147484186 2147484192 2147484195 2147484196 2147484199 2147483679 2147484159 2147484160 2147484186 2147484192 2147484195 2147484196 2147484199 49 52 54 57 133 134 131 132 50 
2147484201 2147483679 2147484154 2147484155 2147484186 2147484192 2147484195 2147484196 2147483679 2147484154 2147484155 2147484186 2147484192 2147484195 2147484196 2147484202 49 52 54 51 133 134 131 132 50 2147484202 
2147484202 2147483679 2147484154 2147484155 2147484186 2147484192 2147484195 2147484196 2147484201 2147483679 2147484154 2147484155 2147484186 2147484192 2147484195 2147484196 2147484201 49 52 54 51 133 134 131 132 50 
2147484215 2147483716 2147483721 2147483932 2147483933 2147483934 2147483936 2147483940 2147483941 2147483942 2147483943 2147483944 2147483949 2147483950 2147483954 2147483955 2147483959 2147483960 2147483962 2147483963 2147483964 2147483965 2147484186 2147483716 2147483721 2147483932 2147483933 2147483934 2147483936 2147483940 2147483941 2147483942 2147483943 2147483944 2147483949 2147483950 2147483954 2147483955 2147483959 2147483960 2147483962 2147483963 2147483964 2147483965 2147484186 2147484216 2147484217 2147484218 2147484219 2147484220 2147484221 2147484300 2147484301 2147484302 2147484303 2147484305 2147484372 2147484373 2147484374 2147484375 2147484377 2147484391 2147484392 2147484395 2147484396 2147484397 2147484398 2147484403 2147484404 2147484406 2147484407 2147484410 53 57 131 49 52 54 127 128 129 130 51 133 134 132 50 2147484216 2147484217 2147484218 2147484219 2147484220 2147484221 2147484300 2147484301 2147484302 2147484303 2147484305 2147484372 2147484373 2147484374 2147484375 2147484377 2147484391 2147484392 2147484395 2147484396 2147484397 2147484398 2147484403 2147484404 2147484406 2147484407 2147484410 
2147484216 2147483959 2147483960 2147484186 2147484215 2147483959 2147483960 2147484186 2147484215 2147484217 2147484305 2147484395 49 52 54 57 133 134 132 50 2147484217 2147484305 2147484395 
2147484217 2147483959 2147483960 2147484186 2147484215 2147484216 2147483959 2147483960 2147484186 2147484215 2147484216 2147484305 2147484395 49 52 54 57 133 134 132 50 2147484305 2147484395 
2147484218 2147483954 2147483955 2147484186 2147484215 2147483954 2147483955 2147484186 2147484215 2147484219 2147484305 2147484395 49 52 54 57 133 134 132 50 2147484219 2147484305 2147484395 
2147484219 2147483954 2147483955 2147484186 2147484215 2147484218 2147483954 2147483955 2147484186 2147484215 2147484218 2147484305 2147484395 49 52 54 57 133 134 132 50 2147484305 2147484395 
2147484220 2147483949 2147483950 2147484186 2147484215 2147483949 2147483950 2147484186 2147484215 2147484221 2147484305 2147484395 49 52 54 51 133 134 132 50 2147484221 2147484305 2147484395 
2147484221 2147483949 2147483950 2147484186 2147484215 2147484220 2147483949 2147483950 2147484186 2147484215 2147484220 2147484305 2147484395 49 52 54 51 133 134 132 50 2147484305 2147484395 
2147484235 2147483784 2147483983 2147483984 2147484186 2147483784 2147483983 2147483984 2147484186 2147484236 2147484244 2147484245 2147484272 49 52 54 57 133 134 131 132 50 2147484236 2147484244 2147484245 2147484272 
2147484236 2147483784 2147483983 2147483984 2147484186 2147484235 2147483784 2147483983 2147483984 2147484186 2147484235 2147484244 2147484245 2147484272 49 52 54 57 133 134 131 132 50 2147484244 2147484245 2147484272 
2147484237 2147483784 2147483978 2147483979 2147484186 2147483784 2147483978 2147483979 2147484186 2147484238 2147484244 2147484245 2147484272 49 52 54 57 133 134 131 132 50 2147484238 2147484244 2147484245 2147484272 
2147484238 2147483784 2147483978 2147483979 2147484186 2147484237 2147483784 2147483978 2147483979 2147484186 2147484237 2147484244 2147484245 2147484272 49 52 54 57 133 134 131 132 50 2147484244 2147484245 2147484272 
2147484239 2147483784 2147483973 2147483974 2147484186 2147483784 2147483973 2147483974 2147484186 2147484240 2147484244 2147484245 2147484272 49 52 54 51 133 134 131 132 50 2147484240 2147484244 2147484245 2147484272 
2147484240 2147483784 2147483973 2147483974 2147484186 2147484239 2147483784 2147483973 2147483974 2147484186 2147484239 2147484244 2147484245 2147484272 49 52 54 51 133 134 131 132 50 2147484244 2147484245 2147484272 
2147484244 2147483784 2147483860 2147483862 2147483863 2147483880 2147483881 2147483882 2147483970 2147483973 2147483974 2147483978 2147483979 2147483983 2147483984 2147483986 2147483987 2147483990 2147483992 2147483993 2147483996 2147483999 2147484000 2147484004 2147484005 2147484009 2147484010 2147484012 2147484013 2147484016 2147484019 2147484020 2147484024 2147484025 2147484029 2147484030 2147484032 2147484033 2147484034 2147484035 2147484038 2147484039 2147484048 2147484049 2147484054 2147484055 2147484060 2147484061 2147484071 2147484072 2147484077 2147484078 2147484083 2147484084 2147484186 2147484235 2147484236 2147484237 2147484238 2147484239 2147484240 2147483784 2147483860 2147483862 2147483863 2147483880 2147483881 2147483882 2147483970 2147483973 2147483974 2147483978 2147483979 2147483983 2147483984 2147483986 2147483987 2147483990 2147483992 2147483993 2147483996 2147483999 2147484000 2147484004 2147484005 2147484009 2147484010 2147484012 2147484013 2147484016 2147484019 2147484020 2147484024 2147484025 2147484029 2147484030 2147484032 2147484033 2147484034 2147484035 2147484038 2147484039 2147484048 2147484049 2147484054 2147484055 2147484060 2147484061 2147484071 2147484072 2147484077 2147484078 2147484083 2147484084 2147484186 2147484235 2147484236 2147484237 2147484238 2147484239 2147484240 2147484245 2147484248 2147484254 2147484255 2147484256 2147484257 2147484258 2147484259 2147484264 2147484265 2147484266 2147484267 2147484268 2147484269 2147484272 2147484286 2147484287 2147484289 2147484290 2147484292 2147484293 2147484295 2147484296 2147484305 2147484306 2147484314 2147484322 2147484323 2147484326 2147484327 2147484329 2147484331 2147484335 2147484336 2147484337 2147484338 2147484361 2147484366 2147484369 53 49 52 54 57 127 128 129 130 51 133 134 131 132 50 2147484245 2147484248 2147484254 2147484255 2147484256 2147484257 2147484258 2147484259 2147484264 2147484265 2147484266 2147484267 2147484268 2147484269 2147484272 2147484286 2147484287 2147484289 2147484290 2147484292 2147484293 2147484295 2147484296 2147484305 2147484306 2147484314 2147484322 2147484323 2147484326 2147484327 2147484329 2147484331 2147484335 2147484336 2147484337 2147484338 2147484361 2147484366 2147484369 
2147484245 2147483784 2147483860 2147483862 2147483863 2147483970 2147483973 2147483974 2147483978 2147483979 2147483983 2147483984 2147483986 2147483987 2147483990 2147483992 2147483993 2147483996 2147483999 2147484000 2147484004 2147484005 2147484009 2147484010 2147484012 2147484013 2147484016 2147484019 2147484020 2147484024 2147484025 2147484029 2147484030 2147484032 2147484033 2147484034 2147484035 2147484038 2147484039 2147484186 2147484235 2147484236 2147484237 2147484238 2147484239 2147484240 2147484244 2147483784 2147483860 2147483862 2147483863 2147483970 2147483973 2147483974 2147483978 2147483979 2147483983 2147483984 2147483986 2147483987 2147483990 2147483992 2147483993 2147483996 2147483999 2147484000 2147484004 2147484005 2147484009 2147484010 2147484012 2147484013 2147484016 2147484019 2147484020 2147484024 2147484025 2147484029 2147484030 2147484032 2147484033 2147484034 2147484035 2147484038 2147484039 2147484186 2147484235 2147484236 2147484237 2147484238 2147484239 2147484240 2147484244 2147484248 2147484254 2147484255 2147484256 2147484257 2147484258 2147484259 2147484264 2147484265 2147484266 2147484267 2147484268 2147484269 2147484272 2147484306 2147484314 2147484322 2147484323 2147484326 2147484327 2147484329 2147484331 2147484335 2147484336 2147484337 2147484338 2147484361 2147484369 49 52 54 57 53 127 128 129 130 51 133 134 131 132 50 2147484248 2147484254 2147484255 2147484256 2147484257 2147484258 2147484259 2147484264 2147484265 2147484266 2147484267 2147484268 2147484269 2147484272 2147484306 2147484314 2147484322 2147484323 2147484326 2147484327 2147484329 2147484331 2147484335 2147484336 2147484337 2147484338 2147484361 2147484369 
2147484248 2147483784 2147483970 2147483990 2147483996 2147484016 2147484186 2147484244 2147484245 2147483784 2147483970 2147483990 2147483996 2147484016 2147484186 2147484244 2147484245 2147484272 2147484306 2147484314 2147484326 2147484327 2147484329 2147484331 2147484337 2147484338 2147484361 2147484366 2147484369 22 25 27 32 26 263 264 265 266 24 23 269 270 267 268 2147484272 2147484306 2147484314 2147484326 2147484327 2147484329 2147484331 2147484337 2147484338 2147484361 2147484366 2147484369 
2147484254 2147483784 2147484009 2147484010 2147484186 2147484244 2147484245 2147483784 2147484009 2147484010 2147484186 2147484244 2147484245 2147484255 2147484272 49 52 54 57 133 134 131 132 50 2147484255 2147484272 
2147484255 2147483784 2147484009 2147484010 2147484186 2147484244 2147484245 2147484254 2147483784 2147484009 2147484010 2147484186 2147484244 2147484245 2147484254 2147484272 49 52 54 57 133 134 131 132 50 2147484272 
2147484256 2147483784 2147484004 2147484005 2147484186 2147484244 2147484245 2147483784 2147484004 2147484005 2147484186 2147484244 2147484245 2147484257 2147484272 49 52 54 57 133 134 131 132 50 2147484257 2147484272 
2147484257 2147483784 2147484004 2147484005 2147484186 2147484244 2147484245 2147484256 2147483784 2147484004 2147484005 2147484186 2147484244 2147484245 2147484256 2147484272 49 52 54 57 133 134 131 132 50 2147484272 
2147484258 2147483784 2147483999 2147484000 2147484186 2147484244 2147484245 2147483784 2147483999 2147484000 2147484186 2147484244 2147484245 2147484259 2147484272 49 52 54 51 133 134 131 132 50 2147484259 2147484272 
2147484259 2147483784 2147483999 2147484000 2147484186 2147484244 2147484245 2147484258 2147483784 2147483999 2147484000 2147484186 2147484244 2147484245 2147484258 2147484272 49 52 54 51 133 134 131 132 50 2147484272 
2147484264 2147483784 2147484029 2147484030 2147484186 2147484244 2147484245 2147483784 2147484029 2147484030 2147484186 2147484244 2147484245 2147484265 2147484272 49 52 54 57 133 134 131 132 50 2147484265 2147484272 
2147484265 2147483784 2147484029 2147484030 2147484186 2147484244 2147484245 2147484264 2147483784 2147484029 2147484030 2147484186 2147484244 2147484245 2147484264 2147484272 49 52 54 57 133 134 131 132 50 2147484272 
2147484266 2147483784 2147484024 2147484025 2147484186 2147484244 2147484245 2147483784 2147484024 2147484025 2147484186 2147484244 2147484245 2147484267 2147484272 49 52 54 57 133 134 131 132 50 2147484267 2147484272 
2147484267 2147483784 2147484024 2147484025 2147484186 2147484244 2147484245 2147484266 2147483784 2147484024 2147484025 2147484186 2147484244 2147484245 2147484266 2147484272 49 52 54 57 133 134 131 132 50 2147484272 
2147484268 2147483784 2147484019 2147484020 2147484186 2147484244 2147484245 2147483784 2147484019 2147484020 2147484186 2147484244 2147484245 2147484269 2147484272 49 52 54 51 133 134 131 132 50 2147484269 2147484272 
2147484269 2147483784 2147484019 2147484020 2147484186 2147484244 2147484245 2147484268 2147483784 2147484019 2147484020 2147484186 2147484244 2147484245 2147484268 2147484272 49 52 54 51 133 134 131 132 50 2147484272 
2147484272 2147483784 2147483860 2147483862 2147483863 2147483880 2147483970 2147483973 2147483974 2147483978 2147483979 2147483983 2147483984 2147483986 2147483987 2147483990 2147483992 2147483993 2147483996 2147483999 2147484000 2147484004 2147484005 2147484009 2147484010 2147484012 2147484013 2147484016 2147484019 2147484020 2147484024 2147484025 2147484029 2147484030 2147484032 2147484033 2147484034 2147484035 2147484038 2147484039 2147484048 2147484049 2147484054 2147484055 2147484060 2147484061 2147484186 2147484235 2147484236 2147484237 2147484238 2147484239 2147484240 2147484244 2147484245 2147484248 2147484254 2147484255 2147484256 2147484257 2147484258 2147484259 2147484264 2147484265 2147484266 2147484267 2147484268 2147484269 2147483784 2147483860 2147483862 2147483863 2147483880 2147483970 2147483973 2147483974 2147483978 2147483979 2147483983 2147483984 2147483986 2147483987 2147483990 2147483992 2147483993 2147483996 2147483999 2147484000 2147484004 2147484005 2147484009 2147484010 2147484012 2147484013 2147484016 2147484019 2147484020 2147484024 2147484025 2147484029 2147484030 2147484032 2147484033 2147484034 2147484035 2147484038 2147484039 2147484048 2147484049 2147484054 2147484055 2147484060 2147484061 2147484186 2147484235 2147484236 2147484237 2147484238 2147484239 2147484240 2147484244 2147484245 2147484248 2147484254 2147484255 2147484256 2147484257 2147484258 2147484259 2147484264 2147484265 2147484266 2147484267 2147484268 2147484269 2147484286 2147484287 2147484289 2147484290 2147484306 2147484314 2147484322 2147484323 2147484326 2147484327 2147484329 2147484331 2147484335 2147484336 2147484337 2147484338 2147484361 2147484366 2147484369 53 134 49 52 54 57 127 128 129 130 51 133 131 132 50 2147484286 2147484287 2147484289 2147484290 2147484306 2147484314 2147484322 2147484323 2147484326 2147484327 2147484329 2147484331 2147484335 2147484336 2147484337 2147484338 2147484361 2147484366 2147484369 
2147484273 2147483842 2147483844 2147484114 2147484117 2147484118 2147484122 2147484123 2147484127 2147484128 2147484131 2147484132 2147484133 2147484134 2147484135 2147484137 2147484138 2147484139 2147484140 2147484141 2147484186 2147483842 2147483844 2147484114 2147484117 2147484118 2147484122 2147484123 2147484127 2147484128 2147484131 2147484132 2147484133 2147484134 2147484135 2147484137 2147484138 2147484139 2147484140 2147484141 2147484186 2147484275 2147484276 2147484277 2147484278 2147484279 2147484280 2147484281 2147484282 2147484283 2147484284 2147484309 2147484310 2147484313 2147484318 2147484319 2147484320 2147484325 2147484334 2147484365 2147484369 2147484411 50 51 132 49 52 54 57 53 127 128 129 130 133 134 131 2147484275 2147484276 2147484277 2147484278 2147484279 2147484280 2147484281 2147484282 2147484283 2147484284 2147484309 2147484310 2147484313 2147484318 2147484319 2147484320 2147484325 2147484334 2147484365 2147484369 2147484411 
2147484275 2147484137 2147484138 2147484139 2147484140 2147484141 2147484186 2147484273 2147484137 2147484138 2147484139 2147484140 2147484141 2147484186 2147484273 2147484309 2147484318 53 134 49 52 54 57 127 128 129 130 51 132 2147484309 2147484318 
2147484276 2147484131 2147484132 2147484133 2147484134 2147484135 2147484186 2147484273 2147484131 2147484132 2147484133 2147484134 2147484135 2147484186 2147484273 2147484310 2147484319 53 134 49 52 54 57 127 128 129 130 51 132 2147484310 2147484319 
2147484277 2147483842 2147483844 2147484114 2147484117 2147484118 2147484122 2147484123 2147484127 2147484128 2147484186 2147484273 2147483842 2147483844 2147484114 2147484117 2147484118 2147484122 2147484123 2147484127 2147484128 2147484186 2147484273 2147484278 2147484279 2147484280 2147484281 2147484282 2147484283 2147484284 2147484320 2147484334 134 49 52 54 57 53 127 128 129 130 51 133 131 132 50 2147484278 2147484279 2147484280 2147484281 2147484282 2147484283 2147484284 2147484320 2147484334 
2147484278 2147483842 2147483844 2147484114 2147484117 2147484118 2147484122 2147484123 2147484127 2147484128 2147484186 2147484273 2147484277 2147483842 2147483844 2147484114 2147484117 2147484118 2147484122 2147484123 2147484127 2147484128 2147484186 2147484273 2147484277 2147484279 2147484280 2147484281 2147484282 2147484283 2147484284 2147484320 53 131 49 52 54 57 127 128 129 130 51 133 134 132 50 2147484279 2147484280 2147484281 2147484282 2147484283 2147484284 2147484320 
2147484279 2147483844 2147484127 2147484128 2147484186 2147484273 2147484277 2147484278 2147483844 2147484127 2147484128 2147484186 2147484273 2147484277 2147484278 2147484280 49 52 54 57 53 133 134 132 50 2147484280 
2147484280 2147483844 2147484127 2147484128 2147484186 2147484273 2147484277 2147484278 2147484279 2147483844 2147484127 2147484128 2147484186 2147484273 2147484277 2147484278 2147484279 49 52 54 57 53 133 134 132 50 
2147484281 2147483842 2147484122 2147484123 2147484186 2147484273 2147484277 2147484278 2147483842 2147484122 2147484123 2147484186 2147484273 2147484277 2147484278 2147484282 49 52 54 57 133 134 131 132 50 2147484282 
2147484282 2147483842 2147484122 2147484123 2147484186 2147484273 2147484277 2147484278 2147484281 2147483842 2147484122 2147484123 2147484186 2147484273 2147484277 2147484278 2147484281 49 52 54 57 133 134 131 132 50 
2147484283 2147483842 2147484117 2147484118 2147484186 2147484273 2147484277 2147484278 2147483842 2147484117 2147484118 2147484186 2147484273 2147484277 2147484278 2147484284 49 52 54 51 133 134 131 132 50 2147484284 
2147484284 2147483842 2147484117 2147484118 2147484186 2147484273 2147484277 2147484278 2147484283 2147483842 2147484117 2147484118 2147484186 2147484273 2147484277 2147484278 2147484283 49 52 54 51 133 134 131 132 50 
2147484286 2147483784 2147483860 2147483862 2147483863 2147484060 2147484061 2147484186 2147484244 2147484272 2147483784 2147483860 2147483862 2147483863 2147484060 2147484061 2147484186 2147484244 2147484272 2147484369 49 52 54 57 53 127 51 134 131 132 50 2147484369 
2147484287 2147483784 2147483860 2147483862 2147483863 2147484054 2147484055 2147484186 2147484244 2147484272 2147483784 2147483860 2147483862 2147483863 2147484054 2147484055 2147484186 2147484244 2147484272 2147484369 49 52 54 57 53 127 51 134 131 132 50 2147484369 
2147484289 2147483784 2147483860 2147483862 2147484048 2147484049 2147484186 2147484244 2147484272 2147483784 2147483860 2147483862 2147484048 2147484049 2147484186 2147484244 2147484272 2147484290 2147484369 49 52 54 57 53 127 51 134 131 132 50 2147484290 2147484369 
2147484290 2147483784 2147483860 2147483862 2147484048 2147484049 2147484186 2147484244 2147484272 2147484289 2147483784 2147483860 2147483862 2147484048 2147484049 2147484186 2147484244 2147484272 2147484289 2147484369 49 52 54 57 53 127 51 134 131 132 50 2147484369 
2147484292 2147483784 2147483860 2147483881 2147483882 2147484083 2147484084 2147484186 2147484244 2147483784 2147483860 2147483881 2147483882 2147484083 2147484084 2147484186 2147484244 2147484305 2147484369 49 52 54 57 53 127 51 133 134 132 50 2147484305 2147484369 
2147484293 2147483784 2147483860 2147483881 2147483882 2147484077 2147484078 2147484186 2147484244 2147483784 2147483860 2147483881 2147483882 2147484077 2147484078 2147484186 2147484244 2147484305 2147484369 49 52 54 57 53 127 51 133 134 132 50 2147484305 2147484369 
2147484295 2147483784 2147483860 2147483881 2147484071 2147484072 2147484186 2147484244 2147483784 2147483860 2147483881 2147484071 2147484072 2147484186 2147484244 2147484296 2147484305 2147484369 49 52 54 57 53 127 51 133 134 132 50 2147484296 2147484305 2147484369 
2147484296 2147483784 2147483860 2147483881 2147484071 2147484072 2147484186 2147484244 2147484295 2147483784 2147483860 2147483881 2147484071 2147484072 2147484186 2147484244 2147484295 2147484305 2147484369 49 52 54 57 53 127 51 133 134 132 50 2147484305 2147484369 
2147484297 2147483784 2147484186 2147483784 2147484186 2147484305 2147484370 57 53 51 133 134 132 2147484305 2147484370 
2147484300 2147483716 2147484186 2147484215 2147483716 2147484186 2147484215 2147484407 49 52 54 57 53 127 128 129 130 51 133 134 131 132 50 2147484407 
2147484301 2147483716 2147484186 2147484215 2147483716 2147484186 2147484215 2147484397 2147484406 49 52 54 57 53 127 128 129 130 51 133 134 131 132 50 2147484397 2147484406 
2147484302 2147483721 2147484186 2147484215 2147483721 2147484186 2147484215 2147484373 2147484392 49 52 54 57 53 127 128 129 130 51 133 134 131 132 50 2147484373 2147484392 
2147484303 2147483943 2147484186 2147484215 2147483943 2147484186 2147484215 2147484372 2147484395 49 52 54 57 53 127 128 129 130 51 133 134 131 132 50 2147484372 2147484395 
2147484305 2147483716 2147483784 2147483860 2147483880 2147483881 2147483882 2147483914 2147483945 2147483946 2147483949 2147483950 2147483954 2147483955 2147483959 2147483960 2147483962 2147483963 2147483964 2147483965 2147484071 2147484072 2147484077 2147484078 2147484083 2147484084 2147484088 2147484098 2147484106 2147484186 2147484192 2147484215 2147484216 2147484217 2147484218 2147484219 2147484220 2147484221 2147484244 2147484292 2147484293 2147484295 2147484296 2147484297 2147483716 2147483784 2147483860 2147483880 2147483881 2147483882 2147483914 2147483945 2147483946 2147483949 2147483950 2147483954 2147483955 2147483959 2147483960 2147483962 2147483963 2147483964 2147483965 2147484071 2147484072 2147484077 2147484078 2147484083 2147484084 2147484088 2147484098 2147484106 2147484186 2147484192 2147484215 2147484216 2147484217 2147484218 2147484219 2147484220 2147484221 2147484244 2147484292 2147484293 2147484295 2147484296 2147484297 2147484330 2147484340 2147484342 2147484344 2147484345 2147484347 2147484348 2147484350 2147484353 2147484356 2147484357 2147484358 2147484362 2147484366 2147484369 2147484370 2147484372 2147484378 2147484379 2147484395 54 49 52 57 53 127 128 129 130 51 133 134 131 132 50 2147484330 2147484340 2147484342 2147484344 2147484345 2147484347 2147484348 2147484350 2147484353 2147484356 2147484357 2147484358 2147484362 2147484366 2147484369 2147484370 2147484372 2147484378 2147484379 2147484395 
2147484306 2147483784 2147484186 2147484244 2147484245 2147484248 2147484272 2147483784 2147484186 2147484244 2147484245 2147484248 2147484272 49 51 133 134 131 132 50 
2147484307 2147484176 2147484177 2147484186 2147484192 2147484193 2147484176 2147484177 2147484186 2147484192 2147484193 49 52 54 51 134 132 
2147484308 2147484170 2147484171 2147484186 2147484192 2147484194 2147484170 2147484171 2147484186 2147484192 2147484194 49 52 54 51 134 132 
2147484309 2147484139 2147484140 2147484186 2147484273 2147484275 2147484139 2147484140 2147484186 2147484273 2147484275 49 52 54 51 134 132 
2147484310 2147484133 2147484134 2147484186 2147484273 2147484276 2147484133 2147484134 2147484186 2147484273 2147484276 49 52 54 51 134 132 
2147484311 2147484186 2147484192 2147484186 2147484192 49 134 132 
2147484312 2147484186 2147484186 2147484361 2147484365 2147484369 49 52 127 132 2147484361 2147484365 2147484369 
2147484313 2147484186 2147484273 2147484186 2147484273 2147484365 49 52 134 132 2147484365 
2147484314 2147483784 2147484186 2147484244 2147484245 2147484248 2147484272 2147483784 2147484186 2147484244 2147484245 2147484248 2147484272 49 51 133 134 131 132 50 
2147484315 2147484186 2147484192 2147484193 2147484186 2147484192 2147484193 49 51 134 132 
2147484316 2147484186 2147484192 2147484194 2147484186 2147484192 2147484194 49 51 134 132 
2147484317 2147484186 2147484192 2147484195 2147484196 2147484186 2147484192 2147484195 2147484196 49 133 134 131 132 
2147484318 2147484186 2147484273 2147484275 2147484186 2147484273 2147484275 49 51 134 132 
2147484319 2147484186 2147484273 2147484276 2147484186 2147484273 2147484276 49 51 134 132 
2147484320 2147484186 2147484273 2147484277 2147484278 2147484186 2147484273 2147484277 2147484278 49 133 134 132 50 
2147484321 2147484186 2147484192 2147484186 2147484192 49 134 132 
2147484322 2147483784 2147484186 2147484244 2147484245 2147484272 2147483784 2147484186 2147484244 2147484245 2147484272 49 133 134 131 132 50 
2147484323 2147483784 2147484186 2147484244 2147484245 2147484272 2147483784 2147484186 2147484244 2147484245 2147484272 49 133 134 131 132 50 
2147484324 2147484186 2147484186 2147484361 2147484369 49 52 127 132 2147484361 2147484369 
2147484325 2147484186 2147484273 2147484186 2147484273 49 134 132 
2147484326 2147483784 2147484186 2147484244 2147484245 2147484248 2147484272 2147483784 2147484186 2147484244 2147484245 2147484248 2147484272 49 51 133 134 131 132 50 
2147484327 2147483784 2147484186 2147484244 2147484245 2147484248 2147484272 2147483784 2147484186 2147484244 2147484245 2147484248 2147484272 49 51 133 134 131 132 50 
2147484329 2147483784 2147484186 2147484244 2147484245 2147484248 2147484272 2147483784 2147484186 2147484244 2147484245 2147484248 2147484272 49 51 133 134 131 132 50 
2147484330 2147484186 2147484305 2147484186 2147484305 2147484395 133 49 134 132 2147484395 
2147484331 2147483784 2147484186 2147484244 2147484245 2147484248 2147484272 2147483784 2147484186 2147484244 2147484245 2147484248 2147484272 49 51 133 134 131 132 50 
2147484333 2147483679 2147484186 2147484192 2147484195 2147483679 2147484186 2147484192 2147484195 49 134 131 132 50 
2147484334 2147483842 2147484186 2147484273 2147484277 2147483842 2147484186 2147484273 2147484277 49 134 131 132 50 
2147484335 2147483784 2147484186 2147484244 2147484245 2147484272 2147483784 2147484186 2147484244 2147484245 2147484272 49 133 134 131 132 50 
2147484336 2147483784 2147484186 2147484244 2147484245 2147484272 2147483784 2147484186 2147484244 2147484245 2147484272 49 133 134 131 132 50 
2147484337 2147483784 2147484186 2147484244 2147484245 2147484248 2147484272 2147483784 2147484186 2147484244 2147484245 2147484248 2147484272 49 51 133 134 131 132 50 
2147484338 2147483784 2147484186 2147484244 2147484245 2147484248 2147484272 2147483784 2147484186 2147484244 2147484245 2147484248 2147484272 49 51 133 134 131 132 50 
2147484340 2147484186 2147484305 2147484186 2147484305 2147484342 2147484350 2147484353 2147484356 2147484395 49 52 54 57 53 133 134 132 2147484342 2147484350 2147484353 2147484356 2147484395 
2147484342 2147484186 2147484305 2147484340 2147484186 2147484305 2147484340 2147484350 2147484353 2147484356 2147484357 2147484395 49 52 54 57 53 133 134 132 2147484350 2147484353 2147484356 2147484357 2147484395 
2147484344 2147483914 2147484186 2147484305 2147483914 2147484186 2147484305 2147484347 2147484350 2147484395 22 25 27 32 269 270 268 2147484347 2147484350 2147484395 
2147484345 2147484106 2147484186 2147484305 2147484106 2147484186 2147484305 2147484395 22 25 269 270 268 2147484395 
2147484347 2147483914 2147484186 2147484305 2147484344 2147483914 2147484186 2147484305 2147484344 2147484350 2147484353 2147484395 22 25 27 32 26 269 270 268 2147484350 2147484353 2147484395 
2147484348 2147484186 2147484305 2147484186 2147484305 2147484395 22 269 270 268 2147484395 
2147484350 2147483914 2147484186 2147484305 2147484340 2147484342 2147484344 2147484347 2147483914 2147484186 2147484305 2147484340 2147484342 2147484344 2147484347 2147484353 2147484356 2147484357 2147484358 2147484395 22 25 27 32 26 269 270 268 2147484353 2147484356 2147484357 2147484358 2147484395 
2147484353 2147483914 2147484186 2147484305 2147484340 2147484342 2147484347 2147484350 2147483914 2147484186 2147484305 2147484340 2147484342 2147484347 2147484350 2147484356 2147484357 2147484358 2147484395 22 25 27 32 26 269 270 268 2147484356 2147484357 2147484358 2147484395 
2147484356 2147484186 2147484305 2147484340 2147484342 2147484350 2147484353 2147484186 2147484305 2147484340 2147484342 2147484350 2147484353 2147484395 49 52 54 57 53 133 134 132 2147484395 
2147484357 2147484186 2147484305 2147484342 2147484350 2147484353 2147484186 2147484305 2147484342 2147484350 2147484353 2147484395 49 52 57 53 133 134 132 2147484395 
2147484358 2147484186 2147484305 2147484350 2147484353 2147484186 2147484305 2147484350 2147484353 2147484395 49 57 53 133 134 132 2147484395 
2147484361 2147483784 2147484186 2147484244 2147484245 2147484248 2147484272 2147484312 2147484324 2147483784 2147484186 2147484244 2147484245 2147484248 2147484272 2147484312 2147484324 2147484369 49 52 127 51 133 134 131 132 50 2147484369 
2147484362 2147484186 2147484305 2147484186 2147484305 2147484366 49 133 134 132 2147484366 
2147484365 2147484186 2147484273 2147484312 2147484313 2147484186 2147484273 2147484312 2147484313 2147484369 2147484389 2147484411 49 52 127 134 132 2147484369 2147484389 2147484411 
2147484366 2147483784 2147484186 2147484244 2147484248 2147484272 2147484305 2147484362 2147483784 2147484186 2147484244 2147484248 2147484272 2147484305 2147484362 2147484395 50 133 49 51 134 131 132 2147484395 
2147484369 2147483784 2147483860 2147483862 2147483863 2147483880 2147483881 2147483882 2147484048 2147484049 2147484054 2147484055 2147484060 2147484061 2147484071 2147484072 2147484077 2147484078 2147484083 2147484084 2147484088 2147484186 2147484244 2147484245 2147484248 2147484272 2147484273 2147484286 2147484287 2147484289 2147484290 2147484292 2147484293 2147484295 2147484296 2147484305 2147484312 2147484324 2147484361 2147484365 2147483784 2147483860 2147483862 2147483863 2147483880 2147483881 2147483882 2147484048 2147484049 2147484054 2147484055 2147484060 2147484061 2147484071 2147484072 2147484077 2147484078 2147484083 2147484084 2147484088 2147484186 2147484244 2147484245 2147484248 2147484272 2147484273 2147484286 2147484287 2147484289 2147484290 2147484292 2147484293 2147484295 2147484296 2147484305 2147484312 2147484324 2147484361 2147484365 2147484389 57 51 132 52 49 54 53 127 133 134 131 50 2147484389 
2147484370 2147483784 2147483860 2147484186 2147484297 2147484305 2147483784 2147483860 2147484186 2147484297 2147484305 127 49 52 54 57 53 128 129 130 51 133 134 132 
2147484372 2147483943 2147483944 2147483945 2147483946 2147484186 2147484215 2147484303 2147484305 2147483943 2147483944 2147483945 2147483946 2147484186 2147484215 2147484303 2147484305 2147484377 2147484378 2147484379 2147484395 57 50 131 49 52 54 53 127 128 129 130 51 133 134 132 2147484377 2147484378 2147484379 2147484395 
2147484373 2147483721 2147484186 2147484215 2147484302 2147483721 2147484186 2147484215 2147484302 2147484392 57 133 49 52 54 53 127 128 129 130 51 134 131 132 50 2147484392 
2147484374 2147483721 2147483942 2147484186 2147484215 2147483721 2147483942 2147484186 2147484215 2147484395 57 131 49 52 54 53 127 128 129 130 133 134 132 50 2147484395 
2147484375 2147483721 2147483941 2147484186 2147484215 2147483721 2147483941 2147484186 2147484215 2147484395 57 131 49 52 54 53 127 128 129 130 133 134 132 50 2147484395 
2147484377 2147484186 2147484215 2147484372 2147484186 2147484215 2147484372 2147484395 53 132 134 131 50 2147484395 
2147484378 2147483946 2147484186 2147484305 2147484372 2147483946 2147484186 2147484305 2147484372 2147484395 53 50 49 52 54 57 127 128 129 130 133 134 131 132 2147484395 
2147484379 2147483945 2147484186 2147484305 2147484372 2147483945 2147484186 2147484305 2147484372 2147484395 53 49 52 54 57 127 128 129 130 51 133 134 131 132 2147484395 
2147484383 2147484186 2147484192 2147484186 2147484192 2147484385 2147484387 49 52 54 134 132 2147484385 2147484387 
2147484385 2147484186 2147484192 2147484383 2147484186 2147484192 2147484383 2147484387 49 52 54 134 132 2147484387 
2147484387 2147484186 2147484192 2147484383 2147484385 2147484186 2147484192 2147484383 2147484385 49 52 54 134 132 
2147484389 2147484186 2147484365 2147484369 2147484186 2147484365 2147484369 49 52 127 132 
2147484391 2147483716 2147484186 2147484215 2147483716 2147484186 2147484215 2147484406 131 49 133 132 50 2147484406 
2147484392 2147483721 2147484186 2147484215 2147484302 2147484373 2147483721 2147484186 2147484215 2147484302 2147484373 53 57 49 52 54 127 128 129 130 51 133 134 131 132 50 
2147484395 2147483721 2147483914 2147483941 2147483942 2147483943 2147483944 2147483945 2147483946 2147483949 2147483950 2147483954 2147483955 2147483959 2147483960 2147483962 2147483963 2147483964 2147483965 2147484106 2147484186 2147484215 2147484216 2147484217 2147484218 2147484219 2147484220 2147484221 2147484303 2147484305 2147484330 2147484340 2147484342 2147484344 2147484345 2147484347 2147484348 2147484350 2147484353 2147484356 2147484357 2147484358 2147484366 2147484372 2147484374 2147484375 2147484377 2147484378 2147484379 2147483721 2147483914 2147483941 2147483942 2147483943 2147483944 2147483945 2147483946 2147483949 2147483950 2147483954 2147483955 2147483959 2147483960 2147483962 2147483963 2147483964 2147483965 2147484106 2147484186 2147484215 2147484216 2147484217 2147484218 2147484219 2147484220 2147484221 2147484303 2147484305 2147484330 2147484340 2147484342 2147484344 2147484345 2147484347 2147484348 2147484350 2147484353 2147484356 2147484357 2147484358 2147484366 2147484372 2147484374 2147484375 2147484377 2147484378 2147484379 49 57 50 134 131 52 54 53 127 128 129 130 51 133 132 
2147484396 2147483716 2147484186 2147484215 2147483716 2147484186 2147484215 2147484406 49 133 131 132 50 2147484406 
2147484397 2147483716 2147483936 2147484186 2147484215 2147484301 2147483716 2147483936 2147484186 2147484215 2147484301 2147484398 2147484406 53 134 49 52 54 57 127 128 129 130 51 133 131 132 50 2147484398 2147484406 
2147484398 2147483716 2147484186 2147484215 2147484397 2147483716 2147484186 2147484215 2147484397 2147484406 53 50 134 133 131 132 2147484406 
2147484399 2147483716 2147483938 2147484186 2147483716 2147483938 2147484186 53 134 49 52 54 57 127 128 129 130 131 132 
2147484400 2147483716 2147483937 2147484186 2147483716 2147483937 2147484186 53 134 49 52 54 57 127 128 129 130 131 132 
2147484403 2147483716 2147483934 2147484186 2147484215 2147483716 2147483934 2147484186 2147484215 57 49 52 54 53 127 128 129 130 51 131 132 50 
2147484404 2147483716 2147483933 2147484186 2147484215 2147483716 2147483933 2147484186 2147484215 57 49 52 54 53 127 128 129 130 51 131 132 50 
2147484406 2147483716 2147483936 2147484186 2147484215 2147484301 2147484391 2147484396 2147484397 2147484398 2147483716 2147483936 2147484186 2147484215 2147484301 2147484391 2147484396 2147484397 2147484398 51 49 52 54 57 53 127 128 129 130 133 134 131 132 50 
2147484407 2147483716 2147484186 2147484215 2147484300 2147483716 2147484186 2147484215 2147484300 2147484410 53 57 49 52 54 127 128 129 130 51 133 134 131 132 50 2147484410 
2147484410 2147483716 2147484186 2147484215 2147484407 2147483716 2147484186 2147484215 2147484407 49 133 134 131 132 50 
2147484411 2147484186 2147484273 2147484365 2147484186 2147484273 2147484365 52 127 134 132 
