2 2147483695 
5 2147483695 
8 2147483695 
11 
18 
19 
22 2147483672 2147483690 2147483699 2147483700 2147483706 2147483710 2147483711 2147483717 2147483721 2147483722 2147483728 2147483732 2147483733 2147483737 
23 2147483690 2147483699 2147483700 2147483706 2147483710 2147483711 2147483717 2147483721 2147483722 2147483728 2147483737 
24 2147483690 2147483699 2147483700 2147483706 2147483710 2147483711 2147483717 2147483732 2147483733 2147483737 
25 2147483690 2147483699 2147483700 2147483710 2147483711 2147483721 2147483722 2147483732 2147483733 2147483737 
26 2147483699 2147483700 2147483710 2147483711 2147483721 2147483722 2147483737 
27 2147483732 2147483733 2147483737 
32 2147483699 2147483700 2147483710 2147483711 2147483721 2147483722 2147483737 
49 2147483649 2147483655 2147483657 2147483660 2147483661 2147483662 2147483663 2147483664 2147483665 2147483666 2147483669 2147483670 2147483675 2147483687 2147483739 
50 2147483655 2147483657 2147483660 2147483661 2147483662 2147483663 2147483664 2147483665 2147483666 2147483669 2147483670 2147483687 2147483693 2147483694 2147483739 
51 2147483649 2147483655 2147483657 2147483660 2147483661 2147483662 2147483663 2147483664 2147483665 2147483669 2147483670 2147483687 2147483693 2147483694 2147483739 
52 2147483649 2147483655 2147483657 2147483660 2147483661 2147483662 2147483663 2147483664 2147483665 2147483666 2147483669 2147483670 2147483687 2147483739 
53 2147483655 2147483657 2147483660 2147483661 2147483662 2147483663 2147483664 2147483665 2147483666 2147483669 2147483670 2147483693 2147483694 
54 2147483649 2147483655 2147483657 2147483660 2147483669 2147483670 
57 2147483655 2147483657 2147483660 2147483661 2147483662 2147483663 2147483664 2147483665 2147483666 2147483669 2147483670 2147483693 2147483694 
61 
127 2147483655 2147483657 2147483660 2147483669 2147483670 
128 2147483655 2147483657 2147483660 2147483669 2147483670 
129 2147483655 2147483657 2147483660 2147483669 2147483670 
130 2147483655 2147483657 2147483660 2147483669 2147483670 
131 2147483655 2147483657 2147483660 2147483661 2147483662 2147483663 2147483664 2147483669 2147483670 2147483693 2147483694 2147483739 
132 2147483655 2147483657 2147483660 2147483661 2147483662 2147483663 2147483664 2147483665 2147483666 2147483669 2147483670 2147483675 2147483693 2147483694 2147483739 
133 2147483649 2147483655 2147483657 2147483660 2147483661 2147483662 2147483663 2147483664 2147483665 2147483666 2147483669 2147483670 2147483675 2147483687 2147483693 2147483694 2147483739 
134 2147483649 2147483655 2147483657 2147483660 2147483661 2147483662 2147483663 2147483664 2147483665 2147483666 2147483669 2147483670 2147483675 2147483687 2147483693 2147483694 2147483739 
247 
248 
249 
250 
251 2147483695 
252 2147483695 
253 2147483695 
254 2147483695 
263 2147483737 
264 2147483737 
265 2147483737 
266 2147483737 
267 2147483690 2147483699 2147483700 2147483706 2147483710 2147483711 2147483717 2147483737 
268 2147483672 2147483690 2147483699 2147483700 2147483706 2147483710 2147483711 2147483717 2147483721 2147483722 2147483728 2147483732 2147483733 2147483737 
269 2147483672 2147483690 2147483699 2147483700 2147483706 2147483710 2147483711 2147483717 2147483721 2147483722 2147483728 2147483732 2147483733 2147483737 
270 2147483672 2147483690 2147483699 2147483700 2147483706 2147483710 2147483711 2147483717 2147483721 2147483722 2147483728 2147483732 2147483733 2147483737 
2147483649 2147483657 2147483669 2147483670 2147483732 2147483733 49 52 54 51 133 134 2147483657 2147483669 2147483670 2147483732 2147483733 
2147483655 2147483657 2147483660 2147483661 2147483662 2147483663 2147483664 2147483665 2147483666 2147483669 2147483670 2147483687 2147483690 2147483693 2147483694 2147483695 2147483699 2147483700 2147483706 2147483710 2147483711 2147483717 2147483721 2147483722 2147483728 2147483737 2147483739 49 52 54 57 53 127 128 129 130 51 133 134 131 132 50 2147483657 2147483660 2147483661 2147483662 2147483663 2147483664 2147483665 2147483666 2147483669 2147483670 2147483687 2147483690 2147483693 2147483694 2147483695 2147483699 2147483700 2147483706 2147483710 2147483711 2147483717 2147483721 2147483722 2147483728 2147483737 2147483739 
2147483657 2147483649 2147483655 2147483649 2147483655 2147483660 2147483661 2147483662 2147483663 2147483664 2147483665 2147483669 2147483670 2147483687 2147483690 2147483693 2147483694 2147483695 2147483699 2147483700 2147483706 2147483710 2147483711 2147483717 2147483732 2147483733 2147483737 2147483739 49 52 54 57 53 127 128 129 130 51 133 134 131 132 50 2147483660 2147483661 2147483662 2147483663 2147483664 2147483665 2147483669 2147483670 2147483687 2147483690 2147483693 2147483694 2147483695 2147483699 2147483700 2147483706 2147483710 2147483711 2147483717 2147483732 2147483733 2147483737 2147483739 
2147483660 2147483655 2147483657 2147483655 2147483657 2147483661 2147483662 2147483663 2147483664 2147483669 2147483670 2147483690 2147483693 2147483694 2147483695 2147483699 2147483700 2147483706 2147483710 2147483711 2147483717 2147483737 2147483739 49 52 54 57 53 127 128 129 130 51 133 134 131 132 50 2147483661 2147483662 2147483663 2147483664 2147483669 2147483670 2147483690 2147483693 2147483694 2147483695 2147483699 2147483700 2147483706 2147483710 2147483711 2147483717 2147483737 2147483739 
2147483661 2147483655 2147483657 2147483660 2147483655 2147483657 2147483660 2147483662 2147483669 2147483670 2147483699 2147483700 2147483737 53 49 52 57 51 133 134 131 132 50 2147483662 2147483669 2147483670 2147483699 2147483700 2147483737 
2147483662 2147483655 2147483657 2147483660 2147483661 2147483655 2147483657 2147483660 2147483661 2147483669 2147483670 2147483699 2147483700 2147483737 57 49 52 53 51 133 134 131 132 50 2147483669 2147483670 2147483699 2147483700 2147483737 
2147483663 2147483655 2147483657 2147483660 2147483655 2147483657 2147483660 2147483664 2147483669 2147483670 2147483710 2147483711 2147483737 53 49 52 57 51 133 134 131 132 50 2147483664 2147483669 2147483670 2147483710 2147483711 2147483737 
2147483664 2147483655 2147483657 2147483660 2147483663 2147483655 2147483657 2147483660 2147483663 2147483669 2147483670 2147483710 2147483711 2147483737 57 49 52 53 51 133 134 131 132 50 2147483669 2147483670 2147483710 2147483711 2147483737 
2147483665 2147483655 2147483657 2147483655 2147483657 2147483666 2147483669 2147483670 2147483721 2147483722 2147483737 53 49 52 57 51 133 134 132 50 2147483666 2147483669 2147483670 2147483721 2147483722 2147483737 
2147483666 2147483655 2147483665 2147483655 2147483665 2147483669 2147483670 2147483721 2147483722 2147483737 57 49 52 53 133 134 132 50 2147483669 2147483670 2147483721 2147483722 2147483737 
2147483669 2147483649 2147483655 2147483657 2147483660 2147483661 2147483662 2147483663 2147483664 2147483665 2147483666 2147483649 2147483655 2147483657 2147483660 2147483661 2147483662 2147483663 2147483664 2147483665 2147483666 2147483670 2147483672 2147483675 2147483687 2147483690 2147483693 2147483694 2147483695 2147483699 2147483700 2147483706 2147483710 2147483711 2147483717 2147483721 2147483722 2147483728 2147483732 2147483733 2147483737 2147483739 53 49 52 54 57 127 128 129 130 51 133 134 131 132 50 2147483670 2147483672 2147483675 2147483687 2147483690 2147483693 2147483694 2147483695 2147483699 2147483700 2147483706 2147483710 2147483711 2147483717 2147483721 2147483722 2147483728 2147483732 2147483733 2147483737 2147483739 
2147483670 2147483649 2147483655 2147483657 2147483660 2147483661 2147483662 2147483663 2147483664 2147483665 2147483666 2147483669 2147483649 2147483655 2147483657 2147483660 2147483661 2147483662 2147483663 2147483664 2147483665 2147483666 2147483669 2147483672 2147483675 2147483687 2147483690 2147483693 2147483694 2147483695 2147483699 2147483700 2147483706 2147483710 2147483711 2147483717 2147483721 2147483722 2147483728 2147483732 2147483733 2147483737 2147483739 57 49 52 54 53 127 128 129 130 51 133 134 131 132 50 2147483672 2147483675 2147483687 2147483690 2147483693 2147483694 2147483695 2147483699 2147483700 2147483706 2147483710 2147483711 2147483717 2147483721 2147483722 2147483728 2147483732 2147483733 2147483737 2147483739 
2147483672 2147483669 2147483670 2147483669 2147483670 2147483737 22 269 270 268 2147483737 
2147483675 2147483669 2147483670 2147483669 2147483670 2147483737 49 133 134 132 2147483737 
2147483687 2147483655 2147483657 2147483669 2147483670 2147483655 2147483657 2147483669 2147483670 2147483739 49 52 51 133 134 50 2147483739 
2147483690 2147483655 2147483657 2147483660 2147483669 2147483670 2147483655 2147483657 2147483660 2147483669 2147483670 2147483737 2147483739 22 25 24 23 269 270 267 268 2147483737 2147483739 
2147483693 2147483655 2147483657 2147483660 2147483669 2147483670 2147483655 2147483657 2147483660 2147483669 2147483670 2147483694 2147483737 53 57 51 133 134 131 132 50 2147483694 2147483737 
2147483694 2147483655 2147483657 2147483660 2147483669 2147483670 2147483693 2147483655 2147483657 2147483660 2147483669 2147483670 2147483693 2147483737 57 53 51 133 134 131 132 50 2147483737 
2147483695 2147483655 2147483657 2147483660 2147483669 2147483670 2147483655 2147483657 2147483660 2147483669 2147483670 2147483737 2 5 8 253 254 251 252 2147483737 
2147483699 2147483655 2147483657 2147483660 2147483661 2147483662 2147483669 2147483670 2147483655 2147483657 2147483660 2147483661 2147483662 2147483669 2147483670 2147483700 2147483737 22 25 32 26 24 23 269 270 267 268 2147483700 2147483737 
2147483700 2147483655 2147483657 2147483660 2147483661 2147483662 2147483669 2147483670 2147483699 2147483655 2147483657 2147483660 2147483661 2147483662 2147483669 2147483670 2147483699 2147483737 22 25 32 26 24 23 269 270 267 268 2147483737 
2147483706 2147483655 2147483657 2147483660 2147483669 2147483670 2147483655 2147483657 2147483660 2147483669 2147483670 2147483737 22 24 23 269 270 267 268 2147483737 
2147483710 2147483655 2147483657 2147483660 2147483663 2147483664 2147483669 2147483670 2147483655 2147483657 2147483660 2147483663 2147483664 2147483669 2147483670 2147483711 2147483737 22 25 32 26 24 23 269 270 267 268 2147483711 2147483737 
2147483711 2147483655 2147483657 2147483660 2147483663 2147483664 2147483669 2147483670 2147483710 2147483655 2147483657 2147483660 2147483663 2147483664 2147483669 2147483670 2147483710 2147483737 22 25 32 26 24 23 269 270 267 268 2147483737 
2147483717 2147483655 2147483657 2147483660 2147483669 2147483670 2147483655 2147483657 2147483660 2147483669 2147483670 2147483737 22 24 23 269 270 267 268 2147483737 
2147483721 2147483655 2147483665 2147483666 2147483669 2147483670 2147483655 2147483665 2147483666 2147483669 2147483670 2147483722 2147483737 22 25 32 26 23 269 270 268 2147483722 2147483737 
2147483722 2147483655 2147483665 2147483666 2147483669 2147483670 2147483721 2147483655 2147483665 2147483666 2147483669 2147483670 2147483721 2147483737 22 25 32 26 23 269 270 268 2147483737 
2147483728 2147483655 2147483669 2147483670 2147483655 2147483669 2147483670 2147483737 22 23 269 270 268 2147483737 
2147483732 2147483649 2147483657 2147483669 2147483670 2147483649 2147483657 2147483669 2147483670 2147483733 2147483737 22 25 27 24 269 270 268 2147483733 2147483737 
2147483733 2147483649 2147483657 2147483669 2147483670 2147483732 2147483649 2147483657 2147483669 2147483670 2147483732 2147483737 22 25 27 24 269 270 268 2147483737 
2147483737 2147483655 2147483657 2147483660 2147483661 2147483662 2147483663 2147483664 2147483665 2147483666 2147483669 2147483670 2147483672 2147483675 2147483690 2147483693 2147483694 2147483695 2147483699 2147483700 2147483706 2147483710 2147483711 2147483717 2147483721 2147483722 2147483728 2147483732 2147483733 2147483655 2147483657 2147483660 2147483661 2147483662 2147483663 2147483664 2147483665 2147483666 2147483669 2147483670 2147483672 2147483675 2147483690 2147483693 2147483694 2147483695 2147483699 2147483700 2147483706 2147483710 2147483711 2147483717 2147483721 2147483722 2147483728 2147483732 2147483733 2147483739 22 25 27 32 26 263 264 265 266 24 23 269 270 267 268 2147483739 
2147483739 2147483655 2147483657 2147483660 2147483669 2147483670 2147483687 2147483690 2147483737 2147483655 2147483657 2147483660 2147483669 2147483670 2147483687 2147483690 2147483737 49 52 51 133 134 131 132 50 
