22,1,22,-1,0,1,0,0,0,
23,1,23,-1,0,1,0,0,255,
24,1,24,-1,0,1,0,0,0,
25,1,25,-1,0,1,0,0,0,
26,1,26,-1,0,1,0,0,0,
27,1,27,-1,0,1,0,0,0,
32,1,32,-1,0,1,0,0,0,
49,1,49,-1,0,1,0,0,0,
50,1,50,-1,0,1,0,0,0,
51,1,51,-1,0,1,0,0,230,
52,1,52,-1,0,1,0,0,0,
53,1,53,-1,0,1,0,0,0,
54,1,54,-1,0,1,0,0,0,
57,1,57,-1,0,1,0,0,0,
127,1,127,-1,0,1,0,0,0,
128,1,128,-1,0,1,0,0,0,
129,1,129,-1,0,1,0,0,0,
130,1,130,-1,0,1,0,0,0,
131,1,131,-1,0,1,0,0,0,
132,1,132,-1,0,1,0,0,0,
133,1,133,-1,0,1,0,0,0,
134,1,134,-1,0,1,0,0,0,
263,1,263,-1,0,1,0,0,0,
264,1,264,-1,0,1,0,0,0,
265,1,265,-1,0,1,0,0,0,
266,1,266,-1,0,1,0,0,0,
267,1,267,-1,0,1,0,0,0,
268,1,268,-1,0,1,0,0,0,
269,1,269,-1,0,1,0,0,0,
270,1,270,-1,0,1,0,0,0,
2147483648,0,0,0.00546724,1,0,1,0,0,52 54 57 53 127 128 129 130 51 133 134 131 132 50
2147483649,0,0,0.00352551,2,0,1,0,0,52 54 57 53 127 128 129 130 51 133 134 131 132 50
2147483652,0,0,0.00274927,2,0,1,0,0,
2147483655,0,0,0.00771716,1,0,1,0,0,26 263 264 265 266 24 23 269 270 268
2147483657,0,0,0.00836746,2,0,1,0,0,53 127 128 129 130 134 132 50
2147483658,0,0,0.00879881,2,0,1,0,0,53 127 128 129 130 134 132 50
2147483661,0,0,0.0668923,1,0,1,0,0,54 57 53 127 128 129 130 51 133 134 132 50
2147483670,0,0,0.00556754,1,0,1,0,0,
2147483682,0,0,0.00399933,6,0,1,0,0,
2147483684,0,0,0.0167344,2,0,1,0,0,
2147483685,0,0,0.0143114,3,0,1,0,0,52 54 57 53 127 128 129 130
2147483691,0,0,0.0107033,1,0,1,0,0,132
2147483693,0,0,0.0242303,1,0,1,0,0,132
2147483694,0,0,0.0252947,1,0,1,0,0,49 52 54 57 127 128 129 130 132
2147483696,0,0,0.00778287,1,0,1,0,0,53 127 128 129 130 134 132 50
2147483698,0,0,0.00870906,1,0,1,0,0,53 127 128 129 130 134 132 50
2147483702,0,0,inf,1,0,1,0,0,52 54 57 53 127 128 129 130 51 133 134 131 132 50
2147483709,0,0,inf,1,0,1,0,0,52 54 57 53 127 128 129 130 51 133 134 132 50
2147483710,0,0,inf,1,0,1,0,0,52 54 57 53 127 128 129 130 51 133 134 132 50
2147483714,0,0,inf,1,0,1,0,0,26 263 264 265 266 24 23 269 270 268
2147483716,0,0,0.0872526,2,0,1,0,0,54 57 53 127 128 129 130 51 133 134 132 50
2147483722,0,0,0.0248229,1,0,1,0,0,53 127 128 129 130 51 134 132 50
2147483723,0,0,inf,1,0,1,0,0,53 127 128 129 130 51 134 132 50
2147483724,0,0,inf,1,0,1,0,0,53 127 128 129 130 51 134 132 50
2147483728,0,0,inf,1,0,1,0,0,52 54 57 53 127 128 129 130 134 132 50
2147483730,0,0,inf,1,0,1,0,0,52 54 57 53 127 128 129 130 134 132 50
2147483736,0,0,0.0133183,1,0,1,0,0,49 52 54 127 128 129 130 134
2147483738,0,0,inf,1,0,1,0,0,52 54 57 53 127 128 129 130 134
2147483745,0,0,0.000540569,1,0,1,0,0,49 52 54 57 127 128 129 130 134 132 50
2147483749,0,0,inf,1,0,1,0,0,52 54 57 53 127 128 129 130 134 132
2147483750,0,0,0.00689226,1,0,1,0,0,49 52 54 57 127 128 129 130 134 132
2147483753,0,0,inf,1,0,1,0,0,52 54 57 53 127 128 129 130 134 132
2147483763,0,0,inf,1,0,1,0,0,54 57 53 127 128 129 130 50
2147483768,0,0,inf,1,0,1,0,0,52 54 57 53 127 128 129 130 132 50
2147483775,0,0,0.0240304,1,0,1,0,0,53 127 128 129 130 51 134 132 50
2147483776,0,0,inf,1,0,1,0,0,53 127 128 129 130 51 134 132 50
2147483777,0,0,inf,1,0,1,0,0,53 127 128 129 130 51 134 132 50
2147483778,0,0,0.00194304,3,0,1,0,0,22 263 264 265 266 24 23 269 270 267 268
2147483779,0,0,0.0555848,4,0,1,0,0,54 57 53 127 128 129 130 51 133 134 132 50
2147483780,0,0,0.0489938,3,0,1,0,0,53 127 128 129 130 51 133 134 132 50
2147483782,0,0,0.0441203,4,0,1,0,0,134 132 50
2147483783,0,0,0.0179469,8,0,1,0,255,
2147483784,0,0,0.0354068,3,0,1,0,0,134
2147483785,0,0,0.00369255,3,0,1,0,0,134
2147483786,0,0,0.00140984,3,0,1,0,0,25 27 32 26 263 264 265 266 23 270 268
2147483787,0,0,0.0176689,3,0,1,0,0,134 132
2147483790,0,0,0.0276691,3,0,1,0,0,
2147483792,0,0,0.00824928,4,0,1,0,0,27 32 26 263 264 265 266
2147483794,0,0,0.0467044,3,0,1,0,0,132
2147483796,0,0,0.006398,1,0,1,0,255,53 127 128 129 130 51 133 134 132 50
2147483797,0,0,inf,1,0,1,0,0,49 52 127 128 129 130 51 134 132 50
2147483799,0,0,inf,1,0,1,0,0,49 127 128 129 130 51 134 132 50
