2 2147483688 2147483710 2147483806 2147483821 
3 2147483800 
5 
6 2147483800 
8 2147483688 2147483821 
9 
11 2147483688 2147483821 
13 
16 
18 
19 2147483688 
21 
22 2147483684 2147483724 2147483776 2147483813 
23 2147483684 2147483776 2147483813 
24 2147483684 
25 2147483684 2147483724 2147483813 
26 2147483684 
27 2147483684 2147483724 
32 2147483684 
49 2147483653 2147483661 2147483666 2147483669 2147483675 2147483678 2147483679 2147483680 2147483696 2147483704 2147483712 2147483714 2147483720 2147483728 2147483742 2147483746 2147483748 2147483752 2147483764 2147483768 2147483770 2147483774 2147483779 2147483781 2147483785 2147483786 2147483790 2147483792 2147483796 2147483797 2147483801 2147483815 2147483816 2147483818 2147483819 2147483823 
50 2147483653 2147483661 2147483666 2147483669 2147483675 2147483678 2147483679 2147483704 2147483720 2147483742 2147483746 2147483748 2147483752 2147483764 2147483768 2147483770 2147483774 2147483779 2147483781 2147483785 2147483786 2147483790 2147483792 2147483796 2147483797 2147483801 2147483815 2147483818 2147483823 
51 2147483666 2147483678 2147483679 2147483680 2147483704 2147483815 2147483823 
52 2147483661 2147483666 2147483669 2147483675 2147483678 2147483679 2147483680 2147483704 2147483720 2147483728 2147483742 2147483764 2147483815 2147483816 2147483823 
53 2147483661 2147483666 2147483669 2147483675 2147483678 2147483679 2147483680 2147483704 2147483815 2147483818 2147483823 
54 2147483661 2147483666 2147483669 2147483675 2147483678 2147483679 2147483680 2147483704 2147483720 2147483815 2147483816 2147483818 2147483823 
57 2147483661 2147483666 2147483669 2147483675 2147483678 2147483679 2147483680 2147483704 2147483815 2147483818 2147483823 
59 
61 
127 2147483661 2147483666 2147483669 2147483675 2147483678 2147483679 2147483680 2147483704 2147483815 2147483823 
128 2147483661 2147483666 2147483669 2147483675 2147483678 2147483679 2147483680 2147483704 2147483815 2147483823 
129 2147483661 2147483666 2147483669 2147483675 2147483678 2147483679 2147483680 2147483704 2147483815 2147483823 
130 2147483661 2147483666 2147483669 2147483675 2147483678 2147483679 2147483680 2147483704 2147483815 2147483823 
131 2147483653 2147483661 2147483666 2147483669 2147483675 2147483678 2147483679 2147483680 2147483696 2147483704 2147483712 2147483714 2147483720 2147483728 2147483742 2147483746 2147483748 2147483752 2147483764 2147483768 2147483770 2147483774 2147483779 2147483781 2147483785 2147483786 2147483790 2147483792 2147483796 2147483797 2147483801 2147483815 2147483816 2147483819 2147483823 
132 2147483653 2147483661 2147483666 2147483669 2147483675 2147483678 2147483679 2147483680 2147483696 2147483704 2147483712 2147483714 2147483720 2147483728 2147483742 2147483746 2147483748 2147483752 2147483764 2147483768 2147483770 2147483774 2147483779 2147483781 2147483785 2147483786 2147483790 2147483792 2147483796 2147483797 2147483801 2147483815 2147483816 2147483819 2147483823 
133 2147483653 2147483661 2147483666 2147483669 2147483675 2147483678 2147483679 2147483680 2147483696 2147483704 2147483712 2147483714 2147483720 2147483728 2147483742 2147483764 2147483779 2147483781 2147483785 2147483786 2147483790 2147483792 2147483796 2147483797 2147483801 2147483815 2147483816 2147483819 2147483823 
134 2147483653 2147483661 2147483666 2147483669 2147483675 2147483678 2147483679 2147483680 2147483696 2147483704 2147483712 2147483714 2147483720 2147483728 2147483742 2147483746 2147483748 2147483752 2147483764 2147483768 2147483770 2147483774 2147483779 2147483781 2147483785 2147483786 2147483790 2147483792 2147483796 2147483797 2147483801 2147483815 2147483816 2147483818 2147483819 2147483823 
247 
248 
249 
250 
251 2147483710 2147483806 
252 2147483710 2147483806 
253 2147483710 2147483806 
254 2147483688 2147483710 2147483806 2147483821 
263 2147483684 
264 2147483684 
265 2147483684 
266 2147483684 
267 2147483684 2147483724 2147483776 2147483813 
268 2147483684 2147483724 2147483776 2147483813 
269 2147483684 2147483724 2147483776 2147483813 
270 2147483684 2147483724 2147483776 2147483813 
271 
272 
273 
274 
275 2147483800 
276 2147483800 
277 2147483800 
278 2147483800 
2147483653 2147483666 2147483684 2147483704 2147483815 2147483823 49 133 134 131 132 50 2147483666 2147483684 2147483704 2147483815 2147483823 
2147483661 2147483684 2147483704 2147483720 2147483815 2147483823 49 52 54 57 53 127 128 129 130 133 134 131 132 50 2147483684 2147483704 2147483720 2147483815 2147483823 
2147483666 2147483653 2147483653 2147483669 2147483675 2147483678 2147483679 2147483684 2147483688 2147483704 2147483720 2147483742 2147483746 2147483748 2147483752 2147483764 2147483768 2147483770 2147483774 2147483776 2147483779 2147483781 2147483785 2147483786 2147483790 2147483792 2147483796 2147483797 2147483800 2147483801 2147483813 2147483815 2147483818 2147483821 2147483823 53 49 52 54 57 127 128 129 130 51 133 134 131 132 50 2147483669 2147483675 2147483678 2147483679 2147483684 2147483688 2147483704 2147483720 2147483742 2147483746 2147483748 2147483752 2147483764 2147483768 2147483770 2147483774 2147483776 2147483779 2147483781 2147483785 2147483786 2147483790 2147483792 2147483796 2147483797 2147483800 2147483801 2147483813 2147483815 2147483818 2147483821 2147483823 
2147483669 2147483666 2147483666 2147483684 2147483704 2147483815 49 52 54 57 53 127 128 129 130 133 134 131 132 50 2147483684 2147483704 2147483815 
2147483675 2147483666 2147483666 2147483684 2147483704 2147483815 49 52 54 57 53 127 128 129 130 133 134 131 132 50 2147483684 2147483704 2147483815 
2147483678 2147483666 2147483666 2147483684 2147483704 2147483815 2147483823 49 52 54 57 53 127 128 129 130 51 133 134 131 132 50 2147483684 2147483704 2147483815 2147483823 
2147483679 2147483666 2147483666 2147483684 2147483704 2147483815 2147483823 49 52 54 57 53 127 128 129 130 51 133 134 131 132 50 2147483684 2147483704 2147483815 2147483823 
2147483680 2147483684 2147483704 2147483815 2147483823 49 52 54 57 53 127 128 129 130 51 133 134 131 132 2147483684 2147483704 2147483815 2147483823 
2147483684 2147483653 2147483661 2147483666 2147483669 2147483675 2147483678 2147483679 2147483680 2147483653 2147483661 2147483666 2147483669 2147483675 2147483678 2147483679 2147483680 2147483688 2147483696 2147483704 2147483710 2147483712 2147483714 2147483720 2147483724 2147483728 2147483742 2147483746 2147483748 2147483752 2147483764 2147483768 2147483770 2147483774 2147483776 2147483779 2147483781 2147483785 2147483786 2147483790 2147483792 2147483796 2147483797 2147483800 2147483801 2147483806 2147483813 2147483815 2147483816 2147483818 2147483819 2147483821 2147483823 32 22 25 27 26 263 264 265 266 24 23 269 270 267 268 2147483688 2147483696 2147483704 2147483710 2147483712 2147483714 2147483720 2147483724 2147483728 2147483742 2147483746 2147483748 2147483752 2147483764 2147483768 2147483770 2147483774 2147483776 2147483779 2147483781 2147483785 2147483786 2147483790 2147483792 2147483796 2147483797 2147483800 2147483801 2147483806 2147483813 2147483815 2147483816 2147483818 2147483819 2147483821 2147483823 
2147483688 2147483666 2147483684 2147483666 2147483684 2147483818 2147483821 2 11 19 8 254 2147483818 2147483821 
2147483696 2147483684 2147483684 2147483704 2147483815 2147483823 49 133 134 131 132 2147483704 2147483815 2147483823 
2147483704 2147483653 2147483661 2147483666 2147483669 2147483675 2147483678 2147483679 2147483680 2147483684 2147483696 2147483653 2147483661 2147483666 2147483669 2147483675 2147483678 2147483679 2147483680 2147483684 2147483696 2147483710 2147483712 2147483714 2147483720 2147483724 2147483728 2147483742 2147483746 2147483748 2147483752 2147483764 2147483768 2147483770 2147483774 2147483776 2147483779 2147483781 2147483785 2147483786 2147483790 2147483792 2147483796 2147483797 2147483800 2147483801 2147483806 2147483813 2147483815 2147483816 2147483819 2147483823 49 52 54 57 53 127 128 129 130 51 133 134 131 132 50 2147483710 2147483712 2147483714 2147483720 2147483724 2147483728 2147483742 2147483746 2147483748 2147483752 2147483764 2147483768 2147483770 2147483774 2147483776 2147483779 2147483781 2147483785 2147483786 2147483790 2147483792 2147483796 2147483797 2147483800 2147483801 2147483806 2147483813 2147483815 2147483816 2147483819 2147483823 
2147483710 2147483684 2147483704 2147483684 2147483704 2147483815 2147483823 2 253 254 251 252 2147483815 2147483823 
2147483712 2147483684 2147483704 2147483684 2147483704 2147483815 2147483823 49 133 134 131 132 2147483815 2147483823 
2147483714 2147483684 2147483704 2147483684 2147483704 2147483815 2147483823 49 133 134 131 132 2147483815 2147483823 
2147483720 2147483661 2147483666 2147483684 2147483704 2147483661 2147483666 2147483684 2147483704 2147483724 2147483728 2147483742 2147483815 2147483816 2147483823 49 52 54 133 134 131 132 50 2147483724 2147483728 2147483742 2147483815 2147483816 2147483823 
2147483724 2147483684 2147483704 2147483720 2147483684 2147483704 2147483720 2147483815 2147483816 2147483823 22 25 27 269 270 267 268 2147483815 2147483816 2147483823 
2147483728 2147483684 2147483704 2147483720 2147483684 2147483704 2147483720 2147483815 2147483823 49 52 133 134 131 132 2147483815 2147483823 
2147483742 2147483666 2147483684 2147483704 2147483720 2147483666 2147483684 2147483704 2147483720 2147483815 2147483823 49 52 133 134 131 132 50 2147483815 2147483823 
2147483746 2147483666 2147483684 2147483704 2147483666 2147483684 2147483704 2147483815 49 134 131 132 50 2147483815 
2147483748 2147483666 2147483684 2147483704 2147483666 2147483684 2147483704 2147483815 49 134 131 132 50 2147483815 
2147483752 2147483666 2147483684 2147483704 2147483666 2147483684 2147483704 2147483815 49 134 131 132 50 2147483815 
2147483764 2147483666 2147483684 2147483704 2147483666 2147483684 2147483704 2147483813 2147483815 2147483823 49 52 133 134 131 132 50 2147483813 2147483815 2147483823 
2147483768 2147483666 2147483684 2147483704 2147483666 2147483684 2147483704 2147483815 49 134 131 132 50 2147483815 
2147483770 2147483666 2147483684 2147483704 2147483666 2147483684 2147483704 2147483815 49 134 131 132 50 2147483815 
2147483774 2147483666 2147483684 2147483704 2147483666 2147483684 2147483704 2147483815 49 134 131 132 50 2147483815 
2147483776 2147483666 2147483684 2147483704 2147483666 2147483684 2147483704 2147483815 2147483823 22 23 269 270 267 268 2147483815 2147483823 
2147483779 2147483666 2147483684 2147483704 2147483666 2147483684 2147483704 2147483815 2147483823 49 133 134 131 132 50 2147483815 2147483823 
2147483781 2147483666 2147483684 2147483704 2147483666 2147483684 2147483704 2147483815 2147483823 49 133 134 131 132 50 2147483815 2147483823 
2147483785 2147483666 2147483684 2147483704 2147483666 2147483684 2147483704 2147483815 2147483823 49 133 134 131 132 50 2147483815 2147483823 
2147483786 2147483666 2147483684 2147483704 2147483666 2147483684 2147483704 2147483815 2147483823 49 133 134 131 132 50 2147483815 2147483823 
2147483790 2147483666 2147483684 2147483704 2147483666 2147483684 2147483704 2147483815 2147483823 49 133 134 131 132 50 2147483815 2147483823 
2147483792 2147483666 2147483684 2147483704 2147483666 2147483684 2147483704 2147483815 2147483823 49 133 134 131 132 50 2147483815 2147483823 
2147483796 2147483666 2147483684 2147483704 2147483666 2147483684 2147483704 2147483815 2147483823 49 133 134 131 132 50 2147483815 2147483823 
2147483797 2147483666 2147483684 2147483704 2147483666 2147483684 2147483704 2147483815 2147483823 49 133 134 131 132 50 2147483815 2147483823 
2147483800 2147483666 2147483684 2147483704 2147483666 2147483684 2147483704 2147483815 2147483823 3 6 277 278 275 276 2147483815 2147483823 
2147483801 2147483666 2147483684 2147483704 2147483666 2147483684 2147483704 2147483815 2147483823 49 133 134 131 132 50 2147483815 2147483823 
2147483806 2147483684 2147483704 2147483684 2147483704 2147483815 2147483823 2 253 254 251 252 2147483815 2147483823 
2147483813 2147483666 2147483684 2147483704 2147483764 2147483666 2147483684 2147483704 2147483764 2147483815 2147483823 22 25 23 269 270 267 268 2147483815 2147483823 
2147483815 2147483653 2147483661 2147483666 2147483669 2147483675 2147483678 2147483679 2147483680 2147483684 2147483696 2147483704 2147483710 2147483712 2147483714 2147483720 2147483724 2147483728 2147483742 2147483746 2147483748 2147483752 2147483764 2147483768 2147483770 2147483774 2147483776 2147483779 2147483781 2147483785 2147483786 2147483790 2147483792 2147483796 2147483797 2147483800 2147483801 2147483806 2147483813 2147483653 2147483661 2147483666 2147483669 2147483675 2147483678 2147483679 2147483680 2147483684 2147483696 2147483704 2147483710 2147483712 2147483714 2147483720 2147483724 2147483728 2147483742 2147483746 2147483748 2147483752 2147483764 2147483768 2147483770 2147483774 2147483776 2147483779 2147483781 2147483785 2147483786 2147483790 2147483792 2147483796 2147483797 2147483800 2147483801 2147483806 2147483813 2147483816 2147483819 2147483823 53 49 52 54 57 127 128 129 130 51 133 134 131 132 50 2147483816 2147483819 2147483823 
2147483816 2147483684 2147483704 2147483720 2147483724 2147483815 2147483684 2147483704 2147483720 2147483724 2147483815 2147483823 49 52 54 133 134 131 132 2147483823 
2147483818 2147483666 2147483684 2147483688 2147483666 2147483684 2147483688 54 49 57 53 134 50 
2147483819 2147483684 2147483704 2147483815 2147483684 2147483704 2147483815 2147483823 49 133 134 131 132 2147483823 
2147483821 2147483666 2147483684 2147483688 2147483666 2147483684 2147483688 2 11 8 254 
2147483823 2147483653 2147483661 2147483666 2147483678 2147483679 2147483680 2147483684 2147483696 2147483704 2147483710 2147483712 2147483714 2147483720 2147483724 2147483728 2147483742 2147483764 2147483776 2147483779 2147483781 2147483785 2147483786 2147483790 2147483792 2147483796 2147483797 2147483800 2147483801 2147483806 2147483813 2147483815 2147483816 2147483819 2147483653 2147483661 2147483666 2147483678 2147483679 2147483680 2147483684 2147483696 2147483704 2147483710 2147483712 2147483714 2147483720 2147483724 2147483728 2147483742 2147483764 2147483776 2147483779 2147483781 2147483785 2147483786 2147483790 2147483792 2147483796 2147483797 2147483800 2147483801 2147483806 2147483813 2147483815 2147483816 2147483819 49 52 54 57 53 127 128 129 130 51 133 134 131 132 50 
