22 2147483721 2147483729 
23 2147483688 2147483721 2147483725 2147483729 
24 2147483688 2147483721 2147483725 2147483729 
25 2147483721 2147483729 
26 2147483688 2147483721 2147483725 2147483729 
27 2147483688 2147483721 2147483725 2147483729 
32 2147483688 2147483721 2147483725 2147483729 
49 2147483649 2147483654 2147483655 2147483656 2147483663 2147483664 2147483670 2147483674 2147483679 2147483703 2147483720 2147483722 2147483723 2147483724 2147483727 
50 2147483649 2147483654 2147483655 2147483656 2147483663 2147483664 2147483670 2147483703 2147483722 2147483723 2147483724 2147483727 
51 2147483649 2147483654 2147483655 2147483656 2147483663 2147483664 2147483670 2147483674 2147483679 2147483703 2147483720 2147483722 2147483723 2147483724 2147483727 
52 2147483649 2147483654 2147483656 2147483663 2147483670 2147483679 2147483703 2147483720 2147483722 2147483723 2147483724 2147483727 
53 2147483649 2147483654 2147483656 2147483663 2147483670 2147483722 2147483723 2147483727 
54 2147483649 2147483654 2147483656 2147483663 2147483670 2147483722 2147483723 2147483727 
57 2147483649 2147483654 2147483656 2147483663 2147483670 2147483722 2147483723 2147483727 
127 2147483649 2147483654 2147483656 2147483663 2147483670 2147483722 2147483723 2147483727 
128 2147483649 2147483654 2147483656 2147483663 2147483670 2147483722 2147483723 2147483727 
129 2147483649 2147483654 2147483656 2147483663 2147483670 2147483722 2147483723 2147483727 
130 2147483649 2147483654 2147483656 2147483663 2147483670 2147483722 2147483723 2147483727 
131 2147483649 2147483654 2147483656 2147483663 2147483664 2147483670 2147483674 2147483703 2147483722 2147483723 2147483724 2147483727 
132 2147483649 2147483654 2147483655 2147483656 2147483663 2147483664 2147483670 2147483679 2147483703 2147483720 2147483722 2147483723 2147483724 2147483727 
133 2147483649 2147483654 2147483656 2147483663 2147483664 2147483670 2147483674 2147483703 2147483722 2147483723 2147483724 2147483727 
134 2147483649 2147483654 2147483655 2147483656 2147483663 2147483664 2147483670 2147483679 2147483720 2147483722 2147483723 2147483727 
263 2147483721 2147483729 
264 2147483721 2147483729 
265 2147483721 2147483729 
266 2147483721 2147483729 
267 2147483688 2147483721 2147483725 2147483729 
268 2147483688 2147483721 2147483725 2147483729 
269 2147483688 2147483721 2147483725 2147483729 
270 2147483688 2147483721 2147483725 2147483729 
2147483649 2147483654 2147483655 2147483656 2147483663 2147483664 2147483670 2147483679 2147483688 2147483703 2147483720 2147483721 2147483722 2147483723 2147483724 2147483725 2147483727 2147483729 49 52 54 57 53 127 128 129 130 51 133 134 131 132 50 2147483654 2147483655 2147483656 2147483663 2147483664 2147483670 2147483679 2147483688 2147483703 2147483720 2147483721 2147483722 2147483723 2147483724 2147483725 2147483727 2147483729 
2147483654 2147483649 2147483649 2147483655 2147483656 2147483670 2147483688 2147483721 2147483722 49 52 54 57 53 127 128 129 130 51 133 134 131 132 50 2147483655 2147483656 2147483670 2147483688 2147483721 2147483722 
2147483655 2147483649 2147483654 2147483649 2147483654 2147483670 2147483721 49 51 134 132 50 2147483670 2147483721 
2147483656 2147483649 2147483654 2147483649 2147483654 2147483670 2147483688 2147483721 2147483722 49 52 54 57 53 127 128 129 130 51 133 134 131 132 50 2147483670 2147483688 2147483721 2147483722 
2147483663 2147483649 2147483649 2147483664 2147483670 2147483723 2147483725 2147483727 2147483729 57 49 52 54 53 127 128 129 130 51 133 134 131 132 50 2147483664 2147483670 2147483723 2147483725 2147483727 2147483729 
2147483664 2147483649 2147483663 2147483649 2147483663 2147483670 2147483723 2147483727 2147483729 49 51 133 134 131 132 50 2147483670 2147483723 2147483727 2147483729 
2147483670 2147483649 2147483654 2147483655 2147483656 2147483663 2147483664 2147483649 2147483654 2147483655 2147483656 2147483663 2147483664 2147483674 2147483679 2147483688 2147483703 2147483720 2147483721 2147483722 2147483723 2147483724 2147483725 2147483727 2147483729 53 52 57 49 54 127 128 129 130 51 133 134 131 132 50 2147483674 2147483679 2147483688 2147483703 2147483720 2147483721 2147483722 2147483723 2147483724 2147483725 2147483727 2147483729 
2147483674 2147483670 2147483670 2147483727 2147483729 49 51 133 131 2147483727 2147483729 
2147483679 2147483649 2147483670 2147483649 2147483670 2147483720 2147483721 49 52 51 134 132 2147483720 2147483721 
2147483688 2147483649 2147483654 2147483656 2147483670 2147483649 2147483654 2147483656 2147483670 2147483721 2147483722 27 32 26 24 23 269 270 267 268 2147483721 2147483722 
2147483703 2147483649 2147483670 2147483649 2147483670 2147483723 2147483724 2147483727 2147483729 49 52 51 133 131 132 50 2147483723 2147483724 2147483727 2147483729 
2147483720 2147483649 2147483670 2147483679 2147483649 2147483670 2147483679 2147483721 49 52 51 134 132 2147483721 
2147483721 2147483649 2147483654 2147483655 2147483656 2147483670 2147483679 2147483688 2147483720 2147483649 2147483654 2147483655 2147483656 2147483670 2147483679 2147483688 2147483720 2147483722 22 25 27 32 26 263 264 265 266 24 23 269 270 267 268 2147483722 
2147483722 2147483649 2147483654 2147483656 2147483670 2147483688 2147483721 2147483649 2147483654 2147483656 2147483670 2147483688 2147483721 49 52 54 57 53 127 128 129 130 51 133 134 131 132 50 
2147483723 2147483649 2147483663 2147483664 2147483670 2147483703 2147483649 2147483663 2147483664 2147483670 2147483703 2147483724 2147483725 2147483727 2147483729 49 52 54 57 53 127 128 129 130 51 133 134 131 132 50 2147483724 2147483725 2147483727 2147483729 
2147483724 2147483649 2147483670 2147483703 2147483723 2147483649 2147483670 2147483703 2147483723 2147483727 2147483729 49 52 51 133 131 132 50 2147483727 2147483729 
2147483725 2147483649 2147483663 2147483670 2147483723 2147483649 2147483663 2147483670 2147483723 2147483727 2147483729 27 32 26 24 23 269 270 267 268 2147483727 2147483729 
2147483727 2147483649 2147483663 2147483664 2147483670 2147483674 2147483703 2147483723 2147483724 2147483725 2147483649 2147483663 2147483664 2147483670 2147483674 2147483703 2147483723 2147483724 2147483725 2147483729 57 49 52 54 53 127 128 129 130 51 133 134 131 132 50 2147483729 
2147483729 2147483649 2147483663 2147483664 2147483670 2147483674 2147483703 2147483723 2147483724 2147483725 2147483727 2147483649 2147483663 2147483664 2147483670 2147483674 2147483703 2147483723 2147483724 2147483725 2147483727 22 25 27 32 26 263 264 265 266 24 23 269 270 267 268 
