2,1,2,-1,0,1,0,0,0,
5,1,5,-1,0,1,0,0,0,
8,1,8,-1,0,1,0,0,0,
11,1,11,-1,0,1,0,0,255,
18,1,18,-1,0,1,0,0,0,
19,1,19,-1,0,1,0,0,255,
22,1,22,-1,0,1,0,0,0,
23,1,23,-1,0,1,0,0,0,
24,1,24,-1,0,1,0,0,0,
25,1,25,-1,0,1,0,0,0,
26,1,26,-1,0,1,0,0,0,
27,1,27,-1,0,1,0,0,0,
32,1,32,-1,0,1,0,0,0,
49,1,49,-1,0,1,0,0,0,
50,1,50,-1,0,1,0,0,0,
51,1,51,-1,0,1,0,0,0,
52,1,52,-1,0,1,0,0,0,
53,1,53,-1,0,1,0,0,0,
54,1,54,-1,0,1,0,0,0,
57,1,57,-1,0,1,0,0,0,
61,1,61,-1,0,1,0,0,0,
127,1,127,-1,0,1,0,0,0,
128,1,128,-1,0,1,0,0,0,
129,1,129,-1,0,1,0,0,0,
130,1,130,-1,0,1,0,0,0,
131,1,131,-1,0,1,0,0,0,
132,1,132,-1,0,1,0,0,0,
133,1,133,-1,0,1,0,0,0,
134,1,134,-1,0,1,0,0,0,
247,1,247,-1,0,1,0,0,0,
248,1,248,-1,0,1,0,0,0,
249,1,249,-1,0,1,0,0,0,
250,1,250,-1,0,1,0,0,0,
251,1,251,-1,0,1,0,0,0,
252,1,252,-1,0,1,0,0,0,
253,1,253,-1,0,1,0,0,0,
254,1,254,-1,0,1,0,0,0,
263,1,263,-1,0,1,0,0,0,
264,1,264,-1,0,1,0,0,0,
265,1,265,-1,0,1,0,0,0,
266,1,266,-1,0,1,0,0,255,
267,1,267,-1,0,1,0,0,0,
268,1,268,-1,0,1,0,0,255,
269,1,269,-1,0,1,0,0,0,
270,1,270,-1,0,1,0,0,255,
2147483648,0,0,0.000352126,2,0,1,0,0,53 127 128 129 130 51 131 132 50
2147483649,0,0,0.000833479,7,0,1,0,255,26 263 264 265 266 24 23 268
2147483651,0,0,0.000495599,1,0,1,0,0,53 127 128 129 130 51 131 132 50
2147483652,0,0,3.2156e-05,2,0,1,0,0,57 53 127 128 129 130 51 131 132 50
2147483658,0,0,0.000427783,2,0,1,0,0,57 53 127 128 129 130 51 131 132 50
2147483665,0,0,3.34825e-05,1,0,1,0,0,
2147483666,0,0,2.64564e-05,1,0,1,0,0,53 54 57 127 128 129 130
2147483667,0,0,0.0015489,1,0,1,0,255,
2147483678,0,0,0.000152432,1,0,1,0,0,
2147483679,0,0,0.000195777,2,0,1,0,255,
2147483681,0,0,0.00045245,2,0,1,0,0,57 53 127 128 129 130
2147483682,0,0,0.000155477,1,0,1,0,0,57 53 127 128 129 130
2147483683,0,0,0.000124288,2,0,1,0,0,54 57 53 127 128 129 130
2147483690,0,0,0.000565801,3,0,1,0,0,57 53 127 128 129 130 51 50
2147483700,0,0,0.000839533,3,0,1,0,0,268
2147483703,0,0,0.000156361,1,0,1,0,255,
2147483704,0,0,0.000200848,2,0,1,0,0,
2147483706,0,0,0.000464198,2,0,1,0,0,127 128 129 130 51 131
2147483707,0,0,0.000159702,1,0,1,0,0,57 53 127 128 129 130
2147483708,0,0,0.000127901,2,0,1,0,0,54 57 53 127 128 129 130
2147483715,0,0,0.000580285,3,0,1,0,0,54 127 128 129 130 132 50
2147483725,0,0,0.00029544,5,0,1,0,0,
2147483736,0,0,inf,1,0,1,0,0,57 53 127 128 129 130 51 131 132 50
2147483737,0,0,inf,1,0,1,0,0,57 53 127 128 129 130 51 131 132 50
2147483745,0,0,0.000246059,2,0,1,0,0,53 127 128 129 130 51 131 132 50
2147483746,0,0,inf,1,0,1,0,0,57 53 127 128 129 130 51 131 132 50
2147483758,0,0,inf,1,0,1,0,0,57 53 127 128 129 130 51 131 132 50
2147483760,0,0,inf,2,0,1,0,0,61 18 247 248 249 250 5 8 251 252
2147483762,0,0,inf,1,0,1,0,0,49 52 54 57 127 128 129 130 51 131 132 50
2147483774,0,0,inf,1,0,1,0,0,54 57 53 127 128 129 130 51 132 50
2147483776,0,0,0.00058946,2,0,1,0,255,19 61 18 247 248 249 250 5 8 252
2147483780,0,0,inf,1,0,1,0,0,49 52 54 57 127 128 129 130 51 131 132 50
2147483784,0,0,inf,1,0,1,0,255,25 27 32 26 263 264 265 266 23 268
2147483789,0,0,0.000479733,1,0,1,0,255,25 27 32 26 263 264 265 266 268
2147483793,0,0,inf,1,0,1,0,0,52 54 57 53 127 128 129 130 51 132
2147483795,0,0,inf,1,0,1,0,0,52 54 57 53 127 128 129 130 51 132
2147483799,0,0,0.000819056,2,0,1,0,0,132
2147483801,0,0,inf,1,0,1,0,0,52 57 53 127 128 129 130 131 132 50
2147483805,0,0,inf,1,0,1,0,0,52 54 57 53 127 128 129 130
2147483806,0,0,inf,1,0,1,0,0,52 54 57 53 127 128 129 130
2147483814,0,0,0.000204092,1,0,1,0,0,57 52 54 127 128 129 130
2147483818,0,0,inf,1,0,1,0,0,54 127 128 129 130 51 132 50
2147483825,0,0,inf,1,0,1,0,0,54 127 128 129 130 132 50
2147483837,0,0,3.13557e-05,1,0,1,0,0,49 52 54 57 127 128 129 130 50
2147483839,0,0,2.83462e-05,1,0,1,0,0,54 57 53 127 128 129 130 51 131
2147483840,0,0,inf,1,0,1,0,0,54 57 53 127 128 129 130 51 131
2147483855,0,0,inf,1,0,1,0,0,52 54 57 53 127 128 129 130 51 50
2147483857,0,0,inf,1,0,1,0,0,52 54 57 53 127 128 129 130 51 50
2147483861,0,0,0.000779597,2,0,1,0,0,51
2147483864,0,0,inf,1,0,1,0,0,52 54 57 53 127 128 129 130 51
2147483868,0,0,inf,1,0,1,0,0,52 54 57 53 127 128 129 130
2147483869,0,0,inf,1,0,1,0,0,52 54 57 53 127 128 129 130
2147483877,0,0,0.000198801,1,0,1,0,0,57 52 54 127 128 129 130
2147483881,0,0,inf,1,0,1,0,0,57 53 127 128 129 130 51 50
2147483888,0,0,inf,1,0,1,0,0,57 53 127 128 129 130 51 50
2147483898,0,0,3.9745e-05,6,0,1,0,0,53 127 128 129 130 51 131 132 50
2147483899,0,0,6.55082e-05,5,0,1,0,0,53 127 128 129 130 51 131 132 50
2147483900,0,0,0.000531189,6,0,1,0,0,53 127 128 129 130 51 131 132 50
2147483901,0,0,0.000874147,5,0,1,0,0,53 127 128 129 130 51 131 132 50
2147483902,0,0,0.00214307,3,0,1,0,0,54 57 53 127 128 129 130
2147483903,0,0,2.36264e-05,5,0,1,0,0,24 268
2147483904,0,0,0.000181125,3,0,1,0,0,
2147483905,0,0,0.000188313,6,0,1,0,0,57 53 127 128 129 130
2147483906,0,0,0.000182682,5,0,1,0,0,57 53 127 128 129 130
2147483907,0,0,0.000380006,5,0,1,0,0,32 26 263 264 265 266
2147483908,0,0,0.000399596,4,0,1,0,0,52 57 53 127 128 129 130 51 50
2147483909,0,0,0.000286561,3,0,1,0,0,19 18 247 248 249 250 8 252
2147483912,0,0,0.000193136,6,0,1,0,0,57 53 127 128 129 130
2147483913,0,0,0.000187417,5,0,1,0,0,57 53 127 128 129 130
2147483914,0,0,0.000389783,5,0,1,0,0,263 264 265 266
2147483915,0,0,0.000409833,4,0,1,0,0,54 127 128 129 130 132 50
2147483918,0,0,0.00272097,6,0,1,0,0,52 54 57 53 127 128 129 130 51 133 134 131 132 50
2147483919,0,0,0.000287129,3,0,1,0,0,127 128 129 130
2147483920,0,0,0.00017348,9,0,1,0,0,
2147483921,0,0,0.000528578,1,0,1,0,0,132
2147483923,0,0,0.000261418,2,0,1,0,0,
2147483924,0,0,inf,1,0,1,0,0,52 57 53 127 128 129 130 51 50
2147483925,0,0,0.000172004,2,0,1,0,128,
2147483928,0,0,0.000204547,14,0,1,0,128,
2147483930,0,0,0.000366137,8,0,1,0,128,54 127 128 129 130 132 50
2147483931,0,0,inf,1,0,1,0,128,54 53 127 128 129 130 51 133 132 50
2147483932,0,0,inf,1,0,1,0,0,52 54 53 127 128 129 130 133 132 50
2147483933,0,0,inf,1,0,1,0,0,54 127 128 129 130 51 132 50
2147483934,0,0,inf,1,0,1,0,0,54 127 128 129 130 132 50
2147483935,0,0,inf,1,0,1,0,0,54 127 128 129 130 132 50
2147483936,0,0,inf,1,0,1,0,0,52 54 57 127 128 129 130
2147483939,0,0,0.000494998,6,0,1,0,0,
2147483940,0,0,inf,1,0,1,0,0,52 54 57 53 127 128 129 130 51 132 50
2147483941,0,0,inf,1,0,1,0,0,52 54 57 127 128 129 130
2147483943,0,0,7.32639e-05,1,0,1,0,0,
2147483944,0,0,0.000256859,11,0,1,0,0,263 264 265 266
2147483945,0,0,7.32639e-05,1,0,1,0,0,
2147483947,0,0,0.000267336,6,0,1,0,0,127 128 129 130
2147483948,0,0,7.12098e-05,1,0,1,0,0,
2147483950,0,0,0.000272705,3,0,1,0,0,57 53 127 128 129 130
