2,1,2,-1,0,1,0,0,0,
5,1,5,-1,0,1,0,0,0,
8,1,8,-1,0,1,0,0,0,
11,1,11,-1,0,1,0,0,0,
18,1,18,-1,0,1,0,0,0,
19,1,19,-1,0,1,0,0,0,
22,1,22,-1,0,1,0,0,0,
23,1,23,-1,0,1,0,0,0,
24,1,24,-1,0,1,0,0,0,
25,1,25,-1,0,1,0,0,0,
26,1,26,-1,0,1,0,0,0,
27,1,27,-1,0,1,0,0,0,
32,1,32,-1,0,1,0,0,0,
49,1,49,-1,0,1,0,0,0,
50,1,50,-1,0,1,0,0,255,
51,1,51,-1,0,1,0,0,0,
52,1,52,-1,0,1,0,0,255,
53,1,53,-1,0,1,0,0,255,
54,1,54,-1,0,1,0,0,255,
57,1,57,-1,0,1,0,0,255,
61,1,61,-1,0,1,0,0,0,
127,1,127,-1,0,1,0,0,255,
128,1,128,-1,0,1,0,0,0,
129,1,129,-1,0,1,0,0,0,
130,1,130,-1,0,1,0,0,0,
131,1,131,-1,0,1,0,0,0,
132,1,132,-1,0,1,0,0,0,
133,1,133,-1,0,1,0,0,0,
134,1,134,-1,0,1,0,0,0,
247,1,247,-1,0,1,0,0,0,
248,1,248,-1,0,1,0,0,0,
249,1,249,-1,0,1,0,0,0,
250,1,250,-1,0,1,0,0,0,
251,1,251,-1,0,1,0,0,0,
252,1,252,-1,0,1,0,0,0,
253,1,253,-1,0,1,0,0,0,
254,1,254,-1,0,1,0,0,0,
263,1,263,-1,0,1,0,0,0,
264,1,264,-1,0,1,0,0,0,
265,1,265,-1,0,1,0,0,0,
266,1,266,-1,0,1,0,0,0,
267,1,267,-1,0,1,0,0,0,
268,1,268,-1,0,1,0,0,0,
269,1,269,-1,0,1,0,0,0,
270,1,270,-1,0,1,0,0,0,
2147483651,0,0,0.00565357,2,0,1,0,0,52 54 57 53 127 128 129 130 51 133 134 131 132 50
2147483654,0,0,0.00565357,2,0,1,0,0,52 54 57 53 127 128 129 130 51 133 134 131 132 50
2147483658,0,0,0.0251655,1,0,1,0,0,133 134 131 132
2147483676,0,0,0.00528882,1,0,1,0,255,52 54 57 53 127 128 129 130 51 134 131 132
2147483680,0,0,0.00824917,1,0,1,0,255,
2147483687,0,0,0.00302003,2,0,1,0,255,52 54 57 53 127 128 129 130 133 131
2147483692,0,0,0.0011531,2,0,1,0,255,54 57 53 127 128 129 130
2147483702,0,0,0.00246678,2,0,1,0,255,57 53 127 128 129 130 133 131 50
2147483703,0,0,0.00141074,2,0,1,0,0,32 26 263 264 265 266 23 269 267
2147483752,0,0,0.00534171,1,0,1,0,0,49 52 54 57 127 128 129 130 51 133 134 131 132 50
2147483754,0,0,inf,1,0,1,0,255,54 57 53 127 128 129 130 51 133 134 131 132 50
2147483761,0,0,0.00376866,1,0,1,0,255,53 127 128 129 130 51 133 134 131 132 50
2147483765,0,0,inf,1,0,1,0,255,52 54 57 53 127 128 129 130 51 133 134 131 132 50
2147483766,0,0,inf,1,0,1,0,255,52 54 57 53 127 128 129 130 51 133 134 131 132 50
2147483768,0,0,inf,1,0,1,0,255,52 54 57 53 127 128 129 130 133 134 131 132 50
2147483776,0,0,inf,1,0,1,0,255,52 54 57 53 127 128 129 130 51 133 134 131 132 50
2147483777,0,0,inf,1,0,1,0,255,52 54 57 53 127 128 129 130 51 133 134 131 132 50
2147483778,0,0,0.00467593,1,0,1,0,0,22 25 27 32 263 264 265 266 24 23 269 270 267 268
2147483779,0,0,0.00676339,1,0,1,0,0,53 52 54 57 127 128 129 130 51 133 134 131 132 50
2147483780,0,0,inf,1,0,1,0,0,52 54 57 53 127 128 129 130 51 133 134 131 132 50
2147483781,0,0,inf,1,0,1,0,0,52 54 57 53 127 128 129 130 51 133 134 131 132 50
2147483783,0,0,0.0087069,2,0,1,0,0,49 52 54 57 127 128 129 130 51 133 134 131 132 50
2147483785,0,0,inf,1,0,1,0,0,52 54 57 53 127 128 129 130 51 133 134 131 132
2147483786,0,0,0.00669643,1,0,1,0,0,54 57 53 127 128 129 130 133 134 131 132
2147483787,0,0,inf,1,0,1,0,0,54 57 53 127 128 129 130 51 133 134 131 132
2147483791,0,0,0.0935946,1,0,1,0,0,54 57 53 127 128 129 130 133 134 131 132
2147483792,0,0,inf,1,0,1,0,0,54 57 53 127 128 129 130 133 134 131 132
2147483793,0,0,inf,1,0,1,0,0,52 54 57 53 127 128 129 130 133 134 131 132
2147483794,0,0,inf,1,0,1,0,0,52 54 57 53 127 128 129 130 133 134 131 132
2147483799,0,0,inf,1,0,1,0,0,52 54 57 53 127 128 129 130 51 133 134 131 132
2147483800,0,0,inf,1,0,1,0,0,52 54 57 53 127 128 129 130 51 133 134 131 132
2147483801,0,0,0.00332237,1,0,1,0,0,133 134 131 132
2147483802,0,0,inf,1,0,1,0,0,52 54 57 53 127 128 129 130 133 134 131 132
2147483803,0,0,inf,1,0,1,0,0,52 54 57 53 127 128 129 130 133 134 131 132
2147483804,0,0,0.00450893,1,0,1,0,0,49 52 54 127 128 129 130 133 134 131 132
2147483805,0,0,0.00467593,1,0,1,0,0,49 52 54 57 127 128 129 130 51 133 134 131 132
2147483810,0,0,inf,1,0,1,0,0,52 54 57 53 127 128 129 130 51 134 131 132
2147483811,0,0,inf,1,0,1,0,0,52 54 57 53 127 128 129 130 133 134 131 132
2147483816,0,0,0.00459981,1,0,1,0,0,49 52 54 57 127 128 129 130 133 131
2147483818,0,0,inf,1,0,1,0,0,52 54 57 53 127 128 129 130 133 131
2147483824,0,0,inf,1,0,1,0,0,52 54 57 53 127 128 129 130 133 131
2147483831,0,0,inf,1,0,1,0,0,54 57 53 127 128 129 130
2147483832,0,0,inf,1,0,1,0,0,54 57 53 127 128 129 130
2147483834,0,0,inf,2,0,1,0,0,27 32 26 263 264 265 266
2147483842,0,0,0.0183209,1,0,1,0,0,53 127 128 129 130 133
2147483843,0,0,inf,1,0,1,0,0,27 32 26 263 264 265 266 269
2147483847,0,0,inf,1,0,1,0,0,26 263 264 265 266 269
2147483852,0,0,0.00138414,1,0,1,0,0,22 25 27 263 264 265 266 269 270 267
2147483856,0,0,0.00646552,1,0,1,0,0,52 54 57 53 127 128 129 130 51 134 131 132 50
2147483859,0,0,0.00714286,2,0,1,0,0,27 32 26 263 264 265 266 24 270 267 268
2147483865,0,0,inf,1,0,1,0,0,52 54 57 53 127 128 129 130 51 131 132
2147483868,0,0,0.138623,1,0,1,0,0,
2147483869,0,0,0.143758,1,0,1,0,0,49 52 54 57 127 128 129 130 51
2147483871,0,0,inf,1,0,1,0,0,52 54 57 53 127 128 129 130 51
2147483872,0,0,0.143758,1,0,1,0,0,49 52 54 57 127 128 129 130 51
2147483873,0,0,0.17643,1,0,1,0,0,
2147483879,0,0,inf,1,0,1,0,0,52 54 57 53 127 128 129 130 51 133 134 131 132 50
2147483880,0,0,inf,1,0,1,0,0,52 54 57 53 127 128 129 130 51 133 134 131 132 50
2147483881,0,0,0.00450893,1,0,1,0,0,49 52 54 57 127 128 129 130 51 133 134 131 132 50
2147483883,0,0,inf,1,0,1,0,0,52 54 57 53 127 128 129 130 51 133 134 131 132 50
2147483884,0,0,0.00669643,1,0,1,0,0,54 57 53 127 128 129 130 133 134 131 132 50
2147483885,0,0,inf,1,0,1,0,0,54 57 53 127 128 129 130 51 133 134 131 132 50
2147483887,0,0,inf,1,0,1,0,0,52 54 57 53 127 128 129 130 133 134 131 132
2147483888,0,0,0.0935946,1,0,1,0,0,49 52 54 57 127 128 129 130 133 134 131 132
2147483889,0,0,inf,1,0,1,0,0,52 54 57 53 127 128 129 130 133 134 131 132
2147483890,0,0,inf,1,0,1,0,0,52 54 57 53 127 128 129 130 133 134 131 132
2147483891,0,0,inf,1,0,1,0,0,52 54 57 53 127 128 129 130 133 134 131 132
2147483893,0,0,inf,1,0,1,0,0,52 54 57 53 127 128 129 130 51 133 134 131 132 50
2147483894,0,0,0.00467593,1,0,1,0,0,49 52 54 57 127 128 129 130 51 133 134 131 132 50
2147483895,0,0,0.00467593,1,0,1,0,0,49 52 54 57 127 128 129 130 51 133 134 131 132 50
2147483896,0,0,inf,1,0,1,0,0,52 54 57 53 127 128 129 130 51 133 134 131 132 50
2147483897,0,0,inf,1,0,1,0,0,52 54 57 53 127 128 129 130 51 133 134 131 132 50
2147483904,0,0,0.00631229,3,0,1,0,0,54 57 53 127 128 129 130 51 133 134 131 132 50
2147483905,0,0,0.0037226,3,0,1,0,0,49 52 54 57 127 128 129 130 51 133 134 131 132 50
2147483906,0,0,0.0054259,3,0,1,0,0,49 52 54 57 127 128 129 130 133 134 131 132 50
2147483909,0,0,0.0837793,3,0,1,0,0,49 52 54 57 127 128 129 130 133 134 131 132
2147483910,0,0,0.179152,9,0,1,0,0,133 134 131 132
2147483912,0,0,0.207328,3,0,1,0,0,133 134 131 132
2147483913,0,0,0.00521295,3,0,1,0,0,134 131 132
2147483916,0,0,0.0187534,3,0,1,0,0,
2147483917,0,0,0.0614847,9,0,1,0,0,
2147483918,0,0,0.000722771,3,0,1,0,0,
2147483919,0,0,0.0133587,7,0,1,0,0,53 127 128 129 130
2147483920,0,0,0.0122086,9,0,1,0,0,
2147483923,0,0,0.00110423,4,0,1,0,0,52 54 57 53 127 128 129 130 133 131
2147483924,0,0,0.00480958,6,0,1,0,0,61 18 247 248 249 250 253 251
2147483927,0,0,1.07395,10,0,1,0,0,
2147483928,0,0,0.203724,8,0,1,0,0,
2147483930,0,0,2.45414,8,0,1,0,0,54 57 53 127 128 129 130 51 132
2147483941,0,0,2.80092,6,0,1,0,0,
2147483942,0,0,1.89554,17,0,1,0,0,
2147483943,0,0,0.237789,3,0,1,0,0,133 134 131 132
2147483944,0,0,0.0204801,1,0,1,0,0,53 127 128 129 130 133
2147483946,0,0,0.00946516,1,0,1,0,0,134 131
2147483947,0,0,0.0547073,1,0,1,0,0,133 134 131 132
2147483948,0,0,inf,1,0,1,0,0,52 54 57 53 127 128 129 130 51 133 134 131 132 50
2147483949,0,0,inf,1,0,1,0,0,49 52 54 127 128 129 130 51
2147483951,0,0,0.000399576,7,0,1,0,128,
2147483952,0,0,0.000948886,4,0,1,0,128,54 57 53 127 128 129 130
2147483954,0,0,0.00111979,7,0,1,0,0,133 131
2147483955,0,0,inf,1,0,1,0,0,52 54 57 53 127 128 129 130 133 131
2147483956,0,0,inf,1,0,1,0,0,52 54 57 53 127 128 129 130 133 131
