2 2147483777 2147483781 2147483842 
5 2147483777 2147483781 2147483842 
8 2147483777 2147483781 2147483842 
11 2147483777 2147483781 
18 2147483777 2147483781 
19 2147483777 2147483781 
22 2147483648 2147483651 2147483680 2147483708 2147483713 2147483834 2147483835 2147483893 2147483900 2147483907 2147483908 2147483909 2147483920 2147483922 2147483927 2147483928 2147483936 2147483938 2147483939 
23 2147483648 2147483651 2147483680 2147483708 2147483713 2147483834 2147483835 2147483920 2147483922 2147483927 2147483928 2147483936 2147483938 2147483939 
24 2147483648 2147483651 2147483680 2147483708 2147483713 2147483834 2147483893 2147483900 2147483907 2147483908 2147483920 2147483922 2147483927 2147483928 
25 2147483648 2147483651 2147483680 2147483834 2147483835 2147483900 2147483907 2147483908 2147483909 2147483920 2147483922 2147483927 2147483936 2147483938 
26 2147483648 2147483651 2147483680 2147483893 2147483900 2147483909 2147483922 2147483927 2147483928 
27 2147483648 2147483651 2147483680 2147483834 2147483835 2147483900 2147483909 2147483922 2147483927 2147483936 
32 2147483648 2147483651 2147483680 2147483893 2147483900 2147483907 2147483908 2147483909 2147483922 2147483927 2147483928 
49 2147483650 2147483652 2147483653 2147483661 2147483672 2147483674 2147483675 2147483678 2147483679 2147483694 2147483696 2147483700 2147483704 2147483705 2147483706 2147483707 2147483718 2147483720 2147483721 2147483723 2147483724 2147483741 2147483742 2147483744 2147483745 2147483750 2147483751 2147483753 2147483754 2147483755 2147483756 2147483758 2147483804 2147483809 2147483822 2147483845 2147483846 2147483847 2147483848 2147483849 2147483851 2147483852 2147483853 2147483854 2147483861 2147483863 2147483864 2147483865 2147483867 2147483868 2147483869 2147483870 2147483871 2147483910 2147483911 2147483913 2147483924 2147483925 2147483930 2147483931 2147483932 2147483934 
50 2147483652 2147483653 2147483672 2147483674 2147483675 2147483678 2147483679 2147483696 2147483704 2147483705 2147483706 2147483707 2147483718 2147483720 2147483721 2147483723 2147483724 2147483804 2147483809 2147483821 2147483822 2147483840 2147483841 2147483843 2147483845 2147483910 2147483911 2147483913 2147483924 2147483925 2147483930 2147483931 2147483932 2147483934 
51 2147483650 2147483653 2147483661 2147483672 2147483675 2147483679 2147483694 2147483700 2147483704 2147483705 2147483706 2147483707 2147483718 2147483720 2147483721 2147483723 2147483724 2147483821 2147483822 2147483840 2147483841 2147483843 2147483846 2147483847 2147483848 2147483849 2147483851 2147483852 2147483853 2147483854 2147483855 2147483861 2147483863 2147483864 2147483865 2147483867 2147483868 2147483869 2147483870 2147483871 2147483872 2147483924 2147483930 2147483932 2147483934 
52 2147483650 2147483652 2147483653 2147483661 2147483672 2147483674 2147483675 2147483678 2147483679 2147483694 2147483696 2147483700 2147483704 2147483705 2147483706 2147483707 2147483718 2147483720 2147483721 2147483723 2147483724 2147483741 2147483742 2147483744 2147483745 2147483750 2147483751 2147483753 2147483754 2147483755 2147483756 2147483758 2147483804 2147483822 2147483845 2147483846 2147483847 2147483848 2147483849 2147483851 2147483852 2147483853 2147483854 2147483861 2147483863 2147483864 2147483865 2147483867 2147483868 2147483869 2147483870 2147483910 2147483911 2147483913 2147483924 2147483925 2147483931 2147483932 
53 2147483650 2147483652 2147483653 2147483661 2147483672 2147483674 2147483675 2147483678 2147483679 2147483704 2147483705 2147483706 2147483707 2147483744 2147483745 2147483753 2147483754 2147483755 2147483756 2147483758 2147483804 2147483809 2147483821 2147483840 2147483841 2147483843 2147483855 2147483872 2147483910 2147483911 2147483913 2147483924 2147483925 2147483930 2147483931 2147483932 2147483934 
54 2147483650 2147483652 2147483653 2147483661 2147483672 2147483674 2147483675 2147483679 2147483704 2147483705 2147483706 2147483707 2147483744 2147483745 2147483753 2147483754 2147483755 2147483756 2147483758 2147483910 2147483911 2147483913 2147483924 2147483932 
57 2147483650 2147483652 2147483653 2147483661 2147483672 2147483675 2147483678 2147483679 2147483704 2147483705 2147483706 2147483707 2147483741 2147483742 2147483744 2147483745 2147483750 2147483751 2147483753 2147483754 2147483755 2147483756 2147483758 2147483840 2147483841 2147483872 2147483910 2147483911 2147483913 2147483924 2147483925 2147483930 2147483932 2147483934 
61 2147483777 2147483781 
127 2147483650 2147483675 2147483704 2147483705 2147483706 2147483707 2147483932 
128 2147483650 2147483675 2147483704 2147483705 2147483706 2147483707 2147483932 
129 2147483650 2147483675 2147483704 2147483705 2147483706 2147483707 2147483932 
130 2147483650 2147483675 2147483704 2147483705 2147483706 2147483707 2147483932 
131 2147483650 2147483652 2147483653 2147483661 2147483672 2147483674 2147483675 2147483678 2147483679 2147483694 2147483696 2147483700 2147483704 2147483705 2147483706 2147483707 2147483741 2147483742 2147483744 2147483745 2147483750 2147483751 2147483753 2147483754 2147483755 2147483756 2147483758 2147483804 2147483809 2147483821 2147483822 2147483840 2147483841 2147483843 2147483845 2147483846 2147483847 2147483848 2147483849 2147483851 2147483852 2147483853 2147483854 2147483855 2147483863 2147483910 2147483911 2147483913 2147483924 2147483925 2147483930 2147483931 2147483932 2147483934 
132 2147483650 2147483652 2147483653 2147483661 2147483672 2147483674 2147483675 2147483678 2147483679 2147483704 2147483705 2147483706 2147483707 2147483718 2147483723 2147483724 2147483741 2147483742 2147483744 2147483745 2147483750 2147483751 2147483753 2147483754 2147483755 2147483756 2147483758 2147483804 2147483809 2147483821 2147483822 2147483840 2147483841 2147483843 2147483910 2147483911 2147483913 2147483924 2147483925 2147483930 2147483931 2147483932 2147483934 
133 2147483650 2147483652 2147483653 2147483661 2147483672 2147483674 2147483675 2147483678 2147483679 2147483694 2147483696 2147483700 2147483704 2147483705 2147483706 2147483707 2147483718 2147483720 2147483721 2147483723 2147483724 2147483741 2147483742 2147483744 2147483745 2147483750 2147483751 2147483753 2147483754 2147483755 2147483756 2147483758 2147483804 2147483809 2147483821 2147483822 2147483840 2147483841 2147483843 2147483845 2147483846 2147483847 2147483848 2147483849 2147483851 2147483852 2147483853 2147483854 2147483855 2147483861 2147483910 2147483911 2147483913 2147483924 2147483925 2147483930 2147483931 2147483932 2147483934 
134 2147483650 2147483652 2147483653 2147483661 2147483672 2147483674 2147483675 2147483678 2147483679 2147483694 2147483696 2147483700 2147483704 2147483705 2147483706 2147483707 2147483718 2147483720 2147483721 2147483723 2147483724 2147483741 2147483742 2147483744 2147483745 2147483750 2147483751 2147483753 2147483754 2147483755 2147483756 2147483758 2147483804 2147483809 2147483821 2147483822 2147483840 2147483841 2147483843 2147483845 2147483846 2147483847 2147483848 2147483849 2147483851 2147483852 2147483853 2147483854 2147483855 2147483861 2147483863 2147483864 2147483865 2147483867 2147483868 2147483869 2147483870 2147483871 2147483872 2147483910 2147483911 2147483913 2147483924 2147483925 2147483930 2147483931 2147483932 2147483934 
247 
248 
249 
250 
251 2147483777 2147483781 2147483842 
252 2147483777 2147483781 2147483842 
253 2147483777 2147483781 2147483842 
254 2147483777 2147483781 2147483842 
263 2147483648 2147483651 2147483900 2147483922 2147483927 
264 2147483648 2147483651 2147483900 2147483922 2147483927 
265 2147483648 2147483651 2147483900 2147483922 2147483927 
266 2147483648 2147483651 2147483900 2147483922 2147483927 
267 2147483648 2147483651 2147483680 2147483834 2147483835 2147483900 2147483907 2147483908 2147483909 2147483920 2147483922 2147483927 2147483928 2147483936 2147483938 2147483939 
268 2147483648 2147483651 2147483680 2147483834 2147483835 2147483907 2147483908 2147483909 2147483927 2147483928 2147483936 2147483938 2147483939 
269 2147483648 2147483651 2147483680 2147483708 2147483713 2147483834 2147483835 2147483900 2147483907 2147483908 2147483909 2147483920 2147483922 2147483927 2147483928 2147483936 2147483938 2147483939 
270 2147483648 2147483651 2147483680 2147483708 2147483713 2147483834 2147483835 2147483893 2147483900 2147483907 2147483908 2147483909 2147483920 2147483922 2147483927 2147483928 2147483936 2147483938 2147483939 
2147483648 2147483650 2147483651 2147483652 2147483653 2147483661 2147483672 2147483674 2147483675 2147483678 2147483679 2147483680 2147483704 2147483705 2147483706 2147483707 2147483718 2147483723 2147483724 2147483741 2147483742 2147483744 2147483745 2147483750 2147483751 2147483753 2147483754 2147483755 2147483756 2147483758 2147483777 2147483781 2147483804 2147483809 2147483821 2147483822 2147483834 2147483835 2147483840 2147483841 2147483842 2147483843 2147483907 2147483908 2147483909 2147483910 2147483911 2147483913 2147483924 2147483925 2147483927 2147483928 2147483930 2147483931 2147483932 2147483934 2147483936 2147483938 2147483939 27 32 25 22 26 263 264 265 266 24 23 269 270 267 268 2147483650 2147483651 2147483652 2147483653 2147483661 2147483672 2147483674 2147483675 2147483678 2147483679 2147483680 2147483704 2147483705 2147483706 2147483707 2147483718 2147483723 2147483724 2147483741 2147483742 2147483744 2147483745 2147483750 2147483751 2147483753 2147483754 2147483755 2147483756 2147483758 2147483777 2147483781 2147483804 2147483809 2147483821 2147483822 2147483834 2147483835 2147483840 2147483841 2147483842 2147483843 2147483907 2147483908 2147483909 2147483910 2147483911 2147483913 2147483924 2147483925 2147483927 2147483928 2147483930 2147483931 2147483932 2147483934 2147483936 2147483938 2147483939 
2147483650 2147483648 2147483648 2147483651 2147483653 2147483661 2147483704 2147483707 2147483907 2147483908 49 52 54 57 53 127 128 129 130 51 133 134 131 132 2147483651 2147483653 2147483661 2147483704 2147483707 2147483907 2147483908 
2147483651 2147483648 2147483650 2147483648 2147483650 2147483652 2147483653 2147483661 2147483672 2147483674 2147483675 2147483678 2147483679 2147483680 2147483704 2147483705 2147483706 2147483707 2147483741 2147483742 2147483744 2147483745 2147483750 2147483751 2147483753 2147483754 2147483755 2147483756 2147483758 2147483777 2147483781 2147483804 2147483809 2147483821 2147483822 2147483834 2147483835 2147483840 2147483841 2147483842 2147483843 2147483907 2147483908 2147483909 2147483910 2147483911 2147483913 2147483924 2147483925 2147483927 2147483928 2147483930 2147483931 2147483932 2147483934 2147483936 2147483938 2147483939 27 32 22 25 26 263 264 265 266 24 23 269 270 267 268 2147483652 2147483653 2147483661 2147483672 2147483674 2147483675 2147483678 2147483679 2147483680 2147483704 2147483705 2147483706 2147483707 2147483741 2147483742 2147483744 2147483745 2147483750 2147483751 2147483753 2147483754 2147483755 2147483756 2147483758 2147483777 2147483781 2147483804 2147483809 2147483821 2147483822 2147483834 2147483835 2147483840 2147483841 2147483842 2147483843 2147483907 2147483908 2147483909 2147483910 2147483911 2147483913 2147483924 2147483925 2147483927 2147483928 2147483930 2147483931 2147483932 2147483934 2147483936 2147483938 2147483939 
2147483652 2147483648 2147483651 2147483648 2147483651 2147483653 2147483672 2147483704 2147483707 2147483910 2147483911 2147483913 49 52 54 57 53 133 134 131 132 50 2147483653 2147483672 2147483704 2147483707 2147483910 2147483911 2147483913 
2147483653 2147483648 2147483650 2147483651 2147483652 2147483648 2147483650 2147483651 2147483652 2147483672 2147483704 2147483707 2147483741 2147483742 2147483744 2147483745 2147483907 2147483910 2147483911 2147483913 49 52 54 57 53 51 133 134 131 132 50 2147483672 2147483704 2147483707 2147483741 2147483742 2147483744 2147483745 2147483907 2147483910 2147483911 2147483913 
2147483661 2147483648 2147483650 2147483651 2147483648 2147483650 2147483651 2147483672 2147483704 2147483707 2147483750 2147483751 2147483753 2147483754 2147483908 2147483910 2147483911 2147483913 49 52 54 57 53 51 133 134 131 132 2147483672 2147483704 2147483707 2147483750 2147483751 2147483753 2147483754 2147483908 2147483910 2147483911 2147483913 
2147483672 2147483648 2147483651 2147483652 2147483653 2147483661 2147483648 2147483651 2147483652 2147483653 2147483661 2147483674 2147483675 2147483678 2147483679 2147483680 2147483704 2147483707 2147483744 2147483745 2147483753 2147483754 2147483755 2147483756 2147483758 2147483777 2147483781 2147483804 2147483809 2147483909 2147483910 2147483911 2147483913 2147483924 2147483925 2147483927 2147483928 2147483930 2147483931 2147483934 53 49 52 54 57 51 133 134 131 132 50 2147483674 2147483675 2147483678 2147483679 2147483680 2147483704 2147483707 2147483744 2147483745 2147483753 2147483754 2147483755 2147483756 2147483758 2147483777 2147483781 2147483804 2147483809 2147483909 2147483910 2147483911 2147483913 2147483924 2147483925 2147483927 2147483928 2147483930 2147483931 2147483934 
2147483674 2147483648 2147483651 2147483672 2147483648 2147483651 2147483672 2147483675 2147483704 2147483707 2147483910 2147483913 49 52 54 53 133 134 131 132 50 2147483675 2147483704 2147483707 2147483910 2147483913 
2147483675 2147483648 2147483651 2147483672 2147483674 2147483648 2147483651 2147483672 2147483674 2147483678 2147483679 2147483680 2147483696 2147483704 2147483707 2147483777 2147483781 2147483804 2147483809 2147483821 2147483822 2147483834 2147483835 2147483840 2147483841 2147483842 2147483843 2147483845 2147483910 2147483920 2147483922 2147483924 2147483925 2147483927 2147483928 2147483930 2147483931 2147483932 2147483934 2147483936 2147483938 2147483939 57 49 52 54 53 127 128 129 130 51 133 134 131 132 50 2147483678 2147483679 2147483680 2147483696 2147483704 2147483707 2147483777 2147483781 2147483804 2147483809 2147483821 2147483822 2147483834 2147483835 2147483840 2147483841 2147483842 2147483843 2147483845 2147483910 2147483920 2147483922 2147483924 2147483925 2147483927 2147483928 2147483930 2147483931 2147483932 2147483934 2147483936 2147483938 2147483939 
2147483678 2147483648 2147483651 2147483672 2147483675 2147483648 2147483651 2147483672 2147483675 2147483679 2147483704 2147483707 2147483924 2147483925 49 52 57 53 133 134 131 132 50 2147483679 2147483704 2147483707 2147483924 2147483925 
2147483679 2147483648 2147483651 2147483672 2147483675 2147483678 2147483648 2147483651 2147483672 2147483675 2147483678 2147483680 2147483704 2147483707 2147483777 2147483781 2147483924 2147483925 2147483928 2147483930 49 52 54 57 53 51 133 134 131 132 50 2147483680 2147483704 2147483707 2147483777 2147483781 2147483924 2147483925 2147483928 2147483930 
2147483680 2147483648 2147483651 2147483672 2147483675 2147483679 2147483648 2147483651 2147483672 2147483675 2147483679 2147483704 2147483707 2147483777 2147483781 2147483924 22 25 27 32 26 24 23 269 270 267 268 2147483704 2147483707 2147483777 2147483781 2147483924 
2147483694 2147483704 2147483707 2147483846 2147483922 2147483932 49 52 51 133 134 131 2147483704 2147483707 2147483846 2147483922 2147483932 
2147483696 2147483675 2147483675 2147483704 2147483707 2147483845 2147483922 49 52 133 134 131 50 2147483704 2147483707 2147483845 2147483922 
2147483700 2147483704 2147483707 2147483861 2147483900 2147483922 49 52 51 133 134 131 2147483704 2147483707 2147483861 2147483900 2147483922 
2147483704 2147483648 2147483650 2147483651 2147483652 2147483653 2147483661 2147483672 2147483674 2147483675 2147483678 2147483679 2147483680 2147483694 2147483696 2147483700 2147483648 2147483650 2147483651 2147483652 2147483653 2147483661 2147483672 2147483674 2147483675 2147483678 2147483679 2147483680 2147483694 2147483696 2147483700 2147483705 2147483706 2147483707 2147483708 2147483713 2147483718 2147483720 2147483721 2147483723 2147483724 2147483741 2147483742 2147483744 2147483745 2147483750 2147483751 2147483753 2147483754 2147483755 2147483756 2147483758 2147483777 2147483781 2147483804 2147483809 2147483821 2147483822 2147483834 2147483835 2147483840 2147483841 2147483842 2147483843 2147483845 2147483846 2147483847 2147483848 2147483849 2147483851 2147483852 2147483853 2147483854 2147483855 2147483861 2147483900 2147483907 2147483908 2147483909 2147483910 2147483911 2147483913 2147483920 2147483922 2147483924 2147483925 2147483927 2147483928 2147483930 2147483931 2147483932 2147483934 2147483936 2147483938 2147483939 53 49 52 54 57 127 128 129 130 51 133 134 131 132 50 2147483705 2147483706 2147483707 2147483708 2147483713 2147483718 2147483720 2147483721 2147483723 2147483724 2147483741 2147483742 2147483744 2147483745 2147483750 2147483751 2147483753 2147483754 2147483755 2147483756 2147483758 2147483777 2147483781 2147483804 2147483809 2147483821 2147483822 2147483834 2147483835 2147483840 2147483841 2147483842 2147483843 2147483845 2147483846 2147483847 2147483848 2147483849 2147483851 2147483852 2147483853 2147483854 2147483855 2147483861 2147483900 2147483907 2147483908 2147483909 2147483910 2147483911 2147483913 2147483920 2147483922 2147483924 2147483925 2147483927 2147483928 2147483930 2147483931 2147483932 2147483934 2147483936 2147483938 2147483939 
2147483705 2147483648 2147483651 2147483704 2147483648 2147483651 2147483704 2147483706 2147483707 2147483708 2147483713 2147483718 2147483720 2147483721 2147483723 2147483724 57 49 52 54 53 127 128 129 130 51 133 134 131 132 50 2147483706 2147483707 2147483708 2147483713 2147483718 2147483720 2147483721 2147483723 2147483724 
2147483706 2147483648 2147483651 2147483704 2147483705 2147483648 2147483651 2147483704 2147483705 2147483707 2147483708 2147483713 2147483718 2147483720 2147483721 2147483723 2147483724 54 57 49 52 53 127 128 129 130 51 133 134 131 132 50 2147483707 2147483708 2147483713 2147483718 2147483720 2147483721 2147483723 2147483724 
2147483707 2147483648 2147483650 2147483651 2147483652 2147483653 2147483661 2147483672 2147483674 2147483675 2147483678 2147483679 2147483680 2147483694 2147483696 2147483700 2147483704 2147483705 2147483706 2147483648 2147483650 2147483651 2147483652 2147483653 2147483661 2147483672 2147483674 2147483675 2147483678 2147483679 2147483680 2147483694 2147483696 2147483700 2147483704 2147483705 2147483706 2147483708 2147483713 2147483718 2147483720 2147483721 2147483723 2147483724 2147483741 2147483742 2147483744 2147483745 2147483750 2147483751 2147483753 2147483754 2147483755 2147483756 2147483758 2147483777 2147483781 2147483804 2147483809 2147483821 2147483822 2147483834 2147483835 2147483840 2147483841 2147483842 2147483843 2147483845 2147483846 2147483847 2147483848 2147483849 2147483851 2147483852 2147483853 2147483854 2147483855 2147483861 2147483863 2147483864 2147483865 2147483867 2147483868 2147483869 2147483870 2147483871 2147483872 2147483893 2147483900 2147483907 2147483908 2147483909 2147483910 2147483911 2147483913 2147483920 2147483922 2147483924 2147483925 2147483927 2147483928 2147483930 2147483931 2147483932 2147483934 2147483936 2147483938 2147483939 53 52 57 49 54 127 128 129 130 51 133 134 131 132 50 2147483708 2147483713 2147483718 2147483720 2147483721 2147483723 2147483724 2147483741 2147483742 2147483744 2147483745 2147483750 2147483751 2147483753 2147483754 2147483755 2147483756 2147483758 2147483777 2147483781 2147483804 2147483809 2147483821 2147483822 2147483834 2147483835 2147483840 2147483841 2147483842 2147483843 2147483845 2147483846 2147483847 2147483848 2147483849 2147483851 2147483852 2147483853 2147483854 2147483855 2147483861 2147483863 2147483864 2147483865 2147483867 2147483868 2147483869 2147483870 2147483871 2147483872 2147483893 2147483900 2147483907 2147483908 2147483909 2147483910 2147483911 2147483913 2147483920 2147483922 2147483924 2147483925 2147483927 2147483928 2147483930 2147483931 2147483932 2147483934 2147483936 2147483938 2147483939 
2147483708 2147483704 2147483705 2147483706 2147483707 2147483704 2147483705 2147483706 2147483707 22 24 23 269 270 
2147483713 2147483704 2147483705 2147483706 2147483707 2147483704 2147483705 2147483706 2147483707 22 24 23 269 270 
2147483718 2147483648 2147483704 2147483705 2147483706 2147483707 2147483648 2147483704 2147483705 2147483706 2147483707 2147483720 2147483721 2147483723 2147483724 49 52 51 133 134 132 50 2147483720 2147483721 2147483723 2147483724 
2147483720 2147483704 2147483705 2147483706 2147483707 2147483718 2147483704 2147483705 2147483706 2147483707 2147483718 49 52 51 133 134 50 
2147483721 2147483704 2147483705 2147483706 2147483707 2147483718 2147483704 2147483705 2147483706 2147483707 2147483718 49 52 51 133 134 50 
2147483723 2147483648 2147483704 2147483705 2147483706 2147483707 2147483718 2147483648 2147483704 2147483705 2147483706 2147483707 2147483718 49 52 51 133 134 132 50 
2147483724 2147483648 2147483704 2147483705 2147483706 2147483707 2147483718 2147483648 2147483704 2147483705 2147483706 2147483707 2147483718 49 52 51 133 134 132 50 
2147483741 2147483648 2147483651 2147483653 2147483704 2147483707 2147483648 2147483651 2147483653 2147483704 2147483707 2147483910 49 52 57 133 134 131 132 2147483910 
2147483742 2147483648 2147483651 2147483653 2147483704 2147483707 2147483648 2147483651 2147483653 2147483704 2147483707 2147483910 49 52 57 133 134 131 132 2147483910 
2147483744 2147483648 2147483651 2147483653 2147483672 2147483704 2147483707 2147483648 2147483651 2147483653 2147483672 2147483704 2147483707 2147483745 2147483910 2147483911 49 52 54 57 53 133 134 131 132 2147483745 2147483910 2147483911 
2147483745 2147483648 2147483651 2147483653 2147483672 2147483704 2147483707 2147483744 2147483648 2147483651 2147483653 2147483672 2147483704 2147483707 2147483744 2147483910 49 52 54 57 53 133 134 131 132 2147483910 
2147483750 2147483648 2147483651 2147483661 2147483704 2147483707 2147483648 2147483651 2147483661 2147483704 2147483707 2147483910 49 52 57 133 134 131 132 2147483910 
2147483751 2147483648 2147483651 2147483661 2147483704 2147483707 2147483648 2147483651 2147483661 2147483704 2147483707 2147483910 49 52 57 133 134 131 132 2147483910 
2147483753 2147483648 2147483651 2147483661 2147483672 2147483704 2147483707 2147483648 2147483651 2147483661 2147483672 2147483704 2147483707 2147483754 2147483910 2147483911 49 52 54 57 53 133 134 131 132 2147483754 2147483910 2147483911 
2147483754 2147483648 2147483651 2147483661 2147483672 2147483704 2147483707 2147483753 2147483648 2147483651 2147483661 2147483672 2147483704 2147483707 2147483753 2147483910 49 52 54 57 53 133 134 131 132 2147483910 
2147483755 2147483648 2147483651 2147483672 2147483704 2147483707 2147483648 2147483651 2147483672 2147483704 2147483707 2147483910 2147483911 2147483913 49 52 54 57 53 133 134 131 132 2147483910 2147483911 2147483913 
2147483756 2147483648 2147483651 2147483672 2147483704 2147483707 2147483648 2147483651 2147483672 2147483704 2147483707 2147483910 2147483911 2147483913 49 52 54 57 53 133 134 131 132 2147483910 2147483911 2147483913 
2147483758 2147483648 2147483651 2147483672 2147483704 2147483707 2147483648 2147483651 2147483672 2147483704 2147483707 2147483910 2147483911 2147483913 49 52 54 57 53 133 134 131 132 2147483910 2147483911 2147483913 
2147483777 2147483648 2147483651 2147483672 2147483675 2147483679 2147483680 2147483704 2147483707 2147483648 2147483651 2147483672 2147483675 2147483679 2147483680 2147483704 2147483707 2147483781 2147483924 2 11 19 61 18 5 8 253 254 251 252 2147483781 2147483924 
2147483781 2147483648 2147483651 2147483672 2147483675 2147483679 2147483680 2147483704 2147483707 2147483777 2147483648 2147483651 2147483672 2147483675 2147483679 2147483680 2147483704 2147483707 2147483777 2147483924 2 11 19 61 18 5 8 253 254 251 252 2147483924 
2147483804 2147483648 2147483651 2147483672 2147483675 2147483704 2147483707 2147483648 2147483651 2147483672 2147483675 2147483704 2147483707 2147483931 49 52 53 133 134 131 132 50 2147483931 
2147483809 2147483648 2147483651 2147483672 2147483675 2147483704 2147483707 2147483648 2147483651 2147483672 2147483675 2147483704 2147483707 49 53 133 134 131 132 50 
2147483821 2147483648 2147483651 2147483675 2147483704 2147483707 2147483648 2147483651 2147483675 2147483704 2147483707 2147483927 53 51 133 134 131 132 50 2147483927 
2147483822 2147483648 2147483651 2147483675 2147483704 2147483707 2147483648 2147483651 2147483675 2147483704 2147483707 2147483834 2147483927 49 52 51 133 134 131 132 50 2147483834 2147483927 
2147483834 2147483648 2147483651 2147483675 2147483704 2147483707 2147483822 2147483648 2147483651 2147483675 2147483704 2147483707 2147483822 2147483835 2147483927 2147483936 2147483938 22 25 27 24 23 269 270 267 268 2147483835 2147483927 2147483936 2147483938 
2147483835 2147483648 2147483651 2147483675 2147483704 2147483707 2147483834 2147483648 2147483651 2147483675 2147483704 2147483707 2147483834 2147483936 22 25 27 23 269 270 267 268 2147483936 
2147483840 2147483648 2147483651 2147483675 2147483704 2147483707 2147483648 2147483651 2147483675 2147483704 2147483707 2147483841 2147483932 53 57 51 133 134 131 132 50 2147483841 2147483932 
2147483841 2147483648 2147483651 2147483675 2147483704 2147483707 2147483840 2147483648 2147483651 2147483675 2147483704 2147483707 2147483840 2147483932 57 53 51 133 134 131 132 50 2147483932 
2147483842 2147483648 2147483651 2147483675 2147483704 2147483707 2147483648 2147483651 2147483675 2147483704 2147483707 2147483932 2 5 8 253 254 251 252 2147483932 
2147483843 2147483648 2147483651 2147483675 2147483704 2147483707 2147483648 2147483651 2147483675 2147483704 2147483707 2147483932 53 51 133 134 131 132 50 2147483932 
2147483845 2147483675 2147483696 2147483704 2147483707 2147483675 2147483696 2147483704 2147483707 2147483922 49 52 133 134 131 50 2147483922 
2147483846 2147483694 2147483704 2147483707 2147483694 2147483704 2147483707 2147483922 2147483932 49 52 51 133 134 131 2147483922 2147483932 
2147483847 2147483704 2147483707 2147483704 2147483707 2147483848 2147483849 2147483920 2147483922 2147483932 49 52 51 133 134 131 2147483848 2147483849 2147483920 2147483922 2147483932 
2147483848 2147483704 2147483707 2147483847 2147483704 2147483707 2147483847 2147483922 2147483932 49 52 51 133 134 131 2147483922 2147483932 
2147483849 2147483704 2147483707 2147483847 2147483704 2147483707 2147483847 2147483922 2147483932 49 52 51 133 134 131 2147483922 2147483932 
2147483851 2147483704 2147483707 2147483704 2147483707 2147483852 2147483853 2147483854 2147483922 2147483932 49 52 51 133 134 131 2147483852 2147483853 2147483854 2147483922 2147483932 
2147483852 2147483704 2147483707 2147483851 2147483704 2147483707 2147483851 2147483922 2147483932 49 52 51 133 134 131 2147483922 2147483932 
2147483853 2147483704 2147483707 2147483851 2147483704 2147483707 2147483851 2147483922 2147483932 49 52 51 133 134 131 2147483922 2147483932 
2147483854 2147483704 2147483707 2147483851 2147483704 2147483707 2147483851 2147483922 2147483932 49 52 51 133 134 131 2147483922 2147483932 
2147483855 2147483704 2147483707 2147483704 2147483707 2147483922 2147483932 53 51 133 134 131 2147483922 2147483932 
2147483861 2147483700 2147483704 2147483707 2147483700 2147483704 2147483707 2147483900 49 52 51 133 134 2147483900 
2147483863 2147483707 2147483707 2147483864 2147483865 2147483900 2147483922 49 52 51 134 131 2147483864 2147483865 2147483900 2147483922 
2147483864 2147483707 2147483863 2147483707 2147483863 2147483900 49 52 51 134 2147483900 
2147483865 2147483707 2147483863 2147483707 2147483863 2147483900 49 52 51 134 2147483900 
2147483867 2147483707 2147483707 2147483868 2147483869 2147483870 2147483900 49 52 51 134 2147483868 2147483869 2147483870 2147483900 
2147483868 2147483707 2147483867 2147483707 2147483867 2147483900 49 52 51 134 2147483900 
2147483869 2147483707 2147483867 2147483707 2147483867 2147483900 49 52 51 134 2147483900 
2147483870 2147483707 2147483867 2147483707 2147483867 2147483900 49 52 51 134 2147483900 
2147483871 2147483707 2147483707 2147483900 49 51 134 2147483900 
2147483872 2147483707 2147483707 2147483900 57 53 51 134 2147483900 
2147483893 2147483707 2147483707 2147483900 22 32 26 24 270 2147483900 
2147483900 2147483700 2147483704 2147483707 2147483861 2147483863 2147483864 2147483865 2147483867 2147483868 2147483869 2147483870 2147483871 2147483872 2147483893 2147483700 2147483704 2147483707 2147483861 2147483863 2147483864 2147483865 2147483867 2147483868 2147483869 2147483870 2147483871 2147483872 2147483893 2147483922 22 25 27 32 26 263 264 265 266 24 269 270 267 2147483922 
2147483907 2147483648 2147483650 2147483651 2147483653 2147483704 2147483707 2147483648 2147483650 2147483651 2147483653 2147483704 2147483707 2147483910 268 22 25 32 24 269 270 267 2147483910 
2147483908 2147483648 2147483650 2147483651 2147483661 2147483704 2147483707 2147483648 2147483650 2147483651 2147483661 2147483704 2147483707 2147483910 268 22 25 32 24 269 270 267 2147483910 
2147483909 2147483648 2147483651 2147483672 2147483704 2147483707 2147483648 2147483651 2147483672 2147483704 2147483707 2147483910 2147483911 2147483913 267 22 25 27 32 26 269 270 268 2147483910 2147483911 2147483913 
2147483910 2147483648 2147483651 2147483652 2147483653 2147483661 2147483672 2147483674 2147483675 2147483704 2147483707 2147483741 2147483742 2147483744 2147483745 2147483750 2147483751 2147483753 2147483754 2147483755 2147483756 2147483758 2147483907 2147483908 2147483909 2147483648 2147483651 2147483652 2147483653 2147483661 2147483672 2147483674 2147483675 2147483704 2147483707 2147483741 2147483742 2147483744 2147483745 2147483750 2147483751 2147483753 2147483754 2147483755 2147483756 2147483758 2147483907 2147483908 2147483909 2147483911 2147483913 2147483925 53 49 52 54 57 133 134 131 132 50 2147483911 2147483913 2147483925 
2147483911 2147483648 2147483651 2147483652 2147483653 2147483661 2147483672 2147483704 2147483707 2147483744 2147483753 2147483755 2147483756 2147483758 2147483909 2147483910 2147483648 2147483651 2147483652 2147483653 2147483661 2147483672 2147483704 2147483707 2147483744 2147483753 2147483755 2147483756 2147483758 2147483909 2147483910 2147483913 49 52 54 57 53 133 134 131 132 50 2147483913 
2147483913 2147483648 2147483651 2147483652 2147483653 2147483661 2147483672 2147483674 2147483704 2147483707 2147483755 2147483756 2147483758 2147483909 2147483910 2147483911 2147483648 2147483651 2147483652 2147483653 2147483661 2147483672 2147483674 2147483704 2147483707 2147483755 2147483756 2147483758 2147483909 2147483910 2147483911 49 52 54 57 53 133 134 131 132 50 
2147483920 2147483675 2147483704 2147483707 2147483847 2147483675 2147483704 2147483707 2147483847 2147483922 2147483932 267 22 25 24 23 269 270 2147483922 2147483932 
2147483922 2147483675 2147483694 2147483696 2147483700 2147483704 2147483707 2147483845 2147483846 2147483847 2147483848 2147483849 2147483851 2147483852 2147483853 2147483854 2147483855 2147483863 2147483900 2147483920 2147483675 2147483694 2147483696 2147483700 2147483704 2147483707 2147483845 2147483846 2147483847 2147483848 2147483849 2147483851 2147483852 2147483853 2147483854 2147483855 2147483863 2147483900 2147483920 2147483932 22 27 25 32 26 263 264 265 266 24 23 269 270 267 2147483932 
2147483924 2147483648 2147483651 2147483672 2147483675 2147483678 2147483679 2147483680 2147483704 2147483707 2147483777 2147483781 2147483648 2147483651 2147483672 2147483675 2147483678 2147483679 2147483680 2147483704 2147483707 2147483777 2147483781 2147483928 57 49 52 54 53 51 133 134 131 132 50 2147483928 
2147483925 2147483648 2147483651 2147483672 2147483675 2147483678 2147483679 2147483704 2147483707 2147483910 2147483648 2147483651 2147483672 2147483675 2147483678 2147483679 2147483704 2147483707 2147483910 57 49 52 53 133 134 131 132 50 
2147483927 2147483648 2147483651 2147483672 2147483675 2147483704 2147483707 2147483821 2147483822 2147483834 2147483648 2147483651 2147483672 2147483675 2147483704 2147483707 2147483821 2147483822 2147483834 24 22 25 27 32 26 263 264 265 266 23 269 270 267 268 
2147483928 2147483648 2147483651 2147483672 2147483675 2147483679 2147483704 2147483707 2147483924 2147483648 2147483651 2147483672 2147483675 2147483679 2147483704 2147483707 2147483924 2147483930 2147483934 24 22 32 26 23 269 270 267 268 2147483930 2147483934 
2147483930 2147483648 2147483651 2147483672 2147483675 2147483679 2147483704 2147483707 2147483928 2147483648 2147483651 2147483672 2147483675 2147483679 2147483704 2147483707 2147483928 2147483934 57 49 53 51 133 134 131 132 50 2147483934 
2147483931 2147483648 2147483651 2147483672 2147483675 2147483704 2147483707 2147483804 2147483648 2147483651 2147483672 2147483675 2147483704 2147483707 2147483804 49 52 53 133 134 131 132 50 
2147483932 2147483648 2147483651 2147483675 2147483694 2147483704 2147483707 2147483840 2147483841 2147483842 2147483843 2147483846 2147483847 2147483848 2147483849 2147483851 2147483852 2147483853 2147483854 2147483855 2147483920 2147483922 2147483648 2147483651 2147483675 2147483694 2147483704 2147483707 2147483840 2147483841 2147483842 2147483843 2147483846 2147483847 2147483848 2147483849 2147483851 2147483852 2147483853 2147483854 2147483855 2147483920 2147483922 57 50 49 52 54 53 127 128 129 130 51 133 134 131 132 
2147483934 2147483648 2147483651 2147483672 2147483675 2147483704 2147483707 2147483928 2147483930 2147483648 2147483651 2147483672 2147483675 2147483704 2147483707 2147483928 2147483930 49 57 53 51 133 134 131 132 50 
2147483936 2147483648 2147483651 2147483675 2147483704 2147483707 2147483834 2147483835 2147483648 2147483651 2147483675 2147483704 2147483707 2147483834 2147483835 22 25 27 23 269 270 267 268 
2147483938 2147483648 2147483651 2147483675 2147483704 2147483707 2147483834 2147483648 2147483651 2147483675 2147483704 2147483707 2147483834 22 25 23 269 270 267 268 
2147483939 2147483648 2147483651 2147483675 2147483704 2147483707 2147483648 2147483651 2147483675 2147483704 2147483707 22 23 269 270 267 268 
