2 2147483675 2147483677 2147483909 2147484032 2147484047 2147484062 2147484109 2147484157 
5 2147483675 2147483909 2147484157 
8 2147483675 2147483909 2147484109 2147484157 
11 2147483909 2147484032 2147484047 2147484062 
18 2147483909 
19 2147483909 
22 2147483719 2147483753 2147483759 2147483900 2147483916 2147483926 2147484022 2147484037 2147484053 2147484067 2147484082 2147484090 2147484095 2147484113 2147484117 2147484119 2147484121 2147484123 2147484128 2147484131 2147484136 2147484149 2147484150 2147484151 2147484152 2147484153 2147484154 
23 2147483753 2147483759 2147483926 2147484090 2147484095 2147484113 2147484149 2147484153 2147484154 
24 2147483719 2147483753 2147483916 2147484053 2147484067 2147484082 2147484090 2147484095 2147484113 2147484153 2147484154 
25 2147483719 2147483753 2147483900 2147483916 2147484022 2147484037 2147484053 2147484067 2147484082 2147484113 2147484117 2147484119 2147484121 2147484123 2147484128 2147484131 2147484136 2147484150 2147484151 2147484152 
26 2147483719 2147483753 2147484113 
27 2147483719 2147483753 2147484113 
32 2147483719 2147483753 2147484113 
49 2147483650 2147483651 2147483656 2147483661 2147483668 2147483672 2147483681 2147483687 2147483693 2147483699 2147483703 2147483708 2147483716 2147483721 2147483727 2147483730 2147483732 2147483737 2147483743 2147483747 2147483770 2147483779 2147483796 2147483798 2147483802 2147483819 2147483823 2147483825 2147483829 2147483841 2147483845 2147483847 2147483851 2147483863 2147483867 2147483869 2147483873 2147483885 2147483889 2147483891 2147483895 2147483904 2147483913 2147483920 2147483939 2147483943 2147483945 2147483949 2147483961 2147483965 2147483967 2147483971 2147483985 2147483989 2147483991 2147483995 2147484007 2147484011 2147484013 2147484017 2147484026 2147484041 2147484056 2147484071 2147484086 2147484104 2147484112 2147484114 2147484115 2147484126 2147484130 2147484141 2147484142 2147484143 2147484144 2147484145 2147484146 2147484147 2147484156 
50 2147483650 2147483651 2147483656 2147483708 2147483770 2147483776 2147483779 2147483913 2147484104 2147484114 2147484115 2147484126 2147484156 
51 2147483656 2147483661 2147483668 2147483672 2147483681 2147483687 2147483693 2147483699 2147483703 2147483708 2147483716 2147483721 2147483727 2147483732 2147483737 2147483743 2147483747 2147483913 2147483920 2147484104 2147484114 2147484115 2147484126 2147484130 2147484141 2147484142 2147484144 2147484145 2147484156 
52 2147483656 2147483661 2147483668 2147483672 2147483681 2147483687 2147483693 2147483699 2147483703 2147483708 2147483716 2147483721 2147483727 2147483730 2147483732 2147483737 2147483743 2147483747 2147483819 2147483841 2147483863 2147483885 2147483913 2147483939 2147483961 2147483985 2147484007 2147484104 2147484114 2147484115 2147484126 2147484130 2147484141 2147484142 2147484143 2147484144 2147484145 2147484146 2147484147 2147484156 
53 2147483650 2147483651 2147483656 2147483661 2147483668 2147483672 2147483681 2147483687 2147483693 2147483699 2147483703 2147483708 2147483716 2147483721 2147483727 2147483732 2147483737 2147483743 2147483747 2147483776 2147483779 2147483913 2147484104 2147484114 2147484115 2147484125 2147484126 2147484130 2147484133 2147484138 2147484156 
54 2147483656 2147483661 2147483668 2147483672 2147483681 2147483687 2147483693 2147483699 2147483703 2147483708 2147483716 2147483721 2147483727 2147483732 2147483737 2147483743 2147483747 2147483779 2147483913 2147484104 2147484114 2147484115 2147484126 2147484130 2147484156 
57 2147483656 2147483661 2147483668 2147483672 2147483681 2147483687 2147483693 2147483699 2147483703 2147483708 2147483716 2147483721 2147483727 2147483732 2147483737 2147483743 2147483747 2147483779 2147483913 2147484104 2147484114 2147484115 2147484126 2147484130 2147484156 
61 2147483909 
127 2147483656 2147483661 2147483668 2147483672 2147483681 2147483687 2147483693 2147483699 2147483703 2147483708 2147483716 2147483721 2147483727 2147483732 2147483737 2147483743 2147483747 2147483913 2147484104 2147484114 2147484115 2147484126 2147484130 2147484156 
128 2147483656 2147483661 2147483668 2147483672 2147483681 2147483687 2147483693 2147483699 2147483703 2147483708 2147483716 2147483721 2147483727 2147483732 2147483737 2147483743 2147483747 2147483913 2147484104 2147484114 2147484115 2147484126 2147484130 2147484156 
129 2147483656 2147483661 2147483668 2147483672 2147483681 2147483687 2147483693 2147483699 2147483703 2147483708 2147483716 2147483721 2147483727 2147483732 2147483737 2147483743 2147483747 2147483913 2147484114 2147484115 2147484126 2147484130 2147484156 
130 2147483656 2147483661 2147483668 2147483672 2147483681 2147483687 2147483693 2147483699 2147483703 2147483708 2147483716 2147483721 2147483727 2147483732 2147483737 2147483743 2147483747 2147483913 2147484114 2147484115 2147484126 2147484130 2147484156 
131 2147483650 2147483651 2147483656 2147483661 2147483668 2147483672 2147483681 2147483687 2147483693 2147483699 2147483703 2147483708 2147483716 2147483721 2147483727 2147483730 2147483732 2147483737 2147483743 2147483747 2147483770 2147483776 2147483779 2147483796 2147483798 2147483802 2147483819 2147483823 2147483825 2147483829 2147483841 2147483845 2147483847 2147483851 2147483863 2147483867 2147483869 2147483873 2147483885 2147483889 2147483891 2147483895 2147483904 2147483913 2147483920 2147483939 2147483943 2147483945 2147483949 2147483961 2147483965 2147483967 2147483971 2147483985 2147483989 2147483991 2147483995 2147484007 2147484011 2147484013 2147484017 2147484026 2147484041 2147484056 2147484071 2147484086 2147484104 2147484112 2147484114 2147484115 2147484125 2147484126 2147484130 2147484133 2147484138 2147484141 2147484142 2147484143 2147484144 2147484145 2147484146 2147484147 2147484156 
132 2147483656 2147483661 2147483668 2147483672 2147483681 2147483687 2147483693 2147483699 2147483703 2147483708 2147483716 2147483721 2147483727 2147483730 2147483732 2147483737 2147483743 2147483747 2147483796 2147483798 2147483802 2147483819 2147483823 2147483825 2147483829 2147483841 2147483845 2147483847 2147483851 2147483863 2147483867 2147483869 2147483873 2147483885 2147483889 2147483891 2147483895 2147483904 2147483913 2147483920 2147483939 2147483943 2147483945 2147483949 2147483961 2147483965 2147483967 2147483971 2147483985 2147483989 2147483991 2147483995 2147484007 2147484011 2147484013 2147484017 2147484026 2147484041 2147484056 2147484071 2147484086 2147484112 2147484114 2147484125 2147484130 2147484141 2147484142 2147484143 2147484144 2147484145 2147484146 2147484147 2147484156 
133 2147483656 2147483668 2147483672 2147483721 2147483913 2147484056 2147484071 2147484086 2147484104 2147484112 2147484114 2147484115 2147484130 2147484141 2147484142 2147484145 2147484156 
134 2147483650 2147483651 2147483656 2147483661 2147483672 2147483681 2147483687 2147483693 2147483699 2147483703 2147483708 2147483716 2147483727 2147483730 2147483732 2147483737 2147483743 2147483747 2147483770 2147483776 2147483779 2147483796 2147483798 2147483802 2147483819 2147483823 2147483825 2147483829 2147483841 2147483845 2147483847 2147483851 2147483863 2147483867 2147483869 2147483873 2147483885 2147483889 2147483891 2147483895 2147483904 2147483913 2147483920 2147483939 2147483943 2147483945 2147483949 2147483961 2147483965 2147483967 2147483971 2147483985 2147483989 2147483991 2147483995 2147484007 2147484011 2147484013 2147484017 2147484026 2147484041 2147484086 2147484104 2147484112 2147484114 2147484115 2147484125 2147484126 2147484130 2147484133 2147484138 2147484142 2147484143 2147484144 2147484146 2147484147 2147484156 
247 2147483909 
248 2147483909 
249 2147483909 
250 2147483909 
251 2147483675 2147483677 2147483909 2147484032 2147484047 2147484062 2147484109 2147484157 
252 2147483909 
253 2147483675 2147484157 
254 2147483675 2147483909 2147484109 2147484157 
263 2147483719 2147483753 2147484113 
264 2147483719 2147483753 2147484113 
265 2147483719 2147483753 2147484113 
266 2147483719 2147483753 2147484113 
267 2147483719 2147483753 2147483900 2147483916 2147483926 2147484022 2147484037 2147484053 2147484067 2147484082 2147484090 2147484095 2147484113 2147484117 2147484119 2147484121 2147484123 2147484128 2147484131 2147484136 2147484149 2147484150 2147484151 2147484152 2147484153 2147484154 
268 2147483719 2147483753 2147483900 2147483916 2147484022 2147484037 2147484053 2147484067 2147484082 2147484113 2147484117 2147484119 2147484121 2147484123 2147484128 2147484131 2147484136 2147484149 
269 2147483719 2147483753 2147484053 2147484067 2147484082 2147484090 2147484095 2147484113 2147484149 2147484154 
270 2147483753 2147483759 2147483900 2147483916 2147483926 2147484022 2147484037 2147484082 2147484090 2147484095 2147484113 2147484117 2147484119 2147484121 2147484123 2147484128 2147484131 2147484136 2147484149 2147484153 2147484154 
2147483650 2147483651 2147483753 2147483913 2147484126 53 49 134 131 50 2147483651 2147483753 2147483913 2147484126 
2147483651 2147483650 2147483650 2147483753 2147483913 2147484126 49 53 134 131 50 2147483753 2147483913 2147484126 
2147483656 2147483661 2147483668 2147483672 2147483681 2147483687 2147483693 2147483699 2147483703 2147483708 2147483716 2147483719 2147483721 2147483727 2147483730 2147483732 2147483737 2147483743 2147483747 2147483753 2147483796 2147483798 2147483802 2147483819 2147483823 2147483825 2147483829 2147483841 2147483845 2147483847 2147483851 2147483863 2147483867 2147483869 2147483873 2147483885 2147483889 2147483891 2147483895 2147483900 2147483904 2147483909 2147483913 2147483916 2147483920 2147483939 2147483943 2147483945 2147483949 2147483961 2147483965 2147483967 2147483971 2147483985 2147483989 2147483991 2147483995 2147484007 2147484011 2147484013 2147484017 2147484022 2147484026 2147484037 2147484041 2147484053 2147484056 2147484067 2147484071 2147484082 2147484086 2147484112 2147484113 2147484114 2147484117 2147484119 2147484121 2147484123 2147484125 2147484128 2147484130 2147484131 2147484136 2147484141 2147484142 2147484143 2147484144 2147484145 2147484146 2147484147 2147484149 2147484156 49 52 54 57 53 127 128 129 130 51 133 134 131 132 50 2147483661 2147483668 2147483672 2147483681 2147483687 2147483693 2147483699 2147483703 2147483708 2147483716 2147483719 2147483721 2147483727 2147483730 2147483732 2147483737 2147483743 2147483747 2147483753 2147483796 2147483798 2147483802 2147483819 2147483823 2147483825 2147483829 2147483841 2147483845 2147483847 2147483851 2147483863 2147483867 2147483869 2147483873 2147483885 2147483889 2147483891 2147483895 2147483900 2147483904 2147483909 2147483913 2147483916 2147483920 2147483939 2147483943 2147483945 2147483949 2147483961 2147483965 2147483967 2147483971 2147483985 2147483989 2147483991 2147483995 2147484007 2147484011 2147484013 2147484017 2147484022 2147484026 2147484037 2147484041 2147484053 2147484056 2147484067 2147484071 2147484082 2147484086 2147484112 2147484113 2147484114 2147484117 2147484119 2147484121 2147484123 2147484125 2147484128 2147484130 2147484131 2147484136 2147484141 2147484142 2147484143 2147484144 2147484145 2147484146 2147484147 2147484149 2147484156 
2147483661 2147483656 2147483656 2147483753 2147483913 49 52 54 57 53 127 128 129 130 51 134 131 132 2147483753 2147483913 
2147483668 2147483656 2147483656 2147483913 2147484113 49 52 54 57 53 127 128 129 130 51 133 131 132 2147483913 2147484113 
2147483672 2147483656 2147483656 2147483913 2147484113 2147484114 49 52 54 57 53 127 128 129 130 51 133 134 131 132 2147483913 2147484113 2147484114 
2147483675 2147483913 2147484113 2147484114 2147484115 2147484156 2 5 8 253 254 251 2147483913 2147484113 2147484114 2147484115 2147484156 
2147483677 2147483913 2 251 2147483913 
2147483681 2147483656 2147483656 2147483753 2147483913 49 52 54 57 53 127 128 129 130 51 134 131 132 2147483753 2147483913 
2147483687 2147483656 2147483656 2147483753 2147483913 49 52 54 57 53 127 128 129 130 51 134 131 132 2147483753 2147483913 
2147483693 2147483656 2147483656 2147483753 2147483913 49 52 54 57 53 127 128 129 130 51 134 131 132 2147483753 2147483913 
2147483699 2147483656 2147483656 2147483753 2147483913 49 52 54 57 53 127 128 129 130 51 134 131 132 2147483753 2147483913 
2147483703 2147483656 2147483656 2147483753 2147483913 49 52 54 57 53 127 128 129 130 51 134 131 132 2147483753 2147483913 
2147483708 2147483656 2147483656 2147483753 2147483909 2147483913 49 52 54 57 53 127 128 129 130 51 134 131 132 50 2147483753 2147483909 2147483913 
2147483716 2147483656 2147483656 2147483753 2147483913 49 52 54 57 53 127 128 129 130 51 134 131 132 2147483753 2147483913 
2147483719 2147483656 2147483656 2147483721 2147483913 2147484053 2147484056 2147484130 2147484145 22 32 25 27 26 263 264 265 266 24 269 267 268 2147483721 2147483913 2147484053 2147484056 2147484130 2147484145 
2147483721 2147483656 2147483719 2147483656 2147483719 2147483913 49 52 54 57 53 127 128 129 130 51 133 131 132 2147483913 
2147483727 2147483656 2147483656 2147483753 2147483913 49 52 54 57 53 127 128 129 130 51 134 131 132 2147483753 2147483913 
2147483730 2147483656 2147483656 2147483753 2147483913 2147483985 2147484131 49 52 134 131 132 2147483753 2147483913 2147483985 2147484131 
2147483732 2147483656 2147483656 2147483753 2147483913 49 52 54 57 53 127 128 129 130 51 134 131 132 2147483753 2147483913 
2147483737 2147483656 2147483656 2147483753 2147483913 49 52 54 57 53 127 128 129 130 51 134 131 132 2147483753 2147483913 
2147483743 2147483656 2147483656 2147483753 2147483913 49 52 54 57 53 127 128 129 130 51 134 131 132 2147483753 2147483913 
2147483747 2147483656 2147483656 2147483753 2147483913 49 52 54 57 53 127 128 129 130 51 134 131 132 2147483753 2147483913 
2147483753 2147483650 2147483651 2147483656 2147483661 2147483681 2147483687 2147483693 2147483699 2147483703 2147483708 2147483716 2147483727 2147483730 2147483732 2147483737 2147483743 2147483747 2147483650 2147483651 2147483656 2147483661 2147483681 2147483687 2147483693 2147483699 2147483703 2147483708 2147483716 2147483727 2147483730 2147483732 2147483737 2147483743 2147483747 2147483759 2147483770 2147483776 2147483779 2147483796 2147483798 2147483802 2147483819 2147483823 2147483825 2147483829 2147483841 2147483845 2147483847 2147483851 2147483863 2147483867 2147483869 2147483873 2147483885 2147483889 2147483891 2147483895 2147483900 2147483904 2147483909 2147483913 2147483916 2147483920 2147483926 2147483939 2147483943 2147483945 2147483949 2147483961 2147483965 2147483967 2147483971 2147483985 2147483989 2147483991 2147483995 2147484007 2147484011 2147484013 2147484017 2147484022 2147484026 2147484037 2147484041 2147484109 2147484112 2147484113 2147484117 2147484119 2147484121 2147484123 2147484125 2147484126 2147484128 2147484130 2147484131 2147484133 2147484136 2147484138 2147484143 2147484144 2147484146 2147484147 2147484149 2147484153 2147484156 32 27 26 22 25 263 264 265 266 24 23 269 270 267 268 2147483759 2147483770 2147483776 2147483779 2147483796 2147483798 2147483802 2147483819 2147483823 2147483825 2147483829 2147483841 2147483845 2147483847 2147483851 2147483863 2147483867 2147483869 2147483873 2147483885 2147483889 2147483891 2147483895 2147483900 2147483904 2147483909 2147483913 2147483916 2147483920 2147483926 2147483939 2147483943 2147483945 2147483949 2147483961 2147483965 2147483967 2147483971 2147483985 2147483989 2147483991 2147483995 2147484007 2147484011 2147484013 2147484017 2147484022 2147484026 2147484037 2147484041 2147484109 2147484112 2147484113 2147484117 2147484119 2147484121 2147484123 2147484125 2147484126 2147484128 2147484130 2147484131 2147484133 2147484136 2147484138 2147484143 2147484144 2147484146 2147484147 2147484149 2147484153 2147484156 
2147483759 2147483753 2147483753 2147484126 22 23 270 2147484126 
2147483770 2147483753 2147483753 2147483913 2147484126 49 134 131 50 2147483913 2147484126 
2147483776 2147483753 2147483753 2147483913 2147484126 53 134 131 50 2147483913 2147484126 
2147483779 2147483753 2147483753 2147483913 2147484126 49 54 57 53 134 131 50 2147483913 2147484126 
2147483796 2147483656 2147483753 2147483656 2147483753 2147483913 49 134 131 132 2147483913 
2147483798 2147483656 2147483753 2147483656 2147483753 2147483913 49 134 131 132 2147483913 
2147483802 2147483656 2147483753 2147483656 2147483753 2147483913 49 134 131 132 2147483913 
2147483819 2147483656 2147483753 2147483656 2147483753 2147483913 2147484121 49 52 134 131 132 2147483913 2147484121 
2147483823 2147483656 2147483753 2147483656 2147483753 2147483913 49 134 131 132 2147483913 
2147483825 2147483656 2147483753 2147483656 2147483753 2147483913 49 134 131 132 2147483913 
2147483829 2147483656 2147483753 2147483656 2147483753 2147483913 49 134 131 132 2147483913 
2147483841 2147483656 2147483753 2147483656 2147483753 2147483913 2147484123 49 52 134 131 132 2147483913 2147484123 
2147483845 2147483656 2147483753 2147483656 2147483753 2147483913 49 134 131 132 2147483913 
2147483847 2147483656 2147483753 2147483656 2147483753 2147483913 49 134 131 132 2147483913 
2147483851 2147483656 2147483753 2147483656 2147483753 2147483913 49 134 131 132 2147483913 
2147483863 2147483656 2147483753 2147483656 2147483753 2147483913 2147484117 49 52 134 131 132 2147483913 2147484117 
2147483867 2147483656 2147483753 2147483656 2147483753 2147483913 49 134 131 132 2147483913 
2147483869 2147483656 2147483753 2147483656 2147483753 2147483913 49 134 131 132 2147483913 
2147483873 2147483656 2147483753 2147483656 2147483753 2147483913 49 134 131 132 2147483913 
2147483885 2147483656 2147483753 2147483656 2147483753 2147483913 2147484119 49 52 134 131 132 2147483913 2147484119 
2147483889 2147483656 2147483753 2147483656 2147483753 2147483913 49 134 131 132 2147483913 
2147483891 2147483656 2147483753 2147483656 2147483753 2147483913 49 134 131 132 2147483913 
2147483895 2147483656 2147483753 2147483656 2147483753 2147483913 49 134 131 132 2147483913 
2147483900 2147483656 2147483753 2147483656 2147483753 2147483913 2147484143 22 25 270 267 268 2147483913 2147484143 
2147483904 2147483656 2147483753 2147483656 2147483753 2147483913 49 134 131 132 2147483913 
2147483909 2147483656 2147483708 2147483753 2147483656 2147483708 2147483753 2147483913 2147483916 2147483920 2147484126 2147484144 2147484153 2 11 19 61 18 247 248 249 250 5 8 254 251 252 2147483913 2147483916 2147483920 2147484126 2147484144 2147484153 
2147483913 2147483650 2147483651 2147483656 2147483661 2147483668 2147483672 2147483675 2147483677 2147483681 2147483687 2147483693 2147483699 2147483703 2147483708 2147483716 2147483719 2147483721 2147483727 2147483730 2147483732 2147483737 2147483743 2147483747 2147483753 2147483770 2147483776 2147483779 2147483796 2147483798 2147483802 2147483819 2147483823 2147483825 2147483829 2147483841 2147483845 2147483847 2147483851 2147483863 2147483867 2147483869 2147483873 2147483885 2147483889 2147483891 2147483895 2147483900 2147483904 2147483909 2147483650 2147483651 2147483656 2147483661 2147483668 2147483672 2147483675 2147483677 2147483681 2147483687 2147483693 2147483699 2147483703 2147483708 2147483716 2147483719 2147483721 2147483727 2147483730 2147483732 2147483737 2147483743 2147483747 2147483753 2147483770 2147483776 2147483779 2147483796 2147483798 2147483802 2147483819 2147483823 2147483825 2147483829 2147483841 2147483845 2147483847 2147483851 2147483863 2147483867 2147483869 2147483873 2147483885 2147483889 2147483891 2147483895 2147483900 2147483904 2147483909 2147483916 2147483920 2147483926 2147483939 2147483943 2147483945 2147483949 2147483961 2147483965 2147483967 2147483971 2147483985 2147483989 2147483991 2147483995 2147484007 2147484011 2147484013 2147484017 2147484022 2147484026 2147484032 2147484037 2147484041 2147484047 2147484053 2147484056 2147484062 2147484067 2147484071 2147484082 2147484086 2147484090 2147484095 2147484104 2147484109 2147484112 2147484113 2147484114 2147484115 2147484117 2147484119 2147484121 2147484123 2147484125 2147484126 2147484128 2147484130 2147484131 2147484133 2147484136 2147484138 2147484141 2147484142 2147484143 2147484144 2147484145 2147484146 2147484147 2147484149 2147484150 2147484151 2147484152 2147484153 2147484154 2147484156 2147484157 49 52 54 57 53 127 128 129 130 51 133 134 131 132 50 2147483916 2147483920 2147483926 2147483939 2147483943 2147483945 2147483949 2147483961 2147483965 2147483967 2147483971 2147483985 2147483989 2147483991 2147483995 2147484007 2147484011 2147484013 2147484017 2147484022 2147484026 2147484032 2147484037 2147484041 2147484047 2147484053 2147484056 2147484062 2147484067 2147484071 2147484082 2147484086 2147484090 2147484095 2147484104 2147484109 2147484112 2147484113 2147484114 2147484115 2147484117 2147484119 2147484121 2147484123 2147484125 2147484126 2147484128 2147484130 2147484131 2147484133 2147484136 2147484138 2147484141 2147484142 2147484143 2147484144 2147484145 2147484146 2147484147 2147484149 2147484150 2147484151 2147484152 2147484153 2147484154 2147484156 2147484157 
2147483916 2147483656 2147483753 2147483909 2147483913 2147483656 2147483753 2147483909 2147483913 2147484144 22 25 24 270 267 268 2147484144 
2147483920 2147483656 2147483753 2147483909 2147483913 2147483656 2147483753 2147483909 2147483913 49 51 134 131 132 
2147483926 2147483753 2147483913 2147483753 2147483913 2147484126 22 23 270 267 2147484126 
2147483939 2147483656 2147483753 2147483913 2147483656 2147483753 2147483913 2147484128 49 52 134 131 132 2147484128 
2147483943 2147483656 2147483753 2147483913 2147483656 2147483753 2147483913 49 134 131 132 
2147483945 2147483656 2147483753 2147483913 2147483656 2147483753 2147483913 49 134 131 132 
2147483949 2147483656 2147483753 2147483913 2147483656 2147483753 2147483913 49 134 131 132 
2147483961 2147483656 2147483753 2147483913 2147483656 2147483753 2147483913 2147484131 49 52 134 131 132 2147484131 
2147483965 2147483656 2147483753 2147483913 2147483656 2147483753 2147483913 49 134 131 132 
2147483967 2147483656 2147483753 2147483913 2147483656 2147483753 2147483913 49 134 131 132 
2147483971 2147483656 2147483753 2147483913 2147483656 2147483753 2147483913 49 134 131 132 
2147483985 2147483656 2147483730 2147483753 2147483913 2147483656 2147483730 2147483753 2147483913 49 52 134 131 132 
2147483989 2147483656 2147483753 2147483913 2147483656 2147483753 2147483913 49 134 131 132 
2147483991 2147483656 2147483753 2147483913 2147483656 2147483753 2147483913 49 134 131 132 
2147483995 2147483656 2147483753 2147483913 2147483656 2147483753 2147483913 49 134 131 132 
2147484007 2147483656 2147483753 2147483913 2147483656 2147483753 2147483913 2147484136 49 52 134 131 132 2147484136 
2147484011 2147483656 2147483753 2147483913 2147483656 2147483753 2147483913 49 134 131 132 
2147484013 2147483656 2147483753 2147483913 2147483656 2147483753 2147483913 49 134 131 132 
2147484017 2147483656 2147483753 2147483913 2147483656 2147483753 2147483913 49 134 131 132 
2147484022 2147483656 2147483753 2147483913 2147483656 2147483753 2147483913 2147484147 22 25 270 267 268 2147484147 
2147484026 2147483656 2147483753 2147483913 2147483656 2147483753 2147483913 49 134 131 132 
2147484032 2147483913 2147483913 2147484152 2 11 251 2147484152 
2147484037 2147483656 2147483753 2147483913 2147483656 2147483753 2147483913 2147484146 22 25 270 267 268 2147484146 
2147484041 2147483656 2147483753 2147483913 2147483656 2147483753 2147483913 49 134 131 132 
2147484047 2147483913 2147483913 2147484151 2 11 251 2147484151 
2147484053 2147483656 2147483719 2147483913 2147483656 2147483719 2147483913 2147484130 2147484145 22 25 24 269 267 268 2147484130 2147484145 
2147484056 2147483656 2147483719 2147483913 2147483656 2147483719 2147483913 49 133 131 132 
2147484062 2147483913 2147483913 2147484150 2 11 251 2147484150 
2147484067 2147483656 2147483913 2147483656 2147483913 2147484113 2147484141 2147484156 22 25 24 269 267 268 2147484113 2147484141 2147484156 
2147484071 2147483656 2147483913 2147483656 2147483913 2147484113 49 133 131 132 2147484113 
2147484082 2147483656 2147483913 2147483656 2147483913 2147484113 2147484114 2147484142 2147484156 22 25 24 269 270 267 268 2147484113 2147484114 2147484142 2147484156 
2147484086 2147483656 2147483913 2147483656 2147483913 2147484113 2147484114 49 133 134 131 132 2147484113 2147484114 
2147484090 2147483913 2147483913 2147484113 2147484114 2147484115 2147484156 22 24 23 269 270 267 2147484113 2147484114 2147484115 2147484156 
2147484095 2147483913 2147483913 2147484113 2147484114 2147484115 2147484156 22 24 23 269 270 267 2147484113 2147484114 2147484115 2147484156 
2147484104 2147483913 2147483913 2147484113 2147484114 2147484115 2147484156 49 52 54 57 53 127 128 51 133 134 131 50 2147484113 2147484114 2147484115 2147484156 
2147484109 2147483753 2147483913 2147483753 2147483913 2147484126 2 8 254 251 2147484126 
2147484112 2147483656 2147483753 2147483913 2147483656 2147483753 2147483913 2147484113 49 133 134 131 132 2147484113 
2147484113 2147483656 2147483668 2147483672 2147483675 2147483753 2147483913 2147484067 2147484071 2147484082 2147484086 2147484090 2147484095 2147484104 2147484112 2147483656 2147483668 2147483672 2147483675 2147483753 2147483913 2147484067 2147484071 2147484082 2147484086 2147484090 2147484095 2147484104 2147484112 2147484114 2147484115 2147484141 2147484142 2147484149 2147484154 2147484156 2147484157 264 22 25 27 32 26 263 265 266 24 23 269 270 267 268 2147484114 2147484115 2147484141 2147484142 2147484149 2147484154 2147484156 2147484157 
2147484114 2147483656 2147483672 2147483675 2147483913 2147484082 2147484086 2147484090 2147484095 2147484104 2147484113 2147483656 2147483672 2147483675 2147483913 2147484082 2147484086 2147484090 2147484095 2147484104 2147484113 2147484115 2147484142 2147484154 2147484156 2147484157 53 49 52 54 57 127 128 129 130 51 133 134 131 132 50 2147484115 2147484142 2147484154 2147484156 2147484157 
2147484115 2147483675 2147483913 2147484090 2147484095 2147484104 2147484113 2147484114 2147483675 2147483913 2147484090 2147484095 2147484104 2147484113 2147484114 2147484154 2147484156 2147484157 53 49 52 54 57 127 128 129 130 51 133 134 131 50 2147484154 2147484156 2147484157 
2147484117 2147483656 2147483753 2147483863 2147483913 2147483656 2147483753 2147483863 2147483913 22 25 270 267 268 
2147484119 2147483656 2147483753 2147483885 2147483913 2147483656 2147483753 2147483885 2147483913 22 25 270 267 268 
2147484121 2147483656 2147483753 2147483819 2147483913 2147483656 2147483753 2147483819 2147483913 22 25 270 267 268 
2147484123 2147483656 2147483753 2147483841 2147483913 2147483656 2147483753 2147483841 2147483913 22 25 270 267 268 
2147484125 2147483656 2147483753 2147483913 2147483656 2147483753 2147483913 53 134 131 132 
2147484126 2147483650 2147483651 2147483753 2147483759 2147483770 2147483776 2147483779 2147483909 2147483913 2147483926 2147484109 2147483650 2147483651 2147483753 2147483759 2147483770 2147483776 2147483779 2147483909 2147483913 2147483926 2147484109 2147484149 2147484153 53 57 49 52 54 127 128 129 130 51 134 131 50 2147484149 2147484153 
2147484128 2147483656 2147483753 2147483913 2147483939 2147483656 2147483753 2147483913 2147483939 22 25 270 267 268 
2147484130 2147483656 2147483719 2147483753 2147483913 2147484053 2147483656 2147483719 2147483753 2147483913 2147484053 2147484145 53 49 52 54 57 127 128 129 130 51 133 134 131 132 2147484145 
2147484131 2147483656 2147483730 2147483753 2147483913 2147483961 2147483656 2147483730 2147483753 2147483913 2147483961 22 25 270 267 268 
2147484133 2147483753 2147483913 2147483753 2147483913 53 134 131 
2147484136 2147483656 2147483753 2147483913 2147484007 2147483656 2147483753 2147483913 2147484007 22 25 270 267 268 
2147484138 2147483753 2147483913 2147483753 2147483913 53 134 131 
2147484141 2147483656 2147483913 2147484067 2147484113 2147483656 2147483913 2147484067 2147484113 2147484156 49 52 51 133 131 132 2147484156 
2147484142 2147483656 2147483913 2147484082 2147484113 2147484114 2147483656 2147483913 2147484082 2147484113 2147484114 2147484156 49 52 51 133 134 131 132 2147484156 
2147484143 2147483656 2147483753 2147483900 2147483913 2147483656 2147483753 2147483900 2147483913 49 52 134 131 132 
2147484144 2147483656 2147483753 2147483909 2147483913 2147483916 2147483656 2147483753 2147483909 2147483913 2147483916 49 52 51 134 131 132 
2147484145 2147483656 2147483719 2147483913 2147484053 2147484130 2147483656 2147483719 2147483913 2147484053 2147484130 49 52 51 133 131 132 
2147484146 2147483656 2147483753 2147483913 2147484037 2147483656 2147483753 2147483913 2147484037 49 52 134 131 132 
2147484147 2147483656 2147483753 2147483913 2147484022 2147483656 2147483753 2147483913 2147484022 49 52 134 131 132 
2147484149 2147483656 2147483753 2147483913 2147484113 2147484126 2147483656 2147483753 2147483913 2147484113 2147484126 22 23 269 270 267 268 
2147484150 2147483913 2147484062 2147483913 2147484062 22 25 267 
2147484151 2147483913 2147484047 2147483913 2147484047 22 25 267 
2147484152 2147483913 2147484032 2147483913 2147484032 22 25 267 
2147484153 2147483753 2147483909 2147483913 2147484126 2147483753 2147483909 2147483913 2147484126 22 24 23 270 267 
2147484154 2147483913 2147484113 2147484114 2147484115 2147483913 2147484113 2147484114 2147484115 2147484156 22 24 23 269 270 267 2147484156 
2147484156 2147483656 2147483675 2147483753 2147483913 2147484067 2147484082 2147484090 2147484095 2147484104 2147484113 2147484114 2147484115 2147484141 2147484142 2147484154 2147483656 2147483675 2147483753 2147483913 2147484067 2147484082 2147484090 2147484095 2147484104 2147484113 2147484114 2147484115 2147484141 2147484142 2147484154 2147484157 49 52 54 57 53 127 128 129 130 51 133 134 131 132 50 2147484157 
2147484157 2147483913 2147484113 2147484114 2147484115 2147484156 2147483913 2147484113 2147484114 2147484115 2147484156 2 5 8 253 254 251 
