22 2147483691 2147483725 2147483740 2147483744 2147483746 
23 2147483725 2147483740 
24 2147483691 2147483725 2147483740 2147483744 
25 2147483691 2147483725 2147483740 
26 2147483725 2147483740 2147483744 2147483746 
27 2147483725 2147483740 2147483744 2147483746 
32 2147483725 2147483740 2147483744 2147483746 
49 2147483649 2147483679 2147483682 2147483686 2147483688 2147483697 2147483700 2147483703 2147483704 2147483708 2147483710 2147483715 2147483717 2147483718 2147483720 2147483727 2147483728 2147483739 2147483742 
50 2147483679 2147483682 2147483700 2147483701 2147483703 2147483704 2147483706 2147483708 2147483709 2147483710 2147483727 2147483739 
51 2147483649 2147483679 2147483682 2147483686 2147483688 2147483697 2147483700 2147483701 2147483703 2147483704 2147483706 2147483708 2147483709 2147483710 2147483715 2147483716 2147483717 2147483718 2147483719 2147483720 2147483727 2147483728 2147483739 2147483742 
52 2147483679 2147483682 2147483727 2147483728 2147483739 2147483742 
53 2147483679 2147483682 2147483701 2147483706 2147483709 2147483716 2147483719 2147483727 2147483739 2147483742 
54 2147483649 2147483679 2147483682 2147483686 2147483727 2147483739 2147483742 
57 2147483679 2147483682 2147483686 2147483727 2147483739 2147483742 
127 2147483679 2147483682 2147483727 2147483739 2147483742 
128 2147483679 2147483682 2147483727 2147483739 2147483742 
129 2147483679 2147483682 2147483727 2147483739 2147483742 
130 2147483679 2147483682 2147483727 2147483739 2147483742 
131 2147483679 2147483682 2147483697 2147483700 2147483701 2147483703 2147483704 2147483706 2147483708 2147483709 2147483710 2147483727 2147483728 2147483739 
132 2147483649 2147483679 2147483682 2147483686 2147483688 2147483697 2147483700 2147483701 2147483703 2147483704 2147483706 2147483708 2147483709 2147483710 2147483715 2147483716 2147483717 2147483718 2147483719 2147483727 2147483728 2147483739 2147483742 
133 2147483679 2147483682 2147483697 2147483700 2147483701 2147483703 2147483704 2147483706 2147483708 2147483709 2147483710 2147483727 2147483728 2147483739 
134 2147483679 2147483682 2147483700 2147483701 2147483703 2147483704 2147483706 2147483708 2147483709 2147483710 2147483727 2147483728 2147483739 
263 2147483725 2147483740 
264 2147483725 2147483740 
265 2147483725 2147483740 
266 2147483725 2147483740 
267 2147483725 2147483740 
268 2147483691 2147483725 2147483740 2147483744 2147483746 
269 2147483691 2147483725 2147483740 
270 2147483725 2147483740 
2147483649 2147483682 2147483742 2147483744 49 54 51 132 2147483682 2147483742 2147483744 
2147483679 2147483682 2147483700 2147483701 2147483703 2147483704 2147483706 2147483708 2147483709 2147483710 2147483725 2147483727 2147483739 2147483740 57 49 52 54 53 127 128 129 130 51 133 134 131 132 50 2147483682 2147483700 2147483701 2147483703 2147483704 2147483706 2147483708 2147483709 2147483710 2147483725 2147483727 2147483739 2147483740 
2147483682 2147483649 2147483679 2147483649 2147483679 2147483686 2147483688 2147483691 2147483697 2147483700 2147483701 2147483703 2147483704 2147483706 2147483708 2147483709 2147483710 2147483715 2147483716 2147483717 2147483718 2147483719 2147483725 2147483727 2147483728 2147483739 2147483740 2147483742 2147483744 2147483746 53 49 52 54 57 127 128 129 130 51 133 134 131 132 50 2147483686 2147483688 2147483691 2147483697 2147483700 2147483701 2147483703 2147483704 2147483706 2147483708 2147483709 2147483710 2147483715 2147483716 2147483717 2147483718 2147483719 2147483725 2147483727 2147483728 2147483739 2147483740 2147483742 2147483744 2147483746 
2147483686 2147483682 2147483682 2147483742 2147483744 2147483746 49 54 57 51 132 2147483742 2147483744 2147483746 
2147483688 2147483682 2147483682 2147483727 49 51 132 2147483727 
2147483691 2147483682 2147483682 2147483727 2147483728 2147483740 22 25 24 269 268 2147483727 2147483728 2147483740 
2147483697 2147483682 2147483682 2147483725 2147483727 2147483740 49 51 133 131 132 2147483725 2147483727 2147483740 
2147483700 2147483679 2147483682 2147483679 2147483682 2147483725 2147483727 2147483739 2147483740 49 51 133 134 131 132 50 2147483725 2147483727 2147483739 2147483740 
2147483701 2147483679 2147483682 2147483679 2147483682 2147483725 2147483727 2147483739 2147483740 53 51 133 134 131 132 50 2147483725 2147483727 2147483739 2147483740 
2147483703 2147483679 2147483682 2147483679 2147483682 2147483725 2147483727 2147483739 2147483740 49 51 133 134 131 132 50 2147483725 2147483727 2147483739 2147483740 
2147483704 2147483679 2147483682 2147483679 2147483682 2147483725 2147483727 2147483739 2147483740 49 51 133 134 131 132 50 2147483725 2147483727 2147483739 2147483740 
2147483706 2147483679 2147483682 2147483679 2147483682 2147483725 2147483727 2147483739 2147483740 53 51 133 134 131 132 50 2147483725 2147483727 2147483739 2147483740 
2147483708 2147483679 2147483682 2147483679 2147483682 2147483725 2147483727 2147483739 2147483740 49 51 133 134 131 132 50 2147483725 2147483727 2147483739 2147483740 
2147483709 2147483679 2147483682 2147483679 2147483682 2147483725 2147483727 2147483739 2147483740 53 51 133 134 131 132 50 2147483725 2147483727 2147483739 2147483740 
2147483710 2147483679 2147483682 2147483679 2147483682 2147483725 2147483727 2147483739 2147483740 49 51 133 134 131 132 50 2147483725 2147483727 2147483739 2147483740 
2147483715 2147483682 2147483682 2147483742 49 51 132 2147483742 
2147483716 2147483682 2147483682 2147483742 53 51 132 2147483742 
2147483717 2147483682 2147483682 2147483742 49 51 132 2147483742 
2147483718 2147483682 2147483682 2147483742 49 51 132 2147483742 
2147483719 2147483682 2147483682 2147483742 53 51 132 2147483742 
2147483720 2147483742 49 51 2147483742 
2147483725 2147483679 2147483682 2147483697 2147483700 2147483701 2147483703 2147483704 2147483706 2147483708 2147483709 2147483710 2147483679 2147483682 2147483697 2147483700 2147483701 2147483703 2147483704 2147483706 2147483708 2147483709 2147483710 2147483727 2147483728 2147483739 2147483740 22 25 27 32 26 263 264 265 266 24 23 269 270 267 268 2147483727 2147483728 2147483739 2147483740 
2147483727 2147483679 2147483682 2147483688 2147483691 2147483697 2147483700 2147483701 2147483703 2147483704 2147483706 2147483708 2147483709 2147483710 2147483725 2147483679 2147483682 2147483688 2147483691 2147483697 2147483700 2147483701 2147483703 2147483704 2147483706 2147483708 2147483709 2147483710 2147483725 2147483728 2147483739 2147483740 49 52 54 57 53 127 128 129 130 51 133 134 131 132 50 2147483728 2147483739 2147483740 
2147483728 2147483682 2147483691 2147483725 2147483727 2147483682 2147483691 2147483725 2147483727 2147483739 2147483740 134 49 52 51 133 131 132 2147483739 2147483740 
2147483739 2147483679 2147483682 2147483700 2147483701 2147483703 2147483704 2147483706 2147483708 2147483709 2147483710 2147483725 2147483727 2147483728 2147483679 2147483682 2147483700 2147483701 2147483703 2147483704 2147483706 2147483708 2147483709 2147483710 2147483725 2147483727 2147483728 2147483740 49 52 54 57 53 127 128 129 130 51 133 134 131 132 50 2147483740 
2147483740 2147483679 2147483682 2147483691 2147483697 2147483700 2147483701 2147483703 2147483704 2147483706 2147483708 2147483709 2147483710 2147483725 2147483727 2147483728 2147483739 2147483679 2147483682 2147483691 2147483697 2147483700 2147483701 2147483703 2147483704 2147483706 2147483708 2147483709 2147483710 2147483725 2147483727 2147483728 2147483739 22 25 27 32 26 263 264 265 266 24 23 269 270 267 268 
2147483742 2147483649 2147483682 2147483686 2147483715 2147483716 2147483717 2147483718 2147483719 2147483720 2147483649 2147483682 2147483686 2147483715 2147483716 2147483717 2147483718 2147483719 2147483720 2147483744 49 52 54 57 53 127 128 129 130 51 132 2147483744 
2147483744 2147483649 2147483682 2147483686 2147483742 2147483649 2147483682 2147483686 2147483742 2147483746 27 22 32 26 24 268 2147483746 
2147483746 2147483682 2147483686 2147483744 2147483682 2147483686 2147483744 32 22 27 26 268 
